# insoluble           
#
# size distribution: lognormal
# ------------------
#
#   minimum radius, [um]:      5.000E-03
#   maximum radius, [um]:      2.000E+01
#                  sigma:      2.510E+00
#       Rmod (wet), [um]:      4.710E-01
#       Rmod (dry), [um]:      4.710E-01
#
# optical parameters:
# -------------------
#
# wavelength ext.coef  sca.coef  abs.coef  si.sc.alb  asym.par  ext.nor    ref.real  ref.imag
#     [um]     [1/km]    [1/km]    [1/km]
#
#  2.500E-01 8.052E-03 4.447E-03 3.604E-03 5.524E-01 0.939E+00 9.477E-01  1.530E+00 -3.000E-02
#  3.000E-01 8.132E-03 5.366E-03 2.766E-03 6.598E-01 0.882E+00 9.572E-01  1.530E+00 -8.000E-03
#  3.500E-01 8.213E-03 5.555E-03 2.658E-03 6.763E-01 0.871E+00 9.667E-01  1.530E+00 -8.000E-03
#  4.000E-01 8.282E-03 5.729E-03 2.553E-03 6.918E-01 0.860E+00 9.748E-01  1.530E+00 -8.000E-03
#  4.500E-01 8.359E-03 5.897E-03 2.463E-03 7.054E-01 0.849E+00 9.839E-01  1.530E+00 -8.000E-03
#  5.000E-01 8.424E-03 6.052E-03 2.372E-03 7.184E-01 0.840E+00 9.916E-01  1.530E+00 -8.000E-03
#  5.500E-01 8.496E-03 6.202E-03 2.294E-03 7.300E-01 0.831E+00 1.000E+00  1.530E+00 -8.000E-03
#  6.000E-01 8.562E-03 6.343E-03 2.219E-03 7.408E-01 0.822E+00 1.008E+00  1.530E+00 -8.000E-03
#  6.500E-01 8.634E-03 6.479E-03 2.155E-03 7.504E-01 0.815E+00 1.016E+00  1.530E+00 -8.000E-03
#  7.000E-01 8.698E-03 6.607E-03 2.091E-03 7.596E-01 0.808E+00 1.024E+00  1.530E+00 -8.000E-03
#  7.500E-01 8.755E-03 6.728E-03 2.027E-03 7.685E-01 0.801E+00 1.031E+00  1.530E+00 -8.000E-03
#  8.000E-01 8.817E-03 6.850E-03 1.967E-03 7.769E-01 0.797E+00 1.038E+00  1.520E+00 -8.000E-03
#  9.000E-01 8.935E-03 7.070E-03 1.865E-03 7.913E-01 0.787E+00 1.052E+00  1.520E+00 -8.000E-03
#  1.000E+00 9.039E-03 7.266E-03 1.773E-03 8.039E-01 0.777E+00 1.064E+00  1.520E+00 -8.000E-03
#  1.250E+00 9.283E-03 7.717E-03 1.566E-03 8.313E-01 0.780E+00 1.093E+00  1.460E+00 -8.000E-03
#  1.500E+00 9.386E-03 8.004E-03 1.382E-03 8.528E-01 0.791E+00 1.105E+00  1.410E+00 -8.000E-03
#  1.750E+00 9.243E-03 8.035E-03 1.208E-03 8.693E-01 0.822E+00 1.088E+00  1.340E+00 -8.000E-03
#  2.000E+00 8.601E-03 7.569E-03 1.032E-03 8.800E-01 0.868E+00 1.012E+00  1.260E+00 -8.000E-03
#  2.500E+00 6.782E-03 5.911E-03 8.712E-04 8.715E-01 0.915E+00 7.983E-01  1.180E+00 -9.000E-03
#  3.000E+00 5.628E-03 4.708E-03 9.202E-04 8.365E-01 0.923E+00 6.625E-01  1.160E+00 -1.200E-02
#  3.200E+00 6.709E-03 5.898E-03 8.106E-04 8.792E-01 0.886E+00 7.897E-01  1.220E+00 -1.000E-02
#  3.390E+00 7.139E-03 6.153E-03 9.858E-04 8.619E-01 0.864E+00 8.403E-01  1.258E+00 -1.285E-02
#  3.500E+00 7.364E-03 6.496E-03 8.675E-04 8.822E-01 0.848E+00 8.668E-01  1.280E+00 -1.100E-02
#  3.750E+00 6.971E-03 6.161E-03 8.098E-04 8.838E-01 0.852E+00 8.205E-01  1.270E+00 -1.100E-02
#  4.000E+00 6.563E-03 5.749E-03 8.141E-04 8.760E-01 0.857E+00 7.726E-01  1.260E+00 -1.200E-02
#  4.500E+00 6.095E-03 5.261E-03 8.341E-04 8.632E-01 0.854E+00 7.174E-01  1.260E+00 -1.400E-02
#  5.000E+00 5.498E-03 4.659E-03 8.389E-04 8.474E-01 0.857E+00 6.471E-01  1.250E+00 -1.600E-02
#  5.500E+00 4.587E-03 3.658E-03 9.296E-04 7.974E-01 0.871E+00 5.400E-01  1.220E+00 -2.100E-02
#  6.000E+00 3.121E-03 1.887E-03 1.234E-03 6.046E-01 0.898E+00 3.674E-01  1.150E+00 -3.700E-02
#  6.200E+00 2.872E-03 1.635E-03 1.237E-03 5.693E-01 0.900E+00 3.381E-01  1.140E+00 -3.900E-02
#  6.500E+00 2.615E-03 1.369E-03 1.246E-03 5.235E-01 0.899E+00 3.078E-01  1.130E+00 -4.200E-02
#  7.200E+00 6.029E-03 4.260E-03 1.768E-03 7.067E-01 0.778E+00 7.096E-01  1.400E+00 -5.500E-02
#  7.900E+00 2.378E-03 1.325E-03 1.053E-03 5.573E-01 0.877E+00 2.799E-01  1.150E+00 -4.000E-02
#  8.200E+00 2.499E-03 9.265E-04 1.572E-03 3.708E-01 0.869E+00 2.941E-01  1.130E+00 -7.420E-02
#  8.500E+00 4.418E-03 2.431E-03 1.986E-03 5.504E-01 0.811E+00 5.200E-01  1.300E+00 -9.000E-02
#  8.700E+00 5.355E-03 3.136E-03 2.220E-03 5.855E-01 0.773E+00 6.303E-01  1.400E+00 -1.000E-01
#  9.000E+00 7.368E-03 4.406E-03 2.963E-03 5.979E-01 0.677E+00 8.673E-01  1.700E+00 -1.400E-01
#  9.200E+00 7.385E-03 4.348E-03 3.037E-03 5.888E-01 0.672E+00 8.693E-01  1.720E+00 -1.500E-01
#  9.500E+00 7.311E-03 4.219E-03 3.093E-03 5.770E-01 0.669E+00 8.606E-01  1.730E+00 -1.620E-01
#  9.800E+00 7.238E-03 4.188E-03 3.050E-03 5.786E-01 0.663E+00 8.520E-01  1.740E+00 -1.620E-01
#  1.000E+01 7.206E-03 4.181E-03 3.025E-03 5.802E-01 0.658E+00 8.482E-01  1.750E+00 -1.620E-01
#  1.060E+01 6.234E-03 3.829E-03 2.405E-03 6.142E-01 0.682E+00 7.338E-01  1.620E+00 -1.200E-01
#  1.100E+01 6.059E-03 3.880E-03 2.179E-03 6.404E-01 0.674E+00 7.131E-01  1.620E+00 -1.050E-01
#  1.150E+01 5.666E-03 3.647E-03 2.019E-03 6.436E-01 0.679E+00 6.669E-01  1.590E+00 -1.000E-01
#  1.250E+01 4.735E-03 3.038E-03 1.696E-03 6.417E-01 0.697E+00 5.573E-01  1.510E+00 -9.000E-02
#  1.300E+01 4.321E-03 2.601E-03 1.720E-03 6.020E-01 0.708E+00 5.086E-01  1.470E+00 -1.000E-01
#  1.400E+01 4.311E-03 2.821E-03 1.490E-03 6.544E-01 0.681E+00 5.074E-01  1.520E+00 -8.500E-02
#  1.480E+01 4.440E-03 2.816E-03 1.624E-03 6.342E-01 0.661E+00 5.226E-01  1.570E+00 -1.000E-01
#  1.500E+01 4.383E-03 2.778E-03 1.605E-03 6.338E-01 0.660E+00 5.159E-01  1.570E+00 -1.000E-01
#  1.640E+01 4.177E-03 2.675E-03 1.502E-03 6.403E-01 0.641E+00 4.917E-01  1.600E+00 -1.000E-01
#  1.720E+01 4.136E-03 2.678E-03 1.458E-03 6.475E-01 0.627E+00 4.868E-01  1.630E+00 -1.000E-01
#  1.800E+01 4.037E-03 2.496E-03 1.540E-03 6.184E-01 0.621E+00 4.752E-01  1.640E+00 -1.150E-01
#  1.850E+01 3.938E-03 2.394E-03 1.544E-03 6.079E-01 0.619E+00 4.635E-01  1.640E+00 -1.200E-01
#  2.000E+01 4.093E-03 1.968E-03 2.125E-03 4.808E-01 0.601E+00 4.817E-01  1.680E+00 -2.200E-01
#  2.130E+01 4.309E-03 1.956E-03 2.353E-03 4.540E-01 0.571E+00 5.072E-01  1.770E+00 -2.800E-01
#  2.250E+01 4.445E-03 2.146E-03 2.299E-03 4.828E-01 0.542E+00 5.232E-01  1.900E+00 -2.800E-01
#  2.500E+01 4.090E-03 2.136E-03 1.954E-03 5.224E-01 0.519E+00 4.814E-01  1.970E+00 -2.400E-01
#  2.790E+01 3.635E-03 1.590E-03 2.046E-03 4.373E-01 0.513E+00 4.279E-01  1.890E+00 -3.200E-01
#  3.000E+01 3.471E-03 1.229E-03 2.242E-03 3.540E-01 0.498E+00 4.085E-01  1.800E+00 -4.200E-01
#  3.500E+01 3.258E-03 1.094E-03 2.164E-03 3.359E-01 0.451E+00 3.835E-01  1.900E+00 -5.000E-01
#  4.000E+01 3.146E-03 1.070E-03 2.076E-03 3.402E-01 0.401E+00 3.703E-01  2.100E+00 -6.000E-01
#
# volume phase function [1/km]:
# -----------------------------
#
# sca.ang. | wavelengths --->
# ---------|------------------
#          | 2.500E-01 3.000E-01 3.500E-01 4.000E-01 4.500E-01 5.000E-01 5.500E-01 6.000E-01 6.500E-01 7.000E-01 7.500E-01 8.000E-01 9.000E-01 1.000E+00 1.250E+00 1.500E+00 1.750E+00 2.000E+00 2.500E+00 3.000E+00 3.200E+00 3.390E+00 3.500E+00 3.750E+00 4.000E+00 4.500E+00 5.000E+00 5.500E+00 6.000E+00 6.200E+00 6.500E+00 7.200E+00 7.900E+00 8.200E+00 8.500E+00 8.700E+00 9.000E+00 9.200E+00 9.500E+00 9.800E+00 1.000E+01 1.060E+01 1.100E+01 1.150E+01 1.250E+01 1.300E+01 1.400E+01 1.480E+01 1.500E+01 1.640E+01 1.720E+01 1.800E+01 1.850E+01 2.000E+01 2.130E+01 2.250E+01 2.500E+01 2.790E+01 3.000E+01 3.500E+01 4.000E+01
#
  0.000E+00  4.729E+00 3.312E+00 2.452E+00 1.891E+00 1.505E+00 1.227E+00 1.021E+00 8.637E-01 7.410E-01 6.430E-01 5.633E-01 4.980E-01 3.982E-01 3.263E-01 2.158E-01 1.552E-01 1.192E-01 9.722E-02 6.996E-02 5.098E-02 4.508E-02 3.996E-02 3.779E-02 3.392E-02 3.036E-02 2.481E-02 2.068E-02 1.665E-02 1.112E-02 9.689E-03 7.936E-03 9.985E-03 5.664E-03 3.729E-03 6.192E-03 6.468E-03 6.399E-03 6.130E-03 5.760E-03 5.472E-03 5.295E-03 4.881E-03 4.674E-03 4.328E-03 3.645E-03 3.222E-03 3.003E-03 2.712E-03 2.645E-03 2.281E-03 2.123E-03 1.910E-03 1.799E-03 1.385E-03 1.232E-03 1.190E-03 1.037E-03 7.515E-04 5.651E-04 4.222E-04 3.473E-04
  1.000E-01  4.468E+00 3.183E+00 2.382E+00 1.849E+00 1.479E+00 1.210E+00 1.009E+00 8.551E-01 7.347E-01 6.383E-01 5.597E-01 4.952E-01 3.965E-01 3.252E-01 2.153E-01 1.550E-01 1.190E-01 9.714E-02 6.992E-02 5.096E-02 4.506E-02 3.995E-02 3.778E-02 3.391E-02 3.035E-02 2.481E-02 2.068E-02 1.665E-02 1.112E-02 9.688E-03 7.935E-03 9.984E-03 5.664E-03 3.728E-03 6.192E-03 6.467E-03 6.399E-03 6.129E-03 5.760E-03 5.472E-03 5.295E-03 4.880E-03 4.674E-03 4.327E-03 3.645E-03 3.222E-03 3.003E-03 2.712E-03 2.645E-03 2.281E-03 2.123E-03 1.910E-03 1.799E-03 1.385E-03 1.232E-03 1.190E-03 1.037E-03 7.515E-04 5.651E-04 4.222E-04 3.473E-04
  2.000E-01  3.807E+00 2.841E+00 2.188E+00 1.732E+00 1.404E+00 1.160E+00 9.744E-01 8.302E-01 7.164E-01 6.245E-01 5.492E-01 4.870E-01 3.912E-01 3.217E-01 2.138E-01 1.542E-01 1.186E-01 9.690E-02 6.981E-02 5.090E-02 4.502E-02 3.991E-02 3.775E-02 3.389E-02 3.033E-02 2.480E-02 2.067E-02 1.664E-02 1.111E-02 9.684E-03 7.932E-03 9.982E-03 5.662E-03 3.727E-03 6.191E-03 6.466E-03 6.398E-03 6.129E-03 5.759E-03 5.471E-03 5.294E-03 4.880E-03 4.673E-03 4.327E-03 3.645E-03 3.221E-03 3.003E-03 2.712E-03 2.645E-03 2.281E-03 2.123E-03 1.910E-03 1.799E-03 1.385E-03 1.232E-03 1.190E-03 1.037E-03 7.515E-04 5.651E-04 4.222E-04 3.473E-04
  3.000E-01  3.015E+00 2.389E+00 1.917E+00 1.561E+00 1.291E+00 1.083E+00 9.203E-01 7.910E-01 6.874E-01 6.026E-01 5.322E-01 4.737E-01 3.828E-01 3.160E-01 2.114E-01 1.530E-01 1.179E-01 9.649E-02 6.964E-02 5.081E-02 4.495E-02 3.986E-02 3.770E-02 3.385E-02 3.030E-02 2.478E-02 2.066E-02 1.663E-02 1.111E-02 9.678E-03 7.928E-03 9.979E-03 5.660E-03 3.726E-03 6.189E-03 6.465E-03 6.396E-03 6.127E-03 5.758E-03 5.470E-03 5.293E-03 4.879E-03 4.672E-03 4.326E-03 3.644E-03 3.221E-03 3.002E-03 2.712E-03 2.645E-03 2.280E-03 2.123E-03 1.910E-03 1.799E-03 1.385E-03 1.232E-03 1.190E-03 1.037E-03 7.514E-04 5.651E-04 4.222E-04 3.473E-04
  4.000E-01  2.321E+00 1.938E+00 1.622E+00 1.364E+00 1.157E+00 9.882E-01 8.522E-01 7.409E-01 6.498E-01 5.738E-01 5.099E-01 4.561E-01 3.714E-01 3.084E-01 2.081E-01 1.514E-01 1.170E-01 9.593E-02 6.939E-02 5.068E-02 4.485E-02 3.978E-02 3.763E-02 3.379E-02 3.026E-02 2.475E-02 2.064E-02 1.662E-02 1.110E-02 9.670E-03 7.921E-03 9.974E-03 5.657E-03 3.724E-03 6.186E-03 6.462E-03 6.394E-03 6.125E-03 5.756E-03 5.468E-03 5.292E-03 4.878E-03 4.671E-03 4.326E-03 3.644E-03 3.220E-03 3.002E-03 2.711E-03 2.644E-03 2.280E-03 2.123E-03 1.910E-03 1.799E-03 1.385E-03 1.232E-03 1.190E-03 1.037E-03 7.514E-04 5.650E-04 4.222E-04 3.473E-04
  5.000E-01  1.806E+00 1.558E+00 1.348E+00 1.169E+00 1.016E+00 8.855E-01 7.761E-01 6.837E-01 6.061E-01 5.399E-01 4.833E-01 4.350E-01 3.576E-01 2.989E-01 2.040E-01 1.493E-01 1.158E-01 9.522E-02 6.907E-02 5.051E-02 4.473E-02 3.968E-02 3.754E-02 3.372E-02 3.020E-02 2.471E-02 2.061E-02 1.660E-02 1.108E-02 9.659E-03 7.913E-03 9.967E-03 5.653E-03 3.722E-03 6.183E-03 6.459E-03 6.392E-03 6.123E-03 5.754E-03 5.466E-03 5.290E-03 4.876E-03 4.670E-03 4.324E-03 3.643E-03 3.220E-03 3.001E-03 2.711E-03 2.644E-03 2.280E-03 2.122E-03 1.910E-03 1.798E-03 1.385E-03 1.231E-03 1.190E-03 1.037E-03 7.513E-04 5.650E-04 4.221E-04 3.473E-04
  6.000E-01  1.438E+00 1.266E+00 1.119E+00 9.924E-01 8.815E-01 7.833E-01 6.979E-01 6.233E-01 5.589E-01 5.028E-01 4.537E-01 4.112E-01 3.417E-01 2.880E-01 1.991E-01 1.468E-01 1.144E-01 9.435E-02 6.868E-02 5.031E-02 4.457E-02 3.955E-02 3.743E-02 3.364E-02 3.014E-02 2.467E-02 2.058E-02 1.658E-02 1.107E-02 9.647E-03 7.903E-03 9.960E-03 5.648E-03 3.719E-03 6.179E-03 6.455E-03 6.388E-03 6.120E-03 5.751E-03 5.464E-03 5.287E-03 4.874E-03 4.668E-03 4.323E-03 3.642E-03 3.219E-03 3.000E-03 2.710E-03 2.643E-03 2.279E-03 2.122E-03 1.909E-03 1.798E-03 1.385E-03 1.231E-03 1.190E-03 1.037E-03 7.513E-04 5.650E-04 4.221E-04 3.473E-04
  7.000E-01  1.165E+00 1.046E+00 9.383E-01 8.443E-01 7.622E-01 6.882E-01 6.223E-01 5.632E-01 5.110E-01 4.642E-01 4.225E-01 3.857E-01 3.244E-01 2.759E-01 1.936E-01 1.439E-01 1.128E-01 9.335E-02 6.823E-02 5.007E-02 4.439E-02 3.941E-02 3.730E-02 3.354E-02 3.006E-02 2.462E-02 2.055E-02 1.656E-02 1.105E-02 9.631E-03 7.892E-03 9.951E-03 5.642E-03 3.715E-03 6.174E-03 6.451E-03 6.384E-03 6.116E-03 5.748E-03 5.461E-03 5.285E-03 4.872E-03 4.666E-03 4.321E-03 3.640E-03 3.218E-03 3.000E-03 2.710E-03 2.643E-03 2.279E-03 2.121E-03 1.909E-03 1.798E-03 1.384E-03 1.231E-03 1.190E-03 1.037E-03 7.512E-04 5.649E-04 4.221E-04 3.472E-04
  8.000E-01  9.544E-01 8.756E-01 7.964E-01 7.241E-01 6.609E-01 6.039E-01 5.528E-01 5.062E-01 4.642E-01 4.258E-01 3.909E-01 3.596E-01 3.062E-01 2.630E-01 1.875E-01 1.408E-01 1.110E-01 9.222E-02 6.772E-02 4.980E-02 4.419E-02 3.924E-02 3.716E-02 3.342E-02 2.997E-02 2.456E-02 2.050E-02 1.653E-02 1.103E-02 9.614E-03 7.878E-03 9.940E-03 5.635E-03 3.711E-03 6.169E-03 6.446E-03 6.380E-03 6.112E-03 5.744E-03 5.458E-03 5.282E-03 4.870E-03 4.664E-03 4.319E-03 3.639E-03 3.216E-03 2.999E-03 2.709E-03 2.642E-03 2.278E-03 2.121E-03 1.908E-03 1.797E-03 1.384E-03 1.231E-03 1.189E-03 1.037E-03 7.511E-04 5.648E-04 4.220E-04 3.472E-04
  9.000E-01  7.912E-01 7.390E-01 6.826E-01 6.270E-01 5.770E-01 5.317E-01 4.911E-01 4.540E-01 4.203E-01 3.890E-01 3.600E-01 3.336E-01 2.877E-01 2.495E-01 1.810E-01 1.373E-01 1.090E-01 9.097E-02 6.714E-02 4.950E-02 4.396E-02 3.906E-02 3.699E-02 3.329E-02 2.987E-02 2.449E-02 2.046E-02 1.649E-02 1.101E-02 9.594E-03 7.863E-03 9.928E-03 5.628E-03 3.706E-03 6.163E-03 6.440E-03 6.375E-03 6.108E-03 5.740E-03 5.454E-03 5.278E-03 4.867E-03 4.662E-03 4.317E-03 3.637E-03 3.215E-03 2.997E-03 2.708E-03 2.641E-03 2.278E-03 2.120E-03 1.908E-03 1.797E-03 1.384E-03 1.231E-03 1.189E-03 1.037E-03 7.510E-04 5.648E-04 4.220E-04 3.472E-04
  1.000E+00  6.638E-01 6.285E-01 5.890E-01 5.472E-01 5.076E-01 4.707E-01 4.378E-01 4.076E-01 3.802E-01 3.545E-01 3.305E-01 3.084E-01 2.692E-01 2.358E-01 1.742E-01 1.336E-01 1.068E-01 8.960E-02 6.651E-02 4.916E-02 4.370E-02 3.885E-02 3.681E-02 3.315E-02 2.975E-02 2.441E-02 2.040E-02 1.646E-02 1.098E-02 9.572E-03 7.846E-03 9.915E-03 5.619E-03 3.701E-03 6.156E-03 6.434E-03 6.369E-03 6.102E-03 5.736E-03 5.450E-03 5.275E-03 4.864E-03 4.659E-03 4.315E-03 3.636E-03 3.213E-03 2.996E-03 2.707E-03 2.640E-03 2.277E-03 2.120E-03 1.908E-03 1.797E-03 1.384E-03 1.230E-03 1.189E-03 1.037E-03 7.509E-04 5.647E-04 4.220E-04 3.472E-04
  1.100E+00  5.618E-01 5.392E-01 5.110E-01 4.803E-01 4.495E-01 4.194E-01 3.921E-01 3.671E-01 3.444E-01 3.231E-01 3.031E-01 2.845E-01 2.512E-01 2.222E-01 1.671E-01 1.296E-01 1.045E-01 8.813E-02 6.583E-02 4.879E-02 4.342E-02 3.862E-02 3.661E-02 3.299E-02 2.963E-02 2.433E-02 2.035E-02 1.641E-02 1.095E-02 9.548E-03 7.827E-03 9.901E-03 5.610E-03 3.695E-03 6.149E-03 6.427E-03 6.363E-03 6.097E-03 5.731E-03 5.446E-03 5.270E-03 4.860E-03 4.656E-03 4.312E-03 3.633E-03 3.212E-03 2.995E-03 2.706E-03 2.639E-03 2.276E-03 2.119E-03 1.907E-03 1.796E-03 1.383E-03 1.230E-03 1.189E-03 1.036E-03 7.508E-04 5.646E-04 4.219E-04 3.471E-04
  1.200E+00  4.791E-01 4.662E-01 4.461E-01 4.233E-01 3.998E-01 3.756E-01 3.530E-01 3.319E-01 3.128E-01 2.949E-01 2.780E-01 2.623E-01 2.339E-01 2.089E-01 1.600E-01 1.256E-01 1.020E-01 8.656E-02 6.509E-02 4.839E-02 4.312E-02 3.838E-02 3.639E-02 3.282E-02 2.949E-02 2.424E-02 2.028E-02 1.637E-02 1.092E-02 9.521E-03 7.807E-03 9.885E-03 5.599E-03 3.689E-03 6.140E-03 6.419E-03 6.356E-03 6.091E-03 5.725E-03 5.441E-03 5.266E-03 4.856E-03 4.652E-03 4.309E-03 3.631E-03 3.210E-03 2.993E-03 2.704E-03 2.638E-03 2.275E-03 2.118E-03 1.906E-03 1.795E-03 1.383E-03 1.230E-03 1.188E-03 1.036E-03 7.507E-04 5.645E-04 4.219E-04 3.471E-04
  1.300E+00  4.119E-01 4.056E-01 3.919E-01 3.747E-01 3.570E-01 3.378E-01 3.192E-01 3.014E-01 2.852E-01 2.699E-01 2.554E-01 2.420E-01 2.177E-01 1.960E-01 1.528E-01 1.214E-01 9.945E-02 8.492E-02 6.430E-02 4.797E-02 4.279E-02 3.812E-02 3.616E-02 3.264E-02 2.935E-02 2.414E-02 2.022E-02 1.632E-02 1.089E-02 9.493E-03 7.785E-03 9.868E-03 5.588E-03 3.682E-03 6.131E-03 6.411E-03 6.349E-03 6.084E-03 5.719E-03 5.435E-03 5.261E-03 4.852E-03 4.649E-03 4.306E-03 3.629E-03 3.208E-03 2.992E-03 2.703E-03 2.637E-03 2.274E-03 2.118E-03 1.906E-03 1.795E-03 1.382E-03 1.229E-03 1.188E-03 1.036E-03 7.505E-04 5.644E-04 4.218E-04 3.471E-04
  1.400E+00  3.565E-01 3.548E-01 3.462E-01 3.333E-01 3.197E-01 3.047E-01 2.897E-01 2.748E-01 2.610E-01 2.477E-01 2.352E-01 2.236E-01 2.026E-01 1.838E-01 1.457E-01 1.172E-01 9.682E-02 8.320E-02 6.348E-02 4.751E-02 4.245E-02 3.783E-02 3.591E-02 3.244E-02 2.919E-02 2.404E-02 2.014E-02 1.627E-02 1.085E-02 9.462E-03 7.761E-03 9.849E-03 5.576E-03 3.675E-03 6.122E-03 6.402E-03 6.341E-03 6.076E-03 5.713E-03 5.429E-03 5.255E-03 4.848E-03 4.645E-03 4.302E-03 3.626E-03 3.205E-03 2.990E-03 2.702E-03 2.635E-03 2.273E-03 2.117E-03 1.905E-03 1.794E-03 1.382E-03 1.229E-03 1.188E-03 1.036E-03 7.504E-04 5.643E-04 4.217E-04 3.470E-04
  1.500E+00  3.104E-01 3.120E-01 3.072E-01 2.979E-01 2.874E-01 2.756E-01 2.637E-01 2.513E-01 2.396E-01 2.281E-01 2.172E-01 2.070E-01 1.888E-01 1.723E-01 1.387E-01 1.129E-01 9.413E-02 8.143E-02 6.261E-02 4.704E-02 4.208E-02 3.754E-02 3.564E-02 3.224E-02 2.903E-02 2.393E-02 2.006E-02 1.621E-02 1.081E-02 9.429E-03 7.736E-03 9.830E-03 5.564E-03 3.667E-03 6.111E-03 6.392E-03 6.333E-03 6.069E-03 5.706E-03 5.423E-03 5.250E-03 4.843E-03 4.640E-03 4.299E-03 3.623E-03 3.203E-03 2.988E-03 2.700E-03 2.634E-03 2.272E-03 2.116E-03 1.904E-03 1.793E-03 1.381E-03 1.229E-03 1.188E-03 1.036E-03 7.502E-04 5.642E-04 4.217E-04 3.470E-04
  1.600E+00  2.717E-01 2.758E-01 2.737E-01 2.674E-01 2.594E-01 2.500E-01 2.405E-01 2.304E-01 2.205E-01 2.107E-01 2.011E-01 1.922E-01 1.761E-01 1.616E-01 1.319E-01 1.087E-01 9.140E-02 7.961E-02 6.170E-02 4.653E-02 4.170E-02 3.722E-02 3.536E-02 3.202E-02 2.885E-02 2.381E-02 1.998E-02 1.616E-02 1.077E-02 9.394E-03 7.709E-03 9.809E-03 5.550E-03 3.658E-03 6.100E-03 6.382E-03 6.324E-03 6.060E-03 5.698E-03 5.417E-03 5.243E-03 4.838E-03 4.636E-03 4.295E-03 3.620E-03 3.200E-03 2.986E-03 2.698E-03 2.632E-03 2.271E-03 2.115E-03 1.903E-03 1.793E-03 1.381E-03 1.228E-03 1.187E-03 1.035E-03 7.500E-04 5.641E-04 4.216E-04 3.469E-04
  1.700E+00  2.392E-01 2.450E-01 2.448E-01 2.409E-01 2.350E-01 2.275E-01 2.198E-01 2.116E-01 2.034E-01 1.950E-01 1.867E-01 1.788E-01 1.645E-01 1.517E-01 1.254E-01 1.044E-01 8.865E-02 7.775E-02 6.076E-02 4.601E-02 4.129E-02 3.690E-02 3.507E-02 3.178E-02 2.867E-02 2.369E-02 1.989E-02 1.609E-02 1.073E-02 9.356E-03 7.680E-03 9.786E-03 5.535E-03 3.649E-03 6.089E-03 6.371E-03 6.314E-03 6.052E-03 5.690E-03 5.409E-03 5.237E-03 4.832E-03 4.631E-03 4.291E-03 3.617E-03 3.198E-03 2.984E-03 2.697E-03 2.630E-03 2.270E-03 2.114E-03 1.902E-03 1.792E-03 1.380E-03 1.228E-03 1.187E-03 1.035E-03 7.499E-04 5.640E-04 4.215E-04 3.469E-04
  1.800E+00  2.115E-01 2.184E-01 2.198E-01 2.176E-01 2.136E-01 2.076E-01 2.014E-01 1.947E-01 1.880E-01 1.809E-01 1.737E-01 1.667E-01 1.541E-01 1.426E-01 1.192E-01 1.003E-01 8.590E-02 7.587E-02 5.980E-02 4.546E-02 4.087E-02 3.655E-02 3.477E-02 3.154E-02 2.847E-02 2.356E-02 1.980E-02 1.603E-02 1.068E-02 9.317E-03 7.650E-03 9.763E-03 5.520E-03 3.640E-03 6.076E-03 6.359E-03 6.304E-03 6.042E-03 5.682E-03 5.402E-03 5.230E-03 4.826E-03 4.626E-03 4.286E-03 3.614E-03 3.195E-03 2.981E-03 2.695E-03 2.629E-03 2.268E-03 2.112E-03 1.901E-03 1.791E-03 1.380E-03 1.227E-03 1.186E-03 1.035E-03 7.497E-04 5.638E-04 4.214E-04 3.468E-04
  1.900E+00  1.878E-01 1.955E-01 1.981E-01 1.972E-01 1.946E-01 1.900E-01 1.850E-01 1.795E-01 1.740E-01 1.681E-01 1.618E-01 1.558E-01 1.445E-01 1.343E-01 1.133E-01 9.630E-02 8.317E-02 7.398E-02 5.881E-02 4.490E-02 4.044E-02 3.620E-02 3.445E-02 3.129E-02 2.827E-02 2.342E-02 1.971E-02 1.596E-02 1.063E-02 9.276E-03 7.618E-03 9.738E-03 5.504E-03 3.630E-03 6.063E-03 6.347E-03 6.293E-03 6.032E-03 5.673E-03 5.394E-03 5.222E-03 4.820E-03 4.620E-03 4.281E-03 3.610E-03 3.192E-03 2.979E-03 2.693E-03 2.627E-03 2.267E-03 2.111E-03 1.900E-03 1.790E-03 1.379E-03 1.227E-03 1.186E-03 1.034E-03 7.495E-04 5.637E-04 4.213E-04 3.468E-04
  2.000E+00  1.675E-01 1.756E-01 1.792E-01 1.792E-01 1.778E-01 1.744E-01 1.704E-01 1.659E-01 1.613E-01 1.563E-01 1.511E-01 1.458E-01 1.358E-01 1.266E-01 1.077E-01 9.240E-02 8.047E-02 7.208E-02 5.780E-02 4.432E-02 3.999E-02 3.583E-02 3.412E-02 3.103E-02 2.806E-02 2.328E-02 1.960E-02 1.589E-02 1.058E-02 9.233E-03 7.585E-03 9.712E-03 5.487E-03 3.619E-03 6.049E-03 6.334E-03 6.282E-03 6.022E-03 5.664E-03 5.386E-03 5.215E-03 4.814E-03 4.614E-03 4.276E-03 3.607E-03 3.188E-03 2.976E-03 2.691E-03 2.625E-03 2.265E-03 2.110E-03 1.899E-03 1.789E-03 1.378E-03 1.226E-03 1.185E-03 1.034E-03 7.492E-04 5.635E-04 4.213E-04 3.467E-04
  3.000E+00  6.327E-02 7.036E-02 7.531E-02 7.861E-02 8.097E-02 8.224E-02 8.295E-02 8.303E-02 8.286E-02 8.227E-02 8.129E-02 8.018E-02 7.770E-02 7.496E-02 6.822E-02 6.193E-02 5.729E-02 5.447E-02 4.736E-02 3.792E-02 3.496E-02 3.166E-02 3.037E-02 2.799E-02 2.560E-02 2.158E-02 1.838E-02 1.501E-02 9.953E-03 8.701E-03 7.173E-03 9.387E-03 5.275E-03 3.489E-03 5.877E-03 6.173E-03 6.141E-03 5.892E-03 5.548E-03 5.282E-03 5.118E-03 4.733E-03 4.542E-03 4.214E-03 3.559E-03 3.147E-03 2.944E-03 2.664E-03 2.599E-03 2.247E-03 2.094E-03 1.886E-03 1.777E-03 1.370E-03 1.219E-03 1.180E-03 1.030E-03 7.464E-04 5.615E-04 4.201E-04 3.459E-04
  4.000E+00  2.972E-02 3.442E-02 3.798E-02 4.081E-02 4.310E-02 4.484E-02 4.621E-02 4.720E-02 4.797E-02 4.845E-02 4.867E-02 4.879E-02 4.864E-02 4.804E-02 4.626E-02 4.400E-02 4.229E-02 4.169E-02 3.812E-02 3.151E-02 2.974E-02 2.722E-02 2.632E-02 2.461E-02 2.279E-02 1.956E-02 1.688E-02 1.390E-02 9.158E-03 8.024E-03 6.644E-03 8.963E-03 4.996E-03 3.315E-03 5.649E-03 5.958E-03 5.952E-03 5.717E-03 5.392E-03 5.141E-03 4.986E-03 4.623E-03 4.444E-03 4.129E-03 3.495E-03 3.091E-03 2.899E-03 2.628E-03 2.564E-03 2.220E-03 2.072E-03 1.867E-03 1.759E-03 1.357E-03 1.210E-03 1.171E-03 1.024E-03 7.425E-04 5.588E-04 4.184E-04 3.448E-04
  5.000E+00  1.606E-02 1.921E-02 2.163E-02 2.372E-02 2.550E-02 2.701E-02 2.826E-02 2.931E-02 3.018E-02 3.089E-02 3.143E-02 3.191E-02 3.250E-02 3.272E-02 3.296E-02 3.251E-02 3.246E-02 3.304E-02 3.103E-02 2.600E-02 2.510E-02 2.317E-02 2.256E-02 2.134E-02 1.998E-02 1.745E-02 1.526E-02 1.267E-02 8.263E-03 7.254E-03 6.036E-03 8.463E-03 4.663E-03 3.108E-03 5.373E-03 5.698E-03 5.723E-03 5.505E-03 5.201E-03 4.969E-03 4.826E-03 4.487E-03 4.323E-03 4.023E-03 3.414E-03 3.022E-03 2.843E-03 2.582E-03 2.520E-03 2.188E-03 2.043E-03 1.843E-03 1.737E-03 1.342E-03 1.198E-03 1.161E-03 1.016E-03 7.376E-04 5.553E-04 4.164E-04 3.434E-04
  6.000E+00  9.580E-03 1.181E-02 1.347E-02 1.497E-02 1.631E-02 1.750E-02 1.854E-02 1.945E-02 2.024E-02 2.093E-02 2.151E-02 2.206E-02 2.285E-02 2.337E-02 2.442E-02 2.491E-02 2.560E-02 2.679E-02 2.570E-02 2.161E-02 2.131E-02 1.979E-02 1.939E-02 1.847E-02 1.743E-02 1.544E-02 1.364E-02 1.141E-02 7.331E-03 6.447E-03 5.391E-03 7.915E-03 4.295E-03 2.876E-03 5.064E-03 5.405E-03 5.463E-03 5.263E-03 4.984E-03 4.772E-03 4.641E-03 4.330E-03 4.182E-03 3.900E-03 3.319E-03 2.939E-03 2.777E-03 2.527E-03 2.468E-03 2.148E-03 2.010E-03 1.814E-03 1.711E-03 1.324E-03 1.183E-03 1.148E-03 1.007E-03 7.315E-04 5.511E-04 4.138E-04 3.417E-04
  8.000E+00  4.193E-03 5.482E-03 6.350E-03 7.177E-03 7.944E-03 8.665E-03 9.328E-03 9.932E-03 1.049E-02 1.101E-02 1.147E-02 1.194E-02 1.269E-02 1.328E-02 1.474E-02 1.585E-02 1.711E-02 1.861E-02 1.814E-02 1.529E-02 1.581E-02 1.487E-02 1.471E-02 1.411E-02 1.341E-02 1.205E-02 1.076E-02 9.051E-03 5.578E-03 4.906E-03 4.132E-03 6.778E-03 3.517E-03 2.380E-03 4.390E-03 4.761E-03 4.888E-03 4.725E-03 4.496E-03 4.327E-03 4.222E-03 3.971E-03 3.856E-03 3.613E-03 3.096E-03 2.745E-03 2.618E-03 2.397E-03 2.343E-03 2.053E-03 1.928E-03 1.744E-03 1.647E-03 1.279E-03 1.147E-03 1.117E-03 9.844E-04 7.165E-04 5.404E-04 4.074E-04 3.374E-04
  1.000E+01  2.222E-03 3.115E-03 3.614E-03 4.121E-03 4.583E-03 5.055E-03 5.480E-03 5.885E-03 6.263E-03 6.628E-03 6.977E-03 7.348E-03 7.944E-03 8.441E-03 9.795E-03 1.096E-02 1.226E-02 1.362E-02 1.313E-02 1.096E-02 1.198E-02 1.146E-02 1.146E-02 1.106E-02 1.053E-02 9.551E-03 8.537E-03 7.135E-03 4.169E-03 3.649E-03 3.076E-03 5.717E-03 2.780E-03 1.900E-03 3.718E-03 4.107E-03 4.297E-03 4.168E-03 3.984E-03 3.855E-03 3.774E-03 3.579E-03 3.498E-03 3.294E-03 2.843E-03 2.522E-03 2.434E-03 2.243E-03 2.196E-03 1.940E-03 1.830E-03 1.660E-03 1.570E-03 1.224E-03 1.103E-03 1.079E-03 9.562E-04 6.979E-04 5.272E-04 3.994E-04 3.320E-04
  1.200E+01  1.343E-03 2.039E-03 2.365E-03 2.692E-03 3.002E-03 3.317E-03 3.610E-03 3.905E-03 4.170E-03 4.434E-03 4.697E-03 4.976E-03 5.423E-03 5.836E-03 7.000E-03 8.052E-03 9.228E-03 1.033E-02 9.658E-03 7.963E-03 9.215E-03 8.972E-03 9.063E-03 8.776E-03 8.362E-03 7.645E-03 6.851E-03 5.656E-03 3.140E-03 2.728E-03 2.288E-03 4.812E-03 2.156E-03 1.485E-03 3.108E-03 3.504E-03 3.743E-03 3.641E-03 3.495E-03 3.398E-03 3.338E-03 3.188E-03 3.136E-03 2.966E-03 2.577E-03 2.287E-03 2.237E-03 2.076E-03 2.035E-03 1.815E-03 1.720E-03 1.565E-03 1.483E-03 1.161E-03 1.052E-03 1.035E-03 9.235E-04 6.760E-04 5.116E-04 3.899E-04 3.255E-04
  1.400E+01  8.926E-04 1.480E-03 1.710E-03 1.938E-03 2.165E-03 2.385E-03 2.601E-03 2.816E-03 3.018E-03 3.217E-03 3.411E-03 3.624E-03 3.970E-03 4.303E-03 5.292E-03 6.200E-03 7.207E-03 8.030E-03 7.199E-03 5.851E-03 7.154E-03 7.113E-03 7.269E-03 7.039E-03 6.698E-03 6.148E-03 5.527E-03 4.507E-03 2.399E-03 2.073E-03 1.730E-03 4.073E-03 1.670E-03 1.154E-03 2.591E-03 2.981E-03 3.256E-03 3.174E-03 3.055E-03 2.982E-03 2.937E-03 2.821E-03 2.791E-03 2.650E-03 2.314E-03 2.053E-03 2.035E-03 1.904E-03 1.868E-03 1.682E-03 1.603E-03 1.464E-03 1.390E-03 1.093E-03 9.964E-04 9.868E-04 8.869E-04 6.513E-04 4.939E-04 3.791E-04 3.181E-04
  1.600E+01  6.376E-04 1.151E-03 1.330E-03 1.502E-03 1.674E-03 1.839E-03 2.005E-03 2.165E-03 2.323E-03 2.476E-03 2.625E-03 2.795E-03 3.073E-03 3.338E-03 4.177E-03 4.942E-03 5.778E-03 6.344E-03 5.417E-03 4.342E-03 5.600E-03 5.689E-03 5.883E-03 5.689E-03 5.403E-03 4.976E-03 4.470E-03 3.604E-03 1.848E-03 1.594E-03 1.330E-03 3.470E-03 1.307E-03 9.044E-04 2.166E-03 2.544E-03 2.842E-03 2.774E-03 2.675E-03 2.620E-03 2.585E-03 2.491E-03 2.477E-03 2.357E-03 2.065E-03 1.829E-03 1.838E-03 1.733E-03 1.702E-03 1.548E-03 1.484E-03 1.359E-03 1.293E-03 1.022E-03 9.377E-04 9.349E-04 8.473E-04 6.244E-04 4.746E-04 3.671E-04 3.098E-04
  1.800E+01  4.812E-04 9.485E-04 1.086E-03 1.222E-03 1.356E-03 1.489E-03 1.617E-03 1.752E-03 1.873E-03 1.995E-03 2.118E-03 2.257E-03 2.478E-03 2.698E-03 3.401E-03 4.047E-03 4.725E-03 5.077E-03 4.118E-03 3.258E-03 4.415E-03 4.583E-03 4.794E-03 4.627E-03 4.377E-03 4.051E-03 3.630E-03 2.893E-03 1.430E-03 1.233E-03 1.031E-03 2.970E-03 1.036E-03 7.185E-04 1.821E-03 2.181E-03 2.494E-03 2.438E-03 2.354E-03 2.310E-03 2.283E-03 2.203E-03 2.199E-03 2.095E-03 1.836E-03 1.623E-03 1.652E-03 1.569E-03 1.543E-03 1.416E-03 1.365E-03 1.254E-03 1.195E-03 9.493E-04 8.772E-04 8.811E-04 8.057E-04 5.959E-04 4.539E-04 3.541E-04 3.008E-04
  2.000E+01  3.789E-04 8.071E-04 9.226E-04 1.032E-03 1.144E-03 1.252E-03 1.357E-03 1.464E-03 1.566E-03 1.666E-03 1.763E-03 1.879E-03 2.065E-03 2.244E-03 2.840E-03 3.380E-03 3.920E-03 4.100E-03 3.158E-03 2.468E-03 3.500E-03 3.712E-03 3.929E-03 3.783E-03 3.566E-03 3.309E-03 2.963E-03 2.334E-03 1.116E-03 9.594E-04 8.032E-04 2.547E-03 8.298E-04 5.780E-04 1.537E-03 1.878E-03 2.201E-03 2.153E-03 2.081E-03 2.046E-03 2.026E-03 1.954E-03 1.957E-03 1.865E-03 1.632E-03 1.438E-03 1.480E-03 1.416E-03 1.394E-03 1.291E-03 1.251E-03 1.152E-03 1.100E-03 8.774E-04 8.166E-04 8.266E-04 7.629E-04 5.661E-04 4.322E-04 3.403E-04 2.911E-04
  2.200E+01  3.087E-04 6.980E-04 8.007E-04 8.988E-04 9.930E-04 1.082E-03 1.173E-03 1.255E-03 1.342E-03 1.426E-03 1.505E-03 1.604E-03 1.763E-03 1.910E-03 2.417E-03 2.866E-03 3.283E-03 3.336E-03 2.444E-03 1.890E-03 2.795E-03 3.025E-03 3.237E-03 3.105E-03 2.920E-03 2.714E-03 2.428E-03 1.890E-03 8.809E-04 7.553E-04 6.313E-04 2.190E-03 6.678E-04 4.685E-04 1.301E-03 1.621E-03 1.949E-03 1.909E-03 1.847E-03 1.820E-03 1.804E-03 1.739E-03 1.747E-03 1.664E-03 1.451E-03 1.274E-03 1.326E-03 1.276E-03 1.257E-03 1.173E-03 1.142E-03 1.055E-03 1.008E-03 8.076E-04 7.570E-04 7.725E-04 7.196E-04 5.357E-04 4.099E-04 3.259E-04 2.810E-04
  2.400E+01  2.579E-04 6.252E-04 7.066E-04 7.923E-04 8.701E-04 9.512E-04 1.025E-03 1.102E-03 1.171E-03 1.242E-03 1.315E-03 1.399E-03 1.531E-03 1.659E-03 2.084E-03 2.461E-03 2.773E-03 2.733E-03 1.908E-03 1.461E-03 2.244E-03 2.476E-03 2.678E-03 2.561E-03 2.399E-03 2.236E-03 1.997E-03 1.537E-03 7.025E-04 6.017E-04 5.023E-04 1.888E-03 5.392E-04 3.814E-04 1.103E-03 1.402E-03 1.731E-03 1.698E-03 1.645E-03 1.624E-03 1.612E-03 1.552E-03 1.563E-03 1.488E-03 1.292E-03 1.130E-03 1.187E-03 1.149E-03 1.133E-03 1.064E-03 1.041E-03 9.639E-04 9.222E-04 7.410E-04 6.995E-04 7.195E-04 6.766E-04 5.052E-04 3.873E-04 3.111E-04 2.704E-04
  2.600E+01  2.202E-04 5.597E-04 6.367E-04 7.087E-04 7.798E-04 8.474E-04 9.147E-04 9.773E-04 1.041E-03 1.102E-03 1.161E-03 1.233E-03 1.349E-03 1.456E-03 1.817E-03 2.131E-03 2.358E-03 2.251E-03 1.502E-03 1.141E-03 1.812E-03 2.036E-03 2.225E-03 2.122E-03 1.980E-03 1.850E-03 1.649E-03 1.257E-03 5.635E-04 4.831E-04 4.040E-04 1.633E-03 4.379E-04 3.117E-04 9.383E-04 1.215E-03 1.541E-03 1.514E-03 1.468E-03 1.452E-03 1.444E-03 1.387E-03 1.401E-03 1.334E-03 1.153E-03 1.005E-03 1.064E-03 1.036E-03 1.021E-03 9.650E-04 9.485E-04 8.794E-04 8.421E-04 6.784E-04 6.447E-04 6.686E-04 6.344E-04 4.749E-04 3.647E-04 2.960E-04 2.595E-04
  2.800E+01  1.912E-04 5.011E-04 5.746E-04 6.427E-04 7.073E-04 7.641E-04 8.260E-04 8.729E-04 9.333E-04 9.868E-04 1.034E-03 1.096E-03 1.201E-03 1.290E-03 1.599E-03 1.857E-03 2.015E-03 1.864E-03 1.193E-03 8.995E-04 1.473E-03 1.684E-03 1.857E-03 1.764E-03 1.642E-03 1.537E-03 1.367E-03 1.034E-03 4.548E-04 3.900E-04 3.270E-04 1.417E-03 3.586E-04 2.564E-04 8.008E-04 1.055E-03 1.376E-03 1.352E-03 1.313E-03 1.301E-03 1.296E-03 1.242E-03 1.258E-03 1.197E-03 1.030E-03 8.939E-04 9.550E-04 9.343E-04 9.218E-04 8.754E-04 8.638E-04 8.020E-04 7.685E-04 6.204E-04 5.933E-04 6.201E-04 5.936E-04 4.452E-04 3.424E-04 2.808E-04 2.484E-04
  3.000E+01  1.681E-04 4.612E-04 5.187E-04 5.853E-04 6.351E-04 6.950E-04 7.441E-04 7.900E-04 8.382E-04 8.857E-04 9.313E-04 9.863E-04 1.079E-03 1.156E-03 1.417E-03 1.626E-03 1.731E-03 1.551E-03 9.551E-04 7.152E-04 1.204E-03 1.398E-03 1.555E-03 1.473E-03 1.367E-03 1.281E-03 1.139E-03 8.544E-04 3.704E-04 3.171E-04 2.661E-04 1.232E-03 2.964E-04 2.127E-04 6.860E-04 9.190E-04 1.231E-03 1.212E-03 1.177E-03 1.168E-03 1.165E-03 1.113E-03 1.130E-03 1.075E-03 9.209E-04 7.964E-04 8.578E-04 8.437E-04 8.327E-04 7.946E-04 7.869E-04 7.314E-04 7.013E-04 5.671E-04 5.455E-04 5.745E-04 5.544E-04 4.164E-04 3.206E-04 2.658E-04 2.372E-04
  3.200E+01  1.493E-04 4.242E-04 4.764E-04 5.311E-04 5.786E-04 6.304E-04 6.752E-04 7.192E-04 7.609E-04 8.029E-04 8.445E-04 8.927E-04 9.721E-04 1.041E-03 1.261E-03 1.428E-03 1.492E-03 1.296E-03 7.707E-04 5.740E-04 9.899E-04 1.166E-03 1.308E-03 1.236E-03 1.143E-03 1.074E-03 9.525E-04 7.090E-04 3.042E-04 2.602E-04 2.182E-04 1.073E-03 2.465E-04 1.777E-04 5.895E-04 8.024E-04 1.105E-03 1.088E-03 1.058E-03 1.052E-03 1.050E-03 9.988E-04 1.016E-03 9.665E-04 8.242E-04 7.100E-04 7.711E-04 7.626E-04 7.529E-04 7.218E-04 7.172E-04 6.674E-04 6.402E-04 5.183E-04 5.014E-04 5.319E-04 5.173E-04 3.888E-04 2.995E-04 2.510E-04 2.260E-04
  3.400E+01  1.339E-04 3.856E-04 4.390E-04 4.850E-04 5.315E-04 5.740E-04 6.164E-04 6.555E-04 6.943E-04 7.316E-04 7.679E-04 8.098E-04 8.786E-04 9.419E-04 1.125E-03 1.260E-03 1.290E-03 1.089E-03 6.264E-04 4.642E-04 8.183E-04 9.777E-04 1.105E-03 1.040E-03 9.605E-04 9.031E-04 7.997E-04 5.919E-04 2.513E-04 2.151E-04 1.804E-04 9.363E-04 2.059E-04 1.493E-04 5.080E-04 7.023E-04 9.936E-04 9.798E-04 9.528E-04 9.486E-04 9.478E-04 8.980E-04 9.156E-04 8.696E-04 7.382E-04 6.336E-04 6.936E-04 6.898E-04 6.813E-04 6.562E-04 6.541E-04 6.094E-04 5.848E-04 4.741E-04 4.609E-04 4.924E-04 4.822E-04 3.625E-04 2.793E-04 2.365E-04 2.150E-04
  3.600E+01  1.210E-04 3.528E-04 3.976E-04 4.489E-04 4.854E-04 5.296E-04 5.649E-04 5.973E-04 6.306E-04 6.643E-04 6.981E-04 7.377E-04 7.999E-04 8.554E-04 1.007E-03 1.116E-03 1.118E-03 9.188E-04 5.131E-04 3.786E-04 6.804E-04 8.229E-04 9.365E-04 8.799E-04 8.101E-04 7.625E-04 6.745E-04 4.967E-04 2.085E-04 1.787E-04 1.502E-04 8.193E-04 1.726E-04 1.259E-04 4.388E-04 6.158E-04 8.953E-04 8.839E-04 8.601E-04 8.575E-04 8.577E-04 8.087E-04 8.259E-04 7.834E-04 6.618E-04 5.658E-04 6.243E-04 6.244E-04 6.168E-04 5.968E-04 5.970E-04 5.567E-04 5.345E-04 4.339E-04 4.239E-04 4.559E-04 4.494E-04 3.376E-04 2.601E-04 2.224E-04 2.041E-04
  3.800E+01  1.098E-04 3.271E-04 3.651E-04 4.113E-04 4.435E-04 4.850E-04 5.158E-04 5.477E-04 5.770E-04 6.074E-04 6.383E-04 6.726E-04 7.288E-04 7.775E-04 9.031E-04 9.907E-04 9.729E-04 7.786E-04 4.229E-04 3.110E-04 5.689E-04 6.961E-04 7.972E-04 7.471E-04 6.861E-04 6.467E-04 5.716E-04 4.185E-04 1.741E-04 1.491E-04 1.256E-04 7.187E-04 1.454E-04 1.065E-04 3.801E-04 5.412E-04 8.083E-04 7.989E-04 7.779E-04 7.766E-04 7.775E-04 7.295E-04 7.462E-04 7.067E-04 5.940E-04 5.059E-04 5.623E-04 5.655E-04 5.588E-04 5.431E-04 5.451E-04 5.090E-04 4.888E-04 3.975E-04 3.902E-04 4.223E-04 4.188E-04 3.143E-04 2.420E-04 2.089E-04 1.935E-04
  4.000E+01  1.001E-04 3.046E-04 3.370E-04 3.753E-04 4.061E-04 4.432E-04 4.718E-04 5.041E-04 5.286E-04 5.561E-04 5.853E-04 6.149E-04 6.639E-04 7.084E-04 8.139E-04 8.801E-04 8.493E-04 6.622E-04 3.511E-04 2.573E-04 4.779E-04 5.912E-04 6.812E-04 6.367E-04 5.838E-04 5.508E-04 4.862E-04 3.541E-04 1.464E-04 1.252E-04 1.055E-04 6.318E-04 1.232E-04 9.054E-05 3.303E-04 4.766E-04 7.310E-04 7.233E-04 7.047E-04 7.044E-04 7.060E-04 6.591E-04 6.752E-04 6.384E-04 5.337E-04 4.529E-04 5.069E-04 5.125E-04 5.066E-04 4.945E-04 4.979E-04 4.655E-04 4.473E-04 3.645E-04 3.594E-04 3.915E-04 3.903E-04 2.925E-04 2.250E-04 1.959E-04 1.832E-04
  4.200E+01  9.172E-05 2.783E-04 3.121E-04 3.446E-04 3.762E-04 4.064E-04 4.347E-04 4.610E-04 4.864E-04 5.112E-04 5.351E-04 5.612E-04 6.061E-04 6.453E-04 7.339E-04 7.830E-04 7.428E-04 5.659E-04 2.933E-04 2.143E-04 4.039E-04 5.043E-04 5.842E-04 5.451E-04 4.987E-04 4.709E-04 4.151E-04 3.013E-04 1.238E-04 1.059E-04 8.913E-05 5.566E-04 1.051E-04 7.738E-05 2.879E-04 4.207E-04 6.623E-04 6.560E-04 6.395E-04 6.400E-04 6.421E-04 5.962E-04 6.117E-04 5.775E-04 4.802E-04 4.061E-04 4.574E-04 4.648E-04 4.596E-04 4.505E-04 4.551E-04 4.260E-04 4.095E-04 3.344E-04 3.314E-04 3.631E-04 3.639E-04 2.722E-04 2.091E-04 1.836E-04 1.733E-04
  4.400E+01  8.432E-05 2.557E-04 2.890E-04 3.159E-04 3.453E-04 3.725E-04 3.977E-04 4.249E-04 4.466E-04 4.690E-04 4.923E-04 5.145E-04 5.533E-04 5.908E-04 6.624E-04 6.991E-04 6.512E-04 4.853E-04 2.466E-04 1.797E-04 3.428E-04 4.321E-04 5.031E-04 4.684E-04 4.276E-04 4.041E-04 3.561E-04 2.575E-04 1.050E-04 8.995E-05 7.578E-05 4.914E-04 8.998E-05 6.647E-05 2.517E-04 3.722E-04 6.011E-04 5.960E-04 5.813E-04 5.824E-04 5.849E-04 5.400E-04 5.548E-04 5.231E-04 4.325E-04 3.647E-04 4.133E-04 4.220E-04 4.173E-04 4.107E-04 4.161E-04 3.900E-04 3.750E-04 3.071E-04 3.058E-04 3.371E-04 3.394E-04 2.534E-04 1.943E-04 1.720E-04 1.637E-04
  4.600E+01  7.775E-05 2.332E-04 2.642E-04 2.925E-04 3.183E-04 3.438E-04 3.668E-04 3.892E-04 4.095E-04 4.300E-04 4.510E-04 4.715E-04 5.069E-04 5.405E-04 5.982E-04 6.254E-04 5.722E-04 4.181E-04 2.084E-04 1.516E-04 2.925E-04 3.715E-04 4.347E-04 4.039E-04 3.683E-04 3.484E-04 3.067E-04 2.210E-04 8.951E-05 7.668E-05 6.473E-05 4.348E-04 7.730E-05 5.732E-05 2.206E-04 3.300E-04 5.466E-04 5.425E-04 5.293E-04 5.309E-04 5.336E-04 4.897E-04 5.038E-04 4.744E-04 3.901E-04 3.279E-04 3.739E-04 3.835E-04 3.793E-04 3.746E-04 3.808E-04 3.572E-04 3.436E-04 2.822E-04 2.824E-04 3.131E-04 3.167E-04 2.359E-04 1.807E-04 1.610E-04 1.546E-04
  4.800E+01  7.189E-05 2.137E-04 2.434E-04 2.694E-04 2.936E-04 3.160E-04 3.376E-04 3.574E-04 3.773E-04 3.960E-04 4.142E-04 4.308E-04 4.635E-04 4.938E-04 5.423E-04 5.599E-04 5.045E-04 3.614E-04 1.773E-04 1.287E-04 2.508E-04 3.209E-04 3.770E-04 3.498E-04 3.184E-04 3.014E-04 2.651E-04 1.903E-04 7.671E-05 6.565E-05 5.547E-05 3.856E-04 6.660E-05 4.958E-05 1.938E-04 2.931E-04 4.978E-04 4.946E-04 4.828E-04 4.847E-04 4.876E-04 4.447E-04 4.581E-04 4.307E-04 3.523E-04 2.953E-04 3.386E-04 3.489E-04 3.452E-04 3.421E-04 3.486E-04 3.274E-04 3.151E-04 2.595E-04 2.609E-04 2.911E-04 2.957E-04 2.198E-04 1.680E-04 1.507E-04 1.459E-04
  5.000E+01  6.665E-05 1.966E-04 2.217E-04 2.497E-04 2.699E-04 2.921E-04 3.118E-04 3.277E-04 3.458E-04 3.631E-04 3.795E-04 3.950E-04 4.254E-04 4.521E-04 4.922E-04 5.014E-04 4.459E-04 3.136E-04 1.516E-04 1.099E-04 2.159E-04 2.783E-04 3.283E-04 3.041E-04 2.763E-04 2.617E-04 2.300E-04 1.646E-04 6.608E-05 5.652E-05 4.772E-05 3.428E-04 5.762E-05 4.300E-05 1.707E-04 2.609E-04 4.540E-04 4.517E-04 4.411E-04 4.433E-04 4.463E-04 4.045E-04 4.170E-04 3.915E-04 3.185E-04 2.662E-04 3.070E-04 3.178E-04 3.144E-04 3.126E-04 3.195E-04 3.003E-04 2.891E-04 2.388E-04 2.413E-04 2.707E-04 2.762E-04 2.049E-04 1.563E-04 1.411E-04 1.377E-04
  5.200E+01  6.189E-05 1.817E-04 2.045E-04 2.285E-04 2.485E-04 2.675E-04 2.858E-04 3.019E-04 3.189E-04 3.347E-04 3.495E-04 3.626E-04 3.894E-04 4.146E-04 4.478E-04 4.501E-04 3.947E-04 2.731E-04 1.303E-04 9.428E-05 1.868E-04 2.422E-04 2.868E-04 2.652E-04 2.407E-04 2.281E-04 2.004E-04 1.431E-04 5.711E-05 4.888E-05 4.125E-05 3.054E-04 5.008E-05 3.743E-05 1.508E-04 2.328E-04 4.148E-04 4.131E-04 4.036E-04 4.060E-04 4.091E-04 3.684E-04 3.802E-04 3.563E-04 2.884E-04 2.403E-04 2.786E-04 2.897E-04 2.867E-04 2.860E-04 2.931E-04 2.757E-04 2.654E-04 2.198E-04 2.233E-04 2.520E-04 2.582E-04 1.911E-04 1.456E-04 1.321E-04 1.299E-04
  5.400E+01  5.759E-05 1.674E-04 1.870E-04 2.114E-04 2.277E-04 2.473E-04 2.631E-04 2.776E-04 2.923E-04 3.069E-04 3.212E-04 3.334E-04 3.582E-04 3.808E-04 4.064E-04 4.051E-04 3.499E-04 2.389E-04 1.127E-04 8.139E-05 1.624E-04 2.117E-04 2.515E-04 2.323E-04 2.105E-04 1.996E-04 1.752E-04 1.248E-04 4.953E-05 4.242E-05 3.583E-05 2.727E-04 4.373E-05 3.272E-05 1.336E-04 2.082E-04 3.796E-04 3.784E-04 3.699E-04 3.724E-04 3.756E-04 3.361E-04 3.471E-04 3.248E-04 2.615E-04 2.172E-04 2.532E-04 2.644E-04 2.617E-04 2.620E-04 2.691E-04 2.533E-04 2.439E-04 2.025E-04 2.068E-04 2.347E-04 2.415E-04 1.784E-04 1.357E-04 1.238E-04 1.226E-04
  5.600E+01  5.370E-05 1.539E-04 1.731E-04 1.939E-04 2.099E-04 2.268E-04 2.421E-04 2.557E-04 2.695E-04 2.828E-04 2.958E-04 3.062E-04 3.292E-04 3.496E-04 3.689E-04 3.659E-04 3.117E-04 2.096E-04 9.787E-05 7.059E-05 1.417E-04 1.857E-04 2.213E-04 2.041E-04 1.848E-04 1.753E-04 1.538E-04 1.092E-04 4.315E-05 3.693E-05 3.124E-05 2.440E-04 3.831E-05 2.872E-05 1.186E-04 1.865E-04 3.480E-04 3.472E-04 3.395E-04 3.422E-04 3.453E-04 3.071E-04 3.174E-04 2.964E-04 2.374E-04 1.967E-04 2.304E-04 2.416E-04 2.392E-04 2.402E-04 2.473E-04 2.330E-04 2.244E-04 1.868E-04 1.916E-04 2.188E-04 2.260E-04 1.667E-04 1.266E-04 1.161E-04 1.157E-04
  5.800E+01  5.016E-05 1.414E-04 1.580E-04 1.795E-04 1.928E-04 2.100E-04 2.233E-04 2.348E-04 2.470E-04 2.593E-04 2.716E-04 2.818E-04 3.034E-04 3.214E-04 3.353E-04 3.309E-04 2.785E-04 1.844E-04 8.543E-05 6.156E-05 1.242E-04 1.635E-04 1.954E-04 1.800E-04 1.628E-04 1.545E-04 1.354E-04 9.596E-05 3.776E-05 3.229E-05 2.732E-05 2.188E-04 3.366E-05 2.529E-05 1.056E-04 1.675E-04 3.195E-04 3.191E-04 3.122E-04 3.148E-04 3.180E-04 2.810E-04 2.906E-04 2.709E-04 2.160E-04 1.784E-04 2.099E-04 2.210E-04 2.189E-04 2.205E-04 2.276E-04 2.146E-04 2.067E-04 1.724E-04 1.777E-04 2.040E-04 2.117E-04 1.558E-04 1.182E-04 1.089E-04 1.092E-04
  6.000E+01  4.692E-05 1.295E-04 1.473E-04 1.638E-04 1.791E-04 1.916E-04 2.056E-04 2.164E-04 2.294E-04 2.407E-04 2.508E-04 2.584E-04 2.776E-04 2.952E-04 3.070E-04 2.986E-04 2.489E-04 1.631E-04 7.497E-05 5.395E-05 1.094E-04 1.445E-04 1.731E-04 1.594E-04 1.440E-04 1.367E-04 1.197E-04 8.468E-05 3.317E-05 2.836E-05 2.397E-05 1.967E-04 2.965E-05 2.234E-05 9.427E-05 1.507E-04 2.938E-04 2.937E-04 2.875E-04 2.901E-04 2.932E-04 2.574E-04 2.665E-04 2.480E-04 1.968E-04 1.621E-04 1.915E-04 2.024E-04 2.005E-04 2.026E-04 2.096E-04 1.978E-04 1.906E-04 1.594E-04 1.650E-04 1.905E-04 1.983E-04 1.458E-04 1.105E-04 1.022E-04 1.032E-04
  6.200E+01  4.397E-05 1.188E-04 1.358E-04 1.509E-04 1.651E-04 1.766E-04 1.893E-04 1.992E-04 2.118E-04 2.223E-04 2.310E-04 2.377E-04 2.553E-04 2.716E-04 2.811E-04 2.699E-04 2.227E-04 1.447E-04 6.611E-05 4.750E-05 9.670E-05 1.282E-04 1.540E-04 1.416E-04 1.278E-04 1.213E-04 1.062E-04 7.497E-05 2.923E-05 2.501E-05 2.113E-05 1.772E-04 2.621E-05 1.978E-05 8.435E-05 1.359E-04 2.706E-04 2.708E-04 2.652E-04 2.678E-04 2.709E-04 2.362E-04 2.447E-04 2.274E-04 1.795E-04 1.476E-04 1.750E-04 1.857E-04 1.839E-04 1.863E-04 1.933E-04 1.826E-04 1.759E-04 1.475E-04 1.534E-04 1.780E-04 1.860E-04 1.365E-04 1.033E-04 9.606E-05 9.754E-05
  6.400E+01  4.126E-05 1.091E-04 1.269E-04 1.379E-04 1.526E-04 1.617E-04 1.741E-04 1.840E-04 1.963E-04 2.058E-04 2.137E-04 2.186E-04 2.346E-04 2.502E-04 2.572E-04 2.450E-04 2.001E-04 1.288E-04 5.855E-05 4.204E-05 8.581E-05 1.142E-04 1.374E-04 1.262E-04 1.138E-04 1.081E-04 9.457E-05 6.659E-05 2.584E-05 2.211E-05 1.870E-05 1.601E-04 2.327E-05 1.757E-05 7.568E-05 1.229E-04 2.497E-04 2.501E-04 2.450E-04 2.476E-04 2.506E-04 2.171E-04 2.250E-04 2.088E-04 1.641E-04 1.346E-04 1.602E-04 1.706E-04 1.689E-04 1.716E-04 1.784E-04 1.687E-04 1.626E-04 1.366E-04 1.427E-04 1.664E-04 1.746E-04 1.279E-04 9.680E-05 9.037E-05 9.228E-05
  6.600E+01  3.875E-05 1.011E-04 1.166E-04 1.270E-04 1.402E-04 1.492E-04 1.605E-04 1.698E-04 1.804E-04 1.893E-04 1.970E-04 2.021E-04 2.167E-04 2.311E-04 2.350E-04 2.234E-04 1.807E-04 1.150E-04 5.213E-05 3.737E-05 7.651E-05 1.020E-04 1.230E-04 1.129E-04 1.017E-04 9.663E-05 8.450E-05 5.939E-05 2.295E-05 1.962E-05 1.660E-05 1.449E-04 2.074E-05 1.567E-05 6.810E-05 1.113E-04 2.307E-04 2.314E-04 2.267E-04 2.293E-04 2.322E-04 1.999E-04 2.073E-04 1.920E-04 1.502E-04 1.229E-04 1.469E-04 1.569E-04 1.554E-04 1.582E-04 1.649E-04 1.560E-04 1.504E-04 1.267E-04 1.330E-04 1.558E-04 1.640E-04 1.199E-04 9.076E-05 8.511E-05 8.739E-05
  6.800E+01  3.646E-05 9.469E-05 1.081E-04 1.159E-04 1.289E-04 1.366E-04 1.473E-04 1.576E-04 1.668E-04 1.751E-04 1.825E-04 1.865E-04 1.997E-04 2.133E-04 2.155E-04 2.035E-04 1.633E-04 1.032E-04 4.665E-05 3.340E-05 6.851E-05 9.148E-05 1.105E-04 1.014E-04 9.129E-05 8.672E-05 7.580E-05 5.318E-05 2.047E-05 1.748E-05 1.479E-05 1.315E-04 1.855E-05 1.403E-05 6.145E-05 1.011E-04 2.136E-04 2.144E-04 2.102E-04 2.127E-04 2.155E-04 1.844E-04 1.912E-04 1.769E-04 1.377E-04 1.125E-04 1.349E-04 1.446E-04 1.433E-04 1.461E-04 1.526E-04 1.445E-04 1.393E-04 1.177E-04 1.240E-04 1.460E-04 1.541E-04 1.126E-04 8.520E-05 8.024E-05 8.283E-05
  7.000E+01  3.440E-05 8.716E-05 9.896E-05 1.075E-04 1.190E-04 1.267E-04 1.366E-04 1.449E-04 1.541E-04 1.618E-04 1.682E-04 1.717E-04 1.847E-04 1.966E-04 1.981E-04 1.856E-04 1.477E-04 9.292E-05 4.192E-05 2.997E-05 6.158E-05 8.238E-05 9.968E-05 9.136E-05 8.222E-05 7.807E-05 6.822E-05 4.778E-05 1.831E-05 1.564E-05 1.322E-05 1.196E-04 1.664E-05 1.260E-05 5.559E-05 9.204E-05 1.981E-04 1.990E-04 1.952E-04 1.976E-04 2.004E-04 1.703E-04 1.767E-04 1.632E-04 1.265E-04 1.031E-04 1.242E-04 1.335E-04 1.322E-04 1.352E-04 1.414E-04 1.340E-04 1.292E-04 1.095E-04 1.159E-04 1.370E-04 1.450E-04 1.058E-04 8.007E-05 7.575E-05 7.859E-05
  7.200E+01  3.258E-05 8.087E-05 9.051E-05 9.955E-05 1.089E-04 1.174E-04 1.257E-04 1.341E-04 1.419E-04 1.491E-04 1.557E-04 1.593E-04 1.709E-04 1.822E-04 1.818E-04 1.702E-04 1.341E-04 8.387E-05 3.786E-05 2.703E-05 5.557E-05 7.444E-05 9.018E-05 8.261E-05 7.430E-05 7.056E-05 6.161E-05 4.307E-05 1.643E-05 1.404E-05 1.187E-05 1.091E-04 1.496E-05 1.136E-05 5.042E-05 8.397E-05 1.840E-04 1.851E-04 1.815E-04 1.840E-04 1.866E-04 1.576E-04 1.636E-04 1.509E-04 1.164E-04 9.468E-05 1.144E-04 1.234E-04 1.223E-04 1.252E-04 1.312E-04 1.244E-04 1.201E-04 1.020E-04 1.084E-04 1.287E-04 1.366E-04 9.953E-05 7.536E-05 7.160E-05 7.466E-05
  7.400E+01  3.093E-05 7.342E-05 8.326E-05 9.261E-05 1.016E-04 1.086E-04 1.170E-04 1.236E-04 1.316E-04 1.383E-04 1.439E-04 1.471E-04 1.580E-04 1.687E-04 1.676E-04 1.563E-04 1.224E-04 7.613E-05 3.438E-05 2.450E-05 5.040E-05 6.751E-05 8.188E-05 7.497E-05 6.741E-05 6.402E-05 5.585E-05 3.898E-05 1.481E-05 1.265E-05 1.070E-05 9.972E-05 1.351E-05 1.027E-05 4.586E-05 7.680E-05 1.713E-04 1.724E-04 1.692E-04 1.715E-04 1.741E-04 1.461E-04 1.518E-04 1.397E-04 1.073E-04 8.714E-05 1.056E-04 1.143E-04 1.132E-04 1.162E-04 1.220E-04 1.157E-04 1.117E-04 9.519E-05 1.016E-04 1.211E-04 1.288E-04 9.374E-05 7.102E-05 6.777E-05 7.101E-05
  7.600E+01  2.935E-05 6.758E-05 7.736E-05 8.516E-05 9.415E-05 1.001E-04 1.080E-04 1.144E-04 1.222E-04 1.285E-04 1.334E-04 1.361E-04 1.462E-04 1.563E-04 1.552E-04 1.433E-04 1.118E-04 6.941E-05 3.136E-05 2.231E-05 4.590E-05 6.147E-05 7.466E-05 6.833E-05 6.140E-05 5.828E-05 5.083E-05 3.541E-05 1.340E-05 1.143E-05 9.674E-06 9.140E-05 1.225E-05 9.315E-06 4.183E-05 7.042E-05 1.597E-04 1.609E-04 1.579E-04 1.602E-04 1.627E-04 1.357E-04 1.410E-04 1.296E-04 9.921E-05 8.037E-05 9.771E-05 1.060E-04 1.051E-04 1.081E-04 1.136E-04 1.078E-04 1.041E-04 8.895E-05 9.528E-05 1.141E-04 1.216E-04 8.841E-05 6.702E-05 6.424E-05 6.762E-05
  7.800E+01  2.785E-05 6.244E-05 7.311E-05 7.778E-05 8.772E-05 9.163E-05 9.992E-05 1.063E-04 1.142E-04 1.199E-04 1.242E-04 1.255E-04 1.350E-04 1.446E-04 1.441E-04 1.316E-04 1.022E-04 6.338E-05 2.874E-05 2.041E-05 4.195E-05 5.620E-05 6.830E-05 6.249E-05 5.612E-05 5.324E-05 4.642E-05 3.229E-05 1.217E-05 1.038E-05 8.779E-06 8.399E-05 1.115E-05 8.483E-06 3.827E-05 6.474E-05 1.492E-04 1.504E-04 1.477E-04 1.499E-04 1.523E-04 1.263E-04 1.313E-04 1.205E-04 9.188E-05 7.430E-05 9.057E-05 9.854E-05 9.767E-05 1.006E-04 1.060E-04 1.006E-04 9.711E-05 8.326E-05 8.954E-05 1.076E-04 1.150E-04 8.349E-05 6.336E-05 6.099E-05 6.448E-05
  8.000E+01  2.650E-05 5.872E-05 6.656E-05 7.199E-05 8.054E-05 8.514E-05 9.243E-05 9.849E-05 1.050E-04 1.104E-04 1.149E-04 1.170E-04 1.258E-04 1.347E-04 1.333E-04 1.219E-04 9.406E-05 5.815E-05 2.648E-05 1.876E-05 3.852E-05 5.157E-05 6.268E-05 5.734E-05 5.148E-05 4.885E-05 4.254E-05 2.955E-05 1.109E-05 9.462E-06 7.997E-06 7.739E-05 1.018E-05 7.757E-06 3.513E-05 5.967E-05 1.396E-04 1.409E-04 1.384E-04 1.405E-04 1.429E-04 1.178E-04 1.224E-04 1.122E-04 8.527E-05 6.885E-05 8.412E-05 9.177E-05 9.096E-05 9.391E-05 9.902E-05 9.409E-05 9.080E-05 7.807E-05 8.429E-05 1.016E-04 1.088E-04 7.896E-05 5.999E-05 5.799E-05 6.158E-05
  8.200E+01  2.536E-05 5.468E-05 6.129E-05 6.681E-05 7.382E-05 7.913E-05 8.521E-05 9.170E-05 9.688E-05 1.020E-04 1.070E-04 1.095E-04 1.172E-04 1.260E-04 1.229E-04 1.136E-04 8.706E-05 5.371E-05 2.454E-05 1.733E-05 3.555E-05 4.748E-05 5.777E-05 5.284E-05 4.743E-05 4.498E-05 3.915E-05 2.715E-05 1.014E-05 8.657E-06 7.315E-06 7.150E-05 9.335E-06 7.122E-06 3.234E-05 5.515E-05 1.309E-04 1.323E-04 1.300E-04 1.320E-04 1.342E-04 1.101E-04 1.144E-04 1.047E-04 7.931E-05 6.395E-05 7.832E-05 8.563E-05 8.488E-05 8.780E-05 9.271E-05 8.814E-05 8.507E-05 7.334E-05 7.948E-05 9.614E-05 1.031E-04 7.480E-05 5.691E-05 5.523E-05 5.890E-05
  8.400E+01  2.430E-05 4.991E-05 5.694E-05 6.208E-05 6.910E-05 7.344E-05 7.930E-05 8.482E-05 9.033E-05 9.508E-05 9.937E-05 1.016E-04 1.091E-04 1.171E-04 1.142E-04 1.055E-04 8.055E-05 4.977E-05 2.284E-05 1.608E-05 3.294E-05 4.392E-05 5.347E-05 4.890E-05 4.388E-05 4.157E-05 3.617E-05 2.504E-05 9.317E-06 7.947E-06 6.721E-06 6.624E-05 8.586E-06 6.563E-06 2.986E-05 5.110E-05 1.230E-04 1.244E-04 1.222E-04 1.242E-04 1.264E-04 1.031E-04 1.072E-04 9.798E-05 7.393E-05 5.954E-05 7.308E-05 8.007E-05 7.937E-05 8.224E-05 8.698E-05 8.273E-05 7.985E-05 6.903E-05 7.508E-05 9.109E-05 9.785E-05 7.097E-05 5.409E-05 5.269E-05 5.642E-05
  8.600E+01  2.324E-05 4.675E-05 5.352E-05 5.706E-05 6.398E-05 6.771E-05 7.328E-05 7.932E-05 8.438E-05 8.884E-05 9.299E-05 9.431E-05 1.013E-04 1.090E-04 1.070E-04 9.796E-05 7.466E-05 4.619E-05 2.137E-05 1.500E-05 3.064E-05 4.081E-05 4.968E-05 4.543E-05 4.073E-05 3.857E-05 3.354E-05 2.319E-05 8.594E-06 7.325E-06 6.198E-06 6.155E-05 7.928E-06 6.071E-06 2.766E-05 4.749E-05 1.158E-04 1.172E-04 1.152E-04 1.171E-04 1.192E-04 9.670E-05 1.006E-04 9.184E-05 6.908E-05 5.558E-05 6.836E-05 7.505E-05 7.439E-05 7.720E-05 8.175E-05 7.780E-05 7.510E-05 6.511E-05 7.106E-05 8.645E-05 9.299E-05 6.745E-05 5.151E-05 5.037E-05 5.414E-05
  8.800E+01  2.233E-05 4.377E-05 4.967E-05 5.291E-05 5.934E-05 6.294E-05 6.797E-05 7.386E-05 7.868E-05 8.291E-05 8.668E-05 8.800E-05 9.442E-05 1.018E-04 1.001E-04 9.142E-05 6.972E-05 4.314E-05 2.010E-05 1.406E-05 2.865E-05 3.805E-05 4.631E-05 4.235E-05 3.797E-05 3.594E-05 3.122E-05 2.156E-05 7.957E-06 6.781E-06 5.737E-06 5.735E-05 7.351E-06 5.637E-06 2.570E-05 4.425E-05 1.093E-04 1.106E-04 1.088E-04 1.107E-04 1.127E-04 9.094E-05 9.459E-05 8.628E-05 6.470E-05 5.200E-05 6.410E-05 7.050E-05 6.989E-05 7.262E-05 7.700E-05 7.332E-05 7.078E-05 6.154E-05 6.739E-05 8.218E-05 8.849E-05 6.422E-05 4.915E-05 4.824E-05 5.204E-05
  9.000E+01  2.155E-05 4.056E-05 4.570E-05 4.982E-05 5.501E-05 5.911E-05 6.352E-05 6.868E-05 7.300E-05 7.699E-05 8.078E-05 8.247E-05 8.856E-05 9.549E-05 9.352E-05 8.584E-05 6.545E-05 4.057E-05 1.901E-05 1.323E-05 2.692E-05 3.563E-05 4.337E-05 3.966E-05 3.556E-05 3.363E-05 2.919E-05 2.012E-05 7.393E-06 6.304E-06 5.331E-06 5.359E-05 6.846E-06 5.255E-06 2.397E-05 4.136E-05 1.033E-04 1.047E-04 1.030E-04 1.048E-04 1.067E-04 8.571E-05 8.917E-05 8.124E-05 6.076E-05 4.879E-05 6.025E-05 6.639E-05 6.581E-05 6.846E-05 7.268E-05 6.924E-05 6.686E-05 5.829E-05 6.404E-05 7.826E-05 8.434E-05 6.125E-05 4.700E-05 4.629E-05 5.012E-05
  9.200E+01  2.078E-05 3.806E-05 4.294E-05 4.633E-05 5.085E-05 5.512E-05 5.896E-05 6.461E-05 6.794E-05 7.169E-05 7.597E-05 7.742E-05 8.309E-05 8.980E-05 8.753E-05 8.065E-05 6.144E-05 3.828E-05 1.806E-05 1.251E-05 2.541E-05 3.352E-05 4.082E-05 3.732E-05 3.345E-05 3.158E-05 2.740E-05 1.885E-05 6.896E-06 5.882E-06 4.974E-06 5.023E-05 6.401E-06 4.919E-06 2.242E-05 3.877E-05 9.790E-05 9.925E-05 9.766E-05 9.939E-05 1.012E-04 8.096E-05 8.424E-05 7.667E-05 5.721E-05 4.589E-05 5.677E-05 6.267E-05 6.213E-05 6.470E-05 6.875E-05 6.553E-05 6.329E-05 5.533E-05 6.098E-05 7.465E-05 8.050E-05 5.852E-05 4.504E-05 4.451E-05 4.835E-05
  9.400E+01  2.007E-05 3.589E-05 3.999E-05 4.334E-05 4.740E-05 5.167E-05 5.518E-05 6.043E-05 6.340E-05 6.694E-05 7.106E-05 7.260E-05 7.817E-05 8.430E-05 8.234E-05 7.587E-05 5.791E-05 3.621E-05 1.725E-05 1.189E-05 2.408E-05 3.168E-05 3.856E-05 3.526E-05 3.157E-05 2.978E-05 2.582E-05 1.773E-05 6.460E-06 5.508E-06 4.661E-06 4.722E-05 6.007E-06 4.625E-06 2.105E-05 3.645E-05 9.296E-05 9.429E-05 9.280E-05 9.447E-05 9.627E-05 7.666E-05 7.978E-05 7.254E-05 5.402E-05 4.329E-05 5.363E-05 5.930E-05 5.879E-05 6.129E-05 6.519E-05 6.216E-05 6.004E-05 5.265E-05 5.818E-05 7.135E-05 7.697E-05 5.603E-05 4.326E-05 4.290E-05 4.674E-05
  9.600E+01  1.949E-05 3.330E-05 3.704E-05 4.126E-05 4.473E-05 4.896E-05 5.253E-05 5.608E-05 5.928E-05 6.265E-05 6.612E-05 6.788E-05 7.399E-05 7.894E-05 7.751E-05 7.182E-05 5.511E-05 3.447E-05 1.657E-05 1.134E-05 2.295E-05 3.007E-05 3.655E-05 3.343E-05 2.994E-05 2.822E-05 2.443E-05 1.675E-05 6.076E-06 5.178E-06 4.386E-06 4.453E-05 5.658E-06 4.366E-06 1.983E-05 3.437E-05 8.845E-05 8.977E-05 8.838E-05 8.999E-05 9.173E-05 7.275E-05 7.573E-05 6.880E-05 5.114E-05 4.096E-05 5.081E-05 5.625E-05 5.577E-05 5.820E-05 6.195E-05 5.910E-05 5.710E-05 5.021E-05 5.564E-05 6.831E-05 7.370E-05 5.374E-05 4.165E-05 4.143E-05 4.527E-05
  9.800E+01  1.893E-05 3.120E-05 3.472E-05 3.896E-05 4.212E-05 4.624E-05 4.955E-05 5.245E-05 5.566E-05 5.885E-05 6.195E-05 6.390E-05 7.010E-05 7.439E-05 7.304E-05 6.825E-05 5.267E-05 3.310E-05 1.600E-05 1.086E-05 2.199E-05 2.865E-05 3.483E-05 3.185E-05 2.853E-05 2.685E-05 2.321E-05 1.588E-05 5.736E-06 4.889E-06 4.142E-06 4.213E-05 5.350E-06 4.137E-06 1.874E-05 3.251E-05 8.435E-05 8.565E-05 8.434E-05 8.589E-05 8.758E-05 6.921E-05 7.206E-05 6.541E-05 4.854E-05 3.886E-05 4.826E-05 5.350E-05 5.305E-05 5.541E-05 5.903E-05 5.633E-05 5.443E-05 4.799E-05 5.332E-05 6.552E-05 7.070E-05 5.164E-05 4.018E-05 4.010E-05 4.394E-05
  1.000E+02  1.841E-05 2.983E-05 3.245E-05 3.664E-05 3.945E-05 4.350E-05 4.652E-05 4.974E-05 5.215E-05 5.519E-05 5.866E-05 6.081E-05 6.616E-05 7.083E-05 6.936E-05 6.481E-05 5.020E-05 3.195E-05 1.553E-05 1.044E-05 2.116E-05 2.744E-05 3.337E-05 3.052E-05 2.731E-05 2.565E-05 2.215E-05 1.512E-05 5.434E-06 4.634E-06 3.926E-06 3.998E-05 5.078E-06 3.935E-06 1.777E-05 3.085E-05 8.061E-05 8.189E-05 8.065E-05 8.216E-05 8.378E-05 6.600E-05 6.873E-05 6.235E-05 4.620E-05 3.698E-05 4.597E-05 5.101E-05 5.059E-05 5.289E-05 5.638E-05 5.382E-05 5.201E-05 4.598E-05 5.121E-05 6.297E-05 6.792E-05 4.972E-05 3.885E-05 3.889E-05 4.273E-05
  1.020E+02  1.795E-05 2.821E-05 3.082E-05 3.453E-05 3.725E-05 4.098E-05 4.373E-05 4.717E-05 4.948E-05 5.238E-05 5.576E-05 5.761E-05 6.242E-05 6.731E-05 6.621E-05 6.152E-05 4.802E-05 3.093E-05 1.514E-05 1.006E-05 2.047E-05 2.642E-05 3.212E-05 2.938E-05 2.625E-05 2.460E-05 2.123E-05 1.445E-05 5.167E-06 4.408E-06 3.736E-06 3.806E-05 4.840E-06 3.757E-06 1.691E-05 2.936E-05 7.721E-05 7.847E-05 7.729E-05 7.875E-05 8.032E-05 6.310E-05 6.572E-05 5.959E-05 4.410E-05 3.530E-05 4.392E-05 4.877E-05 4.836E-05 5.062E-05 5.399E-05 5.155E-05 4.982E-05 4.416E-05 4.928E-05 6.062E-05 6.537E-05 4.797E-05 3.766E-05 3.781E-05 4.165E-05
  1.040E+02  1.752E-05 2.657E-05 2.963E-05 3.252E-05 3.580E-05 3.851E-05 4.156E-05 4.459E-05 4.755E-05 5.033E-05 5.296E-05 5.429E-05 5.894E-05 6.370E-05 6.343E-05 5.872E-05 4.640E-05 3.010E-05 1.483E-05 9.736E-06 1.989E-05 2.555E-05 3.102E-05 2.838E-05 2.534E-05 2.371E-05 2.043E-05 1.386E-05 4.931E-06 4.208E-06 3.568E-06 3.635E-05 4.632E-06 3.600E-06 1.614E-05 2.803E-05 7.411E-05 7.534E-05 7.422E-05 7.563E-05 7.716E-05 6.047E-05 6.299E-05 5.709E-05 4.222E-05 3.379E-05 4.208E-05 4.675E-05 4.637E-05 4.857E-05 5.184E-05 4.950E-05 4.784E-05 4.251E-05 4.754E-05 5.847E-05 6.301E-05 4.638E-05 3.658E-05 3.684E-05 4.067E-05
  1.060E+02  1.714E-05 2.523E-05 2.836E-05 3.098E-05 3.432E-05 3.658E-05 3.989E-05 4.230E-05 4.544E-05 4.810E-05 5.036E-05 5.130E-05 5.615E-05 6.042E-05 6.075E-05 5.639E-05 4.513E-05 2.956E-05 1.459E-05 9.441E-06 1.943E-05 2.480E-05 3.010E-05 2.754E-05 2.458E-05 2.296E-05 1.974E-05 1.335E-05 4.724E-06 4.030E-06 3.421E-06 3.483E-05 4.448E-06 3.463E-06 1.546E-05 2.684E-05 7.129E-05 7.250E-05 7.142E-05 7.279E-05 7.427E-05 5.809E-05 6.053E-05 5.484E-05 4.053E-05 3.244E-05 4.043E-05 4.494E-05 4.457E-05 4.672E-05 4.989E-05 4.765E-05 4.606E-05 4.101E-05 4.595E-05 5.650E-05 6.084E-05 4.492E-05 3.561E-05 3.597E-05 3.980E-05
  1.080E+02  1.682E-05 2.394E-05 2.692E-05 2.997E-05 3.278E-05 3.536E-05 3.834E-05 3.995E-05 4.320E-05 4.576E-05 4.765E-05 4.892E-05 5.421E-05 5.764E-05 5.820E-05 5.439E-05 4.390E-05 2.927E-05 1.440E-05 9.170E-06 1.908E-05 2.419E-05 2.939E-05 2.688E-05 2.398E-05 2.232E-05 1.914E-05 1.290E-05 4.540E-06 3.874E-06 3.292E-06 3.348E-05 4.286E-06 3.342E-06 1.486E-05 2.578E-05 6.873E-05 6.990E-05 6.886E-05 7.019E-05 7.163E-05 5.595E-05 5.832E-05 5.282E-05 3.903E-05 3.124E-05 3.896E-05 4.332E-05 4.296E-05 4.506E-05 4.814E-05 4.598E-05 4.445E-05 3.967E-05 4.451E-05 5.469E-05 5.884E-05 4.360E-05 3.474E-05 3.520E-05 3.902E-05
  1.100E+02  1.649E-05 2.313E-05 2.576E-05 2.862E-05 3.128E-05 3.389E-05 3.659E-05 3.818E-05 4.121E-05 4.366E-05 4.549E-05 4.710E-05 5.226E-05 5.546E-05 5.599E-05 5.276E-05 4.284E-05 2.910E-05 1.424E-05 8.916E-06 1.881E-05 2.373E-05 2.884E-05 2.637E-05 2.348E-05 2.178E-05 1.865E-05 1.251E-05 4.377E-06 3.737E-06 3.177E-06 3.229E-05 4.142E-06 3.237E-06 1.433E-05 2.484E-05 6.639E-05 6.754E-05 6.653E-05 6.782E-05 6.921E-05 5.401E-05 5.632E-05 5.101E-05 3.769E-05 3.016E-05 3.764E-05 4.187E-05 4.153E-05 4.358E-05 4.656E-05 4.448E-05 4.300E-05 3.846E-05 4.320E-05 5.303E-05 5.700E-05 4.240E-05 3.397E-05 3.451E-05 3.834E-05
  1.120E+02  1.622E-05 2.251E-05 2.472E-05 2.752E-05 2.976E-05 3.255E-05 3.494E-05 3.703E-05 3.952E-05 4.191E-05 4.410E-05 4.558E-05 5.020E-05 5.377E-05 5.419E-05 5.139E-05 4.214E-05 2.903E-05 1.409E-05 8.672E-06 1.861E-05 2.339E-05 2.842E-05 2.598E-05 2.309E-05 2.135E-05 1.824E-05 1.217E-05 4.233E-06 3.617E-06 3.076E-06 3.124E-05 4.016E-06 3.145E-06 1.386E-05 2.401E-05 6.427E-05 6.538E-05 6.440E-05 6.565E-05 6.700E-05 5.226E-05 5.452E-05 4.938E-05 3.650E-05 2.922E-05 3.648E-05 4.057E-05 4.025E-05 4.225E-05 4.515E-05 4.313E-05 4.171E-05 3.737E-05 4.202E-05 5.152E-05 5.530E-05 4.132E-05 3.328E-05 3.391E-05 3.774E-05
  1.140E+02  1.596E-05 2.182E-05 2.444E-05 2.609E-05 2.871E-05 3.088E-05 3.329E-05 3.607E-05 3.861E-05 4.093E-05 4.307E-05 4.408E-05 4.809E-05 5.221E-05 5.276E-05 5.023E-05 4.179E-05 2.920E-05 1.393E-05 8.430E-06 1.848E-05 2.315E-05 2.812E-05 2.569E-05 2.280E-05 2.102E-05 1.790E-05 1.188E-05 4.106E-06 3.510E-06 2.988E-06 3.032E-05 3.906E-06 3.064E-06 1.345E-05 2.327E-05 6.235E-05 6.342E-05 6.246E-05 6.367E-05 6.498E-05 5.070E-05 5.291E-05 4.793E-05 3.545E-05 2.838E-05 3.545E-05 3.942E-05 3.911E-05 4.106E-05 4.388E-05 4.192E-05 4.054E-05 3.639E-05 4.096E-05 5.013E-05 5.372E-05 4.034E-05 3.268E-05 3.338E-05 3.722E-05
  1.160E+02  1.575E-05 2.135E-05 2.342E-05 2.529E-05 2.782E-05 2.989E-05 3.228E-05 3.499E-05 3.733E-05 3.961E-05 4.179E-05 4.290E-05 4.663E-05 5.088E-05 5.160E-05 4.947E-05 4.175E-05 2.967E-05 1.376E-05 8.187E-06 1.844E-05 2.298E-05 2.795E-05 2.552E-05 2.262E-05 2.078E-05 1.763E-05 1.163E-05 3.995E-06 3.416E-06 2.910E-06 2.953E-05 3.811E-06 2.994E-06 1.309E-05 2.262E-05 6.059E-05 6.162E-05 6.068E-05 6.186E-05 6.313E-05 4.929E-05 5.147E-05 4.664E-05 3.452E-05 2.764E-05 3.455E-05 3.840E-05 3.810E-05 4.001E-05 4.275E-05 4.084E-05 3.950E-05 3.551E-05 4.000E-05 4.885E-05 5.227E-05 3.945E-05 3.215E-05 3.291E-05 3.678E-05
  1.180E+02  1.557E-05 2.044E-05 2.271E-05 2.499E-05 2.729E-05 2.941E-05 3.197E-05 3.366E-05 3.622E-05 3.846E-05 4.036E-05 4.146E-05 4.590E-05 4.935E-05 5.036E-05 4.907E-05 4.193E-05 3.027E-05 1.355E-05 7.940E-06 1.843E-05 2.293E-05 2.795E-05 2.549E-05 2.255E-05 2.062E-05 1.742E-05 1.142E-05 3.897E-06 3.334E-06 2.843E-06 2.885E-05 3.729E-06 2.933E-06 1.278E-05 2.205E-05 5.900E-05 5.999E-05 5.905E-05 6.020E-05 6.143E-05 4.803E-05 5.019E-05 4.549E-05 3.370E-05 2.700E-05 3.376E-05 3.750E-05 3.721E-05 3.908E-05 4.175E-05 3.987E-05 3.858E-05 3.473E-05 3.913E-05 4.769E-05 5.093E-05 3.866E-05 3.169E-05 3.252E-05 3.640E-05
  1.200E+02  1.541E-05 1.994E-05 2.184E-05 2.467E-05 2.662E-05 2.910E-05 3.138E-05 3.256E-05 3.517E-05 3.738E-05 3.910E-05 4.064E-05 4.540E-05 4.836E-05 4.951E-05 4.888E-05 4.222E-05 3.104E-05 1.329E-05 7.687E-06 1.844E-05 2.297E-05 2.807E-05 2.557E-05 2.254E-05 2.052E-05 1.727E-05 1.123E-05 3.811E-06 3.262E-06 2.784E-06 2.827E-05 3.659E-06 2.880E-06 1.251E-05 2.155E-05 5.755E-05 5.849E-05 5.756E-05 5.867E-05 5.986E-05 4.690E-05 4.905E-05 4.448E-05 3.299E-05 2.645E-05 3.308E-05 3.671E-05 3.643E-05 3.826E-05 4.087E-05 3.901E-05 3.775E-05 3.402E-05 3.835E-05 4.662E-05 4.969E-05 3.794E-05 3.129E-05 3.218E-05 3.608E-05
  1.220E+02  1.526E-05 1.960E-05 2.153E-05 2.396E-05 2.622E-05 2.827E-05 3.075E-05 3.207E-05 3.461E-05 3.680E-05 3.855E-05 4.018E-05 4.464E-05 4.787E-05 4.908E-05 4.875E-05 4.278E-05 3.187E-05 1.300E-05 7.436E-06 1.847E-05 2.309E-05 2.829E-05 2.573E-05 2.260E-05 2.048E-05 1.718E-05 1.108E-05 3.736E-06 3.200E-06 2.733E-06 2.779E-05 3.598E-06 2.835E-06 1.227E-05 2.112E-05 5.623E-05 5.711E-05 5.618E-05 5.726E-05 5.842E-05 4.590E-05 4.803E-05 4.358E-05 3.238E-05 2.597E-05 3.250E-05 3.601E-05 3.574E-05 3.754E-05 4.009E-05 3.825E-05 3.702E-05 3.340E-05 3.765E-05 4.565E-05 4.854E-05 3.730E-05 3.096E-05 3.189E-05 3.583E-05
  1.240E+02  1.513E-05 1.956E-05 2.118E-05 2.353E-05 2.549E-05 2.780E-05 3.000E-05 3.207E-05 3.415E-05 3.635E-05 3.855E-05 3.989E-05 4.402E-05 4.772E-05 4.921E-05 4.891E-05 4.378E-05 3.287E-05 1.266E-05 7.188E-06 1.850E-05 2.326E-05 2.858E-05 2.595E-05 2.272E-05 2.052E-05 1.712E-05 1.095E-05 3.670E-06 3.146E-06 2.689E-06 2.741E-05 3.545E-06 2.796E-06 1.207E-05 2.075E-05 5.501E-05 5.584E-05 5.491E-05 5.595E-05 5.707E-05 4.500E-05 4.713E-05 4.280E-05 3.187E-05 2.556E-05 3.200E-05 3.541E-05 3.514E-05 3.691E-05 3.940E-05 3.758E-05 3.637E-05 3.284E-05 3.702E-05 4.476E-05 4.748E-05 3.673E-05 3.067E-05 3.166E-05 3.563E-05
  1.260E+02  1.500E-05 1.914E-05 2.160E-05 2.286E-05 2.554E-05 2.704E-05 2.955E-05 3.187E-05 3.461E-05 3.681E-05 3.858E-05 3.936E-05 4.345E-05 4.741E-05 4.975E-05 4.948E-05 4.518E-05 3.395E-05 1.227E-05 6.948E-06 1.850E-05 2.347E-05 2.897E-05 2.625E-05 2.290E-05 2.059E-05 1.708E-05 1.084E-05 3.614E-06 3.099E-06 2.651E-06 2.711E-05 3.501E-06 2.764E-06 1.191E-05 2.044E-05 5.390E-05 5.467E-05 5.373E-05 5.473E-05 5.582E-05 4.420E-05 4.634E-05 4.212E-05 3.143E-05 2.522E-05 3.158E-05 3.489E-05 3.463E-05 3.637E-05 3.881E-05 3.699E-05 3.579E-05 3.234E-05 3.646E-05 4.394E-05 4.651E-05 3.623E-05 3.044E-05 3.147E-05 3.548E-05
  1.280E+02  1.493E-05 1.903E-05 2.131E-05 2.265E-05 2.558E-05 2.684E-05 2.945E-05 3.171E-05 3.473E-05 3.698E-05 3.853E-05 3.941E-05 4.344E-05 4.759E-05 5.060E-05 5.059E-05 4.686E-05 3.520E-05 1.186E-05 6.721E-06 1.847E-05 2.371E-05 2.949E-05 2.663E-05 2.313E-05 2.071E-05 1.708E-05 1.074E-05 3.565E-06 3.059E-06 2.618E-06 2.689E-05 3.464E-06 2.736E-06 1.177E-05 2.018E-05 5.287E-05 5.357E-05 5.262E-05 5.359E-05 5.464E-05 4.349E-05 4.564E-05 4.153E-05 3.107E-05 2.493E-05 3.124E-05 3.445E-05 3.420E-05 3.590E-05 3.828E-05 3.646E-05 3.528E-05 3.189E-05 3.595E-05 4.320E-05 4.561E-05 3.578E-05 3.025E-05 3.133E-05 3.538E-05
  1.300E+02  1.484E-05 1.893E-05 2.130E-05 2.272E-05 2.539E-05 2.703E-05 2.963E-05 3.181E-05 3.466E-05 3.695E-05 3.875E-05 3.973E-05 4.418E-05 4.810E-05 5.158E-05 5.220E-05 4.873E-05 3.635E-05 1.143E-05 6.512E-06 1.838E-05 2.398E-05 3.007E-05 2.705E-05 2.337E-05 2.084E-05 1.711E-05 1.066E-05 3.524E-06 3.025E-06 2.591E-06 2.676E-05 3.434E-06 2.713E-06 1.166E-05 1.998E-05 5.190E-05 5.254E-05 5.158E-05 5.251E-05 5.352E-05 4.285E-05 4.501E-05 4.101E-05 3.078E-05 2.470E-05 3.096E-05 3.408E-05 3.383E-05 3.549E-05 3.781E-05 3.598E-05 3.482E-05 3.149E-05 3.550E-05 4.253E-05 4.478E-05 3.538E-05 3.010E-05 3.122E-05 3.532E-05
  1.320E+02  1.484E-05 1.876E-05 2.082E-05 2.352E-05 2.517E-05 2.807E-05 3.008E-05 3.179E-05 3.445E-05 3.682E-05 3.887E-05 4.068E-05 4.569E-05 4.921E-05 5.305E-05 5.436E-05 5.109E-05 3.718E-05 1.102E-05 6.321E-06 1.822E-05 2.426E-05 3.069E-05 2.749E-05 2.360E-05 2.098E-05 1.715E-05 1.060E-05 3.489E-06 2.996E-06 2.568E-06 2.669E-05 3.409E-06 2.695E-06 1.157E-05 1.981E-05 5.098E-05 5.155E-05 5.058E-05 5.148E-05 5.245E-05 4.227E-05 4.446E-05 4.057E-05 3.054E-05 2.452E-05 3.075E-05 3.376E-05 3.352E-05 3.514E-05 3.740E-05 3.556E-05 3.442E-05 3.114E-05 3.510E-05 4.191E-05 4.402E-05 3.503E-05 2.998E-05 3.116E-05 3.530E-05
  1.340E+02  1.479E-05 1.913E-05 2.087E-05 2.352E-05 2.539E-05 2.827E-05 3.041E-05 3.264E-05 3.493E-05 3.738E-05 3.991E-05 4.207E-05 4.683E-05 5.097E-05 5.495E-05 5.694E-05 5.380E-05 3.803E-05 1.064E-05 6.154E-06 1.801E-05 2.450E-05 3.131E-05 2.792E-05 2.382E-05 2.113E-05 1.719E-05 1.054E-05 3.460E-06 2.973E-06 2.549E-06 2.671E-05 3.390E-06 2.680E-06 1.151E-05 1.969E-05 5.010E-05 5.060E-05 4.962E-05 5.048E-05 5.142E-05 4.174E-05 4.395E-05 4.018E-05 3.037E-05 2.439E-05 3.059E-05 3.350E-05 3.325E-05 3.482E-05 3.703E-05 3.518E-05 3.405E-05 3.083E-05 3.474E-05 4.135E-05 4.334E-05 3.473E-05 2.991E-05 3.112E-05 3.533E-05
  1.360E+02  1.482E-05 1.941E-05 2.118E-05 2.385E-05 2.602E-05 2.868E-05 3.117E-05 3.386E-05 3.605E-05 3.863E-05 4.156E-05 4.366E-05 4.825E-05 5.316E-05 5.754E-05 6.036E-05 5.730E-05 3.846E-05 1.032E-05 6.008E-06 1.778E-05 2.467E-05 3.189E-05 2.829E-05 2.403E-05 2.129E-05 1.724E-05 1.049E-05 3.437E-06 2.953E-06 2.534E-06 2.678E-05 3.375E-06 2.668E-06 1.147E-05 1.960E-05 4.925E-05 4.968E-05 4.868E-05 4.951E-05 5.041E-05 4.125E-05 4.349E-05 3.984E-05 3.024E-05 2.430E-05 3.048E-05 3.327E-05 3.303E-05 3.455E-05 3.669E-05 3.484E-05 3.372E-05 3.055E-05 3.442E-05 4.085E-05 4.272E-05 3.447E-05 2.986E-05 3.112E-05 3.538E-05
  1.380E+02  1.481E-05 1.981E-05 2.206E-05 2.407E-05 2.673E-05 2.921E-05 3.191E-05 3.544E-05 3.779E-05 4.054E-05 4.375E-05 4.550E-05 5.010E-05 5.566E-05 6.108E-05 6.463E-05 6.124E-05 3.862E-05 1.006E-05 5.886E-06 1.752E-05 2.478E-05 3.244E-05 2.862E-05 2.419E-05 2.142E-05 1.729E-05 1.046E-05 3.418E-06 2.938E-06 2.522E-06 2.693E-05 3.366E-06 2.659E-06 1.145E-05 1.955E-05 4.840E-05 4.876E-05 4.776E-05 4.855E-05 4.941E-05 4.078E-05 4.306E-05 3.953E-05 3.015E-05 2.424E-05 3.040E-05 3.307E-05 3.284E-05 3.430E-05 3.637E-05 3.452E-05 3.342E-05 3.030E-05 3.414E-05 4.040E-05 4.216E-05 3.425E-05 2.984E-05 3.115E-05 3.547E-05
  1.400E+02  1.485E-05 2.004E-05 2.312E-05 2.475E-05 2.831E-05 3.020E-05 3.359E-05 3.690E-05 4.024E-05 4.318E-05 4.591E-05 4.766E-05 5.284E-05 5.855E-05 6.578E-05 6.958E-05 6.496E-05 3.851E-05 9.854E-06 5.785E-06 1.726E-05 2.484E-05 3.295E-05 2.893E-05 2.432E-05 2.153E-05 1.732E-05 1.044E-05 3.404E-06 2.927E-06 2.512E-06 2.714E-05 3.359E-06 2.652E-06 1.144E-05 1.952E-05 4.755E-05 4.784E-05 4.684E-05 4.760E-05 4.843E-05 4.033E-05 4.263E-05 3.924E-05 3.009E-05 2.421E-05 3.034E-05 3.289E-05 3.266E-05 3.408E-05 3.608E-05 3.422E-05 3.315E-05 3.008E-05 3.389E-05 4.001E-05 4.168E-05 3.407E-05 2.985E-05 3.121E-05 3.559E-05
  1.420E+02  1.495E-05 2.102E-05 2.369E-05 2.607E-05 2.966E-05 3.210E-05 3.572E-05 3.915E-05 4.245E-05 4.567E-05 4.877E-05 5.114E-05 5.686E-05 6.279E-05 7.132E-05 7.582E-05 6.892E-05 3.817E-05 9.676E-06 5.706E-06 1.703E-05 2.487E-05 3.339E-05 2.916E-05 2.441E-05 2.163E-05 1.738E-05 1.042E-05 3.395E-06 2.919E-06 2.506E-06 2.740E-05 3.357E-06 2.648E-06 1.146E-05 1.953E-05 4.668E-05 4.691E-05 4.593E-05 4.666E-05 4.745E-05 3.988E-05 4.221E-05 3.895E-05 3.005E-05 2.420E-05 3.031E-05 3.273E-05 3.250E-05 3.387E-05 3.580E-05 3.394E-05 3.288E-05 2.988E-05 3.368E-05 3.967E-05 4.126E-05 3.393E-05 2.988E-05 3.129E-05 3.573E-05
  1.440E+02  1.506E-05 2.213E-05 2.491E-05 2.787E-05 3.128E-05 3.478E-05 3.833E-05 4.208E-05 4.540E-05 4.891E-05 5.252E-05 5.563E-05 6.225E-05 6.822E-05 7.814E-05 8.317E-05 7.274E-05 3.763E-05 9.539E-06 5.640E-06 1.684E-05 2.487E-05 3.372E-05 2.933E-05 2.446E-05 2.172E-05 1.745E-05 1.042E-05 3.388E-06 2.913E-06 2.501E-06 2.772E-05 3.356E-06 2.646E-06 1.148E-05 1.955E-05 4.580E-05 4.598E-05 4.502E-05 4.572E-05 4.648E-05 3.941E-05 4.176E-05 3.866E-05 3.002E-05 2.420E-05 3.030E-05 3.257E-05 3.235E-05 3.367E-05 3.553E-05 3.366E-05 3.263E-05 2.971E-05 3.349E-05 3.938E-05 4.092E-05 3.383E-05 2.993E-05 3.140E-05 3.590E-05
  1.460E+02  1.529E-05 2.303E-05 2.624E-05 3.095E-05 3.383E-05 3.888E-05 4.221E-05 4.531E-05 4.929E-05 5.318E-05 5.688E-05 6.131E-05 6.941E-05 7.493E-05 8.677E-05 9.118E-05 7.622E-05 3.710E-05 9.448E-06 5.596E-06 1.673E-05 2.486E-05 3.394E-05 2.944E-05 2.451E-05 2.181E-05 1.751E-05 1.044E-05 3.385E-06 2.911E-06 2.499E-06 2.807E-05 3.359E-06 2.646E-06 1.152E-05 1.960E-05 4.490E-05 4.504E-05 4.411E-05 4.480E-05 4.554E-05 3.893E-05 4.129E-05 3.835E-05 3.000E-05 2.422E-05 3.029E-05 3.241E-05 3.219E-05 3.347E-05 3.525E-05 3.339E-05 3.238E-05 2.955E-05 3.334E-05 3.914E-05 4.065E-05 3.376E-05 3.000E-05 3.152E-05 3.608E-05
  1.480E+02  1.555E-05 2.512E-05 2.829E-05 3.420E-05 3.718E-05 4.325E-05 4.700E-05 5.045E-05 5.455E-05 5.893E-05 6.333E-05 6.886E-05 7.767E-05 8.377E-05 9.660E-05 1.008E-04 7.973E-05 3.679E-05 9.413E-06 5.565E-06 1.670E-05 2.488E-05 3.415E-05 2.955E-05 2.460E-05 2.195E-05 1.760E-05 1.048E-05 3.386E-06 2.911E-06 2.499E-06 2.846E-05 3.365E-06 2.647E-06 1.158E-05 1.965E-05 4.399E-05 4.411E-05 4.322E-05 4.390E-05 4.462E-05 3.841E-05 4.079E-05 3.800E-05 2.997E-05 2.424E-05 3.027E-05 3.223E-05 3.202E-05 3.326E-05 3.497E-05 3.311E-05 3.213E-05 2.942E-05 3.323E-05 3.897E-05 4.045E-05 3.373E-05 3.008E-05 3.167E-05 3.629E-05
  1.500E+02  1.584E-05 2.821E-05 3.226E-05 3.762E-05 4.219E-05 4.796E-05 5.290E-05 5.788E-05 6.237E-05 6.728E-05 7.242E-05 7.822E-05 8.724E-05 9.484E-05 1.089E-04 1.118E-04 8.285E-05 3.668E-05 9.434E-06 5.556E-06 1.674E-05 2.496E-05 3.438E-05 2.972E-05 2.476E-05 2.213E-05 1.775E-05 1.053E-05 3.389E-06 2.913E-06 2.500E-06 2.887E-05 3.373E-06 2.650E-06 1.164E-05 1.972E-05 4.309E-05 4.321E-05 4.238E-05 4.305E-05 4.376E-05 3.787E-05 4.025E-05 3.762E-05 2.993E-05 2.425E-05 3.024E-05 3.205E-05 3.184E-05 3.304E-05 3.469E-05 3.284E-05 3.188E-05 2.931E-05 3.314E-05 3.884E-05 4.034E-05 3.373E-05 3.019E-05 3.182E-05 3.651E-05
  1.520E+02  1.627E-05 3.129E-05 3.785E-05 4.286E-05 4.943E-05 5.474E-05 6.112E-05 6.679E-05 7.286E-05 7.840E-05 8.357E-05 8.933E-05 9.921E-05 1.079E-04 1.248E-04 1.222E-04 8.514E-05 3.678E-05 9.501E-06 5.564E-06 1.686E-05 2.516E-05 3.474E-05 3.001E-05 2.502E-05 2.237E-05 1.793E-05 1.062E-05 3.395E-06 2.916E-06 2.502E-06 2.928E-05 3.382E-06 2.653E-06 1.171E-05 1.978E-05 4.223E-05 4.237E-05 4.159E-05 4.227E-05 4.299E-05 3.732E-05 3.968E-05 3.720E-05 2.985E-05 2.426E-05 3.019E-05 3.185E-05 3.164E-05 3.280E-05 3.441E-05 3.258E-05 3.164E-05 2.923E-05 3.309E-05 3.878E-05 4.030E-05 3.377E-05 3.030E-05 3.199E-05 3.673E-05
  1.540E+02  1.679E-05 3.655E-05 4.370E-05 5.077E-05 5.824E-05 6.461E-05 7.192E-05 7.805E-05 8.509E-05 9.138E-05 9.705E-05 1.038E-04 1.147E-04 1.242E-04 1.426E-04 1.325E-04 8.675E-05 3.715E-05 9.596E-06 5.597E-06 1.705E-05 2.552E-05 3.528E-05 3.048E-05 2.538E-05 2.270E-05 1.816E-05 1.074E-05 3.403E-06 2.921E-06 2.506E-06 2.966E-05 3.394E-06 2.658E-06 1.179E-05 1.983E-05 4.144E-05 4.162E-05 4.090E-05 4.160E-05 4.233E-05 3.676E-05 3.911E-05 3.675E-05 2.974E-05 2.425E-05 3.009E-05 3.163E-05 3.143E-05 3.257E-05 3.414E-05 3.235E-05 3.143E-05 2.916E-05 3.307E-05 3.877E-05 4.033E-05 3.384E-05 3.043E-05 3.217E-05 3.697E-05
  1.560E+02  1.743E-05 4.518E-05 5.187E-05 6.053E-05 6.784E-05 7.718E-05 8.409E-05 9.367E-05 9.938E-05 1.065E-04 1.146E-04 1.231E-04 1.336E-04 1.448E-04 1.603E-04 1.434E-04 8.839E-05 3.792E-05 9.746E-06 5.641E-06 1.733E-05 2.605E-05 3.604E-05 3.113E-05 2.587E-05 2.312E-05 1.849E-05 1.086E-05 3.413E-06 2.929E-06 2.511E-06 2.997E-05 3.406E-06 2.663E-06 1.187E-05 1.986E-05 4.077E-05 4.101E-05 4.035E-05 4.107E-05 4.182E-05 3.623E-05 3.856E-05 3.630E-05 2.959E-05 2.422E-05 2.995E-05 3.140E-05 3.121E-05 3.234E-05 3.392E-05 3.215E-05 3.125E-05 2.913E-05 3.309E-05 3.882E-05 4.045E-05 3.394E-05 3.056E-05 3.236E-05 3.720E-05
  1.580E+02  1.811E-05 5.587E-05 6.421E-05 7.216E-05 8.208E-05 9.153E-05 1.001E-04 1.122E-04 1.181E-04 1.258E-04 1.351E-04 1.443E-04 1.544E-04 1.672E-04 1.789E-04 1.535E-04 9.082E-05 3.917E-05 9.982E-06 5.720E-06 1.773E-05 2.675E-05 3.705E-05 3.196E-05 2.652E-05 2.366E-05 1.889E-05 1.099E-05 3.426E-06 2.937E-06 2.517E-06 3.017E-05 3.419E-06 2.669E-06 1.195E-05 1.987E-05 4.028E-05 4.057E-05 3.995E-05 4.071E-05 4.149E-05 3.576E-05 3.809E-05 3.588E-05 2.941E-05 2.416E-05 2.978E-05 3.119E-05 3.100E-05 3.216E-05 3.376E-05 3.202E-05 3.113E-05 2.912E-05 3.313E-05 3.892E-05 4.062E-05 3.407E-05 3.071E-05 3.254E-05 3.744E-05
  1.600E+02  1.879E-05 6.471E-05 7.986E-05 8.855E-05 1.015E-04 1.099E-04 1.209E-04 1.300E-04 1.406E-04 1.487E-04 1.552E-04 1.635E-04 1.769E-04 1.875E-04 1.968E-04 1.624E-04 9.446E-05 4.081E-05 1.032E-05 5.816E-06 1.826E-05 2.763E-05 3.833E-05 3.301E-05 2.732E-05 2.434E-05 1.931E-05 1.118E-05 3.440E-06 2.947E-06 2.523E-06 3.021E-05 3.434E-06 2.676E-06 1.203E-05 1.985E-05 4.001E-05 4.036E-05 3.976E-05 4.056E-05 4.138E-05 3.541E-05 3.775E-05 3.554E-05 2.920E-05 2.407E-05 2.960E-05 3.101E-05 3.084E-05 3.204E-05 3.371E-05 3.197E-05 3.109E-05 2.914E-05 3.321E-05 3.906E-05 4.086E-05 3.421E-05 3.085E-05 3.273E-05 3.767E-05
  1.620E+02  1.937E-05 7.553E-05 9.257E-05 1.057E-04 1.207E-04 1.288E-04 1.418E-04 1.464E-04 1.606E-04 1.690E-04 1.727E-04 1.823E-04 1.978E-04 2.058E-04 2.099E-04 1.707E-04 9.951E-05 4.297E-05 1.075E-05 5.965E-06 1.897E-05 2.870E-05 3.993E-05 3.431E-05 2.830E-05 2.509E-05 1.983E-05 1.140E-05 3.454E-06 2.957E-06 2.531E-06 3.005E-05 3.451E-06 2.683E-06 1.210E-05 1.980E-05 4.001E-05 4.040E-05 3.978E-05 4.063E-05 4.149E-05 3.521E-05 3.760E-05 3.533E-05 2.900E-05 2.399E-05 2.944E-05 3.092E-05 3.074E-05 3.202E-05 3.377E-05 3.202E-05 3.113E-05 2.920E-05 3.331E-05 3.924E-05 4.115E-05 3.437E-05 3.099E-05 3.291E-05 3.789E-05
  1.640E+02  1.962E-05 8.762E-05 1.016E-04 1.204E-04 1.309E-04 1.454E-04 1.564E-04 1.635E-04 1.735E-04 1.824E-04 1.899E-04 1.984E-04 2.132E-04 2.211E-04 2.160E-04 1.758E-04 1.057E-04 4.592E-05 1.128E-05 6.136E-06 1.983E-05 2.996E-05 4.177E-05 3.580E-05 2.942E-05 2.594E-05 2.041E-05 1.159E-05 3.470E-06 2.969E-06 2.539E-06 2.966E-05 3.468E-06 2.690E-06 1.216E-05 1.973E-05 4.029E-05 4.070E-05 4.003E-05 4.092E-05 4.183E-05 3.520E-05 3.770E-05 3.532E-05 2.885E-05 2.392E-05 2.936E-05 3.092E-05 3.076E-05 3.211E-05 3.398E-05 3.218E-05 3.126E-05 2.927E-05 3.344E-05 3.945E-05 4.147E-05 3.454E-05 3.113E-05 3.308E-05 3.810E-05
  1.660E+02  1.976E-05 9.887E-05 1.123E-04 1.285E-04 1.406E-04 1.565E-04 1.664E-04 1.809E-04 1.885E-04 1.977E-04 2.080E-04 2.112E-04 2.224E-04 2.337E-04 2.140E-04 1.749E-04 1.117E-04 4.977E-05 1.201E-05 6.391E-06 2.092E-05 3.132E-05 4.363E-05 3.734E-05 3.061E-05 2.676E-05 2.091E-05 1.178E-05 3.490E-06 2.982E-06 2.548E-06 2.908E-05 3.484E-06 2.697E-06 1.221E-05 1.964E-05 4.084E-05 4.125E-05 4.048E-05 4.142E-05 4.238E-05 3.541E-05 3.807E-05 3.552E-05 2.880E-05 2.388E-05 2.938E-05 3.105E-05 3.089E-05 3.234E-05 3.432E-05 3.243E-05 3.147E-05 2.937E-05 3.357E-05 3.968E-05 4.181E-05 3.471E-05 3.127E-05 3.324E-05 3.830E-05
  1.680E+02  2.036E-05 1.069E-04 1.251E-04 1.374E-04 1.548E-04 1.679E-04 1.804E-04 1.990E-04 2.082E-04 2.180E-04 2.285E-04 2.236E-04 2.333E-04 2.471E-04 2.052E-04 1.660E-04 1.145E-04 5.406E-05 1.302E-05 6.679E-06 2.218E-05 3.248E-05 4.491E-05 3.850E-05 3.155E-05 2.730E-05 2.129E-05 1.201E-05 3.509E-06 2.995E-06 2.557E-06 2.843E-05 3.497E-06 2.704E-06 1.224E-05 1.958E-05 4.164E-05 4.200E-05 4.111E-05 4.208E-05 4.309E-05 3.584E-05 3.872E-05 3.597E-05 2.888E-05 2.391E-05 2.952E-05 3.130E-05 3.114E-05 3.268E-05 3.478E-05 3.277E-05 3.176E-05 2.948E-05 3.372E-05 3.991E-05 4.215E-05 3.487E-05 3.139E-05 3.339E-05 3.848E-05
  1.700E+02  2.139E-05 1.140E-04 1.354E-04 1.503E-04 1.705E-04 1.838E-04 1.987E-04 2.157E-04 2.274E-04 2.381E-04 2.482E-04 2.403E-04 2.511E-04 2.650E-04 1.950E-04 1.513E-04 1.103E-04 5.709E-05 1.429E-05 7.105E-06 2.340E-05 3.273E-05 4.444E-05 3.838E-05 3.160E-05 2.721E-05 2.132E-05 1.209E-05 3.523E-06 3.006E-06 2.565E-06 2.790E-05 3.509E-06 2.711E-06 1.228E-05 1.956E-05 4.260E-05 4.289E-05 4.184E-05 4.285E-05 4.390E-05 3.643E-05 3.958E-05 3.662E-05 2.909E-05 2.399E-05 2.980E-05 3.165E-05 3.149E-05 3.310E-05 3.533E-05 3.317E-05 3.209E-05 2.960E-05 3.386E-05 4.014E-05 4.248E-05 3.503E-05 3.150E-05 3.352E-05 3.863E-05
  1.720E+02  2.229E-05 1.243E-04 1.457E-04 1.657E-04 1.851E-04 2.018E-04 2.178E-04 2.328E-04 2.448E-04 2.565E-04 2.677E-04 2.595E-04 2.729E-04 2.859E-04 1.888E-04 1.380E-04 9.894E-05 5.521E-05 1.585E-05 7.514E-06 2.372E-05 3.103E-05 4.127E-05 3.606E-05 3.003E-05 2.596E-05 2.050E-05 1.182E-05 3.531E-06 3.015E-06 2.572E-06 2.770E-05 3.522E-06 2.717E-06 1.232E-05 1.959E-05 4.364E-05 4.383E-05 4.262E-05 4.365E-05 4.473E-05 3.713E-05 4.057E-05 3.741E-05 2.941E-05 2.413E-05 3.016E-05 3.207E-05 3.190E-05 3.357E-05 3.590E-05 3.358E-05 3.243E-05 2.972E-05 3.399E-05 4.034E-05 4.277E-05 3.517E-05 3.159E-05 3.363E-05 3.876E-05
  1.740E+02  2.294E-05 1.359E-04 1.583E-04 1.785E-04 1.985E-04 2.163E-04 2.333E-04 2.479E-04 2.610E-04 2.735E-04 2.852E-04 2.756E-04 2.927E-04 3.050E-04 1.885E-04 1.309E-04 8.907E-05 4.634E-05 1.652E-05 7.921E-06 2.178E-05 2.761E-05 3.665E-05 3.222E-05 2.711E-05 2.384E-05 1.913E-05 1.137E-05 3.539E-06 3.024E-06 2.581E-06 2.792E-05 3.536E-06 2.723E-06 1.237E-05 1.968E-05 4.462E-05 4.472E-05 4.334E-05 4.439E-05 4.550E-05 3.784E-05 4.156E-05 3.822E-05 2.979E-05 2.429E-05 3.056E-05 3.249E-05 3.232E-05 3.402E-05 3.644E-05 3.396E-05 3.275E-05 2.982E-05 3.410E-05 4.052E-05 4.302E-05 3.528E-05 3.167E-05 3.372E-05 3.887E-05
  1.760E+02  2.402E-05 1.392E-04 1.621E-04 1.822E-04 2.025E-04 2.206E-04 2.390E-04 2.514E-04 2.683E-04 2.824E-04 2.933E-04 2.834E-04 3.066E-04 3.187E-04 1.910E-04 1.310E-04 9.052E-05 4.112E-05 1.434E-05 7.200E-06 1.911E-05 2.592E-05 3.530E-05 3.087E-05 2.588E-05 2.313E-05 1.868E-05 1.120E-05 3.551E-06 3.035E-06 2.589E-06 2.845E-05 3.551E-06 2.728E-06 1.242E-05 1.980E-05 4.543E-05 4.545E-05 4.393E-05 4.500E-05 4.613E-05 3.844E-05 4.240E-05 3.893E-05 3.014E-05 2.445E-05 3.091E-05 3.286E-05 3.267E-05 3.440E-05 3.689E-05 3.427E-05 3.301E-05 2.990E-05 3.419E-05 4.065E-05 4.321E-05 3.536E-05 3.173E-05 3.378E-05 3.894E-05
  1.780E+02  2.613E-05 1.144E-04 1.424E-04 1.668E-04 1.904E-04 2.102E-04 2.326E-04 2.395E-04 2.675E-04 2.849E-04 2.923E-04 2.842E-04 3.184E-04 3.297E-04 1.990E-04 1.424E-04 1.054E-04 5.051E-05 1.337E-05 6.596E-06 2.096E-05 2.882E-05 3.974E-05 3.447E-05 2.847E-05 2.489E-05 1.963E-05 1.142E-05 3.567E-06 3.046E-06 2.596E-06 2.899E-05 3.562E-06 2.731E-06 1.247E-05 1.989E-05 4.597E-05 4.592E-05 4.432E-05 4.539E-05 4.653E-05 3.885E-05 4.297E-05 3.942E-05 3.039E-05 2.456E-05 3.116E-05 3.310E-05 3.291E-05 3.465E-05 3.718E-05 3.448E-05 3.318E-05 2.995E-05 3.424E-05 4.073E-05 4.332E-05 3.542E-05 3.176E-05 3.382E-05 3.899E-05
  1.800E+02  2.754E-05 1.082E-04 1.406E-04 1.712E-04 1.992E-04 2.199E-04 2.468E-04 2.500E-04 2.838E-04 3.030E-04 3.084E-04 2.998E-04 3.393E-04 3.491E-04 2.151E-04 1.580E-04 1.192E-04 6.010E-05 1.624E-05 7.052E-06 2.379E-05 3.146E-05 4.322E-05 3.739E-05 3.064E-05 2.626E-05 2.036E-05 1.159E-05 3.574E-06 3.051E-06 2.599E-06 2.922E-05 3.567E-06 2.732E-06 1.248E-05 1.993E-05 4.616E-05 4.609E-05 4.445E-05 4.553E-05 4.667E-05 3.900E-05 4.317E-05 3.959E-05 3.048E-05 2.460E-05 3.125E-05 3.319E-05 3.300E-05 3.474E-05 3.728E-05 3.455E-05 3.324E-05 2.997E-05 3.426E-05 4.076E-05 4.336E-05 3.543E-05 3.177E-05 3.383E-05 3.900E-05
