# mineral (acc.)      
#
# size distribution: lognormal
# ------------------
#
#   minimum radius, [um]:      5.000E-03
#   maximum radius, [um]:      2.000E+01
#                  sigma:      2.000E+00
#       Rmod (wet), [um]:      3.900E-01
#       Rmod (dry), [um]:      3.900E-01
#
# optical parameters:
# -------------------
#
# wavelength ext.coef  sca.coef  abs.coef  si.sc.alb  asym.par  ext.nor    ref.real  ref.imag
#     [um]     [1/km]    [1/km]    [1/km]
#
#  2.500E-01 2.821E-03 1.625E-03 1.196E-03 5.760E-01 0.903E+00 9.037E-01  1.530E+00 -3.000E-02
#  3.000E-01 2.869E-03 1.749E-03 1.120E-03 6.095E-01 0.875E+00 9.193E-01  1.530E+00 -2.500E-02
#  3.500E-01 2.920E-03 1.977E-03 9.430E-04 6.770E-01 0.834E+00 9.354E-01  1.530E+00 -1.700E-02
#  4.000E-01 2.969E-03 2.178E-03 7.908E-04 7.336E-01 0.803E+00 9.513E-01  1.530E+00 -1.300E-02
#  4.500E-01 3.022E-03 2.439E-03 5.831E-04 8.070E-01 0.769E+00 9.682E-01  1.530E+00 -8.500E-03
#  5.000E-01 3.070E-03 2.552E-03 5.185E-04 8.311E-01 0.755E+00 9.837E-01  1.530E+00 -7.800E-03
#  5.500E-01 3.121E-03 2.741E-03 3.797E-04 8.783E-01 0.734E+00 1.000E+00  1.530E+00 -5.500E-03
#  6.000E-01 3.167E-03 2.861E-03 3.056E-04 9.035E-01 0.722E+00 1.015E+00  1.530E+00 -4.500E-03
#  6.500E-01 3.217E-03 2.925E-03 2.922E-04 9.092E-01 0.715E+00 1.031E+00  1.530E+00 -4.500E-03
#  7.000E-01 3.260E-03 3.008E-03 2.518E-04 9.228E-01 0.708E+00 1.045E+00  1.530E+00 -4.000E-03
#  7.500E-01 3.296E-03 3.059E-03 2.371E-04 9.281E-01 0.704E+00 1.056E+00  1.530E+00 -4.000E-03
#  8.000E-01 3.335E-03 3.109E-03 2.259E-04 9.323E-01 0.700E+00 1.069E+00  1.530E+00 -4.000E-03
#  9.000E-01 3.396E-03 3.189E-03 2.071E-04 9.390E-01 0.695E+00 1.088E+00  1.530E+00 -4.000E-03
#  1.000E+00 3.442E-03 3.252E-03 1.901E-04 9.448E-01 0.691E+00 1.103E+00  1.530E+00 -4.000E-03
#  1.250E+00 3.486E-03 3.294E-03 1.924E-04 9.448E-01 0.689E+00 1.117E+00  1.530E+00 -5.000E-03
#  1.500E+00 3.447E-03 3.263E-03 1.842E-04 9.466E-01 0.688E+00 1.105E+00  1.530E+00 -5.700E-03
#  1.750E+00 3.351E-03 3.174E-03 1.774E-04 9.471E-01 0.686E+00 1.074E+00  1.530E+00 -6.400E-03
#  2.000E+00 3.215E-03 3.033E-03 1.821E-04 9.434E-01 0.686E+00 1.030E+00  1.530E+00 -7.600E-03
#  2.500E+00 2.845E-03 2.597E-03 2.478E-04 9.129E-01 0.693E+00 9.115E-01  1.520E+00 -1.400E-02
#  3.000E+00 2.489E-03 2.012E-03 4.764E-04 8.086E-01 0.703E+00 7.974E-01  1.520E+00 -3.900E-02
#  3.200E+00 2.330E-03 2.028E-03 3.024E-04 8.703E-01 0.692E+00 7.466E-01  1.510E+00 -2.400E-02
#  3.390E+00 2.213E-03 1.976E-03 2.361E-04 8.933E-01 0.684E+00 7.089E-01  1.510E+00 -1.925E-02
#  3.500E+00 2.146E-03 1.931E-03 2.151E-04 8.998E-01 0.681E+00 6.875E-01  1.510E+00 -1.800E-02
#  3.750E+00 1.959E-03 1.822E-03 1.370E-04 9.301E-01 0.676E+00 6.277E-01  1.500E+00 -1.200E-02
#  4.000E+00 1.819E-03 1.745E-03 7.353E-05 9.596E-01 0.666E+00 5.827E-01  1.500E+00 -6.700E-03
#  4.500E+00 1.574E-03 1.492E-03 8.157E-05 9.482E-01 0.657E+00 5.043E-01  1.500E+00 -8.700E-03
#  5.000E+00 1.311E-03 1.172E-03 1.387E-04 8.942E-01 0.659E+00 4.199E-01  1.480E+00 -1.800E-02
#  5.500E+00 1.114E-03 8.876E-04 2.264E-04 7.967E-01 0.659E+00 3.569E-01  1.460E+00 -3.600E-02
#  6.000E+00 9.665E-04 6.759E-04 2.906E-04 6.993E-01 0.653E+00 3.097E-01  1.440E+00 -5.500E-02
#  6.200E+00 9.146E-04 6.026E-04 3.121E-04 6.588E-01 0.651E+00 2.930E-01  1.430E+00 -6.300E-02
#  6.500E+00 8.048E-04 5.544E-04 2.504E-04 6.889E-01 0.645E+00 2.579E-01  1.420E+00 -5.200E-02
#  7.200E+00 9.282E-04 4.458E-04 4.823E-04 4.803E-01 0.609E+00 2.974E-01  1.460E+00 -1.300E-01
#  7.900E+00 4.133E-04 1.177E-04 2.955E-04 2.849E-01 0.627E+00 1.324E-01  1.220E+00 -8.900E-02
#  8.200E+00 4.079E-04 5.081E-05 3.571E-04 1.246E-01 0.607E+00 1.307E-01  1.120E+00 -1.200E-01
#  8.500E+00 6.071E-04 6.145E-05 5.456E-04 1.012E-01 0.560E+00 1.945E-01  1.060E+00 -2.100E-01
#  8.700E+00 8.408E-04 1.273E-04 7.135E-04 1.514E-01 0.537E+00 2.694E-01  1.190E+00 -2.900E-01
#  9.000E+00 1.505E-03 5.579E-04 9.469E-04 3.707E-01 0.471E+00 4.821E-01  1.850E+00 -4.400E-01
#  9.200E+00 1.781E-03 7.441E-04 1.037E-03 4.179E-01 0.424E+00 5.705E-01  2.220E+00 -5.400E-01
#  9.500E+00 2.057E-03 9.420E-04 1.115E-03 4.578E-01 0.341E+00 6.592E-01  2.940E+00 -6.500E-01
#  9.800E+00 1.983E-03 9.013E-04 1.082E-03 4.545E-01 0.340E+00 6.353E-01  2.910E+00 -6.500E-01
#  1.000E+01 1.773E-03 8.235E-04 9.495E-04 4.645E-01 0.385E+00 5.681E-01  2.570E+00 -5.000E-01
#  1.060E+01 1.086E-03 5.178E-04 5.682E-04 4.768E-01 0.466E+00 3.479E-01  1.910E+00 -2.500E-01
#  1.100E+01 9.114E-04 4.521E-04 4.593E-04 4.961E-01 0.473E+00 2.920E-01  1.830E+00 -2.000E-01
#  1.150E+01 1.012E-03 3.617E-04 6.498E-04 3.576E-01 0.443E+00 3.241E-01  1.810E+00 -3.500E-01
#  1.250E+01 1.051E-03 2.783E-04 7.732E-04 2.647E-01 0.400E+00 3.369E-01  1.740E+00 -5.000E-01
#  1.300E+01 9.381E-04 3.736E-04 5.644E-04 3.983E-01 0.412E+00 3.006E-01  2.000E+00 -3.500E-01
#  1.400E+01 5.502E-04 1.805E-04 3.697E-04 3.281E-01 0.434E+00 1.763E-01  1.630E+00 -2.200E-01
#  1.480E+01 5.032E-04 1.251E-04 3.781E-04 2.486E-01 0.418E+00 1.612E-01  1.540E+00 -2.400E-01
#  1.500E+01 5.129E-04 1.117E-04 4.012E-04 2.179E-01 0.410E+00 1.643E-01  1.510E+00 -2.600E-01
#  1.640E+01 5.260E-04 8.412E-05 4.419E-04 1.599E-01 0.374E+00 1.685E-01  1.470E+00 -3.200E-01
#  1.720E+01 5.584E-04 8.286E-05 4.756E-04 1.484E-01 0.353E+00 1.789E-01  1.490E+00 -3.700E-01
#  1.800E+01 6.421E-04 1.347E-04 5.074E-04 2.098E-01 0.333E+00 2.057E-01  1.770E+00 -4.700E-01
#  1.850E+01 7.054E-04 1.831E-04 5.223E-04 2.596E-01 0.315E+00 2.260E-01  2.050E+00 -5.700E-01
#  2.000E+01 7.686E-04 1.835E-04 5.851E-04 2.387E-01 0.265E+00 2.463E-01  2.200E+00 -8.200E-01
#  2.130E+01 7.366E-04 1.831E-04 5.535E-04 2.485E-01 0.240E+00 2.360E-01  2.390E+00 -9.400E-01
#  2.250E+01 6.741E-04 1.859E-04 4.882E-04 2.757E-01 0.222E+00 2.160E-01  2.690E+00 -1.000E+00
#  2.500E+01 5.094E-04 1.607E-04 3.487E-04 3.154E-01 0.228E+00 1.632E-01  2.990E+00 -8.000E-01
#  2.790E+01 4.247E-04 1.005E-04 3.242E-04 2.366E-01 0.230E+00 1.361E-01  2.570E+00 -7.800E-01
#  3.000E+01 3.528E-04 7.455E-05 2.783E-04 2.113E-01 0.235E+00 1.130E-01  2.420E+00 -6.700E-01
#  3.500E+01 2.596E-04 4.752E-05 2.121E-04 1.830E-01 0.223E+00 8.319E-02  2.420E+00 -6.200E-01
#  4.000E+01 2.356E-04 3.025E-05 2.053E-04 1.284E-01 0.193E+00 7.548E-02  2.340E+00 -7.000E-01
#
# volume phase function [1/km]:
# -----------------------------
#
# sca.ang. | wavelengths --->
# ---------|------------------
#          | 2.500E-01 3.000E-01 3.500E-01 4.000E-01 4.500E-01 5.000E-01 5.500E-01 6.000E-01 6.500E-01 7.000E-01 7.500E-01 8.000E-01 9.000E-01 1.000E+00 1.250E+00 1.500E+00 1.750E+00 2.000E+00 2.500E+00 3.000E+00 3.200E+00 3.390E+00 3.500E+00 3.750E+00 4.000E+00 4.500E+00 5.000E+00 5.500E+00 6.000E+00 6.200E+00 6.500E+00 7.200E+00 7.900E+00 8.200E+00 8.500E+00 8.700E+00 9.000E+00 9.200E+00 9.500E+00 9.800E+00 1.000E+01 1.060E+01 1.100E+01 1.150E+01 1.250E+01 1.300E+01 1.400E+01 1.480E+01 1.500E+01 1.640E+01 1.720E+01 1.800E+01 1.850E+01 2.000E+01 2.130E+01 2.250E+01 2.500E+01 2.790E+01 3.000E+01 3.500E+01 4.000E+01
#
  0.000E+00  1.947E-01 1.376E-01 1.030E-01 8.018E-02 6.459E-02 5.313E-02 4.474E-02 3.823E-02 3.327E-02 2.921E-02 2.578E-02 2.307E-02 1.891E-02 1.586E-02 1.109E-02 8.381E-03 6.654E-03 5.443E-03 3.828E-03 2.666E-03 2.486E-03 2.282E-03 2.165E-03 1.942E-03 1.754E-03 1.381E-03 1.050E-03 7.748E-04 5.711E-04 5.031E-04 4.513E-04 3.147E-04 9.988E-05 4.217E-05 4.343E-05 7.981E-05 2.434E-04 2.769E-04 2.855E-04 2.694E-04 2.624E-04 1.997E-04 1.775E-04 1.366E-04 9.747E-05 1.222E-04 6.639E-05 4.535E-05 4.010E-05 2.771E-05 2.569E-05 3.751E-05 4.692E-05 4.200E-05 3.915E-05 3.761E-05 3.173E-05 1.999E-05 1.494E-05 9.174E-06 5.517E-06
  1.000E-01  1.931E-01 1.368E-01 1.025E-01 7.992E-02 6.443E-02 5.302E-02 4.466E-02 3.818E-02 3.323E-02 2.918E-02 2.576E-02 2.305E-02 1.890E-02 1.586E-02 1.109E-02 8.379E-03 6.653E-03 5.442E-03 3.828E-03 2.666E-03 2.486E-03 2.282E-03 2.165E-03 1.942E-03 1.754E-03 1.381E-03 1.050E-03 7.747E-04 5.711E-04 5.031E-04 4.513E-04 3.147E-04 9.987E-05 4.217E-05 4.343E-05 7.981E-05 2.434E-04 2.769E-04 2.855E-04 2.694E-04 2.624E-04 1.997E-04 1.774E-04 1.366E-04 9.747E-05 1.222E-04 6.639E-05 4.535E-05 4.010E-05 2.771E-05 2.569E-05 3.751E-05 4.692E-05 4.200E-05 3.915E-05 3.761E-05 3.173E-05 1.999E-05 1.494E-05 9.174E-06 5.517E-06
  2.000E-01  1.887E-01 1.346E-01 1.013E-01 7.918E-02 6.396E-02 5.271E-02 4.445E-02 3.803E-02 3.311E-02 2.909E-02 2.569E-02 2.300E-02 1.886E-02 1.584E-02 1.108E-02 8.374E-03 6.650E-03 5.441E-03 3.827E-03 2.666E-03 2.485E-03 2.282E-03 2.165E-03 1.942E-03 1.754E-03 1.381E-03 1.050E-03 7.747E-04 5.710E-04 5.031E-04 4.513E-04 3.146E-04 9.987E-05 4.216E-05 4.343E-05 7.981E-05 2.434E-04 2.769E-04 2.855E-04 2.694E-04 2.624E-04 1.997E-04 1.774E-04 1.366E-04 9.747E-05 1.222E-04 6.639E-05 4.535E-05 4.010E-05 2.771E-05 2.569E-05 3.751E-05 4.692E-05 4.200E-05 3.915E-05 3.761E-05 3.173E-05 1.999E-05 1.494E-05 9.174E-06 5.517E-06
  3.000E-01  1.820E-01 1.312E-01 9.935E-02 7.801E-02 6.320E-02 5.220E-02 4.409E-02 3.777E-02 3.293E-02 2.895E-02 2.558E-02 2.292E-02 1.881E-02 1.580E-02 1.106E-02 8.366E-03 6.646E-03 5.438E-03 3.826E-03 2.665E-03 2.485E-03 2.281E-03 2.164E-03 1.942E-03 1.754E-03 1.381E-03 1.050E-03 7.746E-04 5.710E-04 5.030E-04 4.512E-04 3.146E-04 9.986E-05 4.216E-05 4.342E-05 7.980E-05 2.434E-04 2.768E-04 2.855E-04 2.693E-04 2.624E-04 1.997E-04 1.774E-04 1.366E-04 9.746E-05 1.222E-04 6.639E-05 4.535E-05 4.010E-05 2.770E-05 2.569E-05 3.751E-05 4.691E-05 4.199E-05 3.915E-05 3.761E-05 3.173E-05 1.999E-05 1.494E-05 9.174E-06 5.517E-06
  4.000E-01  1.738E-01 1.268E-01 9.684E-02 7.646E-02 6.219E-02 5.152E-02 4.361E-02 3.743E-02 3.267E-02 2.875E-02 2.543E-02 2.280E-02 1.873E-02 1.575E-02 1.104E-02 8.355E-03 6.639E-03 5.434E-03 3.824E-03 2.664E-03 2.484E-03 2.280E-03 2.164E-03 1.941E-03 1.754E-03 1.381E-03 1.050E-03 7.745E-04 5.709E-04 5.030E-04 4.512E-04 3.146E-04 9.985E-05 4.215E-05 4.342E-05 7.979E-05 2.434E-04 2.768E-04 2.855E-04 2.693E-04 2.623E-04 1.997E-04 1.774E-04 1.366E-04 9.746E-05 1.222E-04 6.638E-05 4.535E-05 4.010E-05 2.770E-05 2.568E-05 3.751E-05 4.691E-05 4.199E-05 3.914E-05 3.761E-05 3.173E-05 1.999E-05 1.494E-05 9.174E-06 5.517E-06
  5.000E-01  1.649E-01 1.219E-01 9.391E-02 7.461E-02 6.098E-02 5.069E-02 4.303E-02 3.700E-02 3.235E-02 2.851E-02 2.525E-02 2.265E-02 1.864E-02 1.568E-02 1.101E-02 8.341E-03 6.631E-03 5.429E-03 3.822E-03 2.663E-03 2.483E-03 2.280E-03 2.163E-03 1.941E-03 1.753E-03 1.380E-03 1.050E-03 7.744E-04 5.708E-04 5.029E-04 4.511E-04 3.145E-04 9.983E-05 4.214E-05 4.341E-05 7.978E-05 2.434E-04 2.768E-04 2.855E-04 2.693E-04 2.623E-04 1.997E-04 1.774E-04 1.366E-04 9.745E-05 1.222E-04 6.638E-05 4.535E-05 4.010E-05 2.770E-05 2.568E-05 3.751E-05 4.691E-05 4.199E-05 3.914E-05 3.761E-05 3.173E-05 1.999E-05 1.494E-05 9.174E-06 5.517E-06
  6.000E-01  1.556E-01 1.166E-01 9.069E-02 7.255E-02 5.960E-02 4.973E-02 4.234E-02 3.650E-02 3.197E-02 2.822E-02 2.502E-02 2.248E-02 1.852E-02 1.561E-02 1.098E-02 8.324E-03 6.621E-03 5.423E-03 3.819E-03 2.661E-03 2.482E-03 2.279E-03 2.162E-03 1.940E-03 1.753E-03 1.380E-03 1.050E-03 7.742E-04 5.707E-04 5.028E-04 4.510E-04 3.145E-04 9.981E-05 4.214E-05 4.340E-05 7.977E-05 2.433E-04 2.768E-04 2.854E-04 2.693E-04 2.623E-04 1.996E-04 1.774E-04 1.366E-04 9.745E-05 1.222E-04 6.638E-05 4.534E-05 4.009E-05 2.770E-05 2.568E-05 3.751E-05 4.691E-05 4.199E-05 3.914E-05 3.761E-05 3.173E-05 1.999E-05 1.494E-05 9.173E-06 5.517E-06
  7.000E-01  1.463E-01 1.112E-01 8.731E-02 7.034E-02 5.810E-02 4.868E-02 4.158E-02 3.594E-02 3.155E-02 2.790E-02 2.477E-02 2.227E-02 1.839E-02 1.552E-02 1.094E-02 8.303E-03 6.610E-03 5.416E-03 3.816E-03 2.660E-03 2.481E-03 2.278E-03 2.161E-03 1.939E-03 1.752E-03 1.379E-03 1.049E-03 7.740E-04 5.705E-04 5.027E-04 4.509E-04 3.144E-04 9.978E-05 4.212E-05 4.339E-05 7.976E-05 2.433E-04 2.767E-04 2.854E-04 2.693E-04 2.623E-04 1.996E-04 1.774E-04 1.366E-04 9.744E-05 1.222E-04 6.637E-05 4.534E-05 4.009E-05 2.770E-05 2.568E-05 3.750E-05 4.691E-05 4.199E-05 3.914E-05 3.761E-05 3.173E-05 1.999E-05 1.494E-05 9.173E-06 5.516E-06
  8.000E-01  1.372E-01 1.057E-01 8.383E-02 6.803E-02 5.651E-02 4.755E-02 4.076E-02 3.533E-02 3.108E-02 2.754E-02 2.449E-02 2.205E-02 1.825E-02 1.542E-02 1.089E-02 8.280E-03 6.596E-03 5.408E-03 3.812E-03 2.658E-03 2.479E-03 2.276E-03 2.160E-03 1.938E-03 1.751E-03 1.379E-03 1.049E-03 7.738E-04 5.704E-04 5.025E-04 4.508E-04 3.143E-04 9.975E-05 4.211E-05 4.338E-05 7.974E-05 2.433E-04 2.767E-04 2.854E-04 2.692E-04 2.623E-04 1.996E-04 1.774E-04 1.366E-04 9.743E-05 1.222E-04 6.637E-05 4.534E-05 4.009E-05 2.770E-05 2.568E-05 3.750E-05 4.690E-05 4.199E-05 3.914E-05 3.761E-05 3.173E-05 1.998E-05 1.494E-05 9.173E-06 5.516E-06
  9.000E-01  1.284E-01 1.003E-01 8.032E-02 6.567E-02 5.486E-02 4.637E-02 3.989E-02 3.467E-02 3.058E-02 2.715E-02 2.418E-02 2.181E-02 1.808E-02 1.531E-02 1.084E-02 8.254E-03 6.581E-03 5.398E-03 3.808E-03 2.656E-03 2.477E-03 2.275E-03 2.159E-03 1.937E-03 1.750E-03 1.378E-03 1.048E-03 7.735E-04 5.702E-04 5.024E-04 4.506E-04 3.143E-04 9.972E-05 4.210E-05 4.337E-05 7.972E-05 2.432E-04 2.767E-04 2.853E-04 2.692E-04 2.622E-04 1.996E-04 1.774E-04 1.366E-04 9.742E-05 1.222E-04 6.636E-05 4.533E-05 4.008E-05 2.769E-05 2.568E-05 3.750E-05 4.690E-05 4.198E-05 3.914E-05 3.761E-05 3.172E-05 1.998E-05 1.493E-05 9.172E-06 5.516E-06
  1.000E+00  1.200E-01 9.498E-02 7.683E-02 6.329E-02 5.318E-02 4.516E-02 3.899E-02 3.399E-02 3.006E-02 2.674E-02 2.386E-02 2.154E-02 1.791E-02 1.518E-02 1.079E-02 8.225E-03 6.565E-03 5.388E-03 3.803E-03 2.653E-03 2.475E-03 2.273E-03 2.157E-03 1.936E-03 1.749E-03 1.378E-03 1.048E-03 7.732E-04 5.700E-04 5.022E-04 4.505E-04 3.142E-04 9.968E-05 4.208E-05 4.335E-05 7.970E-05 2.432E-04 2.766E-04 2.853E-04 2.692E-04 2.622E-04 1.996E-04 1.773E-04 1.365E-04 9.741E-05 1.222E-04 6.635E-05 4.533E-05 4.008E-05 2.769E-05 2.567E-05 3.750E-05 4.690E-05 4.198E-05 3.913E-05 3.760E-05 3.172E-05 1.998E-05 1.493E-05 9.172E-06 5.516E-06
  1.100E+00  1.121E-01 8.986E-02 7.340E-02 6.091E-02 5.148E-02 4.392E-02 3.806E-02 3.328E-02 2.951E-02 2.630E-02 2.351E-02 2.127E-02 1.772E-02 1.506E-02 1.073E-02 8.194E-03 6.547E-03 5.377E-03 3.798E-03 2.651E-03 2.473E-03 2.271E-03 2.156E-03 1.935E-03 1.748E-03 1.377E-03 1.048E-03 7.729E-04 5.698E-04 5.020E-04 4.503E-04 3.141E-04 9.964E-05 4.206E-05 4.334E-05 7.967E-05 2.431E-04 2.766E-04 2.853E-04 2.691E-04 2.622E-04 1.995E-04 1.773E-04 1.365E-04 9.739E-05 1.222E-04 6.634E-05 4.532E-05 4.007E-05 2.769E-05 2.567E-05 3.749E-05 4.689E-05 4.198E-05 3.913E-05 3.760E-05 3.172E-05 1.998E-05 1.493E-05 9.172E-06 5.516E-06
  1.200E+00  1.046E-01 8.495E-02 7.005E-02 5.856E-02 4.978E-02 4.266E-02 3.712E-02 3.256E-02 2.894E-02 2.585E-02 2.316E-02 2.098E-02 1.753E-02 1.492E-02 1.067E-02 8.160E-03 6.527E-03 5.365E-03 3.793E-03 2.648E-03 2.471E-03 2.269E-03 2.154E-03 1.934E-03 1.747E-03 1.376E-03 1.047E-03 7.725E-04 5.695E-04 5.018E-04 4.501E-04 3.140E-04 9.959E-05 4.204E-05 4.332E-05 7.965E-05 2.431E-04 2.765E-04 2.852E-04 2.691E-04 2.621E-04 1.995E-04 1.773E-04 1.365E-04 9.738E-05 1.222E-04 6.633E-05 4.531E-05 4.007E-05 2.768E-05 2.567E-05 3.749E-05 4.689E-05 4.198E-05 3.913E-05 3.760E-05 3.172E-05 1.998E-05 1.493E-05 9.171E-06 5.515E-06
  1.300E+00  9.763E-02 8.025E-02 6.680E-02 5.625E-02 4.810E-02 4.141E-02 3.617E-02 3.183E-02 2.836E-02 2.539E-02 2.279E-02 2.068E-02 1.732E-02 1.477E-02 1.060E-02 8.125E-03 6.506E-03 5.352E-03 3.786E-03 2.644E-03 2.468E-03 2.267E-03 2.152E-03 1.932E-03 1.746E-03 1.376E-03 1.046E-03 7.721E-04 5.692E-04 5.015E-04 4.499E-04 3.138E-04 9.955E-05 4.202E-05 4.330E-05 7.962E-05 2.430E-04 2.765E-04 2.852E-04 2.691E-04 2.621E-04 1.995E-04 1.772E-04 1.365E-04 9.736E-05 1.221E-04 6.632E-05 4.531E-05 4.006E-05 2.768E-05 2.566E-05 3.749E-05 4.689E-05 4.197E-05 3.913E-05 3.760E-05 3.172E-05 1.998E-05 1.493E-05 9.170E-06 5.515E-06
  1.400E+00  9.110E-02 7.578E-02 6.366E-02 5.399E-02 4.643E-02 4.016E-02 3.521E-02 3.108E-02 2.777E-02 2.492E-02 2.241E-02 2.037E-02 1.711E-02 1.462E-02 1.053E-02 8.086E-03 6.484E-03 5.338E-03 3.780E-03 2.641E-03 2.465E-03 2.265E-03 2.150E-03 1.930E-03 1.745E-03 1.375E-03 1.046E-03 7.717E-04 5.690E-04 5.013E-04 4.497E-04 3.137E-04 9.949E-05 4.200E-05 4.328E-05 7.959E-05 2.430E-04 2.764E-04 2.851E-04 2.690E-04 2.620E-04 1.994E-04 1.772E-04 1.365E-04 9.735E-05 1.221E-04 6.631E-05 4.530E-05 4.005E-05 2.768E-05 2.566E-05 3.748E-05 4.688E-05 4.197E-05 3.912E-05 3.759E-05 3.171E-05 1.998E-05 1.493E-05 9.170E-06 5.515E-06
  1.500E+00  8.501E-02 7.155E-02 6.064E-02 5.179E-02 4.480E-02 3.893E-02 3.426E-02 3.034E-02 2.718E-02 2.445E-02 2.202E-02 2.005E-02 1.689E-02 1.447E-02 1.045E-02 8.046E-03 6.460E-03 5.323E-03 3.773E-03 2.637E-03 2.462E-03 2.263E-03 2.148E-03 1.929E-03 1.743E-03 1.374E-03 1.045E-03 7.713E-04 5.686E-04 5.010E-04 4.495E-04 3.136E-04 9.944E-05 4.198E-05 4.326E-05 7.955E-05 2.429E-04 2.764E-04 2.851E-04 2.690E-04 2.620E-04 1.994E-04 1.772E-04 1.364E-04 9.733E-05 1.221E-04 6.630E-05 4.529E-05 4.005E-05 2.767E-05 2.566E-05 3.748E-05 4.687E-05 4.196E-05 3.912E-05 3.759E-05 3.171E-05 1.998E-05 1.493E-05 9.169E-06 5.514E-06
  1.600E+00  7.935E-02 6.754E-02 5.775E-02 4.966E-02 4.320E-02 3.771E-02 3.331E-02 2.959E-02 2.658E-02 2.397E-02 2.163E-02 1.973E-02 1.667E-02 1.431E-02 1.038E-02 8.004E-03 6.435E-03 5.307E-03 3.766E-03 2.634E-03 2.459E-03 2.260E-03 2.145E-03 1.927E-03 1.742E-03 1.373E-03 1.045E-03 7.708E-04 5.683E-04 5.007E-04 4.492E-04 3.134E-04 9.938E-05 4.195E-05 4.324E-05 7.952E-05 2.428E-04 2.763E-04 2.850E-04 2.689E-04 2.619E-04 1.993E-04 1.771E-04 1.364E-04 9.731E-05 1.221E-04 6.629E-05 4.528E-05 4.004E-05 2.767E-05 2.565E-05 3.747E-05 4.687E-05 4.196E-05 3.911E-05 3.759E-05 3.171E-05 1.997E-05 1.493E-05 9.169E-06 5.514E-06
  1.700E+00  7.410E-02 6.376E-02 5.499E-02 4.761E-02 4.164E-02 3.651E-02 3.238E-02 2.885E-02 2.599E-02 2.348E-02 2.124E-02 1.941E-02 1.644E-02 1.414E-02 1.030E-02 7.960E-03 6.409E-03 5.290E-03 3.758E-03 2.630E-03 2.456E-03 2.257E-03 2.143E-03 1.925E-03 1.740E-03 1.372E-03 1.044E-03 7.703E-04 5.680E-04 5.004E-04 4.490E-04 3.133E-04 9.931E-05 4.192E-05 4.321E-05 7.948E-05 2.428E-04 2.762E-04 2.849E-04 2.688E-04 2.619E-04 1.993E-04 1.771E-04 1.364E-04 9.729E-05 1.221E-04 6.627E-05 4.527E-05 4.003E-05 2.766E-05 2.565E-05 3.747E-05 4.686E-05 4.195E-05 3.911E-05 3.758E-05 3.171E-05 1.997E-05 1.493E-05 9.168E-06 5.514E-06
  1.800E+00  6.922E-02 6.020E-02 5.235E-02 4.562E-02 4.012E-02 3.533E-02 3.145E-02 2.812E-02 2.539E-02 2.300E-02 2.084E-02 1.908E-02 1.621E-02 1.398E-02 1.021E-02 7.915E-03 6.382E-03 5.273E-03 3.750E-03 2.625E-03 2.452E-03 2.254E-03 2.140E-03 1.923E-03 1.738E-03 1.370E-03 1.043E-03 7.697E-04 5.676E-04 5.001E-04 4.487E-04 3.131E-04 9.924E-05 4.189E-05 4.319E-05 7.944E-05 2.427E-04 2.761E-04 2.849E-04 2.688E-04 2.618E-04 1.992E-04 1.770E-04 1.363E-04 9.726E-05 1.220E-04 6.626E-05 4.526E-05 4.002E-05 2.766E-05 2.564E-05 3.746E-05 4.686E-05 4.195E-05 3.911E-05 3.758E-05 3.170E-05 1.997E-05 1.493E-05 9.167E-06 5.513E-06
  1.900E+00  6.469E-02 5.684E-02 4.983E-02 4.371E-02 3.865E-02 3.419E-02 3.055E-02 2.739E-02 2.480E-02 2.252E-02 2.045E-02 1.875E-02 1.597E-02 1.381E-02 1.013E-02 7.868E-03 6.353E-03 5.255E-03 3.741E-03 2.621E-03 2.449E-03 2.251E-03 2.138E-03 1.920E-03 1.737E-03 1.369E-03 1.042E-03 7.692E-04 5.672E-04 4.998E-04 4.484E-04 3.129E-04 9.917E-05 4.186E-05 4.316E-05 7.939E-05 2.426E-04 2.761E-04 2.848E-04 2.687E-04 2.618E-04 1.992E-04 1.770E-04 1.363E-04 9.724E-05 1.220E-04 6.624E-05 4.525E-05 4.001E-05 2.765E-05 2.564E-05 3.745E-05 4.685E-05 4.194E-05 3.910E-05 3.757E-05 3.170E-05 1.997E-05 1.492E-05 9.166E-06 5.513E-06
  2.000E+00  6.049E-02 5.369E-02 4.744E-02 4.188E-02 3.722E-02 3.307E-02 2.966E-02 2.668E-02 2.422E-02 2.204E-02 2.005E-02 1.842E-02 1.574E-02 1.364E-02 1.004E-02 7.819E-03 6.324E-03 5.236E-03 3.732E-03 2.616E-03 2.445E-03 2.248E-03 2.135E-03 1.918E-03 1.735E-03 1.368E-03 1.041E-03 7.686E-04 5.668E-04 4.994E-04 4.481E-04 3.127E-04 9.910E-05 4.183E-05 4.313E-05 7.935E-05 2.425E-04 2.760E-04 2.847E-04 2.686E-04 2.617E-04 1.991E-04 1.770E-04 1.363E-04 9.722E-05 1.220E-04 6.623E-05 4.524E-05 4.000E-05 2.764E-05 2.563E-05 3.745E-05 4.684E-05 4.194E-05 3.910E-05 3.757E-05 3.170E-05 1.997E-05 1.492E-05 9.166E-06 5.512E-06
  3.000E+00  3.200E-02 3.093E-02 2.929E-02 2.737E-02 2.551E-02 2.359E-02 2.189E-02 2.027E-02 1.887E-02 1.755E-02 1.629E-02 1.523E-02 1.339E-02 1.188E-02 9.113E-03 7.279E-03 5.989E-03 5.017E-03 3.625E-03 2.558E-03 2.397E-03 2.208E-03 2.099E-03 1.889E-03 1.711E-03 1.352E-03 1.030E-03 7.610E-04 5.615E-04 4.949E-04 4.442E-04 3.104E-04 9.814E-05 4.141E-05 4.277E-05 7.878E-05 2.414E-04 2.749E-04 2.837E-04 2.678E-04 2.608E-04 1.984E-04 1.763E-04 1.358E-04 9.690E-05 1.216E-04 6.602E-05 4.510E-05 3.988E-05 2.757E-05 2.557E-05 3.737E-05 4.675E-05 4.187E-05 3.904E-05 3.752E-05 3.166E-05 1.994E-05 1.490E-05 9.155E-06 5.506E-06
  4.000E+00  1.807E-02 1.864E-02 1.864E-02 1.825E-02 1.770E-02 1.693E-02 1.618E-02 1.537E-02 1.462E-02 1.387E-02 1.312E-02 1.247E-02 1.125E-02 1.022E-02 8.163E-03 6.695E-03 5.609E-03 4.759E-03 3.493E-03 2.484E-03 2.336E-03 2.157E-03 2.052E-03 1.851E-03 1.680E-03 1.331E-03 1.015E-03 7.507E-04 5.543E-04 4.887E-04 4.389E-04 3.071E-04 9.684E-05 4.085E-05 4.227E-05 7.800E-05 2.399E-04 2.733E-04 2.824E-04 2.665E-04 2.597E-04 1.975E-04 1.755E-04 1.351E-04 9.647E-05 1.212E-04 6.574E-05 4.491E-05 3.971E-05 2.746E-05 2.547E-05 3.725E-05 4.663E-05 4.176E-05 3.895E-05 3.744E-05 3.160E-05 1.991E-05 1.488E-05 9.140E-06 5.498E-06
  5.000E+00  1.082E-02 1.174E-02 1.229E-02 1.250E-02 1.254E-02 1.234E-02 1.210E-02 1.176E-02 1.139E-02 1.100E-02 1.058E-02 1.020E-02 9.437E-03 8.750E-03 7.266E-03 6.115E-03 5.217E-03 4.485E-03 3.345E-03 2.399E-03 2.264E-03 2.096E-03 1.997E-03 1.806E-03 1.642E-03 1.305E-03 9.973E-04 7.381E-04 5.455E-04 4.810E-04 4.323E-04 3.031E-04 9.521E-05 4.015E-05 4.165E-05 7.702E-05 2.379E-04 2.714E-04 2.807E-04 2.650E-04 2.582E-04 1.962E-04 1.744E-04 1.343E-04 9.591E-05 1.206E-04 6.537E-05 4.466E-05 3.949E-05 2.732E-05 2.535E-05 3.710E-05 4.647E-05 4.164E-05 3.884E-05 3.734E-05 3.153E-05 1.986E-05 1.484E-05 9.121E-06 5.487E-06
  6.000E+00  6.827E-03 7.709E-03 8.372E-03 8.798E-03 9.086E-03 9.166E-03 9.193E-03 9.107E-03 8.967E-03 8.798E-03 8.583E-03 8.388E-03 7.933E-03 7.498E-03 6.453E-03 5.565E-03 4.832E-03 4.207E-03 3.189E-03 2.306E-03 2.185E-03 2.029E-03 1.935E-03 1.755E-03 1.599E-03 1.275E-03 9.763E-04 7.233E-04 5.351E-04 4.719E-04 4.245E-04 2.983E-04 9.331E-05 3.932E-05 4.092E-05 7.586E-05 2.356E-04 2.691E-04 2.786E-04 2.631E-04 2.564E-04 1.948E-04 1.731E-04 1.333E-04 9.525E-05 1.199E-04 6.494E-05 4.436E-05 3.922E-05 2.715E-05 2.521E-05 3.693E-05 4.627E-05 4.148E-05 3.871E-05 3.723E-05 3.144E-05 1.981E-05 1.480E-05 9.098E-06 5.474E-06
  8.000E+00  3.097E-03 3.701E-03 4.261E-03 4.716E-03 5.111E-03 5.361E-03 5.582E-03 5.706E-03 5.767E-03 5.808E-03 5.808E-03 5.803E-03 5.699E-03 5.567E-03 5.099E-03 4.596E-03 4.120E-03 3.674E-03 2.871E-03 2.111E-03 2.016E-03 1.883E-03 1.801E-03 1.642E-03 1.504E-03 1.207E-03 9.276E-04 6.889E-04 5.107E-04 4.507E-04 4.061E-04 2.869E-04 8.881E-05 3.738E-05 3.918E-05 7.307E-05 2.300E-04 2.635E-04 2.736E-04 2.585E-04 2.520E-04 1.911E-04 1.699E-04 1.309E-04 9.359E-05 1.181E-04 6.385E-05 4.361E-05 3.857E-05 2.674E-05 2.485E-05 3.648E-05 4.578E-05 4.109E-05 3.837E-05 3.693E-05 3.121E-05 1.967E-05 1.470E-05 9.039E-06 5.440E-06
  1.000E+01  1.623E-03 2.008E-03 2.417E-03 2.782E-03 3.130E-03 3.379E-03 3.620E-03 3.794E-03 3.908E-03 4.016E-03 4.094E-03 4.159E-03 4.208E-03 4.221E-03 4.069E-03 3.808E-03 3.508E-03 3.193E-03 2.565E-03 1.914E-03 1.843E-03 1.730E-03 1.660E-03 1.521E-03 1.400E-03 1.132E-03 8.731E-04 6.500E-04 4.828E-04 4.264E-04 3.849E-04 2.737E-04 8.367E-05 3.517E-05 3.717E-05 6.981E-05 2.232E-04 2.567E-04 2.674E-04 2.530E-04 2.466E-04 1.867E-04 1.660E-04 1.279E-04 9.155E-05 1.159E-04 6.250E-05 4.269E-05 3.775E-05 2.622E-05 2.440E-05 3.593E-05 4.516E-05 4.059E-05 3.795E-05 3.655E-05 3.093E-05 1.949E-05 1.457E-05 8.965E-06 5.398E-06
  1.200E+01  9.542E-04 1.208E-03 1.507E-03 1.785E-03 2.073E-03 2.278E-03 2.497E-03 2.671E-03 2.789E-03 2.910E-03 3.009E-03 3.086E-03 3.200E-03 3.274E-03 3.290E-03 3.178E-03 2.995E-03 2.773E-03 2.281E-03 1.724E-03 1.673E-03 1.579E-03 1.519E-03 1.399E-03 1.294E-03 1.054E-03 8.155E-04 6.085E-04 4.530E-04 4.004E-04 3.621E-04 2.592E-04 7.817E-05 3.281E-05 3.499E-05 6.623E-05 2.155E-04 2.490E-04 2.605E-04 2.466E-04 2.404E-04 1.816E-04 1.614E-04 1.244E-04 8.919E-05 1.133E-04 6.092E-05 4.161E-05 3.680E-05 2.561E-05 2.388E-05 3.527E-05 4.443E-05 4.000E-05 3.744E-05 3.610E-05 3.059E-05 1.927E-05 1.441E-05 8.875E-06 5.346E-06
  1.400E+01  6.163E-04 7.924E-04 1.020E-03 1.234E-03 1.473E-03 1.633E-03 1.824E-03 1.977E-03 2.087E-03 2.201E-03 2.294E-03 2.370E-03 2.505E-03 2.600E-03 2.698E-03 2.673E-03 2.567E-03 2.412E-03 2.024E-03 1.547E-03 1.511E-03 1.434E-03 1.383E-03 1.280E-03 1.190E-03 9.747E-04 7.568E-04 5.660E-04 4.223E-04 3.734E-04 3.383E-04 2.440E-04 7.256E-05 3.042E-05 3.275E-05 6.248E-05 2.072E-04 2.406E-04 2.528E-04 2.396E-04 2.336E-04 1.759E-04 1.564E-04 1.205E-04 8.656E-05 1.104E-04 5.916E-05 4.041E-05 3.573E-05 2.493E-05 2.328E-05 3.452E-05 4.359E-05 3.932E-05 3.685E-05 3.558E-05 3.019E-05 1.903E-05 1.423E-05 8.771E-06 5.286E-06
  1.600E+01  4.295E-04 5.588E-04 7.390E-04 9.101E-04 1.109E-03 1.237E-03 1.399E-03 1.527E-03 1.624E-03 1.725E-03 1.807E-03 1.878E-03 2.011E-03 2.110E-03 2.243E-03 2.267E-03 2.211E-03 2.102E-03 1.794E-03 1.384E-03 1.361E-03 1.298E-03 1.254E-03 1.166E-03 1.088E-03 8.974E-04 6.988E-04 5.237E-04 3.915E-04 3.465E-04 3.145E-04 2.286E-04 6.700E-05 2.807E-05 3.050E-05 5.866E-05 1.984E-04 2.317E-04 2.447E-04 2.321E-04 2.263E-04 1.698E-04 1.510E-04 1.164E-04 8.371E-05 1.073E-04 5.725E-05 3.909E-05 3.457E-05 2.418E-05 2.262E-05 3.369E-05 4.266E-05 3.856E-05 3.620E-05 3.500E-05 2.975E-05 1.875E-05 1.402E-05 8.652E-06 5.218E-06
  1.800E+01  3.179E-04 4.182E-04 5.666E-04 7.070E-04 8.750E-04 9.791E-04 1.116E-03 1.225E-03 1.306E-03 1.394E-03 1.464E-03 1.529E-03 1.650E-03 1.746E-03 1.889E-03 1.937E-03 1.913E-03 1.837E-03 1.590E-03 1.236E-03 1.223E-03 1.171E-03 1.134E-03 1.058E-03 9.919E-04 8.228E-04 6.424E-04 4.823E-04 3.614E-04 3.200E-04 2.909E-04 2.133E-04 6.162E-05 2.581E-05 2.830E-05 5.487E-05 1.894E-04 2.224E-04 2.362E-04 2.242E-04 2.187E-04 1.634E-04 1.453E-04 1.120E-04 8.071E-05 1.039E-04 5.521E-05 3.770E-05 3.334E-05 2.338E-05 2.192E-05 3.280E-05 4.165E-05 3.774E-05 3.549E-05 3.436E-05 2.925E-05 1.844E-05 1.380E-05 8.521E-06 5.143E-06
  2.000E+01  2.470E-04 3.281E-04 4.543E-04 5.733E-04 7.182E-04 8.042E-04 9.219E-04 1.012E-03 1.080E-03 1.155E-03 1.215E-03 1.274E-03 1.380E-03 1.468E-03 1.608E-03 1.666E-03 1.662E-03 1.609E-03 1.408E-03 1.103E-03 1.096E-03 1.054E-03 1.023E-03 9.575E-04 9.013E-04 7.518E-04 5.884E-04 4.426E-04 3.323E-04 2.945E-04 2.681E-04 1.983E-04 5.648E-05 2.366E-05 2.618E-05 5.115E-05 1.803E-04 2.130E-04 2.275E-04 2.162E-04 2.108E-04 1.568E-04 1.394E-04 1.075E-04 7.760E-05 1.004E-04 5.309E-05 3.624E-05 3.205E-05 2.254E-05 2.118E-05 3.185E-05 4.057E-05 3.685E-05 3.472E-05 3.367E-05 2.872E-05 1.810E-05 1.355E-05 8.378E-06 5.060E-06
  2.200E+01  1.993E-04 2.673E-04 3.771E-04 4.804E-04 6.069E-04 6.795E-04 7.818E-04 8.571E-04 9.137E-04 9.778E-04 1.030E-03 1.081E-03 1.173E-03 1.252E-03 1.381E-03 1.443E-03 1.450E-03 1.413E-03 1.248E-03 9.827E-04 9.816E-04 9.472E-04 9.208E-04 8.647E-04 8.169E-04 6.851E-04 5.374E-04 4.050E-04 3.046E-04 2.701E-04 2.464E-04 1.838E-04 5.163E-05 2.164E-05 2.416E-05 4.756E-05 1.712E-04 2.035E-04 2.187E-04 2.081E-04 2.028E-04 1.502E-04 1.334E-04 1.029E-04 7.441E-05 9.682E-05 5.092E-05 3.475E-05 3.073E-05 2.167E-05 2.041E-05 3.085E-05 3.944E-05 3.591E-05 3.390E-05 3.293E-05 2.815E-05 1.774E-05 1.328E-05 8.223E-06 4.971E-06
  2.400E+01  1.657E-04 2.243E-04 3.218E-04 4.121E-04 5.239E-04 5.860E-04 6.751E-04 7.416E-04 7.876E-04 8.425E-04 8.877E-04 9.311E-04 1.010E-03 1.080E-03 1.196E-03 1.257E-03 1.270E-03 1.244E-03 1.107E-03 8.755E-04 8.781E-04 8.503E-04 8.279E-04 7.796E-04 7.390E-04 6.229E-04 4.896E-04 3.696E-04 2.786E-04 2.472E-04 2.257E-04 1.699E-04 4.710E-05 1.976E-05 2.226E-05 4.412E-05 1.622E-04 1.941E-04 2.099E-04 1.999E-04 1.947E-04 1.434E-04 1.274E-04 9.832E-05 7.120E-05 9.313E-05 4.871E-05 3.324E-05 2.939E-05 2.079E-05 1.963E-05 2.982E-05 3.826E-05 3.494E-05 3.304E-05 3.216E-05 2.755E-05 1.736E-05 1.300E-05 8.058E-06 4.876E-06
  2.600E+01  1.409E-04 1.925E-04 2.802E-04 3.605E-04 4.614E-04 5.141E-04 5.939E-04 6.495E-04 6.898E-04 7.371E-04 7.745E-04 8.119E-04 8.810E-04 9.405E-04 1.043E-03 1.100E-03 1.116E-03 1.098E-03 9.820E-04 7.798E-04 7.851E-04 7.626E-04 7.437E-04 7.019E-04 6.675E-04 5.654E-04 4.451E-04 3.366E-04 2.542E-04 2.257E-04 2.064E-04 1.567E-04 4.291E-05 1.801E-05 2.046E-05 4.085E-05 1.533E-04 1.848E-04 2.011E-04 1.917E-04 1.867E-04 1.367E-04 1.213E-04 9.371E-05 6.799E-05 8.940E-05 4.650E-05 3.172E-05 2.805E-05 1.990E-05 1.883E-05 2.877E-05 3.704E-05 3.392E-05 3.215E-05 3.135E-05 2.691E-05 1.696E-05 1.270E-05 7.885E-06 4.775E-06
  2.800E+01  1.221E-04 1.681E-04 2.476E-04 3.201E-04 4.116E-04 4.571E-04 5.289E-04 5.749E-04 6.108E-04 6.517E-04 6.823E-04 7.154E-04 7.757E-04 8.261E-04 9.158E-04 9.676E-04 9.845E-04 9.707E-04 8.720E-04 6.948E-04 7.018E-04 6.836E-04 6.676E-04 6.314E-04 6.023E-04 5.124E-04 4.041E-04 3.060E-04 2.315E-04 2.057E-04 1.884E-04 1.443E-04 3.904E-05 1.641E-05 1.879E-05 3.777E-05 1.448E-04 1.757E-04 1.925E-04 1.837E-04 1.788E-04 1.301E-04 1.154E-04 8.915E-05 6.480E-05 8.567E-05 4.430E-05 3.021E-05 2.672E-05 1.901E-05 1.804E-05 2.770E-05 3.580E-05 3.289E-05 3.124E-05 3.052E-05 2.625E-05 1.654E-05 1.239E-05 7.703E-06 4.670E-06
  3.000E+01  1.073E-04 1.488E-04 2.211E-04 2.869E-04 3.692E-04 4.101E-04 4.736E-04 5.146E-04 5.448E-04 5.804E-04 6.069E-04 6.357E-04 6.871E-04 7.308E-04 8.082E-04 8.542E-04 8.706E-04 8.602E-04 7.750E-04 6.192E-04 6.273E-04 6.126E-04 5.990E-04 5.676E-04 5.429E-04 4.639E-04 3.663E-04 2.779E-04 2.106E-04 1.873E-04 1.717E-04 1.327E-04 3.548E-05 1.493E-05 1.724E-05 3.487E-05 1.364E-04 1.668E-04 1.841E-04 1.758E-04 1.710E-04 1.236E-04 1.095E-04 8.467E-05 6.166E-05 8.196E-05 4.212E-05 2.872E-05 2.540E-05 1.813E-05 1.724E-05 2.663E-05 3.455E-05 3.184E-05 3.030E-05 2.967E-05 2.558E-05 1.612E-05 1.207E-05 7.515E-06 4.560E-06
  3.200E+01  9.539E-05 1.331E-04 1.994E-04 2.589E-04 3.337E-04 3.699E-04 4.267E-04 4.642E-04 4.894E-04 5.205E-04 5.440E-04 5.680E-04 6.121E-04 6.499E-04 7.165E-04 7.569E-04 7.719E-04 7.638E-04 6.896E-04 5.521E-04 5.607E-04 5.489E-04 5.374E-04 5.100E-04 4.891E-04 4.196E-04 3.318E-04 2.521E-04 1.914E-04 1.703E-04 1.563E-04 1.219E-04 3.223E-05 1.358E-05 1.580E-05 3.217E-05 1.284E-04 1.582E-04 1.759E-04 1.681E-04 1.633E-04 1.172E-04 1.038E-04 8.030E-05 5.858E-05 7.829E-05 3.999E-05 2.726E-05 2.411E-05 1.726E-05 1.645E-05 2.555E-05 3.329E-05 3.077E-05 2.936E-05 2.880E-05 2.488E-05 1.568E-05 1.174E-05 7.321E-06 4.447E-06
  3.400E+01  8.554E-05 1.199E-04 1.808E-04 2.350E-04 3.030E-04 3.354E-04 3.864E-04 4.206E-04 4.417E-04 4.690E-04 4.899E-04 5.103E-04 5.478E-04 5.809E-04 6.379E-04 6.728E-04 6.860E-04 6.795E-04 6.142E-04 4.925E-04 5.014E-04 4.919E-04 4.821E-04 4.582E-04 4.405E-04 3.794E-04 3.004E-04 2.285E-04 1.739E-04 1.548E-04 1.422E-04 1.119E-04 2.927E-05 1.235E-05 1.448E-05 2.965E-05 1.208E-04 1.498E-04 1.679E-04 1.606E-04 1.559E-04 1.110E-04 9.827E-05 7.604E-05 5.558E-05 7.468E-05 3.790E-05 2.583E-05 2.285E-05 1.641E-05 1.568E-05 2.449E-05 3.203E-05 2.971E-05 2.841E-05 2.792E-05 2.418E-05 1.523E-05 1.141E-05 7.123E-06 4.331E-06
  3.600E+01  7.725E-05 1.087E-04 1.645E-04 2.144E-04 2.758E-04 3.060E-04 3.513E-04 3.819E-04 3.997E-04 4.237E-04 4.424E-04 4.611E-04 4.922E-04 5.218E-04 5.700E-04 5.996E-04 6.111E-04 6.057E-04 5.477E-04 4.398E-04 4.486E-04 4.410E-04 4.327E-04 4.117E-04 3.967E-04 3.429E-04 2.718E-04 2.070E-04 1.578E-04 1.406E-04 1.293E-04 1.026E-04 2.657E-05 1.123E-05 1.326E-05 2.731E-05 1.135E-04 1.419E-04 1.602E-04 1.533E-04 1.487E-04 1.051E-04 9.289E-05 7.193E-05 5.268E-05 7.115E-05 3.587E-05 2.445E-05 2.163E-05 1.558E-05 1.492E-05 2.344E-05 3.078E-05 2.864E-05 2.745E-05 2.704E-05 2.347E-05 1.477E-05 1.107E-05 6.921E-06 4.213E-06
  3.800E+01  7.013E-05 9.906E-05 1.504E-04 1.960E-04 2.522E-04 2.794E-04 3.203E-04 3.478E-04 3.634E-04 3.846E-04 4.008E-04 4.176E-04 4.441E-04 4.699E-04 5.108E-04 5.357E-04 5.456E-04 5.409E-04 4.890E-04 3.931E-04 4.016E-04 3.956E-04 3.885E-04 3.701E-04 3.573E-04 3.099E-04 2.459E-04 1.875E-04 1.432E-04 1.277E-04 1.175E-04 9.399E-05 2.412E-05 1.021E-05 1.214E-05 2.514E-05 1.065E-04 1.342E-04 1.528E-04 1.463E-04 1.417E-04 9.932E-05 8.772E-05 6.796E-05 4.987E-05 6.771E-05 3.391E-05 2.311E-05 2.045E-05 1.477E-05 1.418E-05 2.240E-05 2.955E-05 2.758E-05 2.650E-05 2.616E-05 2.275E-05 1.432E-05 1.073E-05 6.716E-06 4.093E-06
  4.000E+01  6.396E-05 9.054E-05 1.379E-04 1.796E-04 2.313E-04 2.555E-04 2.932E-04 3.174E-04 3.312E-04 3.500E-04 3.641E-04 3.787E-04 4.022E-04 4.241E-04 4.588E-04 4.798E-04 4.882E-04 4.839E-04 4.371E-04 3.517E-04 3.599E-04 3.551E-04 3.490E-04 3.327E-04 3.219E-04 2.800E-04 2.224E-04 1.699E-04 1.299E-04 1.159E-04 1.068E-04 8.611E-05 2.190E-05 9.290E-06 1.112E-05 2.314E-05 9.996E-05 1.269E-04 1.456E-04 1.395E-04 1.349E-04 9.379E-05 8.275E-05 6.416E-05 4.717E-05 6.437E-05 3.203E-05 2.182E-05 1.931E-05 1.399E-05 1.347E-05 2.139E-05 2.833E-05 2.654E-05 2.555E-05 2.528E-05 2.203E-05 1.386E-05 1.038E-05 6.510E-06 3.971E-06
  4.200E+01  5.855E-05 8.299E-05 1.266E-04 1.650E-04 2.124E-04 2.342E-04 2.687E-04 2.898E-04 3.025E-04 3.192E-04 3.313E-04 3.444E-04 3.649E-04 3.837E-04 4.132E-04 4.308E-04 4.377E-04 4.336E-04 3.913E-04 3.150E-04 3.228E-04 3.189E-04 3.137E-04 2.994E-04 2.902E-04 2.532E-04 2.013E-04 1.539E-04 1.179E-04 1.052E-04 9.704E-05 7.886E-05 1.989E-05 8.451E-06 1.018E-05 2.130E-05 9.373E-05 1.199E-04 1.388E-04 1.331E-04 1.285E-04 8.850E-05 7.799E-05 6.052E-05 4.458E-05 6.114E-05 3.021E-05 2.058E-05 1.822E-05 1.324E-05 1.277E-05 2.040E-05 2.713E-05 2.551E-05 2.462E-05 2.441E-05 2.131E-05 1.340E-05 1.004E-05 6.303E-06 3.850E-06
  4.400E+01  5.375E-05 7.630E-05 1.164E-04 1.515E-04 1.945E-04 2.147E-04 2.454E-04 2.660E-04 2.765E-04 2.915E-04 3.027E-04 3.137E-04 3.312E-04 3.481E-04 3.730E-04 3.877E-04 3.932E-04 3.893E-04 3.509E-04 2.825E-04 2.898E-04 2.867E-04 2.823E-04 2.695E-04 2.617E-04 2.290E-04 1.822E-04 1.394E-04 1.070E-04 9.554E-05 8.819E-05 7.222E-05 1.807E-05 7.690E-06 9.327E-06 1.961E-05 8.787E-05 1.133E-04 1.323E-04 1.268E-04 1.222E-04 8.345E-05 7.345E-05 5.704E-05 4.210E-05 5.803E-05 2.848E-05 1.940E-05 1.717E-05 1.252E-05 1.211E-05 1.944E-05 2.597E-05 2.450E-05 2.370E-05 2.355E-05 2.060E-05 1.295E-05 9.697E-06 6.097E-06 3.728E-06
  4.600E+01  4.945E-05 7.027E-05 1.072E-04 1.393E-04 1.787E-04 1.971E-04 2.248E-04 2.440E-04 2.532E-04 2.666E-04 2.768E-04 2.862E-04 3.013E-04 3.162E-04 3.373E-04 3.497E-04 3.540E-04 3.501E-04 3.150E-04 2.536E-04 2.605E-04 2.581E-04 2.542E-04 2.429E-04 2.362E-04 2.072E-04 1.649E-04 1.264E-04 9.710E-05 8.677E-05 8.016E-05 6.614E-05 1.642E-05 7.002E-06 8.546E-06 1.805E-05 8.235E-05 1.071E-04 1.260E-04 1.209E-04 1.163E-04 7.865E-05 6.914E-05 5.374E-05 3.974E-05 5.504E-05 2.682E-05 1.827E-05 1.618E-05 1.183E-05 1.147E-05 1.852E-05 2.483E-05 2.351E-05 2.280E-05 2.270E-05 1.990E-05 1.250E-05 9.358E-06 5.892E-06 3.607E-06
  4.800E+01  4.560E-05 6.478E-05 9.881E-05 1.282E-04 1.646E-04 1.810E-04 2.066E-04 2.239E-04 2.326E-04 2.447E-04 2.533E-04 2.613E-04 2.749E-04 2.875E-04 3.055E-04 3.161E-04 3.193E-04 3.154E-04 2.833E-04 2.281E-04 2.344E-04 2.325E-04 2.292E-04 2.191E-04 2.134E-04 1.877E-04 1.494E-04 1.146E-04 8.819E-05 7.885E-05 7.289E-05 6.058E-05 1.493E-05 6.379E-06 7.834E-06 1.662E-05 7.716E-05 1.011E-04 1.201E-04 1.152E-04 1.106E-04 7.409E-05 6.504E-05 5.060E-05 3.750E-05 5.217E-05 2.525E-05 1.719E-05 1.523E-05 1.117E-05 1.085E-05 1.762E-05 2.372E-05 2.255E-05 2.192E-05 2.187E-05 1.920E-05 1.205E-05 9.023E-06 5.688E-06 3.486E-06
  5.000E+01  4.214E-05 5.980E-05 9.112E-05 1.182E-04 1.517E-04 1.665E-04 1.903E-04 2.055E-04 2.137E-04 2.246E-04 2.320E-04 2.388E-04 2.514E-04 2.618E-04 2.772E-04 2.862E-04 2.886E-04 2.847E-04 2.553E-04 2.054E-04 2.112E-04 2.098E-04 2.069E-04 1.978E-04 1.930E-04 1.701E-04 1.355E-04 1.040E-04 8.013E-05 7.168E-05 6.632E-05 5.551E-05 1.358E-05 5.816E-06 7.187E-06 1.531E-05 7.230E-05 9.553E-05 1.144E-04 1.099E-04 1.052E-04 6.976E-05 6.116E-05 4.763E-05 3.538E-05 4.943E-05 2.376E-05 1.618E-05 1.433E-05 1.054E-05 1.027E-05 1.676E-05 2.265E-05 2.161E-05 2.106E-05 2.106E-05 1.852E-05 1.161E-05 8.694E-06 5.487E-06 3.367E-06
  5.200E+01  3.898E-05 5.528E-05 8.414E-05 1.089E-04 1.399E-04 1.529E-04 1.747E-04 1.891E-04 1.966E-04 2.065E-04 2.129E-04 2.185E-04 2.299E-04 2.389E-04 2.521E-04 2.596E-04 2.614E-04 2.575E-04 2.303E-04 1.852E-04 1.906E-04 1.895E-04 1.870E-04 1.789E-04 1.747E-04 1.543E-04 1.230E-04 9.445E-05 7.286E-05 6.521E-05 6.037E-05 5.088E-05 1.237E-05 5.307E-06 6.597E-06 1.411E-05 6.775E-05 9.024E-05 1.090E-04 1.047E-04 1.001E-04 6.567E-05 5.749E-05 4.482E-05 3.336E-05 4.681E-05 2.234E-05 1.521E-05 1.348E-05 9.948E-06 9.712E-06 1.593E-05 2.162E-05 2.071E-05 2.023E-05 2.027E-05 1.785E-05 1.119E-05 8.371E-06 5.290E-06 3.250E-06
  5.400E+01  3.612E-05 5.115E-05 7.770E-05 1.005E-04 1.287E-04 1.410E-04 1.607E-04 1.741E-04 1.805E-04 1.895E-04 1.956E-04 2.007E-04 2.104E-04 2.187E-04 2.299E-04 2.360E-04 2.370E-04 2.333E-04 2.082E-04 1.673E-04 1.723E-04 1.715E-04 1.693E-04 1.619E-04 1.583E-04 1.401E-04 1.117E-04 8.585E-05 6.630E-05 5.936E-05 5.499E-05 4.665E-05 1.127E-05 4.847E-06 6.062E-06 1.301E-05 6.350E-05 8.526E-05 1.039E-04 9.986E-05 9.517E-05 6.181E-05 5.403E-05 4.217E-05 3.146E-05 4.432E-05 2.101E-05 1.431E-05 1.268E-05 9.385E-06 9.184E-06 1.514E-05 2.063E-05 1.983E-05 1.942E-05 1.950E-05 1.720E-05 1.077E-05 8.056E-06 5.096E-06 3.136E-06
  5.600E+01  3.351E-05 4.736E-05 7.178E-05 9.283E-05 1.185E-04 1.301E-04 1.481E-04 1.603E-04 1.658E-04 1.739E-04 1.798E-04 1.846E-04 1.929E-04 2.006E-04 2.101E-04 2.148E-04 2.154E-04 2.119E-04 1.886E-04 1.514E-04 1.560E-04 1.554E-04 1.534E-04 1.468E-04 1.437E-04 1.274E-04 1.016E-04 7.810E-05 6.038E-05 5.409E-05 5.014E-05 4.281E-05 1.028E-05 4.432E-06 5.576E-06 1.201E-05 5.953E-05 8.058E-05 9.912E-05 9.524E-05 9.053E-05 5.817E-05 5.078E-05 3.968E-05 2.967E-05 4.195E-05 1.975E-05 1.345E-05 1.193E-05 8.854E-06 8.684E-06 1.438E-05 1.968E-05 1.899E-05 1.865E-05 1.876E-05 1.656E-05 1.036E-05 7.749E-06 4.908E-06 3.023E-06
  5.800E+01  3.112E-05 4.391E-05 6.634E-05 8.578E-05 1.093E-04 1.202E-04 1.366E-04 1.476E-04 1.525E-04 1.599E-04 1.654E-04 1.700E-04 1.772E-04 1.842E-04 1.922E-04 1.960E-04 1.961E-04 1.928E-04 1.711E-04 1.373E-04 1.414E-04 1.410E-04 1.393E-04 1.333E-04 1.306E-04 1.160E-04 9.247E-05 7.113E-05 5.505E-05 4.933E-05 4.575E-05 3.930E-05 9.390E-06 4.057E-06 5.135E-06 1.110E-05 5.583E-05 7.618E-05 9.456E-05 9.086E-05 8.612E-05 5.475E-05 4.771E-05 3.733E-05 2.799E-05 3.970E-05 1.856E-05 1.265E-05 1.122E-05 8.353E-06 8.211E-06 1.366E-05 1.877E-05 1.819E-05 1.790E-05 1.804E-05 1.594E-05 9.969E-06 7.450E-06 4.724E-06 2.914E-06
  6.000E+01  2.893E-05 4.074E-05 6.147E-05 7.913E-05 1.012E-04 1.105E-04 1.260E-04 1.363E-04 1.412E-04 1.480E-04 1.525E-04 1.562E-04 1.631E-04 1.691E-04 1.760E-04 1.792E-04 1.790E-04 1.757E-04 1.556E-04 1.246E-04 1.285E-04 1.281E-04 1.266E-04 1.212E-04 1.189E-04 1.057E-04 8.428E-05 6.486E-05 5.024E-05 4.503E-05 4.179E-05 3.612E-05 8.585E-06 3.719E-06 4.735E-06 1.027E-05 5.239E-05 7.205E-05 9.024E-05 8.673E-05 8.195E-05 5.153E-05 4.484E-05 3.514E-05 2.641E-05 3.757E-05 1.745E-05 1.189E-05 1.055E-05 7.883E-06 7.766E-06 1.298E-05 1.789E-05 1.741E-05 1.718E-05 1.735E-05 1.534E-05 9.587E-06 7.162E-06 4.545E-06 2.808E-06
  6.200E+01  2.693E-05 3.781E-05 5.698E-05 7.309E-05 9.360E-05 1.019E-04 1.161E-04 1.259E-04 1.309E-04 1.372E-04 1.408E-04 1.437E-04 1.501E-04 1.554E-04 1.615E-04 1.642E-04 1.637E-04 1.604E-04 1.417E-04 1.134E-04 1.169E-04 1.167E-04 1.154E-04 1.104E-04 1.084E-04 9.651E-05 7.692E-05 5.921E-05 4.590E-05 4.116E-05 3.821E-05 3.322E-05 7.860E-06 3.414E-06 4.373E-06 9.514E-06 4.919E-05 6.818E-05 8.617E-05 8.282E-05 7.801E-05 4.852E-05 4.215E-05 3.308E-05 2.493E-05 3.556E-05 1.641E-05 1.119E-05 9.929E-06 7.442E-06 7.348E-06 1.233E-05 1.707E-05 1.668E-05 1.649E-05 1.669E-05 1.477E-05 9.220E-06 6.883E-06 4.372E-06 2.706E-06
  6.400E+01  2.509E-05 3.513E-05 5.280E-05 6.761E-05 8.651E-05 9.414E-05 1.072E-04 1.164E-04 1.211E-04 1.268E-04 1.301E-04 1.326E-04 1.384E-04 1.431E-04 1.484E-04 1.507E-04 1.499E-04 1.468E-04 1.293E-04 1.034E-04 1.066E-04 1.064E-04 1.053E-04 1.007E-04 9.897E-05 8.824E-05 7.031E-05 5.412E-05 4.199E-05 3.767E-05 3.499E-05 3.058E-05 7.206E-06 3.139E-06 4.046E-06 8.826E-06 4.622E-05 6.456E-05 8.233E-05 7.913E-05 7.429E-05 4.569E-05 3.963E-05 3.115E-05 2.355E-05 3.367E-05 1.543E-05 1.053E-05 9.349E-06 7.029E-06 6.956E-06 1.172E-05 1.628E-05 1.598E-05 1.584E-05 1.606E-05 1.421E-05 8.867E-06 6.615E-06 4.206E-06 2.607E-06
  6.600E+01  2.340E-05 3.268E-05 4.891E-05 6.265E-05 7.993E-05 8.722E-05 9.932E-05 1.076E-04 1.117E-04 1.170E-04 1.202E-04 1.227E-04 1.279E-04 1.321E-04 1.367E-04 1.385E-04 1.377E-04 1.346E-04 1.183E-04 9.439E-05 9.736E-05 9.728E-05 9.621E-05 9.209E-05 9.053E-05 8.080E-05 6.436E-05 4.955E-05 3.846E-05 3.451E-05 3.207E-05 2.819E-05 6.618E-06 2.891E-06 3.749E-06 8.201E-06 4.346E-05 6.117E-05 7.871E-05 7.564E-05 7.077E-05 4.304E-05 3.727E-05 2.935E-05 2.226E-05 3.188E-05 1.452E-05 9.911E-06 8.807E-06 6.644E-06 6.589E-06 1.114E-05 1.553E-05 1.531E-05 1.521E-05 1.545E-05 1.368E-05 8.528E-06 6.358E-06 4.046E-06 2.513E-06
  6.800E+01  2.185E-05 3.042E-05 4.538E-05 5.805E-05 7.407E-05 8.079E-05 9.214E-05 9.953E-05 1.033E-04 1.082E-04 1.112E-04 1.136E-04 1.185E-04 1.222E-04 1.261E-04 1.275E-04 1.266E-04 1.237E-04 1.084E-04 8.638E-05 8.911E-05 8.907E-05 8.812E-05 8.433E-05 8.297E-05 7.411E-05 5.901E-05 4.542E-05 3.528E-05 3.167E-05 2.944E-05 2.602E-05 6.088E-06 2.669E-06 3.482E-06 7.633E-06 4.090E-05 5.800E-05 7.530E-05 7.236E-05 6.745E-05 4.057E-05 3.507E-05 2.768E-05 2.106E-05 3.020E-05 1.367E-05 9.338E-06 8.304E-06 6.285E-06 6.247E-06 1.060E-05 1.482E-05 1.468E-05 1.462E-05 1.488E-05 1.317E-05 8.205E-06 6.113E-06 3.893E-06 2.422E-06
  7.000E+01  2.043E-05 2.833E-05 4.214E-05 5.386E-05 6.878E-05 7.492E-05 8.565E-05 9.202E-05 9.589E-05 1.004E-04 1.029E-04 1.053E-04 1.099E-04 1.131E-04 1.166E-04 1.177E-04 1.167E-04 1.139E-04 9.958E-05 7.921E-05 8.172E-05 8.173E-05 8.086E-05 7.738E-05 7.618E-05 6.810E-05 5.419E-05 4.171E-05 3.242E-05 2.911E-05 2.707E-05 2.404E-05 5.611E-06 2.468E-06 3.240E-06 7.118E-06 3.853E-05 5.504E-05 7.210E-05 6.928E-05 6.433E-05 3.826E-05 3.302E-05 2.612E-05 1.994E-05 2.863E-05 1.288E-05 8.807E-06 7.837E-06 5.952E-06 5.929E-06 1.009E-05 1.416E-05 1.409E-05 1.407E-05 1.434E-05 1.269E-05 7.897E-06 5.879E-06 3.748E-06 2.336E-06
  7.200E+01  1.913E-05 2.642E-05 3.914E-05 4.994E-05 6.374E-05 6.938E-05 7.921E-05 8.554E-05 8.908E-05 9.328E-05 9.566E-05 9.762E-05 1.019E-04 1.049E-04 1.079E-04 1.089E-04 1.078E-04 1.051E-04 9.167E-05 7.278E-05 7.510E-05 7.514E-05 7.436E-05 7.115E-05 7.009E-05 6.269E-05 4.986E-05 3.837E-05 2.983E-05 2.679E-05 2.493E-05 2.225E-05 5.182E-06 2.288E-06 3.022E-06 6.653E-06 3.634E-05 5.228E-05 6.909E-05 6.638E-05 6.139E-05 3.611E-05 3.111E-05 2.466E-05 1.890E-05 2.715E-05 1.215E-05 8.315E-06 7.404E-06 5.643E-06 5.634E-06 9.619E-06 1.353E-05 1.353E-05 1.354E-05 1.383E-05 1.223E-05 7.606E-06 5.657E-06 3.609E-06 2.255E-06
  7.400E+01  1.793E-05 2.467E-05 3.640E-05 4.631E-05 5.911E-05 6.425E-05 7.327E-05 7.962E-05 8.294E-05 8.689E-05 8.903E-05 9.056E-05 9.444E-05 9.732E-05 1.001E-04 1.009E-04 9.981E-05 9.716E-05 8.457E-05 6.703E-05 6.917E-05 6.923E-05 6.852E-05 6.555E-05 6.461E-05 5.783E-05 4.596E-05 3.536E-05 2.750E-05 2.471E-05 2.300E-05 2.063E-05 4.796E-06 2.126E-06 2.826E-06 6.231E-06 3.432E-05 4.971E-05 6.626E-05 6.365E-05 5.863E-05 3.411E-05 2.934E-05 2.332E-05 1.794E-05 2.577E-05 1.147E-05 7.860E-06 7.005E-06 5.358E-06 5.361E-06 9.177E-06 1.294E-05 1.300E-05 1.305E-05 1.334E-05 1.179E-05 7.330E-06 5.448E-06 3.478E-06 2.178E-06
  7.600E+01  1.683E-05 2.306E-05 3.393E-05 4.297E-05 5.487E-05 5.960E-05 6.793E-05 7.399E-05 7.732E-05 8.102E-05 8.283E-05 8.423E-05 8.775E-05 9.051E-05 9.305E-05 9.373E-05 9.257E-05 9.006E-05 7.821E-05 6.186E-05 6.385E-05 6.392E-05 6.328E-05 6.053E-05 5.969E-05 5.345E-05 4.245E-05 3.265E-05 2.540E-05 2.283E-05 2.126E-05 1.916E-05 4.450E-06 1.981E-06 2.650E-06 5.851E-06 3.245E-05 4.731E-05 6.361E-05 6.110E-05 5.603E-05 3.224E-05 2.769E-05 2.207E-05 1.705E-05 2.448E-05 1.085E-05 7.440E-06 6.636E-06 5.095E-06 5.108E-06 8.765E-06 1.240E-05 1.251E-05 1.259E-05 1.289E-05 1.138E-05 7.071E-06 5.250E-06 3.354E-06 2.105E-06
  7.800E+01  1.581E-05 2.157E-05 3.164E-05 3.998E-05 5.111E-05 5.546E-05 6.338E-05 6.872E-05 7.199E-05 7.543E-05 7.709E-05 7.855E-05 8.186E-05 8.437E-05 8.667E-05 8.718E-05 8.604E-05 8.368E-05 7.249E-05 5.723E-05 5.907E-05 5.916E-05 5.857E-05 5.602E-05 5.527E-05 4.951E-05 3.929E-05 3.020E-05 2.351E-05 2.113E-05 1.969E-05 1.782E-05 4.139E-06 1.851E-06 2.491E-06 5.507E-06 3.073E-05 4.509E-05 6.113E-05 5.870E-05 5.359E-05 3.051E-05 2.616E-05 2.091E-05 1.623E-05 2.328E-05 1.027E-05 7.054E-06 6.298E-06 4.854E-06 4.877E-06 8.384E-06 1.188E-05 1.206E-05 1.216E-05 1.247E-05 1.100E-05 6.828E-06 5.065E-06 3.238E-06 2.038E-06
  8.000E+01  1.488E-05 2.022E-05 2.946E-05 3.728E-05 4.748E-05 5.175E-05 5.916E-05 6.394E-05 6.672E-05 6.993E-05 7.177E-05 7.344E-05 7.645E-05 7.887E-05 8.096E-05 8.122E-05 8.013E-05 7.794E-05 6.735E-05 5.306E-05 5.478E-05 5.488E-05 5.434E-05 5.196E-05 5.129E-05 4.596E-05 3.644E-05 2.800E-05 2.181E-05 1.961E-05 1.827E-05 1.662E-05 3.860E-06 1.734E-06 2.349E-06 5.198E-06 2.914E-05 4.301E-05 5.880E-05 5.646E-05 5.130E-05 2.891E-05 2.475E-05 1.985E-05 1.548E-05 2.216E-05 9.733E-06 6.699E-06 5.988E-06 4.633E-06 4.664E-06 8.032E-06 1.141E-05 1.163E-05 1.176E-05 1.208E-05 1.064E-05 6.601E-06 4.892E-06 3.129E-06 1.975E-06
  8.200E+01  1.403E-05 1.898E-05 2.746E-05 3.475E-05 4.401E-05 4.826E-05 5.496E-05 5.974E-05 6.197E-05 6.498E-05 6.702E-05 6.874E-05 7.133E-05 7.389E-05 7.579E-05 7.585E-05 7.480E-05 7.276E-05 6.273E-05 4.931E-05 5.092E-05 5.103E-05 5.053E-05 4.832E-05 4.772E-05 4.276E-05 3.388E-05 2.602E-05 2.027E-05 1.823E-05 1.700E-05 1.552E-05 3.611E-06 1.630E-06 2.222E-06 4.920E-06 2.768E-05 4.109E-05 5.663E-05 5.436E-05 4.916E-05 2.742E-05 2.344E-05 1.886E-05 1.478E-05 2.111E-05 9.243E-06 6.375E-06 5.704E-06 4.431E-06 4.470E-06 7.707E-06 1.096E-05 1.124E-05 1.139E-05 1.172E-05 1.030E-05 6.390E-06 4.731E-06 3.029E-06 1.917E-06
  8.400E+01  1.325E-05 1.784E-05 2.569E-05 3.239E-05 4.095E-05 4.498E-05 5.115E-05 5.580E-05 5.790E-05 6.074E-05 6.272E-05 6.436E-05 6.670E-05 6.923E-05 7.100E-05 7.104E-05 7.002E-05 6.807E-05 5.857E-05 4.595E-05 4.746E-05 4.757E-05 4.711E-05 4.504E-05 4.450E-05 3.988E-05 3.157E-05 2.424E-05 1.889E-05 1.699E-05 1.585E-05 1.454E-05 3.387E-06 1.537E-06 2.108E-06 4.671E-06 2.634E-05 3.931E-05 5.461E-05 5.241E-05 4.715E-05 2.604E-05 2.223E-05 1.796E-05 1.415E-05 2.015E-05 8.794E-06 6.078E-06 5.445E-06 4.247E-06 4.294E-06 7.409E-06 1.056E-05 1.088E-05 1.105E-05 1.139E-05 9.991E-06 6.194E-06 4.582E-06 2.935E-06 1.864E-06
  8.600E+01  1.252E-05 1.679E-05 2.409E-05 3.021E-05 3.832E-05 4.192E-05 4.780E-05 5.220E-05 5.440E-05 5.711E-05 5.885E-05 6.016E-05 6.262E-05 6.481E-05 6.654E-05 6.673E-05 6.573E-05 6.381E-05 5.483E-05 4.291E-05 4.434E-05 4.446E-05 4.403E-05 4.209E-05 4.160E-05 3.729E-05 2.949E-05 2.263E-05 1.764E-05 1.588E-05 1.482E-05 1.364E-05 3.188E-06 1.454E-06 2.007E-06 4.447E-06 2.511E-05 3.765E-05 5.272E-05 5.059E-05 4.527E-05 2.476E-05 2.111E-05 1.713E-05 1.357E-05 1.925E-05 8.384E-06 5.809E-06 5.210E-06 4.081E-06 4.134E-06 7.137E-06 1.018E-05 1.055E-05 1.074E-05 1.108E-05 9.704E-06 6.015E-06 4.445E-06 2.850E-06 1.815E-06
  8.800E+01  1.187E-05 1.582E-05 2.258E-05 2.827E-05 3.591E-05 3.913E-05 4.474E-05 4.887E-05 5.124E-05 5.384E-05 5.528E-05 5.626E-05 5.891E-05 6.073E-05 6.248E-05 6.284E-05 6.187E-05 5.997E-05 5.146E-05 4.018E-05 4.153E-05 4.165E-05 4.126E-05 3.944E-05 3.900E-05 3.496E-05 2.762E-05 2.118E-05 1.652E-05 1.487E-05 1.389E-05 1.284E-05 3.010E-06 1.380E-06 1.916E-06 4.247E-06 2.398E-05 3.612E-05 5.097E-05 4.889E-05 4.352E-05 2.359E-05 2.009E-05 1.636E-05 1.304E-05 1.843E-05 8.009E-06 5.564E-06 4.998E-06 3.931E-06 3.990E-06 6.889E-06 9.836E-06 1.025E-05 1.046E-05 1.080E-05 9.440E-06 5.851E-06 4.320E-06 2.771E-06 1.772E-06
  9.000E+01  1.128E-05 1.494E-05 2.116E-05 2.651E-05 3.351E-05 3.665E-05 4.181E-05 4.589E-05 4.809E-05 5.058E-05 5.203E-05 5.286E-05 5.540E-05 5.717E-05 5.888E-05 5.930E-05 5.835E-05 5.652E-05 4.843E-05 3.773E-05 3.901E-05 3.914E-05 3.876E-05 3.705E-05 3.666E-05 3.286E-05 2.594E-05 1.988E-05 1.551E-05 1.397E-05 1.305E-05 1.211E-05 2.851E-06 1.314E-06 1.836E-06 4.069E-06 2.295E-05 3.470E-05 4.934E-05 4.732E-05 4.188E-05 2.250E-05 1.914E-05 1.566E-05 1.256E-05 1.766E-05 7.669E-06 5.344E-06 4.806E-06 3.796E-06 3.861E-06 6.665E-06 9.522E-06 9.983E-06 1.020E-05 1.055E-05 9.201E-06 5.703E-06 4.206E-06 2.700E-06 1.733E-06
  9.200E+01  1.072E-05 1.415E-05 1.988E-05 2.488E-05 3.123E-05 3.446E-05 3.917E-05 4.320E-05 4.498E-05 4.735E-05 4.903E-05 4.998E-05 5.221E-05 5.409E-05 5.572E-05 5.604E-05 5.516E-05 5.344E-05 4.570E-05 3.552E-05 3.674E-05 3.687E-05 3.652E-05 3.491E-05 3.456E-05 3.098E-05 2.443E-05 1.871E-05 1.461E-05 1.316E-05 1.230E-05 1.146E-05 2.711E-06 1.256E-06 1.765E-06 3.911E-06 2.201E-05 3.340E-05 4.784E-05 4.586E-05 4.035E-05 2.150E-05 1.827E-05 1.503E-05 1.213E-05 1.696E-05 7.361E-06 5.145E-06 4.634E-06 3.676E-06 3.747E-06 6.463E-06 9.236E-06 9.739E-06 9.977E-06 1.033E-05 8.984E-06 5.569E-06 4.104E-06 2.637E-06 1.698E-06
  9.400E+01  1.022E-05 1.341E-05 1.872E-05 2.344E-05 2.932E-05 3.253E-05 3.702E-05 4.046E-05 4.215E-05 4.440E-05 4.605E-05 4.748E-05 4.946E-05 5.139E-05 5.290E-05 5.305E-05 5.228E-05 5.068E-05 4.325E-05 3.352E-05 3.470E-05 3.484E-05 3.451E-05 3.299E-05 3.267E-05 2.928E-05 2.307E-05 1.766E-05 1.380E-05 1.244E-05 1.163E-05 1.087E-05 2.586E-06 1.204E-06 1.702E-06 3.771E-06 2.115E-05 3.219E-05 4.645E-05 4.452E-05 3.894E-05 2.058E-05 1.748E-05 1.445E-05 1.173E-05 1.632E-05 7.084E-06 4.967E-06 4.480E-06 3.570E-06 3.645E-06 6.283E-06 8.979E-06 9.521E-06 9.775E-06 1.013E-05 8.791E-06 5.450E-06 4.012E-06 2.580E-06 1.668E-06
  9.600E+01  9.773E-06 1.271E-05 1.764E-05 2.218E-05 2.768E-05 3.081E-05 3.518E-05 3.783E-05 3.965E-05 4.180E-05 4.326E-05 4.516E-05 4.703E-05 4.891E-05 5.035E-05 5.034E-05 4.970E-05 4.820E-05 4.105E-05 3.173E-05 3.287E-05 3.301E-05 3.270E-05 3.127E-05 3.098E-05 2.776E-05 2.185E-05 1.672E-05 1.307E-05 1.178E-05 1.103E-05 1.035E-05 2.475E-06 1.159E-06 1.646E-06 3.647E-06 2.036E-05 3.108E-05 4.516E-05 4.328E-05 3.762E-05 1.974E-05 1.675E-05 1.392E-05 1.138E-05 1.573E-05 6.834E-06 4.809E-06 4.344E-06 3.477E-06 3.556E-06 6.122E-06 8.748E-06 9.329E-06 9.599E-06 9.963E-06 8.619E-06 5.345E-06 3.931E-06 2.530E-06 1.643E-06
  9.800E+01  9.363E-06 1.209E-05 1.665E-05 2.100E-05 2.609E-05 2.917E-05 3.326E-05 3.570E-05 3.743E-05 3.951E-05 4.094E-05 4.291E-05 4.467E-05 4.658E-05 4.802E-05 4.796E-05 4.738E-05 4.596E-05 3.908E-05 3.012E-05 3.123E-05 3.137E-05 3.108E-05 2.973E-05 2.947E-05 2.640E-05 2.076E-05 1.588E-05 1.241E-05 1.120E-05 1.049E-05 9.873E-06 2.378E-06 1.119E-06 1.598E-06 3.538E-06 1.965E-05 3.005E-05 4.399E-05 4.215E-05 3.640E-05 1.896E-05 1.608E-05 1.344E-05 1.107E-05 1.519E-05 6.611E-06 4.669E-06 4.224E-06 3.395E-06 3.479E-06 5.981E-06 8.542E-06 9.161E-06 9.446E-06 9.815E-06 8.468E-06 5.254E-06 3.861E-06 2.487E-06 1.621E-06
  1.000E+02  8.981E-06 1.154E-05 1.576E-05 1.984E-05 2.454E-05 2.752E-05 3.128E-05 3.407E-05 3.548E-05 3.751E-05 3.908E-05 4.069E-05 4.244E-05 4.435E-05 4.585E-05 4.589E-05 4.531E-05 4.396E-05 3.732E-05 2.868E-05 2.976E-05 2.991E-05 2.963E-05 2.835E-05 2.812E-05 2.518E-05 1.979E-05 1.513E-05 1.183E-05 1.068E-05 1.001E-05 9.450E-06 2.292E-06 1.084E-06 1.555E-06 3.443E-06 1.900E-05 2.912E-05 4.291E-05 4.111E-05 3.527E-05 1.826E-05 1.548E-05 1.301E-05 1.079E-05 1.470E-05 6.412E-06 4.545E-06 4.119E-06 3.325E-06 3.413E-06 5.857E-06 8.360E-06 9.017E-06 9.316E-06 9.690E-06 8.339E-06 5.176E-06 3.801E-06 2.451E-06 1.604E-06
  1.020E+02  8.628E-06 1.104E-05 1.500E-05 1.874E-05 2.321E-05 2.595E-05 2.947E-05 3.253E-05 3.392E-05 3.590E-05 3.743E-05 3.863E-05 4.045E-05 4.228E-05 4.387E-05 4.408E-05 4.348E-05 4.216E-05 3.575E-05 2.739E-05 2.845E-05 2.860E-05 2.834E-05 2.712E-05 2.691E-05 2.410E-05 1.892E-05 1.445E-05 1.131E-05 1.022E-05 9.587E-06 9.073E-06 2.218E-06 1.054E-06 1.519E-06 3.360E-06 1.842E-05 2.825E-05 4.194E-05 4.016E-05 3.422E-05 1.761E-05 1.493E-05 1.262E-05 1.055E-05 1.425E-05 6.237E-06 4.438E-06 4.028E-06 3.266E-06 3.357E-06 5.751E-06 8.201E-06 8.894E-06 9.208E-06 9.587E-06 8.230E-06 5.110E-06 3.750E-06 2.420E-06 1.591E-06
  1.040E+02  8.308E-06 1.057E-05 1.435E-05 1.777E-05 2.219E-05 2.455E-05 2.810E-05 3.097E-05 3.257E-05 3.449E-05 3.585E-05 3.681E-05 3.884E-05 4.043E-05 4.208E-05 4.246E-05 4.187E-05 4.055E-05 3.436E-05 2.623E-05 2.728E-05 2.743E-05 2.719E-05 2.603E-05 2.585E-05 2.314E-05 1.814E-05 1.385E-05 1.085E-05 9.807E-06 9.209E-06 8.738E-06 2.152E-06 1.028E-06 1.487E-06 3.288E-06 1.789E-05 2.747E-05 4.105E-05 3.931E-05 3.327E-05 1.702E-05 1.443E-05 1.228E-05 1.033E-05 1.385E-05 6.083E-06 4.346E-06 3.951E-06 3.216E-06 3.311E-06 5.661E-06 8.063E-06 8.793E-06 9.121E-06 9.506E-06 8.140E-06 5.057E-06 3.709E-06 2.396E-06 1.582E-06
  1.060E+02  8.025E-06 1.013E-05 1.372E-05 1.698E-05 2.129E-05 2.346E-05 2.710E-05 2.947E-05 3.117E-05 3.302E-05 3.430E-05 3.535E-05 3.753E-05 3.889E-05 4.055E-05 4.099E-05 4.047E-05 3.915E-05 3.313E-05 2.520E-05 2.624E-05 2.640E-05 2.617E-05 2.506E-05 2.491E-05 2.229E-05 1.746E-05 1.332E-05 1.044E-05 9.442E-06 8.875E-06 8.441E-06 2.096E-06 1.005E-06 1.460E-06 3.227E-06 1.742E-05 2.675E-05 4.026E-05 3.854E-05 3.239E-05 1.648E-05 1.397E-05 1.197E-05 1.014E-05 1.348E-05 5.949E-06 4.267E-06 3.885E-06 3.175E-06 3.274E-06 5.585E-06 7.946E-06 8.711E-06 9.054E-06 9.445E-06 8.068E-06 5.016E-06 3.676E-06 2.378E-06 1.576E-06
  1.080E+02  7.777E-06 9.742E-06 1.309E-05 1.634E-05 2.037E-05 2.265E-05 2.618E-05 2.800E-05 2.978E-05 3.160E-05 3.276E-05 3.425E-05 3.637E-05 3.768E-05 3.929E-05 3.967E-05 3.924E-05 3.795E-05 3.206E-05 2.428E-05 2.533E-05 2.550E-05 2.527E-05 2.422E-05 2.408E-05 2.154E-05 1.686E-05 1.285E-05 1.008E-05 9.120E-06 8.581E-06 8.179E-06 2.048E-06 9.858E-07 1.436E-06 3.175E-06 1.699E-05 2.610E-05 3.955E-05 3.786E-05 3.158E-05 1.599E-05 1.356E-05 1.169E-05 9.984E-06 1.316E-05 5.833E-06 4.201E-06 3.830E-06 3.142E-06 3.245E-06 5.524E-06 7.849E-06 8.649E-06 9.006E-06 9.404E-06 8.015E-06 4.987E-06 3.652E-06 2.365E-06 1.574E-06
  1.100E+02  7.541E-06 9.414E-06 1.254E-05 1.572E-05 1.947E-05 2.186E-05 2.520E-05 2.676E-05 2.864E-05 3.044E-05 3.145E-05 3.327E-05 3.528E-05 3.665E-05 3.823E-05 3.855E-05 3.819E-05 3.692E-05 3.112E-05 2.348E-05 2.452E-05 2.470E-05 2.449E-05 2.348E-05 2.337E-05 2.089E-05 1.633E-05 1.244E-05 9.760E-06 8.837E-06 8.324E-06 7.948E-06 2.006E-06 9.694E-07 1.417E-06 3.131E-06 1.661E-05 2.551E-05 3.892E-05 3.725E-05 3.085E-05 1.555E-05 1.320E-05 1.145E-05 9.849E-06 1.287E-05 5.735E-06 4.146E-06 3.786E-06 3.118E-06 3.224E-06 5.476E-06 7.769E-06 8.604E-06 8.976E-06 9.381E-06 7.978E-06 4.967E-06 3.637E-06 2.358E-06 1.575E-06
  1.120E+02  7.327E-06 9.128E-06 1.208E-05 1.508E-05 1.866E-05 2.099E-05 2.416E-05 2.597E-05 2.781E-05 2.961E-05 3.057E-05 3.222E-05 3.422E-05 3.565E-05 3.729E-05 3.764E-05 3.731E-05 3.605E-05 3.033E-05 2.277E-05 2.383E-05 2.402E-05 2.381E-05 2.284E-05 2.275E-05 2.033E-05 1.587E-05 1.208E-05 9.482E-06 8.589E-06 8.100E-06 7.746E-06 1.971E-06 9.557E-07 1.401E-06 3.094E-06 1.628E-05 2.498E-05 3.838E-05 3.673E-05 3.019E-05 1.515E-05 1.287E-05 1.124E-05 9.737E-06 1.261E-05 5.652E-06 4.103E-06 3.752E-06 3.100E-06 3.210E-06 5.440E-06 7.707E-06 8.576E-06 8.963E-06 9.376E-06 7.958E-06 4.958E-06 3.629E-06 2.355E-06 1.579E-06
  1.140E+02  7.130E-06 8.864E-06 1.174E-05 1.445E-05 1.801E-05 2.010E-05 2.316E-05 2.540E-05 2.719E-05 2.898E-05 2.995E-05 3.121E-05 3.328E-05 3.476E-05 3.650E-05 3.694E-05 3.658E-05 3.534E-05 2.967E-05 2.215E-05 2.323E-05 2.343E-05 2.323E-05 2.230E-05 2.223E-05 1.985E-05 1.548E-05 1.177E-05 9.240E-06 8.375E-06 7.908E-06 7.571E-06 1.942E-06 9.443E-07 1.387E-06 3.065E-06 1.598E-05 2.450E-05 3.791E-05 3.627E-05 2.960E-05 1.479E-05 1.257E-05 1.106E-05 9.645E-06 1.239E-05 5.585E-06 4.069E-06 3.726E-06 3.089E-06 3.202E-06 5.416E-06 7.661E-06 8.564E-06 8.965E-06 9.387E-06 7.954E-06 4.959E-06 3.628E-06 2.357E-06 1.587E-06
  1.160E+02  6.968E-06 8.620E-06 1.139E-05 1.399E-05 1.750E-05 1.946E-05 2.249E-05 2.480E-05 2.654E-05 2.831E-05 2.935E-05 3.050E-05 3.262E-05 3.411E-05 3.592E-05 3.639E-05 3.602E-05 3.479E-05 2.913E-05 2.163E-05 2.273E-05 2.293E-05 2.274E-05 2.185E-05 2.180E-05 1.945E-05 1.514E-05 1.150E-05 9.032E-06 8.190E-06 7.743E-06 7.419E-06 1.919E-06 9.350E-07 1.377E-06 3.041E-06 1.571E-05 2.407E-05 3.751E-05 3.589E-05 2.908E-05 1.447E-05 1.231E-05 1.090E-05 9.574E-06 1.219E-05 5.530E-06 4.045E-06 3.709E-06 3.084E-06 3.201E-06 5.402E-06 7.629E-06 8.567E-06 8.983E-06 9.414E-06 7.964E-06 4.969E-06 3.634E-06 2.364E-06 1.597E-06
  1.180E+02  6.832E-06 8.390E-06 1.105E-05 1.371E-05 1.712E-05 1.913E-05 2.221E-05 2.411E-05 2.590E-05 2.767E-05 2.872E-05 3.012E-05 3.227E-05 3.372E-05 3.553E-05 3.597E-05 3.563E-05 3.439E-05 2.871E-05 2.118E-05 2.231E-05 2.253E-05 2.234E-05 2.148E-05 2.145E-05 1.912E-05 1.486E-05 1.127E-05 8.854E-06 8.033E-06 7.604E-06 7.290E-06 1.899E-06 9.277E-07 1.368E-06 3.023E-06 1.549E-05 2.369E-05 3.719E-05 3.557E-05 2.861E-05 1.418E-05 1.207E-05 1.077E-05 9.520E-06 1.202E-05 5.488E-06 4.029E-06 3.698E-06 3.085E-06 3.205E-06 5.397E-06 7.611E-06 8.584E-06 9.014E-06 9.455E-06 7.987E-06 4.987E-06 3.646E-06 2.375E-06 1.610E-06
  1.200E+02  6.712E-06 8.209E-06 1.075E-05 1.347E-05 1.678E-05 1.889E-05 2.199E-05 2.354E-05 2.544E-05 2.722E-05 2.822E-05 2.990E-05 3.208E-05 3.349E-05 3.530E-05 3.573E-05 3.541E-05 3.414E-05 2.841E-05 2.081E-05 2.198E-05 2.221E-05 2.202E-05 2.120E-05 2.118E-05 1.886E-05 1.463E-05 1.108E-05 8.705E-06 7.900E-06 7.488E-06 7.181E-06 1.885E-06 9.220E-07 1.362E-06 3.010E-06 1.529E-05 2.336E-05 3.693E-05 3.532E-05 2.821E-05 1.393E-05 1.187E-05 1.065E-05 9.483E-06 1.187E-05 5.458E-06 4.021E-06 3.695E-06 3.091E-06 3.213E-06 5.402E-06 7.607E-06 8.612E-06 9.058E-06 9.509E-06 8.023E-06 5.012E-06 3.664E-06 2.389E-06 1.625E-06
  1.220E+02  6.599E-06 8.060E-06 1.055E-05 1.320E-05 1.647E-05 1.859E-05 2.170E-05 2.334E-05 2.521E-05 2.702E-05 2.807E-05 2.970E-05 3.195E-05 3.336E-05 3.522E-05 3.569E-05 3.535E-05 3.404E-05 2.823E-05 2.051E-05 2.173E-05 2.197E-05 2.179E-05 2.099E-05 2.099E-05 1.866E-05 1.446E-05 1.092E-05 8.581E-06 7.791E-06 7.394E-06 7.090E-06 1.874E-06 9.179E-07 1.358E-06 3.001E-06 1.512E-05 2.307E-05 3.674E-05 3.513E-05 2.786E-05 1.370E-05 1.169E-05 1.056E-05 9.460E-06 1.175E-05 5.438E-06 4.019E-06 3.697E-06 3.101E-06 3.227E-06 5.415E-06 7.614E-06 8.653E-06 9.114E-06 9.575E-06 8.071E-06 5.045E-06 3.687E-06 2.408E-06 1.642E-06
  1.240E+02  6.499E-06 7.954E-06 1.042E-05 1.296E-05 1.623E-05 1.832E-05 2.141E-05 2.345E-05 2.524E-05 2.709E-05 2.824E-05 2.959E-05 3.192E-05 3.337E-05 3.531E-05 3.588E-05 3.546E-05 3.409E-05 2.816E-05 2.028E-05 2.155E-05 2.181E-05 2.163E-05 2.086E-05 2.087E-05 1.853E-05 1.432E-05 1.080E-05 8.482E-06 7.703E-06 7.320E-06 7.015E-06 1.866E-06 9.150E-07 1.355E-06 2.996E-06 1.498E-05 2.282E-05 3.660E-05 3.500E-05 2.757E-05 1.350E-05 1.153E-05 1.049E-05 9.452E-06 1.165E-05 5.427E-06 4.024E-06 3.705E-06 3.115E-06 3.244E-06 5.435E-06 7.632E-06 8.704E-06 9.180E-06 9.653E-06 8.130E-06 5.085E-06 3.716E-06 2.429E-06 1.661E-06
  1.260E+02  6.415E-06 7.858E-06 1.038E-05 1.277E-05 1.624E-05 1.812E-05 2.128E-05 2.361E-05 2.558E-05 2.746E-05 2.857E-05 2.963E-05 3.211E-05 3.356E-05 3.560E-05 3.627E-05 3.575E-05 3.430E-05 2.820E-05 2.012E-05 2.145E-05 2.172E-05 2.154E-05 2.079E-05 2.083E-05 1.846E-05 1.423E-05 1.071E-05 8.404E-06 7.634E-06 7.264E-06 6.955E-06 1.861E-06 9.133E-07 1.354E-06 2.994E-06 1.486E-05 2.261E-05 3.653E-05 3.493E-05 2.734E-05 1.332E-05 1.140E-05 1.044E-05 9.456E-06 1.157E-05 5.424E-06 4.034E-06 3.718E-06 3.132E-06 3.265E-06 5.461E-06 7.660E-06 8.765E-06 9.256E-06 9.741E-06 8.198E-06 5.130E-06 3.749E-06 2.453E-06 1.682E-06
  1.280E+02  6.362E-06 7.792E-06 1.034E-05 1.274E-05 1.636E-05 1.814E-05 2.140E-05 2.380E-05 2.598E-05 2.792E-05 2.898E-05 3.000E-05 3.255E-05 3.409E-05 3.616E-05 3.683E-05 3.622E-05 3.469E-05 2.837E-05 2.002E-05 2.142E-05 2.170E-05 2.152E-05 2.080E-05 2.085E-05 1.845E-05 1.418E-05 1.064E-05 8.346E-06 7.582E-06 7.225E-06 6.910E-06 1.859E-06 9.127E-07 1.354E-06 2.996E-06 1.476E-05 2.244E-05 3.651E-05 3.491E-05 2.715E-05 1.317E-05 1.128E-05 1.040E-05 9.471E-06 1.151E-05 5.430E-06 4.050E-06 3.735E-06 3.153E-06 3.289E-06 5.494E-06 7.696E-06 8.834E-06 9.341E-06 9.838E-06 8.276E-06 5.181E-06 3.785E-06 2.480E-06 1.705E-06
  1.300E+02  6.325E-06 7.759E-06 1.031E-05 1.285E-05 1.644E-05 1.848E-05 2.178E-05 2.411E-05 2.629E-05 2.831E-05 2.947E-05 3.083E-05 3.323E-05 3.501E-05 3.705E-05 3.757E-05 3.688E-05 3.527E-05 2.864E-05 1.998E-05 2.146E-05 2.176E-05 2.158E-05 2.088E-05 2.094E-05 1.849E-05 1.417E-05 1.060E-05 8.306E-06 7.547E-06 7.201E-06 6.876E-06 1.860E-06 9.129E-07 1.355E-06 3.000E-06 1.469E-05 2.231E-05 3.654E-05 3.494E-05 2.701E-05 1.304E-05 1.118E-05 1.037E-05 9.497E-06 1.146E-05 5.442E-06 4.070E-06 3.756E-06 3.176E-06 3.315E-06 5.531E-06 7.741E-06 8.911E-06 9.433E-06 9.943E-06 8.361E-06 5.237E-06 3.826E-06 2.509E-06 1.728E-06
  1.320E+02  6.322E-06 7.765E-06 1.030E-05 1.309E-05 1.659E-05 1.906E-05 2.234E-05 2.462E-05 2.671E-05 2.881E-05 3.017E-05 3.197E-05 3.420E-05 3.623E-05 3.821E-05 3.853E-05 3.776E-05 3.604E-05 2.904E-05 2.000E-05 2.156E-05 2.188E-05 2.170E-05 2.102E-05 2.110E-05 1.858E-05 1.419E-05 1.058E-05 8.283E-06 7.526E-06 7.192E-06 6.853E-06 1.862E-06 9.139E-07 1.357E-06 3.007E-06 1.463E-05 2.220E-05 3.663E-05 3.502E-05 2.692E-05 1.294E-05 1.110E-05 1.036E-05 9.531E-06 1.144E-05 5.460E-06 4.093E-06 3.780E-06 3.202E-06 3.344E-06 5.574E-06 7.793E-06 8.995E-06 9.532E-06 1.005E-05 8.453E-06 5.296E-06 3.869E-06 2.540E-06 1.753E-06
  1.340E+02  6.317E-06 7.825E-06 1.043E-05 1.332E-05 1.693E-05 1.959E-05 2.298E-05 2.563E-05 2.754E-05 2.976E-05 3.137E-05 3.317E-05 3.545E-05 3.763E-05 3.961E-05 3.980E-05 3.887E-05 3.699E-05 2.955E-05 2.006E-05 2.173E-05 2.207E-05 2.189E-05 2.122E-05 2.133E-05 1.872E-05 1.425E-05 1.059E-05 8.276E-06 7.519E-06 7.194E-06 6.841E-06 1.867E-06 9.156E-07 1.360E-06 3.015E-06 1.459E-05 2.213E-05 3.675E-05 3.514E-05 2.688E-05 1.285E-05 1.104E-05 1.036E-05 9.573E-06 1.142E-05 5.483E-06 4.120E-06 3.808E-06 3.230E-06 3.375E-06 5.620E-06 7.852E-06 9.084E-06 9.637E-06 1.017E-05 8.552E-06 5.359E-06 3.916E-06 2.573E-06 1.779E-06
  1.360E+02  6.348E-06 7.911E-06 1.068E-05 1.363E-05 1.751E-05 2.020E-05 2.380E-05 2.711E-05 2.887E-05 3.121E-05 3.313E-05 3.455E-05 3.704E-05 3.927E-05 4.128E-05 4.141E-05 4.024E-05 3.813E-05 3.019E-05 2.018E-05 2.197E-05 2.232E-05 2.213E-05 2.149E-05 2.161E-05 1.891E-05 1.434E-05 1.061E-05 8.282E-06 7.523E-06 7.208E-06 6.837E-06 1.873E-06 9.178E-07 1.363E-06 3.025E-06 1.457E-05 2.208E-05 3.692E-05 3.530E-05 2.688E-05 1.277E-05 1.099E-05 1.037E-05 9.622E-06 1.142E-05 5.511E-06 4.150E-06 3.837E-06 3.259E-06 3.407E-06 5.669E-06 7.915E-06 9.178E-06 9.746E-06 1.030E-05 8.655E-06 5.425E-06 3.964E-06 2.607E-06 1.806E-06
  1.380E+02  6.391E-06 8.059E-06 1.107E-05 1.409E-05 1.839E-05 2.107E-05 2.503E-05 2.880E-05 3.068E-05 3.317E-05 3.523E-05 3.635E-05 3.916E-05 4.131E-05 4.329E-05 4.334E-05 4.189E-05 3.949E-05 3.094E-05 2.033E-05 2.225E-05 2.263E-05 2.243E-05 2.181E-05 2.196E-05 1.915E-05 1.446E-05 1.065E-05 8.300E-06 7.538E-06 7.233E-06 6.841E-06 1.880E-06 9.205E-07 1.367E-06 3.037E-06 1.456E-05 2.207E-05 3.713E-05 3.549E-05 2.691E-05 1.272E-05 1.095E-05 1.039E-05 9.678E-06 1.144E-05 5.543E-06 4.182E-06 3.868E-06 3.289E-06 3.440E-06 5.721E-06 7.983E-06 9.276E-06 9.859E-06 1.042E-05 8.762E-06 5.494E-06 4.014E-06 2.642E-06 1.833E-06
  1.400E+02  6.478E-06 8.247E-06 1.156E-05 1.480E-05 1.968E-05 2.238E-05 2.691E-05 3.065E-05 3.293E-05 3.559E-05 3.756E-05 3.878E-05 4.192E-05 4.390E-05 4.576E-05 4.558E-05 4.384E-05 4.106E-05 3.180E-05 2.053E-05 2.259E-05 2.299E-05 2.278E-05 2.219E-05 2.236E-05 1.942E-05 1.460E-05 1.071E-05 8.329E-06 7.563E-06 7.266E-06 6.851E-06 1.889E-06 9.236E-07 1.372E-06 3.049E-06 1.457E-05 2.208E-05 3.737E-05 3.572E-05 2.698E-05 1.268E-05 1.093E-05 1.042E-05 9.738E-06 1.146E-05 5.579E-06 4.216E-06 3.901E-06 3.321E-06 3.475E-06 5.775E-06 8.055E-06 9.377E-06 9.974E-06 1.055E-05 8.872E-06 5.563E-06 4.065E-06 2.678E-06 1.860E-06
  1.420E+02  6.616E-06 8.527E-06 1.213E-05 1.584E-05 2.119E-05 2.427E-05 2.932E-05 3.304E-05 3.552E-05 3.839E-05 4.041E-05 4.205E-05 4.526E-05 4.724E-05 4.878E-05 4.816E-05 4.607E-05 4.287E-05 3.278E-05 2.074E-05 2.296E-05 2.340E-05 2.318E-05 2.261E-05 2.281E-05 1.973E-05 1.476E-05 1.078E-05 8.367E-06 7.595E-06 7.308E-06 6.868E-06 1.898E-06 9.270E-07 1.376E-06 3.063E-06 1.458E-05 2.211E-05 3.763E-05 3.597E-05 2.708E-05 1.266E-05 1.092E-05 1.045E-05 9.802E-06 1.149E-05 5.617E-06 4.251E-06 3.935E-06 3.353E-06 3.509E-06 5.831E-06 8.130E-06 9.479E-06 1.009E-05 1.068E-05 8.984E-06 5.634E-06 4.117E-06 2.714E-06 1.888E-06
  1.440E+02  6.799E-06 8.913E-06 1.288E-05 1.721E-05 2.301E-05 2.680E-05 3.227E-05 3.606E-05 3.867E-05 4.178E-05 4.393E-05 4.622E-05 4.921E-05 5.139E-05 5.241E-05 5.113E-05 4.860E-05 4.492E-05 3.384E-05 2.097E-05 2.337E-05 2.384E-05 2.361E-05 2.307E-05 2.330E-05 2.007E-05 1.494E-05 1.086E-05 8.413E-06 7.635E-06 7.355E-06 6.890E-06 1.908E-06 9.306E-07 1.381E-06 3.077E-06 1.461E-05 2.217E-05 3.793E-05 3.625E-05 2.722E-05 1.265E-05 1.091E-05 1.050E-05 9.869E-06 1.154E-05 5.657E-06 4.288E-06 3.970E-06 3.385E-06 3.544E-06 5.887E-06 8.207E-06 9.583E-06 1.021E-05 1.081E-05 9.098E-06 5.706E-06 4.169E-06 2.751E-06 1.915E-06
  1.460E+02  7.069E-06 9.409E-06 1.386E-05 1.900E-05 2.542E-05 2.999E-05 3.597E-05 3.985E-05 4.270E-05 4.608E-05 4.831E-05 5.124E-05 5.395E-05 5.631E-05 5.663E-05 5.452E-05 5.142E-05 4.717E-05 3.498E-05 2.120E-05 2.379E-05 2.430E-05 2.406E-05 2.356E-05 2.382E-05 2.043E-05 1.513E-05 1.095E-05 8.465E-06 7.680E-06 7.409E-06 6.916E-06 1.919E-06 9.344E-07 1.387E-06 3.091E-06 1.465E-05 2.224E-05 3.824E-05 3.655E-05 2.737E-05 1.265E-05 1.092E-05 1.054E-05 9.939E-06 1.159E-05 5.698E-06 4.324E-06 4.005E-06 3.417E-06 3.579E-06 5.944E-06 8.285E-06 9.687E-06 1.033E-05 1.094E-05 9.211E-06 5.777E-06 4.222E-06 2.787E-06 1.942E-06
  1.480E+02  7.408E-06 1.008E-05 1.519E-05 2.116E-05 2.858E-05 3.376E-05 4.053E-05 4.484E-05 4.790E-05 5.157E-05 5.385E-05 5.703E-05 5.960E-05 6.193E-05 6.138E-05 5.833E-05 5.449E-05 4.957E-05 3.616E-05 2.141E-05 2.422E-05 2.476E-05 2.451E-05 2.406E-05 2.435E-05 2.080E-05 1.533E-05 1.104E-05 8.522E-06 7.729E-06 7.467E-06 6.945E-06 1.930E-06 9.382E-07 1.392E-06 3.106E-06 1.470E-05 2.233E-05 3.857E-05 3.686E-05 2.755E-05 1.267E-05 1.094E-05 1.060E-05 1.001E-05 1.165E-05 5.741E-06 4.362E-06 4.040E-06 3.449E-06 3.613E-06 6.001E-06 8.364E-06 9.791E-06 1.044E-05 1.107E-05 9.324E-06 5.848E-06 4.273E-06 2.823E-06 1.969E-06
  1.500E+02  7.835E-06 1.095E-05 1.703E-05 2.379E-05 3.268E-05 3.827E-05 4.617E-05 5.130E-05 5.443E-05 5.838E-05 6.073E-05 6.372E-05 6.624E-05 6.828E-05 6.661E-05 6.251E-05 5.775E-05 5.204E-05 3.733E-05 2.158E-05 2.461E-05 2.520E-05 2.494E-05 2.455E-05 2.489E-05 2.117E-05 1.553E-05 1.114E-05 8.581E-06 7.782E-06 7.528E-06 6.977E-06 1.942E-06 9.422E-07 1.397E-06 3.121E-06 1.475E-05 2.244E-05 3.892E-05 3.719E-05 2.775E-05 1.270E-05 1.097E-05 1.065E-05 1.008E-05 1.171E-05 5.784E-06 4.399E-06 4.075E-06 3.481E-06 3.647E-06 6.057E-06 8.442E-06 9.893E-06 1.056E-05 1.120E-05 9.435E-06 5.917E-06 4.324E-06 2.858E-06 1.995E-06
  1.520E+02  8.395E-06 1.203E-05 1.937E-05 2.710E-05 3.794E-05 4.381E-05 5.311E-05 5.923E-05 6.248E-05 6.669E-05 6.899E-05 7.141E-05 7.386E-05 7.535E-05 7.222E-05 6.693E-05 6.107E-05 5.449E-05 3.843E-05 2.169E-05 2.495E-05 2.559E-05 2.533E-05 2.502E-05 2.541E-05 2.152E-05 1.572E-05 1.123E-05 8.642E-06 7.836E-06 7.590E-06 7.011E-06 1.954E-06 9.461E-07 1.402E-06 3.135E-06 1.481E-05 2.255E-05 3.926E-05 3.752E-05 2.796E-05 1.273E-05 1.100E-05 1.071E-05 1.015E-05 1.178E-05 5.828E-06 4.435E-06 4.110E-06 3.511E-06 3.680E-06 6.113E-06 8.519E-06 9.992E-06 1.067E-05 1.132E-05 9.543E-06 5.985E-06 4.374E-06 2.892E-06 2.020E-06
  1.540E+02  9.095E-06 1.336E-05 2.215E-05 3.125E-05 4.432E-05 5.064E-05 6.146E-05 6.877E-05 7.192E-05 7.635E-05 7.861E-05 8.015E-05 8.226E-05 8.302E-05 7.802E-05 7.136E-05 6.427E-05 5.678E-05 3.939E-05 2.173E-05 2.522E-05 2.592E-05 2.566E-05 2.544E-05 2.588E-05 2.185E-05 1.590E-05 1.132E-05 8.704E-06 7.892E-06 7.654E-06 7.047E-06 1.966E-06 9.499E-07 1.407E-06 3.150E-06 1.488E-05 2.268E-05 3.962E-05 3.785E-05 2.819E-05 1.278E-05 1.104E-05 1.077E-05 1.023E-05 1.185E-05 5.871E-06 4.471E-06 4.143E-06 3.541E-06 3.712E-06 6.166E-06 8.595E-06 1.009E-05 1.078E-05 1.144E-05 9.648E-06 6.050E-06 4.422E-06 2.926E-06 2.044E-06
  1.560E+02  9.925E-06 1.493E-05 2.538E-05 3.614E-05 5.159E-05 5.873E-05 7.110E-05 7.998E-05 8.224E-05 8.678E-05 8.930E-05 8.990E-05 9.109E-05 9.109E-05 8.374E-05 7.547E-05 6.714E-05 5.877E-05 4.013E-05 2.168E-05 2.539E-05 2.616E-05 2.591E-05 2.578E-05 2.630E-05 2.214E-05 1.607E-05 1.141E-05 8.764E-06 7.947E-06 7.717E-06 7.084E-06 1.977E-06 9.537E-07 1.412E-06 3.164E-06 1.495E-05 2.281E-05 3.996E-05 3.819E-05 2.842E-05 1.284E-05 1.109E-05 1.083E-05 1.030E-05 1.192E-05 5.913E-06 4.505E-06 4.175E-06 3.569E-06 3.742E-06 6.218E-06 8.668E-06 1.018E-05 1.088E-05 1.156E-05 9.749E-06 6.113E-06 4.468E-06 2.957E-06 2.067E-06
  1.580E+02  1.080E-05 1.659E-05 2.898E-05 4.153E-05 5.993E-05 6.775E-05 8.207E-05 9.159E-05 9.326E-05 9.776E-05 9.985E-05 1.002E-04 9.999E-05 9.909E-05 8.898E-05 7.891E-05 6.948E-05 6.032E-05 4.061E-05 2.156E-05 2.547E-05 2.630E-05 2.608E-05 2.605E-05 2.665E-05 2.240E-05 1.621E-05 1.149E-05 8.823E-06 8.002E-06 7.779E-06 7.121E-06 1.989E-06 9.573E-07 1.417E-06 3.177E-06 1.502E-05 2.295E-05 4.031E-05 3.851E-05 2.865E-05 1.290E-05 1.115E-05 1.089E-05 1.036E-05 1.200E-05 5.954E-06 4.538E-06 4.206E-06 3.596E-06 3.771E-06 6.267E-06 8.738E-06 1.027E-05 1.098E-05 1.167E-05 9.845E-06 6.172E-06 4.512E-06 2.987E-06 2.089E-06
  1.600E+02  1.161E-05 1.803E-05 3.249E-05 4.694E-05 6.885E-05 7.688E-05 9.353E-05 1.023E-04 1.044E-04 1.087E-04 1.092E-04 1.099E-04 1.082E-04 1.062E-04 9.322E-05 8.145E-05 7.117E-05 6.138E-05 4.083E-05 2.139E-05 2.546E-05 2.638E-05 2.618E-05 2.624E-05 2.693E-05 2.262E-05 1.634E-05 1.156E-05 8.881E-06 8.056E-06 7.840E-06 7.159E-06 2.000E-06 9.607E-07 1.421E-06 3.190E-06 1.509E-05 2.309E-05 4.064E-05 3.882E-05 2.887E-05 1.296E-05 1.120E-05 1.096E-05 1.043E-05 1.207E-05 5.993E-06 4.570E-06 4.235E-06 3.622E-06 3.798E-06 6.313E-06 8.804E-06 1.035E-05 1.107E-05 1.177E-05 9.935E-06 6.228E-06 4.553E-06 3.015E-06 2.109E-06
  1.620E+02  1.217E-05 1.901E-05 3.519E-05 5.154E-05 7.657E-05 8.475E-05 1.035E-04 1.119E-04 1.142E-04 1.183E-04 1.171E-04 1.176E-04 1.147E-04 1.115E-04 9.619E-05 8.322E-05 7.232E-05 6.209E-05 4.092E-05 2.123E-05 2.543E-05 2.644E-05 2.626E-05 2.640E-05 2.719E-05 2.285E-05 1.646E-05 1.164E-05 8.939E-06 8.109E-06 7.900E-06 7.196E-06 2.010E-06 9.640E-07 1.426E-06 3.202E-06 1.516E-05 2.322E-05 4.095E-05 3.912E-05 2.909E-05 1.303E-05 1.126E-05 1.101E-05 1.049E-05 1.214E-05 6.030E-06 4.599E-06 4.262E-06 3.645E-06 3.823E-06 6.357E-06 8.867E-06 1.043E-05 1.116E-05 1.186E-05 1.002E-05 6.280E-06 4.591E-06 3.041E-06 2.128E-06
  1.640E+02  1.240E-05 1.965E-05 3.702E-05 5.481E-05 8.212E-05 9.078E-05 1.110E-04 1.205E-04 1.220E-04 1.261E-04 1.241E-04 1.233E-04 1.194E-04 1.154E-04 9.839E-05 8.488E-05 7.347E-05 6.295E-05 4.113E-05 2.118E-05 2.548E-05 2.658E-05 2.644E-05 2.660E-05 2.749E-05 2.312E-05 1.660E-05 1.171E-05 8.998E-06 8.163E-06 7.959E-06 7.233E-06 2.020E-06 9.669E-07 1.429E-06 3.213E-06 1.523E-05 2.335E-05 4.124E-05 3.940E-05 2.930E-05 1.310E-05 1.132E-05 1.107E-05 1.054E-05 1.221E-05 6.064E-06 4.626E-06 4.287E-06 3.667E-06 3.846E-06 6.396E-06 8.924E-06 1.050E-05 1.124E-05 1.195E-05 1.009E-05 6.327E-06 4.626E-06 3.065E-06 2.145E-06
  1.660E+02  1.258E-05 2.034E-05 3.911E-05 5.781E-05 8.766E-05 9.620E-05 1.178E-04 1.295E-04 1.300E-04 1.341E-04 1.317E-04 1.287E-04 1.245E-04 1.195E-04 1.013E-04 8.763E-05 7.563E-05 6.475E-05 4.184E-05 2.135E-05 2.575E-05 2.694E-05 2.683E-05 2.697E-05 2.794E-05 2.352E-05 1.678E-05 1.181E-05 9.060E-06 8.217E-06 8.018E-06 7.269E-06 2.029E-06 9.696E-07 1.433E-06 3.223E-06 1.530E-05 2.348E-05 4.151E-05 3.966E-05 2.950E-05 1.317E-05 1.138E-05 1.112E-05 1.059E-05 1.227E-05 6.096E-06 4.650E-06 4.309E-06 3.686E-06 3.867E-06 6.432E-06 8.976E-06 1.057E-05 1.131E-05 1.203E-05 1.016E-05 6.370E-06 4.657E-06 3.087E-06 2.160E-06
  1.680E+02  1.313E-05 2.148E-05 4.227E-05 6.222E-05 9.517E-05 1.033E-04 1.265E-04 1.404E-04 1.401E-04 1.441E-04 1.417E-04 1.367E-04 1.321E-04 1.266E-04 1.072E-04 9.284E-05 7.998E-05 6.845E-05 4.348E-05 2.183E-05 2.638E-05 2.766E-05 2.756E-05 2.763E-05 2.867E-05 2.410E-05 1.703E-05 1.192E-05 9.126E-06 8.274E-06 8.077E-06 7.303E-06 2.037E-06 9.720E-07 1.436E-06 3.232E-06 1.536E-05 2.359E-05 4.175E-05 3.989E-05 2.968E-05 1.323E-05 1.144E-05 1.117E-05 1.064E-05 1.233E-05 6.124E-06 4.672E-06 4.329E-06 3.703E-06 3.885E-06 6.464E-06 9.021E-06 1.062E-05 1.137E-05 1.210E-05 1.022E-05 6.408E-06 4.685E-06 3.106E-06 2.174E-06
  1.700E+02  1.410E-05 2.311E-05 4.603E-05 6.816E-05 1.038E-04 1.130E-04 1.377E-04 1.527E-04 1.514E-04 1.557E-04 1.539E-04 1.495E-04 1.439E-04 1.388E-04 1.178E-04 1.015E-04 8.739E-05 7.472E-05 4.632E-05 2.267E-05 2.746E-05 2.883E-05 2.871E-05 2.865E-05 2.977E-05 2.491E-05 1.738E-05 1.205E-05 9.197E-06 8.331E-06 8.137E-06 7.335E-06 2.044E-06 9.741E-07 1.438E-06 3.239E-06 1.541E-05 2.369E-05 4.196E-05 4.009E-05 2.983E-05 1.329E-05 1.149E-05 1.121E-05 1.068E-05 1.238E-05 6.149E-06 4.691E-06 4.347E-06 3.718E-06 3.900E-06 6.491E-06 9.061E-06 1.067E-05 1.143E-05 1.215E-05 1.028E-05 6.440E-06 4.708E-06 3.122E-06 2.185E-06
  1.720E+02  1.519E-05 2.510E-05 4.968E-05 7.430E-05 1.122E-04 1.239E-04 1.508E-04 1.649E-04 1.637E-04 1.689E-04 1.678E-04 1.672E-04 1.605E-04 1.566E-04 1.335E-04 1.138E-04 9.812E-05 8.364E-05 5.037E-05 2.381E-05 2.894E-05 3.041E-05 3.026E-05 3.005E-05 3.124E-05 2.593E-05 1.780E-05 1.221E-05 9.270E-06 8.388E-06 8.196E-06 7.363E-06 2.050E-06 9.758E-07 1.441E-06 3.246E-06 1.546E-05 2.377E-05 4.214E-05 4.026E-05 2.997E-05 1.334E-05 1.153E-05 1.125E-05 1.071E-05 1.243E-05 6.170E-06 4.706E-06 4.361E-06 3.730E-06 3.913E-06 6.514E-06 9.094E-06 1.071E-05 1.147E-05 1.220E-05 1.032E-05 6.467E-06 4.728E-06 3.135E-06 2.195E-06
  1.740E+02  1.644E-05 2.746E-05 5.315E-05 7.982E-05 1.197E-04 1.345E-04 1.643E-04 1.768E-04 1.781E-04 1.847E-04 1.837E-04 1.886E-04 1.817E-04 1.790E-04 1.534E-04 1.294E-04 1.114E-04 9.444E-05 5.523E-05 2.512E-05 3.067E-05 3.222E-05 3.202E-05 3.167E-05 3.294E-05 2.706E-05 1.827E-05 1.238E-05 9.340E-06 8.440E-06 8.251E-06 7.387E-06 2.055E-06 9.772E-07 1.442E-06 3.251E-06 1.549E-05 2.384E-05 4.228E-05 4.039E-05 3.007E-05 1.338E-05 1.157E-05 1.127E-05 1.074E-05 1.246E-05 6.186E-06 4.719E-06 4.372E-06 3.739E-06 3.923E-06 6.532E-06 9.120E-06 1.074E-05 1.150E-05 1.224E-05 1.035E-05 6.488E-06 4.744E-06 3.146E-06 2.202E-06
  1.760E+02  1.841E-05 3.076E-05 5.761E-05 8.624E-05 1.274E-04 1.455E-04 1.781E-04 1.895E-04 1.954E-04 2.041E-04 2.023E-04 2.127E-04 2.061E-04 2.043E-04 1.753E-04 1.463E-04 1.255E-04 1.055E-04 6.006E-05 2.635E-05 3.234E-05 3.397E-05 3.371E-05 3.325E-05 3.459E-05 2.814E-05 1.871E-05 1.252E-05 9.399E-06 8.483E-06 8.296E-06 7.404E-06 2.058E-06 9.781E-07 1.444E-06 3.254E-06 1.552E-05 2.389E-05 4.238E-05 4.048E-05 3.015E-05 1.341E-05 1.160E-05 1.129E-05 1.076E-05 1.249E-05 6.198E-06 4.728E-06 4.380E-06 3.746E-06 3.931E-06 6.544E-06 9.139E-06 1.077E-05 1.153E-05 1.227E-05 1.038E-05 6.503E-06 4.755E-06 3.153E-06 2.208E-06
  1.780E+02  2.113E-05 3.512E-05 6.482E-05 9.655E-05 1.399E-04 1.606E-04 1.958E-04 2.055E-04 2.172E-04 2.276E-04 2.233E-04 2.375E-04 2.308E-04 2.283E-04 1.946E-04 1.606E-04 1.369E-04 1.141E-04 6.372E-05 2.724E-05 3.355E-05 3.525E-05 3.494E-05 3.442E-05 3.582E-05 2.892E-05 1.902E-05 1.263E-05 9.439E-06 8.512E-06 8.326E-06 7.416E-06 2.060E-06 9.787E-07 1.444E-06 3.256E-06 1.554E-05 2.392E-05 4.244E-05 4.054E-05 3.019E-05 1.343E-05 1.162E-05 1.131E-05 1.077E-05 1.250E-05 6.205E-06 4.733E-06 4.385E-06 3.750E-06 3.935E-06 6.552E-06 9.150E-06 1.078E-05 1.154E-05 1.229E-05 1.039E-05 6.512E-06 4.761E-06 3.158E-06 2.211E-06
  1.800E+02  2.261E-05 3.757E-05 6.984E-05 1.042E-04 1.512E-04 1.723E-04 2.099E-04 2.185E-04 2.323E-04 2.429E-04 2.362E-04 2.513E-04 2.438E-04 2.399E-04 2.031E-04 1.666E-04 1.415E-04 1.175E-04 6.510E-05 2.756E-05 3.400E-05 3.572E-05 3.540E-05 3.485E-05 3.628E-05 2.920E-05 1.913E-05 1.266E-05 9.453E-06 8.522E-06 8.336E-06 7.419E-06 2.061E-06 9.789E-07 1.444E-06 3.257E-06 1.554E-05 2.393E-05 4.246E-05 4.056E-05 3.021E-05 1.344E-05 1.162E-05 1.131E-05 1.077E-05 1.251E-05 6.208E-06 4.735E-06 4.387E-06 3.752E-06 3.936E-06 6.555E-06 9.154E-06 1.078E-05 1.155E-05 1.229E-05 1.040E-05 6.515E-06 4.764E-06 3.159E-06 2.212E-06
