# mineral (coa.)      
#
# size distribution: lognormal
# ------------------
#
#   minimum radius, [um]:      5.000E-03
#   maximum radius, [um]:      6.000E+01
#                  sigma:      2.150E+00
#       Rmod (wet), [um]:      1.900E+00
#       Rmod (dry), [um]:      1.900E+00
#
# optical parameters:
# -------------------
#
# wavelength ext.coef  sca.coef  abs.coef  si.sc.alb  asym.par  ext.nor    ref.real  ref.imag
#     [um]     [1/km]    [1/km]    [1/km]
#
#  2.500E-01 7.597E-02 4.142E-02 3.455E-02 5.452E-01 0.946E+00 9.742E-01  1.530E+00 -3.000E-02
#  3.000E-01 7.634E-02 4.169E-02 3.466E-02 5.461E-01 0.949E+00 9.790E-01  1.530E+00 -2.500E-02
#  3.500E-01 7.670E-02 4.246E-02 3.424E-02 5.536E-01 0.946E+00 9.836E-01  1.530E+00 -1.700E-02
#  4.000E-01 7.703E-02 4.367E-02 3.336E-02 5.670E-01 0.940E+00 9.878E-01  1.530E+00 -1.300E-02
#  4.500E-01 7.737E-02 4.652E-02 3.085E-02 6.013E-01 0.924E+00 9.922E-01  1.530E+00 -8.500E-03
#  5.000E-01 7.766E-02 4.798E-02 2.968E-02 6.178E-01 0.915E+00 9.959E-01  1.530E+00 -7.800E-03
#  5.500E-01 7.798E-02 5.193E-02 2.605E-02 6.659E-01 0.895E+00 1.000E+00  1.530E+00 -5.500E-03
#  6.000E-01 7.825E-02 5.492E-02 2.333E-02 7.018E-01 0.879E+00 1.004E+00  1.530E+00 -4.500E-03
#  6.500E-01 7.862E-02 5.594E-02 2.269E-02 7.115E-01 0.874E+00 1.008E+00  1.530E+00 -4.500E-03
#  7.000E-01 7.892E-02 5.812E-02 2.080E-02 7.364E-01 0.863E+00 1.012E+00  1.530E+00 -4.000E-03
#  7.500E-01 7.910E-02 5.897E-02 2.013E-02 7.455E-01 0.858E+00 1.014E+00  1.530E+00 -4.000E-03
#  8.000E-01 7.938E-02 5.981E-02 1.956E-02 7.535E-01 0.854E+00 1.018E+00  1.530E+00 -4.000E-03
#  9.000E-01 7.997E-02 6.143E-02 1.854E-02 7.681E-01 0.845E+00 1.026E+00  1.530E+00 -4.000E-03
#  1.000E+00 8.044E-02 6.286E-02 1.758E-02 7.815E-01 0.836E+00 1.032E+00  1.530E+00 -4.000E-03
#  1.250E+00 8.172E-02 6.376E-02 1.796E-02 7.802E-01 0.826E+00 1.048E+00  1.530E+00 -5.000E-03
#  1.500E+00 8.305E-02 6.522E-02 1.783E-02 7.853E-01 0.813E+00 1.065E+00  1.530E+00 -5.700E-03
#  1.750E+00 8.434E-02 6.657E-02 1.777E-02 7.893E-01 0.802E+00 1.082E+00  1.530E+00 -6.400E-03
#  2.000E+00 8.550E-02 6.708E-02 1.842E-02 7.846E-01 0.795E+00 1.096E+00  1.530E+00 -7.600E-03
#  2.500E+00 8.797E-02 6.439E-02 2.359E-02 7.319E-01 0.801E+00 1.128E+00  1.520E+00 -1.400E-02
#  3.000E+00 8.978E-02 5.560E-02 3.419E-02 6.192E-01 0.841E+00 1.151E+00  1.520E+00 -3.900E-02
#  3.200E+00 9.099E-02 6.295E-02 2.804E-02 6.919E-01 0.806E+00 1.167E+00  1.510E+00 -2.400E-02
#  3.390E+00 9.186E-02 6.714E-02 2.472E-02 7.309E-01 0.789E+00 1.178E+00  1.510E+00 -1.925E-02
#  3.500E+00 9.231E-02 6.875E-02 2.356E-02 7.448E-01 0.782E+00 1.184E+00  1.510E+00 -1.800E-02
#  3.750E+00 9.346E-02 7.557E-02 1.790E-02 8.085E-01 0.761E+00 1.199E+00  1.500E+00 -1.200E-02
#  4.000E+00 9.453E-02 8.311E-02 1.142E-02 8.792E-01 0.738E+00 1.212E+00  1.500E+00 -6.700E-03
#  4.500E+00 9.594E-02 8.301E-02 1.292E-02 8.653E-01 0.738E+00 1.230E+00  1.500E+00 -8.700E-03
#  5.000E+00 9.645E-02 7.668E-02 1.977E-02 7.950E-01 0.766E+00 1.237E+00  1.480E+00 -1.800E-02
#  5.500E+00 9.571E-02 6.813E-02 2.758E-02 7.118E-01 0.802E+00 1.227E+00  1.460E+00 -3.600E-02
#  6.000E+00 9.405E-02 6.209E-02 3.197E-02 6.601E-01 0.826E+00 1.206E+00  1.440E+00 -5.500E-02
#  6.200E+00 9.307E-02 5.987E-02 3.320E-02 6.433E-01 0.835E+00 1.193E+00  1.430E+00 -6.300E-02
#  6.500E+00 9.297E-02 6.293E-02 3.004E-02 6.769E-01 0.827E+00 1.192E+00  1.420E+00 -5.200E-02
#  7.200E+00 9.028E-02 5.006E-02 4.022E-02 5.545E-01 0.846E+00 1.158E+00  1.460E+00 -1.300E-01
#  7.900E+00 6.624E-02 3.569E-02 3.054E-02 5.389E-01 0.905E+00 8.494E-01  1.220E+00 -8.900E-02
#  8.200E+00 5.119E-02 2.001E-02 3.118E-02 3.910E-01 0.923E+00 6.565E-01  1.120E+00 -1.200E-01
#  8.500E+00 5.475E-02 1.915E-02 3.560E-02 3.498E-01 0.906E+00 7.021E-01  1.060E+00 -2.100E-01
#  8.700E+00 6.883E-02 2.754E-02 4.130E-02 4.001E-01 0.880E+00 8.827E-01  1.190E+00 -2.900E-01
#  9.000E+00 9.506E-02 4.630E-02 4.876E-02 4.871E-01 0.777E+00 1.219E+00  1.850E+00 -4.400E-01
#  9.200E+00 9.765E-02 4.909E-02 4.856E-02 5.027E-01 0.731E+00 1.252E+00  2.220E+00 -5.400E-01
#  9.500E+00 9.772E-02 5.226E-02 4.546E-02 5.348E-01 0.667E+00 1.253E+00  2.940E+00 -6.500E-01
#  9.800E+00 9.807E-02 5.217E-02 4.590E-02 5.319E-01 0.664E+00 1.258E+00  2.910E+00 -6.500E-01
#  1.000E+01 9.894E-02 5.106E-02 4.788E-02 5.161E-01 0.687E+00 1.269E+00  2.570E+00 -5.000E-01
#  1.060E+01 9.809E-02 5.125E-02 4.684E-02 5.225E-01 0.733E+00 1.258E+00  1.910E+00 -2.500E-01
#  1.100E+01 9.746E-02 5.288E-02 4.459E-02 5.425E-01 0.731E+00 1.250E+00  1.830E+00 -2.000E-01
#  1.150E+01 9.445E-02 4.632E-02 4.813E-02 4.905E-01 0.750E+00 1.211E+00  1.810E+00 -3.500E-01
#  1.250E+01 9.143E-02 4.208E-02 4.936E-02 4.602E-01 0.746E+00 1.172E+00  1.740E+00 -5.000E-01
#  1.300E+01 9.738E-02 4.887E-02 4.851E-02 5.019E-01 0.702E+00 1.249E+00  2.000E+00 -3.500E-01
#  1.400E+01 8.629E-02 4.482E-02 4.146E-02 5.195E-01 0.751E+00 1.107E+00  1.630E+00 -2.200E-01
#  1.480E+01 7.960E-02 3.894E-02 4.066E-02 4.892E-01 0.767E+00 1.021E+00  1.540E+00 -2.400E-01
#  1.500E+01 7.746E-02 3.643E-02 4.103E-02 4.703E-01 0.772E+00 9.934E-01  1.510E+00 -2.600E-01
#  1.640E+01 7.345E-02 3.149E-02 4.196E-02 4.287E-01 0.764E+00 9.419E-01  1.470E+00 -3.200E-01
#  1.720E+01 7.439E-02 3.099E-02 4.340E-02 4.166E-01 0.748E+00 9.540E-01  1.490E+00 -3.700E-01
#  1.800E+01 8.615E-02 3.861E-02 4.754E-02 4.482E-01 0.688E+00 1.105E+00  1.770E+00 -4.700E-01
#  1.850E+01 9.284E-02 4.320E-02 4.964E-02 4.653E-01 0.639E+00 1.191E+00  2.050E+00 -5.700E-01
#  2.000E+01 9.446E-02 4.360E-02 5.085E-02 4.616E-01 0.591E+00 1.211E+00  2.200E+00 -8.200E-01
#  2.130E+01 9.545E-02 4.490E-02 5.055E-02 4.704E-01 0.552E+00 1.224E+00  2.390E+00 -9.400E-01
#  2.250E+01 9.608E-02 4.650E-02 4.957E-02 4.840E-01 0.513E+00 1.232E+00  2.690E+00 -1.000E+00
#  2.500E+01 9.497E-02 4.664E-02 4.833E-02 4.911E-01 0.477E+00 1.218E+00  2.990E+00 -8.000E-01
#  2.790E+01 8.980E-02 4.204E-02 4.776E-02 4.682E-01 0.496E+00 1.152E+00  2.570E+00 -7.800E-01
#  3.000E+01 8.552E-02 3.953E-02 4.598E-02 4.623E-01 0.506E+00 1.097E+00  2.420E+00 -6.700E-01
#  3.500E+01 7.909E-02 3.639E-02 4.270E-02 4.601E-01 0.484E+00 1.014E+00  2.420E+00 -6.200E-01
#  4.000E+01 7.255E-02 3.156E-02 4.099E-02 4.350E-01 0.464E+00 9.303E-01  2.340E+00 -7.000E-01
#
# volume phase function [1/km]:
# -----------------------------
#
# sca.ang. | wavelengths --->
# ---------|------------------
#          | 2.500E-01 3.000E-01 3.500E-01 4.000E-01 4.500E-01 5.000E-01 5.500E-01 6.000E-01 6.500E-01 7.000E-01 7.500E-01 8.000E-01 9.000E-01 1.000E+00 1.250E+00 1.500E+00 1.750E+00 2.000E+00 2.500E+00 3.000E+00 3.200E+00 3.390E+00 3.500E+00 3.750E+00 4.000E+00 4.500E+00 5.000E+00 5.500E+00 6.000E+00 6.200E+00 6.500E+00 7.200E+00 7.900E+00 8.200E+00 8.500E+00 8.700E+00 9.000E+00 9.200E+00 9.500E+00 9.800E+00 1.000E+01 1.060E+01 1.100E+01 1.150E+01 1.250E+01 1.300E+01 1.400E+01 1.480E+01 1.500E+01 1.640E+01 1.720E+01 1.800E+01 1.850E+01 2.000E+01 2.130E+01 2.250E+01 2.500E+01 2.790E+01 3.000E+01 3.500E+01 4.000E+01
#
  0.000E+00  2.150E+02 1.501E+02 1.108E+02 8.519E+01 6.760E+01 5.498E+01 4.563E+01 3.848E+01 3.293E+01 2.850E+01 2.490E+01 2.197E+01 1.748E+01 1.425E+01 9.264E+00 6.532E+00 4.870E+00 3.775E+00 2.478E+00 1.756E+00 1.563E+00 1.408E+00 1.329E+00 1.176E+00 1.052E+00 8.538E-01 7.061E-01 5.932E-01 5.059E-01 4.761E-01 4.435E-01 3.528E-01 2.852E-01 2.007E-01 1.734E-01 2.019E-01 2.294E-01 2.211E-01 2.051E-01 1.942E-01 1.889E-01 1.746E-01 1.655E-01 1.491E-01 1.256E-01 1.210E-01 1.075E-01 9.403E-02 8.958E-02 7.211E-02 6.569E-02 6.570E-02 6.415E-02 5.584E-02 5.014E-02 4.537E-02 3.747E-02 3.146E-02 2.792E-02 2.151E-02 1.666E-02
  1.000E-01  1.651E+02 1.239E+02 9.585E+01 7.611E+01 6.178E+01 5.108E+01 4.292E+01 3.654E+01 3.150E+01 2.743E+01 2.408E+01 2.133E+01 1.708E+01 1.398E+01 9.152E+00 6.477E+00 4.840E+00 3.757E+00 2.471E+00 1.752E+00 1.561E+00 1.406E+00 1.327E+00 1.175E+00 1.050E+00 8.530E-01 7.055E-01 5.928E-01 5.056E-01 4.759E-01 4.433E-01 3.526E-01 2.851E-01 2.006E-01 1.734E-01 2.019E-01 2.294E-01 2.210E-01 2.051E-01 1.941E-01 1.888E-01 1.746E-01 1.655E-01 1.490E-01 1.256E-01 1.210E-01 1.075E-01 9.402E-02 8.957E-02 7.210E-02 6.568E-02 6.570E-02 6.415E-02 5.584E-02 5.014E-02 4.537E-02 3.747E-02 3.146E-02 2.792E-02 2.151E-02 1.666E-02
  2.000E-01  1.019E+02 8.355E+01 6.930E+01 5.816E+01 4.933E+01 4.224E+01 3.650E+01 3.178E+01 2.791E+01 2.467E+01 2.193E+01 1.963E+01 1.598E+01 1.324E+01 8.834E+00 6.319E+00 4.752E+00 3.705E+00 2.449E+00 1.741E+00 1.552E+00 1.399E+00 1.321E+00 1.170E+00 1.047E+00 8.507E-01 7.040E-01 5.918E-01 5.048E-01 4.752E-01 4.427E-01 3.522E-01 2.848E-01 2.004E-01 1.732E-01 2.017E-01 2.292E-01 2.209E-01 2.050E-01 1.940E-01 1.887E-01 1.745E-01 1.654E-01 1.490E-01 1.255E-01 1.209E-01 1.075E-01 9.400E-02 8.954E-02 7.209E-02 6.567E-02 6.569E-02 6.414E-02 5.583E-02 5.013E-02 4.536E-02 3.746E-02 3.145E-02 2.792E-02 2.151E-02 1.666E-02
  3.000E-01  6.444E+01 5.634E+01 4.913E+01 4.292E+01 3.767E+01 3.324E+01 2.950E+01 2.628E+01 2.356E+01 2.120E+01 1.914E+01 1.736E+01 1.445E+01 1.217E+01 8.351E+00 6.072E+00 4.613E+00 3.621E+00 2.413E+00 1.723E+00 1.538E+00 1.388E+00 1.311E+00 1.162E+00 1.041E+00 8.469E-01 7.014E-01 5.900E-01 5.036E-01 4.741E-01 4.418E-01 3.516E-01 2.844E-01 2.001E-01 1.729E-01 2.014E-01 2.289E-01 2.206E-01 2.047E-01 1.938E-01 1.885E-01 1.744E-01 1.652E-01 1.489E-01 1.254E-01 1.209E-01 1.074E-01 9.396E-02 8.950E-02 7.206E-02 6.565E-02 6.567E-02 6.412E-02 5.582E-02 5.012E-02 4.535E-02 3.746E-02 3.145E-02 2.792E-02 2.151E-02 1.666E-02
  4.000E-01  4.236E+01 3.897E+01 3.541E+01 3.202E+01 2.891E+01 2.612E+01 2.365E+01 2.146E+01 1.955E+01 1.786E+01 1.635E+01 1.502E+01 1.277E+01 1.096E+01 7.762E+00 5.758E+00 4.432E+00 3.509E+00 2.364E+00 1.699E+00 1.519E+00 1.372E+00 1.297E+00 1.152E+00 1.033E+00 8.416E-01 6.979E-01 5.875E-01 5.018E-01 4.725E-01 4.404E-01 3.507E-01 2.838E-01 1.997E-01 1.726E-01 2.010E-01 2.286E-01 2.203E-01 2.044E-01 1.935E-01 1.883E-01 1.742E-01 1.651E-01 1.487E-01 1.253E-01 1.208E-01 1.073E-01 9.390E-02 8.945E-02 7.202E-02 6.561E-02 6.564E-02 6.409E-02 5.580E-02 5.011E-02 4.534E-02 3.745E-02 3.144E-02 2.791E-02 2.151E-02 1.666E-02
  5.000E-01  2.888E+01 2.769E+01 2.604E+01 2.422E+01 2.241E+01 2.069E+01 1.908E+01 1.758E+01 1.625E+01 1.502E+01 1.390E+01 1.290E+01 1.118E+01 9.749E+00 7.127E+00 5.402E+00 4.220E+00 3.377E+00 2.305E+00 1.668E+00 1.495E+00 1.353E+00 1.280E+00 1.139E+00 1.022E+00 8.349E-01 6.934E-01 5.844E-01 4.995E-01 4.705E-01 4.388E-01 3.496E-01 2.830E-01 1.991E-01 1.721E-01 2.005E-01 2.281E-01 2.198E-01 2.040E-01 1.932E-01 1.879E-01 1.739E-01 1.648E-01 1.485E-01 1.252E-01 1.207E-01 1.072E-01 9.382E-02 8.938E-02 7.197E-02 6.557E-02 6.560E-02 6.406E-02 5.577E-02 5.008E-02 4.532E-02 3.744E-02 3.144E-02 2.791E-02 2.150E-02 1.666E-02
  6.000E-01  2.032E+01 2.017E+01 1.952E+01 1.861E+01 1.759E+01 1.653E+01 1.549E+01 1.449E+01 1.356E+01 1.268E+01 1.185E+01 1.110E+01 9.769E+00 8.636E+00 6.495E+00 5.029E+00 3.990E+00 3.228E+00 2.236E+00 1.633E+00 1.467E+00 1.330E+00 1.259E+00 1.123E+00 1.010E+00 8.268E-01 6.880E-01 5.806E-01 4.968E-01 4.681E-01 4.367E-01 3.482E-01 2.820E-01 1.984E-01 1.715E-01 1.999E-01 2.275E-01 2.193E-01 2.036E-01 1.927E-01 1.875E-01 1.736E-01 1.646E-01 1.483E-01 1.250E-01 1.205E-01 1.071E-01 9.373E-02 8.929E-02 7.191E-02 6.552E-02 6.556E-02 6.402E-02 5.574E-02 5.006E-02 4.530E-02 3.742E-02 3.143E-02 2.790E-02 2.150E-02 1.666E-02
  7.000E-01  1.469E+01 1.502E+01 1.490E+01 1.451E+01 1.397E+01 1.334E+01 1.268E+01 1.201E+01 1.137E+01 1.075E+01 1.014E+01 9.577E+00 8.553E+00 7.653E+00 5.899E+00 4.657E+00 3.751E+00 3.070E+00 2.160E+00 1.592E+00 1.435E+00 1.304E+00 1.236E+00 1.105E+00 9.955E-01 8.176E-01 6.817E-01 5.762E-01 4.936E-01 4.653E-01 4.344E-01 3.466E-01 2.809E-01 1.975E-01 1.708E-01 1.992E-01 2.268E-01 2.186E-01 2.030E-01 1.922E-01 1.871E-01 1.732E-01 1.642E-01 1.480E-01 1.248E-01 1.203E-01 1.070E-01 9.362E-02 8.919E-02 7.184E-02 6.546E-02 6.550E-02 6.397E-02 5.570E-02 5.003E-02 4.528E-02 3.741E-02 3.142E-02 2.789E-02 2.149E-02 1.665E-02
  8.000E-01  1.087E+01 1.140E+01 1.156E+01 1.147E+01 1.122E+01 1.087E+01 1.047E+01 1.003E+01 9.591E+00 9.148E+00 8.705E+00 8.288E+00 7.506E+00 6.794E+00 5.354E+00 4.301E+00 3.513E+00 2.908E+00 2.080E+00 1.549E+00 1.400E+00 1.275E+00 1.211E+00 1.085E+00 9.796E-01 8.071E-01 6.746E-01 5.712E-01 4.900E-01 4.621E-01 4.317E-01 3.448E-01 2.797E-01 1.966E-01 1.700E-01 1.984E-01 2.260E-01 2.179E-01 2.024E-01 1.917E-01 1.865E-01 1.728E-01 1.638E-01 1.477E-01 1.246E-01 1.201E-01 1.068E-01 9.349E-02 8.907E-02 7.175E-02 6.539E-02 6.544E-02 6.391E-02 5.566E-02 5.000E-02 4.525E-02 3.739E-02 3.140E-02 2.788E-02 2.149E-02 1.665E-02
  9.000E-01  8.214E+00 8.801E+00 9.094E+00 9.174E+00 9.108E+00 8.938E+00 8.706E+00 8.431E+00 8.139E+00 7.829E+00 7.506E+00 7.197E+00 6.603E+00 6.043E+00 4.863E+00 3.968E+00 3.284E+00 2.747E+00 1.996E+00 1.502E+00 1.362E+00 1.244E+00 1.183E+00 1.063E+00 9.622E-01 7.956E-01 6.667E-01 5.656E-01 4.859E-01 4.585E-01 4.287E-01 3.428E-01 2.782E-01 1.955E-01 1.692E-01 1.975E-01 2.251E-01 2.170E-01 2.016E-01 1.910E-01 1.859E-01 1.723E-01 1.634E-01 1.473E-01 1.243E-01 1.199E-01 1.067E-01 9.335E-02 8.894E-02 7.166E-02 6.531E-02 6.537E-02 6.385E-02 5.561E-02 4.996E-02 4.522E-02 3.737E-02 3.139E-02 2.787E-02 2.148E-02 1.665E-02
  1.000E+00  6.319E+00 6.901E+00 7.250E+00 7.422E+00 7.466E+00 7.412E+00 7.296E+00 7.133E+00 6.945E+00 6.734E+00 6.503E+00 6.275E+00 5.824E+00 5.386E+00 4.423E+00 3.662E+00 3.066E+00 2.590E+00 1.911E+00 1.454E+00 1.323E+00 1.212E+00 1.154E+00 1.040E+00 9.435E-01 7.832E-01 6.582E-01 5.595E-01 4.815E-01 4.546E-01 4.253E-01 3.405E-01 2.766E-01 1.943E-01 1.682E-01 1.965E-01 2.241E-01 2.161E-01 2.008E-01 1.903E-01 1.853E-01 1.717E-01 1.629E-01 1.469E-01 1.240E-01 1.196E-01 1.065E-01 9.320E-02 8.879E-02 7.156E-02 6.523E-02 6.530E-02 6.378E-02 5.556E-02 4.992E-02 4.519E-02 3.735E-02 3.137E-02 2.786E-02 2.147E-02 1.664E-02
  1.100E+00  4.941E+00 5.485E+00 5.848E+00 6.066E+00 6.175E+00 6.195E+00 6.157E+00 6.072E+00 5.959E+00 5.820E+00 5.658E+00 5.493E+00 5.154E+00 4.810E+00 4.028E+00 3.382E+00 2.862E+00 2.440E+00 1.827E+00 1.404E+00 1.282E+00 1.178E+00 1.123E+00 1.015E+00 9.238E-01 7.700E-01 6.490E-01 5.530E-01 4.767E-01 4.503E-01 4.217E-01 3.381E-01 2.749E-01 1.930E-01 1.671E-01 1.954E-01 2.230E-01 2.151E-01 1.999E-01 1.895E-01 1.845E-01 1.711E-01 1.624E-01 1.465E-01 1.237E-01 1.194E-01 1.063E-01 9.302E-02 8.862E-02 7.144E-02 6.513E-02 6.521E-02 6.370E-02 5.550E-02 4.987E-02 4.515E-02 3.732E-02 3.136E-02 2.784E-02 2.147E-02 1.664E-02
  1.200E+00  3.919E+00 4.414E+00 4.768E+00 5.005E+00 5.149E+00 5.216E+00 5.229E+00 5.199E+00 5.140E+00 5.053E+00 4.942E+00 4.825E+00 4.575E+00 4.307E+00 3.672E+00 3.126E+00 2.673E+00 2.297E+00 1.744E+00 1.354E+00 1.241E+00 1.143E+00 1.092E+00 9.899E-01 9.032E-01 7.560E-01 6.393E-01 5.460E-01 4.716E-01 4.458E-01 4.179E-01 3.354E-01 2.731E-01 1.916E-01 1.660E-01 1.942E-01 2.218E-01 2.140E-01 1.990E-01 1.887E-01 1.837E-01 1.705E-01 1.618E-01 1.460E-01 1.234E-01 1.190E-01 1.060E-01 9.283E-02 8.845E-02 7.132E-02 6.502E-02 6.512E-02 6.362E-02 5.543E-02 4.982E-02 4.511E-02 3.729E-02 3.134E-02 2.783E-02 2.146E-02 1.663E-02
  1.300E+00  3.149E+00 3.592E+00 3.926E+00 4.164E+00 4.327E+00 4.421E+00 4.469E+00 4.476E+00 4.455E+00 4.407E+00 4.335E+00 4.255E+00 4.073E+00 3.867E+00 3.353E+00 2.892E+00 2.497E+00 2.163E+00 1.663E+00 1.304E+00 1.199E+00 1.108E+00 1.060E+00 9.640E-01 8.820E-01 7.415E-01 6.291E-01 5.386E-01 4.661E-01 4.409E-01 4.137E-01 3.326E-01 2.711E-01 1.901E-01 1.648E-01 1.929E-01 2.206E-01 2.129E-01 1.979E-01 1.877E-01 1.829E-01 1.698E-01 1.612E-01 1.455E-01 1.230E-01 1.187E-01 1.058E-01 9.263E-02 8.825E-02 7.118E-02 6.491E-02 6.502E-02 6.352E-02 5.536E-02 4.976E-02 4.506E-02 3.726E-02 3.132E-02 2.781E-02 2.145E-02 1.662E-02
  1.400E+00  2.561E+00 2.953E+00 3.261E+00 3.493E+00 3.661E+00 3.772E+00 3.840E+00 3.873E+00 3.879E+00 3.860E+00 3.817E+00 3.765E+00 3.637E+00 3.480E+00 3.065E+00 2.677E+00 2.335E+00 2.038E+00 1.586E+00 1.255E+00 1.158E+00 1.073E+00 1.027E+00 9.377E-01 8.604E-01 7.265E-01 6.184E-01 5.309E-01 4.604E-01 4.358E-01 4.094E-01 3.296E-01 2.690E-01 1.885E-01 1.634E-01 1.916E-01 2.192E-01 2.116E-01 1.968E-01 1.867E-01 1.820E-01 1.690E-01 1.606E-01 1.449E-01 1.226E-01 1.184E-01 1.055E-01 9.241E-02 8.805E-02 7.103E-02 6.479E-02 6.491E-02 6.343E-02 5.529E-02 4.970E-02 4.501E-02 3.723E-02 3.129E-02 2.779E-02 2.144E-02 1.662E-02
  1.500E+00  2.105E+00 2.450E+00 2.731E+00 2.951E+00 3.118E+00 3.236E+00 3.318E+00 3.368E+00 3.393E+00 3.395E+00 3.374E+00 3.343E+00 3.257E+00 3.139E+00 2.807E+00 2.481E+00 2.184E+00 1.921E+00 1.511E+00 1.207E+00 1.117E+00 1.038E+00 9.953E-01 9.112E-01 8.385E-01 7.112E-01 6.075E-01 5.229E-01 4.545E-01 4.305E-01 4.048E-01 3.264E-01 2.667E-01 1.868E-01 1.621E-01 1.901E-01 2.178E-01 2.103E-01 1.957E-01 1.857E-01 1.810E-01 1.682E-01 1.599E-01 1.443E-01 1.221E-01 1.180E-01 1.052E-01 9.217E-02 8.782E-02 7.088E-02 6.466E-02 6.479E-02 6.332E-02 5.521E-02 4.964E-02 4.496E-02 3.719E-02 3.127E-02 2.778E-02 2.143E-02 1.661E-02
  1.600E+00  1.747E+00 2.051E+00 2.305E+00 2.510E+00 2.672E+00 2.792E+00 2.882E+00 2.941E+00 2.980E+00 2.997E+00 2.992E+00 2.978E+00 2.924E+00 2.838E+00 2.575E+00 2.301E+00 2.045E+00 1.812E+00 1.441E+00 1.160E+00 1.077E+00 1.003E+00 9.635E-01 8.848E-01 8.164E-01 6.956E-01 5.963E-01 5.146E-01 4.483E-01 4.249E-01 4.001E-01 3.231E-01 2.644E-01 1.850E-01 1.606E-01 1.886E-01 2.163E-01 2.089E-01 1.944E-01 1.846E-01 1.799E-01 1.674E-01 1.591E-01 1.437E-01 1.217E-01 1.176E-01 1.049E-01 9.192E-02 8.759E-02 7.071E-02 6.452E-02 6.467E-02 6.321E-02 5.512E-02 4.957E-02 4.490E-02 3.716E-02 3.124E-02 2.776E-02 2.142E-02 1.660E-02
  1.700E+00  1.463E+00 1.730E+00 1.959E+00 2.148E+00 2.303E+00 2.422E+00 2.514E+00 2.580E+00 2.628E+00 2.655E+00 2.662E+00 2.660E+00 2.633E+00 2.572E+00 2.366E+00 2.137E+00 1.915E+00 1.709E+00 1.374E+00 1.114E+00 1.038E+00 9.692E-01 9.322E-01 8.587E-01 7.945E-01 6.798E-01 5.848E-01 5.062E-01 4.419E-01 4.192E-01 3.952E-01 3.197E-01 2.619E-01 1.831E-01 1.591E-01 1.870E-01 2.147E-01 2.074E-01 1.931E-01 1.834E-01 1.789E-01 1.665E-01 1.584E-01 1.430E-01 1.212E-01 1.171E-01 1.046E-01 9.166E-02 8.734E-02 7.053E-02 6.437E-02 6.454E-02 6.308E-02 5.503E-02 4.949E-02 4.484E-02 3.712E-02 3.122E-02 2.773E-02 2.140E-02 1.660E-02
  1.800E+00  1.235E+00 1.470E+00 1.676E+00 1.850E+00 1.996E+00 2.110E+00 2.204E+00 2.272E+00 2.326E+00 2.361E+00 2.376E+00 2.384E+00 2.376E+00 2.336E+00 2.177E+00 1.987E+00 1.795E+00 1.613E+00 1.310E+00 1.071E+00 9.998E-01 9.361E-01 9.016E-01 8.329E-01 7.727E-01 6.641E-01 5.732E-01 4.975E-01 4.353E-01 4.133E-01 3.901E-01 3.162E-01 2.594E-01 1.812E-01 1.575E-01 1.854E-01 2.130E-01 2.059E-01 1.918E-01 1.822E-01 1.777E-01 1.656E-01 1.575E-01 1.424E-01 1.207E-01 1.167E-01 1.042E-01 9.138E-02 8.707E-02 7.035E-02 6.421E-02 6.440E-02 6.296E-02 5.493E-02 4.942E-02 4.478E-02 3.707E-02 3.119E-02 2.771E-02 2.139E-02 1.659E-02
  1.900E+00  1.051E+00 1.258E+00 1.442E+00 1.601E+00 1.738E+00 1.848E+00 1.939E+00 2.009E+00 2.066E+00 2.105E+00 2.128E+00 2.143E+00 2.150E+00 2.126E+00 2.006E+00 1.849E+00 1.684E+00 1.523E+00 1.250E+00 1.029E+00 9.633E-01 9.041E-01 8.718E-01 8.077E-01 7.512E-01 6.483E-01 5.616E-01 4.888E-01 4.286E-01 4.073E-01 3.849E-01 3.125E-01 2.567E-01 1.792E-01 1.558E-01 1.836E-01 2.113E-01 2.043E-01 1.904E-01 1.810E-01 1.765E-01 1.646E-01 1.567E-01 1.416E-01 1.201E-01 1.162E-01 1.039E-01 9.109E-02 8.680E-02 7.015E-02 6.405E-02 6.425E-02 6.282E-02 5.483E-02 4.933E-02 4.471E-02 3.703E-02 3.116E-02 2.769E-02 2.138E-02 1.658E-02
  2.000E+00  9.012E-01 1.083E+00 1.248E+00 1.394E+00 1.520E+00 1.624E+00 1.713E+00 1.783E+00 1.841E+00 1.884E+00 1.910E+00 1.931E+00 1.950E+00 1.939E+00 1.851E+00 1.723E+00 1.581E+00 1.439E+00 1.193E+00 9.889E-01 9.282E-01 8.731E-01 8.429E-01 7.830E-01 7.301E-01 6.327E-01 5.499E-01 4.799E-01 4.218E-01 4.012E-01 3.796E-01 3.087E-01 2.540E-01 1.771E-01 1.541E-01 1.818E-01 2.095E-01 2.026E-01 1.889E-01 1.796E-01 1.753E-01 1.636E-01 1.558E-01 1.409E-01 1.196E-01 1.157E-01 1.035E-01 9.078E-02 8.651E-02 6.995E-02 6.388E-02 6.410E-02 6.268E-02 5.472E-02 4.925E-02 4.465E-02 3.698E-02 3.112E-02 2.766E-02 2.136E-02 1.657E-02
  3.000E+00  2.607E-01 3.194E-01 3.783E-01 4.357E-01 4.918E-01 5.432E-01 5.929E-01 6.379E-01 6.784E-01 7.149E-01 7.456E-01 7.730E-01 8.198E-01 8.523E-01 8.943E-01 8.986E-01 8.789E-01 8.440E-01 7.613E-01 6.721E-01 6.461E-01 6.199E-01 6.049E-01 5.752E-01 5.481E-01 4.913E-01 4.397E-01 3.932E-01 3.531E-01 3.384E-01 3.244E-01 2.683E-01 2.240E-01 1.543E-01 1.351E-01 1.618E-01 1.893E-01 1.837E-01 1.721E-01 1.645E-01 1.610E-01 1.517E-01 1.453E-01 1.319E-01 1.128E-01 1.098E-01 9.887E-02 8.703E-02 8.296E-02 6.742E-02 6.174E-02 6.220E-02 6.094E-02 5.339E-02 4.818E-02 4.377E-02 3.639E-02 3.071E-02 2.734E-02 2.117E-02 1.645E-02
  4.000E+00  1.085E-01 1.324E-01 1.574E-01 1.830E-01 2.096E-01 2.350E-01 2.612E-01 2.861E-01 3.091E-01 3.314E-01 3.511E-01 3.704E-01 4.042E-01 4.332E-01 4.839E-01 5.125E-01 5.250E-01 5.251E-01 5.049E-01 4.678E-01 4.589E-01 4.480E-01 4.411E-01 4.284E-01 4.161E-01 3.837E-01 3.515E-01 3.203E-01 2.924E-01 2.819E-01 2.734E-01 2.289E-01 1.932E-01 1.307E-01 1.153E-01 1.404E-01 1.674E-01 1.630E-01 1.535E-01 1.474E-01 1.449E-01 1.380E-01 1.330E-01 1.212E-01 1.046E-01 1.025E-01 9.312E-02 8.229E-02 7.849E-02 6.417E-02 5.899E-02 5.973E-02 5.866E-02 5.163E-02 4.676E-02 4.261E-02 3.560E-02 3.016E-02 2.691E-02 2.092E-02 1.629E-02
  5.000E+00  5.596E-02 6.762E-02 8.004E-02 9.314E-02 1.074E-01 1.212E-01 1.365E-01 1.507E-01 1.640E-01 1.776E-01 1.899E-01 2.023E-01 2.247E-01 2.454E-01 2.858E-01 3.144E-01 3.333E-01 3.440E-01 3.475E-01 3.345E-01 3.341E-01 3.310E-01 3.284E-01 3.248E-01 3.208E-01 3.030E-01 2.834E-01 2.624E-01 2.430E-01 2.355E-01 2.307E-01 1.947E-01 1.655E-01 1.097E-01 9.727E-02 1.206E-01 1.466E-01 1.432E-01 1.354E-01 1.307E-01 1.289E-01 1.241E-01 1.203E-01 1.101E-01 9.588E-02 9.459E-02 8.674E-02 7.698E-02 7.344E-02 6.045E-02 5.579E-02 5.685E-02 5.599E-02 4.954E-02 4.506E-02 4.120E-02 3.464E-02 2.948E-02 2.638E-02 2.060E-02 1.609E-02
  6.000E+00  3.311E-02 3.961E-02 4.663E-02 5.416E-02 6.284E-02 7.095E-02 8.067E-02 9.001E-02 9.801E-02 1.068E-01 1.147E-01 1.224E-01 1.374E-01 1.516E-01 1.812E-01 2.050E-01 2.228E-01 2.355E-01 2.473E-01 2.452E-01 2.489E-01 2.498E-01 2.496E-01 2.510E-01 2.518E-01 2.426E-01 2.308E-01 2.166E-01 2.031E-01 1.977E-01 1.956E-01 1.661E-01 1.417E-01 9.193E-02 8.200E-02 1.035E-01 1.281E-01 1.255E-01 1.192E-01 1.154E-01 1.142E-01 1.110E-01 1.083E-01 9.931E-02 8.720E-02 8.665E-02 8.019E-02 7.143E-02 6.816E-02 5.648E-02 5.235E-02 5.371E-02 5.306E-02 4.722E-02 4.315E-02 3.961E-02 3.353E-02 2.869E-02 2.575E-02 2.022E-02 1.585E-02
  8.000E+00  1.502E-02 1.766E-02 2.062E-02 2.392E-02 2.822E-02 3.189E-02 3.711E-02 4.170E-02 4.530E-02 4.965E-02 5.331E-02 5.705E-02 6.428E-02 7.134E-02 8.675E-02 1.009E-01 1.133E-01 1.234E-01 1.365E-01 1.406E-01 1.471E-01 1.510E-01 1.526E-01 1.580E-01 1.629E-01 1.622E-01 1.583E-01 1.516E-01 1.448E-01 1.419E-01 1.428E-01 1.221E-01 1.044E-01 6.496E-02 5.868E-02 7.648E-02 9.823E-02 9.676E-02 9.251E-02 9.025E-02 8.973E-02 8.879E-02 8.749E-02 8.050E-02 7.156E-02 7.209E-02 6.779E-02 6.073E-02 5.793E-02 4.853E-02 4.535E-02 4.721E-02 4.696E-02 4.226E-02 3.901E-02 3.612E-02 3.103E-02 2.687E-02 2.429E-02 1.933E-02 1.526E-02
  1.000E+01  8.453E-03 9.795E-03 1.141E-02 1.329E-02 1.607E-02 1.823E-02 2.172E-02 2.494E-02 2.682E-02 2.950E-02 3.156E-02 3.368E-02 3.742E-02 4.169E-02 5.008E-02 5.822E-02 6.616E-02 7.326E-02 8.293E-02 8.690E-02 9.347E-02 9.784E-02 9.977E-02 1.061E-01 1.120E-01 1.141E-01 1.133E-01 1.098E-01 1.062E-01 1.046E-01 1.069E-01 9.137E-02 7.758E-02 4.639E-02 4.246E-02 5.702E-02 7.594E-02 7.516E-02 7.234E-02 7.102E-02 7.094E-02 7.135E-02 7.100E-02 6.545E-02 5.875E-02 5.996E-02 5.715E-02 5.136E-02 4.895E-02 4.133E-02 3.889E-02 4.107E-02 4.112E-02 3.739E-02 3.484E-02 3.253E-02 2.838E-02 2.487E-02 2.266E-02 1.829E-02 1.458E-02
  1.200E+01  5.432E-03 6.232E-03 7.273E-03 8.553E-03 1.072E-02 1.221E-02 1.508E-02 1.740E-02 1.869E-02 2.063E-02 2.195E-02 2.322E-02 2.561E-02 2.820E-02 3.308E-02 3.829E-02 4.331E-02 4.803E-02 5.468E-02 5.713E-02 6.317E-02 6.724E-02 6.912E-02 7.528E-02 8.103E-02 8.403E-02 8.428E-02 8.209E-02 7.998E-02 7.897E-02 8.181E-02 6.959E-02 5.828E-02 3.359E-02 3.118E-02 4.302E-02 5.936E-02 5.900E-02 5.715E-02 5.640E-02 5.654E-02 5.772E-02 5.796E-02 5.345E-02 4.838E-02 5.003E-02 4.827E-02 4.347E-02 4.138E-02 3.516E-02 3.328E-02 3.564E-02 3.591E-02 3.294E-02 3.095E-02 2.912E-02 2.577E-02 2.283E-02 2.096E-02 1.718E-02 1.382E-02
  1.400E+01  3.838E-03 4.345E-03 5.100E-03 6.076E-03 7.875E-03 9.049E-03 1.148E-02 1.355E-02 1.440E-02 1.598E-02 1.695E-02 1.779E-02 1.955E-02 2.124E-02 2.423E-02 2.773E-02 3.114E-02 3.417E-02 3.858E-02 3.961E-02 4.502E-02 4.862E-02 5.031E-02 5.596E-02 6.134E-02 6.437E-02 6.476E-02 6.308E-02 6.164E-02 6.094E-02 6.388E-02 5.389E-02 4.425E-02 2.467E-02 2.321E-02 3.284E-02 4.692E-02 4.683E-02 4.563E-02 4.525E-02 4.551E-02 4.710E-02 4.769E-02 4.392E-02 4.001E-02 4.192E-02 4.087E-02 3.685E-02 3.502E-02 2.993E-02 2.849E-02 3.094E-02 3.137E-02 2.900E-02 2.746E-02 2.602E-02 2.332E-02 2.087E-02 1.930E-02 1.604E-02 1.302E-02
  1.600E+01  2.886E-03 3.245E-03 3.828E-03 4.634E-03 6.268E-03 7.189E-03 9.437E-03 1.118E-02 1.200E-02 1.335E-02 1.398E-02 1.460E-02 1.601E-02 1.720E-02 1.916E-02 2.155E-02 2.396E-02 2.601E-02 2.879E-02 2.875E-02 3.356E-02 3.674E-02 3.821E-02 4.328E-02 4.826E-02 5.093E-02 5.117E-02 4.964E-02 4.848E-02 4.792E-02 5.076E-02 4.235E-02 3.394E-02 1.836E-02 1.752E-02 2.536E-02 3.750E-02 3.757E-02 3.682E-02 3.667E-02 3.697E-02 3.875E-02 3.954E-02 3.635E-02 3.328E-02 3.530E-02 3.472E-02 3.131E-02 2.971E-02 2.551E-02 2.441E-02 2.689E-02 2.744E-02 2.556E-02 2.438E-02 2.326E-02 2.109E-02 1.904E-02 1.771E-02 1.492E-02 1.222E-02
  1.800E+01  2.280E-03 2.537E-03 3.020E-03 3.720E-03 5.156E-03 6.034E-03 8.035E-03 9.629E-03 1.020E-02 1.140E-02 1.204E-02 1.257E-02 1.353E-02 1.464E-02 1.596E-02 1.770E-02 1.935E-02 2.085E-02 2.251E-02 2.170E-02 2.600E-02 2.880E-02 3.007E-02 3.461E-02 3.914E-02 4.138E-02 4.139E-02 3.987E-02 3.880E-02 3.831E-02 4.094E-02 3.374E-02 2.629E-02 1.384E-02 1.338E-02 1.979E-02 3.028E-02 3.046E-02 3.003E-02 3.001E-02 3.032E-02 3.214E-02 3.304E-02 3.028E-02 2.784E-02 2.990E-02 2.962E-02 2.669E-02 2.527E-02 2.178E-02 2.095E-02 2.340E-02 2.403E-02 2.255E-02 2.166E-02 2.081E-02 1.909E-02 1.736E-02 1.624E-02 1.384E-02 1.143E-02
  2.000E+01  1.858E-03 2.066E-03 2.478E-03 3.081E-03 4.409E-03 5.150E-03 6.969E-03 8.589E-03 9.070E-03 1.015E-02 1.066E-02 1.105E-02 1.189E-02 1.281E-02 1.375E-02 1.501E-02 1.630E-02 1.734E-02 1.826E-02 1.695E-02 2.080E-02 2.328E-02 2.438E-02 2.844E-02 3.254E-02 3.438E-02 3.416E-02 3.259E-02 3.153E-02 3.107E-02 3.346E-02 2.720E-02 2.055E-02 1.056E-02 1.035E-02 1.560E-02 2.469E-02 2.493E-02 2.473E-02 2.479E-02 2.509E-02 2.688E-02 2.782E-02 2.540E-02 2.341E-02 2.547E-02 2.537E-02 2.282E-02 2.157E-02 1.865E-02 1.802E-02 2.041E-02 2.110E-02 1.993E-02 1.927E-02 1.864E-02 1.729E-02 1.583E-02 1.489E-02 1.283E-02 1.066E-02
  2.200E+01  1.563E-03 1.723E-03 2.087E-03 2.647E-03 3.931E-03 4.569E-03 6.394E-03 7.568E-03 8.185E-03 9.173E-03 9.464E-03 9.911E-03 1.081E-02 1.138E-02 1.206E-02 1.305E-02 1.411E-02 1.483E-02 1.525E-02 1.362E-02 1.709E-02 1.930E-02 2.026E-02 2.389E-02 2.760E-02 2.908E-02 2.866E-02 2.703E-02 2.595E-02 2.551E-02 2.765E-02 2.217E-02 1.620E-02 8.147E-03 8.087E-03 1.241E-02 2.032E-02 2.060E-02 2.056E-02 2.067E-02 2.094E-02 2.265E-02 2.359E-02 2.144E-02 1.980E-02 2.181E-02 2.182E-02 1.958E-02 1.847E-02 1.601E-02 1.554E-02 1.784E-02 1.857E-02 1.765E-02 1.718E-02 1.672E-02 1.567E-02 1.445E-02 1.365E-02 1.189E-02 9.940E-03
  2.400E+01  1.336E-03 1.471E-03 1.796E-03 2.305E-03 3.432E-03 4.102E-03 5.681E-03 6.961E-03 7.284E-03 8.181E-03 8.644E-03 9.038E-03 9.650E-03 1.034E-02 1.084E-02 1.159E-02 1.238E-02 1.297E-02 1.305E-02 1.122E-02 1.436E-02 1.632E-02 1.718E-02 2.043E-02 2.377E-02 2.496E-02 2.437E-02 2.270E-02 2.160E-02 2.116E-02 2.307E-02 1.825E-02 1.288E-02 6.352E-03 6.384E-03 9.964E-03 1.687E-02 1.717E-02 1.724E-02 1.738E-02 1.762E-02 1.922E-02 2.014E-02 1.821E-02 1.684E-02 1.877E-02 1.883E-02 1.686E-02 1.587E-02 1.378E-02 1.344E-02 1.564E-02 1.639E-02 1.567E-02 1.535E-02 1.503E-02 1.423E-02 1.319E-02 1.252E-02 1.101E-02 9.259E-03
  2.600E+01  1.167E-03 1.276E-03 1.577E-03 2.029E-03 3.117E-03 3.657E-03 5.179E-03 6.415E-03 6.736E-03 7.558E-03 7.946E-03 8.188E-03 8.864E-03 9.352E-03 9.747E-03 1.040E-02 1.109E-02 1.148E-02 1.136E-02 9.423E-03 1.228E-02 1.404E-02 1.479E-02 1.771E-02 2.073E-02 2.169E-02 2.096E-02 1.927E-02 1.816E-02 1.773E-02 1.941E-02 1.515E-02 1.032E-02 5.001E-03 5.086E-03 8.064E-03 1.411E-02 1.443E-02 1.459E-02 1.473E-02 1.494E-02 1.643E-02 1.731E-02 1.555E-02 1.439E-02 1.625E-02 1.632E-02 1.456E-02 1.368E-02 1.190E-02 1.165E-02 1.375E-02 1.450E-02 1.395E-02 1.374E-02 1.354E-02 1.294E-02 1.205E-02 1.149E-02 1.020E-02 8.622E-03
  2.800E+01  1.030E-03 1.122E-03 1.396E-03 1.832E-03 2.887E-03 3.367E-03 4.872E-03 5.734E-03 6.216E-03 6.978E-03 7.170E-03 7.515E-03 8.245E-03 8.530E-03 8.840E-03 9.387E-03 1.004E-02 1.028E-02 1.001E-02 8.051E-03 1.065E-02 1.224E-02 1.290E-02 1.551E-02 1.829E-02 1.903E-02 1.819E-02 1.650E-02 1.539E-02 1.497E-02 1.645E-02 1.268E-02 8.334E-03 3.974E-03 4.088E-03 6.577E-03 1.190E-02 1.223E-02 1.244E-02 1.259E-02 1.277E-02 1.413E-02 1.496E-02 1.336E-02 1.236E-02 1.413E-02 1.419E-02 1.262E-02 1.182E-02 1.030E-02 1.012E-02 1.211E-02 1.287E-02 1.244E-02 1.234E-02 1.222E-02 1.179E-02 1.103E-02 1.055E-02 9.450E-03 8.028E-03
  3.000E+01  9.156E-04 9.998E-04 1.245E-03 1.659E-03 2.552E-03 3.125E-03 4.384E-03 5.326E-03 5.566E-03 6.260E-03 6.605E-03 7.053E-03 7.367E-03 7.972E-03 8.182E-03 8.529E-03 9.041E-03 9.323E-03 8.920E-03 6.973E-03 9.344E-03 1.078E-02 1.136E-02 1.371E-02 1.623E-02 1.682E-02 1.590E-02 1.424E-02 1.314E-02 1.273E-02 1.403E-02 1.069E-02 6.776E-03 3.184E-03 3.313E-03 5.403E-03 1.011E-02 1.044E-02 1.070E-02 1.084E-02 1.099E-02 1.223E-02 1.301E-02 1.154E-02 1.067E-02 1.235E-02 1.239E-02 1.097E-02 1.025E-02 8.945E-03 8.821E-03 1.070E-02 1.145E-02 1.113E-02 1.110E-02 1.106E-02 1.077E-02 1.011E-02 9.696E-03 8.759E-03 7.476E-03
  3.200E+01  8.228E-04 8.993E-04 1.129E-03 1.487E-03 2.337E-03 2.804E-03 3.970E-03 4.990E-03 5.178E-03 5.817E-03 6.141E-03 6.409E-03 6.761E-03 7.271E-03 7.469E-03 7.807E-03 8.230E-03 8.462E-03 8.016E-03 6.107E-03 8.272E-03 9.565E-03 1.009E-02 1.221E-02 1.447E-02 1.494E-02 1.399E-02 1.237E-02 1.130E-02 1.090E-02 1.204E-02 9.068E-03 5.546E-03 2.572E-03 2.705E-03 4.469E-03 8.645E-03 8.975E-03 9.265E-03 9.404E-03 9.523E-03 1.064E-02 1.137E-02 1.001E-02 9.248E-03 1.084E-02 1.085E-02 9.559E-03 8.919E-03 7.788E-03 7.708E-03 9.478E-03 1.022E-02 9.989E-03 1.002E-02 1.004E-02 9.853E-03 9.273E-03 8.921E-03 8.123E-03 6.963E-03
  3.400E+01  7.450E-04 8.104E-04 1.031E-03 1.358E-03 2.208E-03 2.561E-03 3.713E-03 4.546E-03 4.880E-03 5.473E-03 5.642E-03 5.828E-03 6.273E-03 6.617E-03 6.816E-03 7.166E-03 7.528E-03 7.710E-03 7.244E-03 5.399E-03 7.375E-03 8.546E-03 9.024E-03 1.093E-02 1.295E-02 1.334E-02 1.238E-02 1.080E-02 9.763E-03 9.383E-03 1.038E-02 7.742E-03 4.568E-03 2.093E-03 2.224E-03 3.720E-03 7.441E-03 7.769E-03 8.082E-03 8.214E-03 8.308E-03 9.313E-03 9.987E-03 8.732E-03 8.054E-03 9.556E-03 9.530E-03 8.358E-03 7.782E-03 6.799E-03 6.753E-03 8.418E-03 9.146E-03 8.986E-03 9.060E-03 9.132E-03 9.035E-03 8.522E-03 8.219E-03 7.538E-03 6.487E-03
  3.600E+01  6.795E-04 7.364E-04 9.310E-04 1.268E-03 2.029E-03 2.428E-03 3.493E-03 4.099E-03 4.390E-03 4.926E-03 5.093E-03 5.487E-03 5.785E-03 6.195E-03 6.335E-03 6.523E-03 6.869E-03 7.079E-03 6.571E-03 4.808E-03 6.613E-03 7.677E-03 8.108E-03 9.832E-03 1.165E-02 1.195E-02 1.100E-02 9.481E-03 8.483E-03 8.120E-03 8.994E-03 6.646E-03 3.786E-03 1.715E-03 1.841E-03 3.116E-03 6.444E-03 6.770E-03 7.100E-03 7.223E-03 7.294E-03 8.194E-03 8.814E-03 7.650E-03 7.044E-03 8.462E-03 8.398E-03 7.329E-03 6.808E-03 5.952E-03 5.932E-03 7.496E-03 8.208E-03 8.106E-03 8.218E-03 8.329E-03 8.303E-03 7.845E-03 7.582E-03 7.001E-03 6.045E-03
  3.800E+01  6.209E-04 6.747E-04 8.490E-04 1.164E-03 1.821E-03 2.246E-03 3.161E-03 3.829E-03 4.003E-03 4.502E-03 4.731E-03 5.053E-03 5.254E-03 5.693E-03 5.815E-03 6.007E-03 6.294E-03 6.482E-03 5.980E-03 4.308E-03 5.958E-03 6.926E-03 7.313E-03 8.867E-03 1.052E-02 1.074E-02 9.803E-03 8.358E-03 7.404E-03 7.060E-03 7.826E-03 5.736E-03 3.156E-03 1.415E-03 1.534E-03 2.625E-03 5.614E-03 5.936E-03 6.279E-03 6.392E-03 6.443E-03 7.244E-03 7.815E-03 6.732E-03 6.186E-03 7.524E-03 7.422E-03 6.445E-03 5.974E-03 5.225E-03 5.224E-03 6.692E-03 7.386E-03 7.332E-03 7.473E-03 7.616E-03 7.647E-03 7.233E-03 7.003E-03 6.507E-03 5.637E-03
  4.000E+01  5.698E-04 6.206E-04 7.855E-04 1.054E-03 1.654E-03 2.027E-03 2.828E-03 3.630E-03 3.674E-03 4.122E-03 4.440E-03 4.597E-03 4.784E-03 5.205E-03 5.331E-03 5.529E-03 5.776E-03 5.935E-03 5.456E-03 3.880E-03 5.389E-03 6.268E-03 6.616E-03 8.014E-03 9.519E-03 9.694E-03 8.766E-03 7.397E-03 6.491E-03 6.166E-03 6.837E-03 4.974E-03 2.646E-03 1.175E-03 1.285E-03 2.224E-03 4.918E-03 5.237E-03 5.588E-03 5.692E-03 5.725E-03 6.435E-03 6.958E-03 5.949E-03 5.455E-03 6.717E-03 6.579E-03 5.683E-03 5.256E-03 4.599E-03 4.613E-03 5.990E-03 6.665E-03 6.650E-03 6.814E-03 6.982E-03 7.059E-03 6.681E-03 6.477E-03 6.054E-03 5.259E-03
  4.200E+01  5.253E-04 5.715E-04 7.314E-04 9.629E-04 1.564E-03 1.836E-03 2.635E-03 3.324E-03 3.465E-03 3.883E-03 4.063E-03 4.175E-03 4.471E-03 4.737E-03 4.868E-03 5.072E-03 5.334E-03 5.439E-03 4.986E-03 3.509E-03 4.888E-03 5.690E-03 6.002E-03 7.261E-03 8.633E-03 8.764E-03 7.862E-03 6.568E-03 5.712E-03 5.406E-03 5.996E-03 4.334E-03 2.230E-03 9.810E-04 1.084E-03 1.894E-03 4.331E-03 4.647E-03 5.004E-03 5.100E-03 5.116E-03 5.742E-03 6.220E-03 5.279E-03 4.830E-03 6.019E-03 5.848E-03 5.024E-03 4.638E-03 4.058E-03 4.083E-03 5.375E-03 6.031E-03 6.048E-03 6.230E-03 6.418E-03 6.531E-03 6.182E-03 6.000E-03 5.639E-03 4.910E-03
  4.400E+01  4.865E-04 5.270E-04 6.795E-04 8.907E-04 1.465E-03 1.686E-03 2.430E-03 3.071E-03 3.226E-03 3.607E-03 3.780E-03 3.802E-03 4.069E-03 4.325E-03 4.467E-03 4.692E-03 4.875E-03 5.006E-03 4.570E-03 3.184E-03 4.445E-03 5.175E-03 5.460E-03 6.597E-03 7.827E-03 7.936E-03 7.070E-03 5.851E-03 5.044E-03 4.757E-03 5.276E-03 3.792E-03 1.889E-03 8.239E-04 9.184E-04 1.621E-03 3.834E-03 4.146E-03 4.508E-03 4.596E-03 4.598E-03 5.145E-03 5.582E-03 4.703E-03 4.292E-03 5.413E-03 5.213E-03 4.454E-03 4.103E-03 3.590E-03 3.624E-03 4.835E-03 5.471E-03 5.516E-03 5.711E-03 5.914E-03 6.056E-03 5.730E-03 5.566E-03 5.257E-03 4.588E-03
  4.600E+01  4.518E-04 4.873E-04 6.274E-04 8.356E-04 1.372E-03 1.584E-03 2.294E-03 2.739E-03 2.943E-03 3.287E-03 3.387E-03 3.540E-03 3.788E-03 4.009E-03 4.126E-03 4.288E-03 4.480E-03 4.608E-03 4.193E-03 2.899E-03 4.052E-03 4.715E-03 4.976E-03 6.004E-03 7.111E-03 7.200E-03 6.373E-03 5.227E-03 4.470E-03 4.202E-03 4.658E-03 3.331E-03 1.608E-03 6.957E-04 7.825E-04 1.395E-03 3.411E-03 3.719E-03 4.084E-03 4.164E-03 4.153E-03 4.629E-03 5.028E-03 4.205E-03 3.829E-03 4.886E-03 4.659E-03 3.958E-03 3.639E-03 3.185E-03 3.224E-03 4.360E-03 4.977E-03 5.045E-03 5.249E-03 5.465E-03 5.629E-03 5.321E-03 5.171E-03 4.906E-03 4.291E-03
  4.800E+01  4.207E-04 4.527E-04 5.790E-04 7.813E-04 1.272E-03 1.472E-03 2.123E-03 2.492E-03 2.717E-03 3.038E-03 3.098E-03 3.245E-03 3.479E-03 3.662E-03 3.767E-03 3.957E-03 4.129E-03 4.223E-03 3.849E-03 2.646E-03 3.701E-03 4.305E-03 4.541E-03 5.467E-03 6.478E-03 6.550E-03 5.756E-03 4.683E-03 3.973E-03 3.723E-03 4.126E-03 2.937E-03 1.375E-03 5.905E-04 6.701E-04 1.206E-03 3.049E-03 3.353E-03 3.720E-03 3.793E-03 3.771E-03 4.181E-03 4.544E-03 3.774E-03 3.428E-03 4.426E-03 4.174E-03 3.527E-03 3.236E-03 2.833E-03 2.876E-03 3.942E-03 4.540E-03 4.626E-03 4.838E-03 5.063E-03 5.244E-03 4.950E-03 4.811E-03 4.585E-03 4.016E-03
  5.000E+01  3.932E-04 4.219E-04 5.336E-04 7.326E-04 1.166E-03 1.380E-03 1.977E-03 2.269E-03 2.437E-03 2.723E-03 2.808E-03 3.008E-03 3.213E-03 3.381E-03 3.472E-03 3.614E-03 3.802E-03 3.884E-03 3.535E-03 2.420E-03 3.386E-03 3.936E-03 4.150E-03 4.986E-03 5.908E-03 5.967E-03 5.208E-03 4.206E-03 3.542E-03 3.309E-03 3.665E-03 2.600E-03 1.181E-03 5.037E-04 5.767E-04 1.047E-03 2.738E-03 3.039E-03 3.406E-03 3.473E-03 3.441E-03 3.790E-03 4.120E-03 3.399E-03 3.080E-03 4.022E-03 3.750E-03 3.151E-03 2.886E-03 2.526E-03 2.572E-03 3.573E-03 4.151E-03 4.253E-03 4.471E-03 4.702E-03 4.896E-03 4.614E-03 4.484E-03 4.289E-03 3.763E-03
  5.200E+01  3.680E-04 3.942E-04 4.953E-04 6.805E-04 1.071E-03 1.267E-03 1.801E-03 2.098E-03 2.242E-03 2.508E-03 2.592E-03 2.727E-03 2.933E-03 3.076E-03 3.174E-03 3.335E-03 3.505E-03 3.570E-03 3.252E-03 2.218E-03 3.102E-03 3.604E-03 3.798E-03 4.555E-03 5.388E-03 5.444E-03 4.722E-03 3.787E-03 3.168E-03 2.950E-03 3.265E-03 2.309E-03 1.019E-03 4.317E-04 4.986E-04 9.136E-04 2.469E-03 2.767E-03 3.134E-03 3.196E-03 3.154E-03 3.448E-03 3.748E-03 3.072E-03 2.777E-03 3.668E-03 3.378E-03 2.822E-03 2.580E-03 2.258E-03 2.307E-03 3.247E-03 3.806E-03 3.921E-03 4.142E-03 4.379E-03 4.581E-03 4.309E-03 4.185E-03 4.017E-03 3.530E-03
  5.400E+01  3.454E-04 3.695E-04 4.601E-04 6.349E-04 9.788E-04 1.182E-03 1.662E-03 1.910E-03 2.016E-03 2.253E-03 2.352E-03 2.545E-03 2.676E-03 2.856E-03 2.934E-03 3.056E-03 3.211E-03 3.293E-03 2.993E-03 2.037E-03 2.845E-03 3.305E-03 3.482E-03 4.169E-03 4.922E-03 4.965E-03 4.290E-03 3.417E-03 2.840E-03 2.638E-03 2.918E-03 2.058E-03 8.835E-04 3.717E-04 4.332E-04 8.007E-04 2.237E-03 2.531E-03 2.898E-03 2.954E-03 2.905E-03 3.148E-03 3.420E-03 2.786E-03 2.513E-03 3.355E-03 3.050E-03 2.534E-03 2.312E-03 2.024E-03 2.073E-03 2.958E-03 3.499E-03 3.625E-03 3.848E-03 4.088E-03 4.296E-03 4.031E-03 3.913E-03 3.767E-03 3.314E-03
  5.600E+01  3.249E-04 3.467E-04 4.302E-04 5.887E-04 9.072E-04 1.077E-03 1.518E-03 1.762E-03 1.878E-03 2.099E-03 2.176E-03 2.279E-03 2.455E-03 2.570E-03 2.668E-03 2.825E-03 2.954E-03 3.030E-03 2.756E-03 1.874E-03 2.613E-03 3.035E-03 3.196E-03 3.819E-03 4.510E-03 4.532E-03 3.903E-03 3.091E-03 2.553E-03 2.366E-03 2.614E-03 1.840E-03 7.689E-04 3.215E-04 3.780E-04 7.048E-04 2.035E-03 2.325E-03 2.692E-03 2.743E-03 2.687E-03 2.883E-03 3.130E-03 2.535E-03 2.281E-03 3.078E-03 2.760E-03 2.281E-03 2.078E-03 1.819E-03 1.869E-03 2.701E-03 3.225E-03 3.360E-03 3.584E-03 3.826E-03 4.038E-03 3.779E-03 3.665E-03 3.538E-03 3.115E-03
  5.800E+01  3.065E-04 3.260E-04 4.021E-04 5.493E-04 8.353E-04 1.002E-03 1.397E-03 1.592E-03 1.683E-03 1.877E-03 1.959E-03 2.134E-03 2.245E-03 2.405E-03 2.482E-03 2.574E-03 2.714E-03 2.801E-03 2.540E-03 1.726E-03 2.403E-03 2.790E-03 2.938E-03 3.502E-03 4.136E-03 4.146E-03 3.557E-03 2.802E-03 2.302E-03 2.127E-03 2.348E-03 1.651E-03 6.719E-04 2.793E-04 3.313E-04 6.231E-04 1.858E-03 2.146E-03 2.511E-03 2.558E-03 2.495E-03 2.650E-03 2.873E-03 2.314E-03 2.078E-03 2.833E-03 2.505E-03 2.058E-03 1.872E-03 1.639E-03 1.689E-03 2.472E-03 2.980E-03 3.123E-03 3.347E-03 3.589E-03 3.804E-03 3.549E-03 3.437E-03 3.327E-03 2.932E-03
  6.000E+01  2.895E-04 3.071E-04 3.789E-04 5.081E-04 7.839E-04 9.063E-04 1.280E-03 1.457E-03 1.595E-03 1.779E-03 1.807E-03 1.889E-03 2.078E-03 2.135E-03 2.231E-03 2.387E-03 2.521E-03 2.565E-03 2.345E-03 1.593E-03 2.214E-03 2.566E-03 2.702E-03 3.213E-03 3.791E-03 3.808E-03 3.249E-03 2.545E-03 2.080E-03 1.918E-03 2.115E-03 1.486E-03 5.894E-04 2.437E-04 2.917E-04 5.532E-04 1.703E-03 1.988E-03 2.352E-03 2.395E-03 2.327E-03 2.442E-03 2.644E-03 2.118E-03 1.900E-03 2.614E-03 2.278E-03 1.862E-03 1.691E-03 1.481E-03 1.530E-03 2.269E-03 2.760E-03 2.910E-03 3.133E-03 3.376E-03 3.590E-03 3.339E-03 3.230E-03 3.132E-03 2.762E-03
  6.200E+01  2.742E-04 2.899E-04 3.579E-04 4.718E-04 7.256E-04 8.350E-04 1.169E-03 1.318E-03 1.453E-03 1.617E-03 1.631E-03 1.750E-03 1.891E-03 1.979E-03 2.060E-03 2.191E-03 2.324E-03 2.363E-03 2.166E-03 1.472E-03 2.042E-03 2.363E-03 2.488E-03 2.952E-03 3.477E-03 3.503E-03 2.972E-03 2.318E-03 1.884E-03 1.734E-03 1.910E-03 1.341E-03 5.191E-04 2.136E-04 2.580E-04 4.933E-04 1.567E-03 1.849E-03 2.212E-03 2.252E-03 2.178E-03 2.257E-03 2.440E-03 1.946E-03 1.742E-03 2.420E-03 2.077E-03 1.689E-03 1.531E-03 1.341E-03 1.390E-03 2.088E-03 2.563E-03 2.718E-03 2.940E-03 3.183E-03 3.396E-03 3.148E-03 3.040E-03 2.953E-03 2.606E-03
  6.400E+01  2.601E-04 2.746E-04 3.403E-04 4.343E-04 6.745E-04 7.522E-04 1.056E-03 1.218E-03 1.368E-03 1.522E-03 1.521E-03 1.562E-03 1.726E-03 1.777E-03 1.868E-03 2.035E-03 2.143E-03 2.174E-03 2.002E-03 1.362E-03 1.885E-03 2.180E-03 2.294E-03 2.717E-03 3.195E-03 3.221E-03 2.723E-03 2.114E-03 1.712E-03 1.572E-03 1.730E-03 1.214E-03 4.590E-04 1.880E-04 2.291E-04 4.417E-04 1.448E-03 1.726E-03 2.088E-03 2.124E-03 2.046E-03 2.093E-03 2.258E-03 1.792E-03 1.602E-03 2.246E-03 1.898E-03 1.535E-03 1.390E-03 1.218E-03 1.266E-03 1.925E-03 2.386E-03 2.546E-03 2.766E-03 3.008E-03 3.219E-03 2.973E-03 2.866E-03 2.788E-03 2.462E-03
  6.600E+01  2.470E-04 2.613E-04 3.229E-04 4.012E-04 6.168E-04 6.891E-04 9.614E-04 1.123E-03 1.236E-03 1.373E-03 1.386E-03 1.433E-03 1.580E-03 1.634E-03 1.724E-03 1.861E-03 1.972E-03 2.013E-03 1.851E-03 1.263E-03 1.742E-03 2.014E-03 2.119E-03 2.505E-03 2.944E-03 2.962E-03 2.499E-03 1.933E-03 1.558E-03 1.428E-03 1.570E-03 1.102E-03 4.073E-04 1.661E-04 2.043E-04 3.971E-04 1.342E-03 1.617E-03 1.978E-03 2.011E-03 1.929E-03 1.946E-03 2.094E-03 1.656E-03 1.479E-03 2.091E-03 1.739E-03 1.399E-03 1.266E-03 1.110E-03 1.156E-03 1.780E-03 2.227E-03 2.390E-03 2.609E-03 2.849E-03 3.057E-03 2.813E-03 2.706E-03 2.637E-03 2.329E-03
  6.800E+01  2.352E-04 2.499E-04 3.053E-04 3.687E-04 5.595E-04 6.189E-04 8.535E-04 1.066E-03 1.133E-03 1.259E-03 1.306E-03 1.285E-03 1.421E-03 1.480E-03 1.574E-03 1.726E-03 1.821E-03 1.856E-03 1.713E-03 1.172E-03 1.612E-03 1.862E-03 1.958E-03 2.311E-03 2.718E-03 2.730E-03 2.298E-03 1.771E-03 1.422E-03 1.301E-03 1.429E-03 1.003E-03 3.629E-04 1.474E-04 1.830E-04 3.586E-04 1.248E-03 1.521E-03 1.879E-03 1.910E-03 1.824E-03 1.814E-03 1.947E-03 1.534E-03 1.369E-03 1.951E-03 1.597E-03 1.279E-03 1.155E-03 1.013E-03 1.059E-03 1.650E-03 2.083E-03 2.250E-03 2.466E-03 2.704E-03 2.909E-03 2.667E-03 2.560E-03 2.497E-03 2.206E-03
  7.000E+01  2.247E-04 2.392E-04 2.858E-04 3.459E-04 5.113E-04 5.771E-04 7.877E-04 9.547E-04 1.024E-03 1.139E-03 1.167E-03 1.191E-03 1.319E-03 1.364E-03 1.447E-03 1.583E-03 1.688E-03 1.711E-03 1.586E-03 1.089E-03 1.494E-03 1.724E-03 1.812E-03 2.134E-03 2.514E-03 2.521E-03 2.116E-03 1.626E-03 1.301E-03 1.189E-03 1.304E-03 9.161E-04 3.244E-04 1.313E-04 1.647E-04 3.251E-04 1.164E-03 1.435E-03 1.792E-03 1.819E-03 1.731E-03 1.695E-03 1.815E-03 1.426E-03 1.271E-03 1.826E-03 1.470E-03 1.172E-03 1.057E-03 9.280E-04 9.728E-04 1.534E-03 1.954E-03 2.123E-03 2.337E-03 2.573E-03 2.774E-03 2.533E-03 2.426E-03 2.367E-03 2.092E-03
  7.200E+01  2.157E-04 2.284E-04 2.669E-04 3.310E-04 4.599E-04 5.474E-04 7.083E-04 8.794E-04 9.113E-04 1.014E-03 1.074E-03 1.110E-03 1.177E-03 1.271E-03 1.347E-03 1.459E-03 1.552E-03 1.587E-03 1.471E-03 1.014E-03 1.386E-03 1.599E-03 1.680E-03 1.975E-03 2.322E-03 2.331E-03 1.953E-03 1.496E-03 1.193E-03 1.088E-03 1.193E-03 8.389E-04 2.912E-04 1.175E-04 1.488E-04 2.960E-04 1.090E-03 1.358E-03 1.713E-03 1.738E-03 1.647E-03 1.588E-03 1.696E-03 1.329E-03 1.184E-03 1.713E-03 1.357E-03 1.076E-03 9.701E-04 8.523E-04 8.960E-04 1.429E-03 1.837E-03 2.008E-03 2.220E-03 2.453E-03 2.650E-03 2.410E-03 2.303E-03 2.248E-03 1.988E-03
  7.400E+01  2.078E-04 2.174E-04 2.511E-04 3.177E-04 4.396E-04 5.137E-04 6.893E-04 7.818E-04 8.403E-04 9.363E-04 9.646E-04 1.011E-03 1.123E-03 1.150E-03 1.224E-03 1.345E-03 1.441E-03 1.466E-03 1.366E-03 9.456E-04 1.288E-03 1.484E-03 1.559E-03 1.830E-03 2.147E-03 2.161E-03 1.805E-03 1.380E-03 1.097E-03 9.992E-04 1.094E-03 7.703E-04 2.623E-04 1.056E-04 1.350E-04 2.706E-04 1.024E-03 1.289E-03 1.642E-03 1.665E-03 1.571E-03 1.492E-03 1.588E-03 1.241E-03 1.107E-03 1.611E-03 1.255E-03 9.910E-04 8.926E-04 7.850E-04 8.276E-04 1.335E-03 1.731E-03 1.904E-03 2.113E-03 2.344E-03 2.536E-03 2.297E-03 2.189E-03 2.138E-03 1.891E-03
  7.600E+01  2.000E-04 2.077E-04 2.414E-04 2.967E-04 4.171E-04 4.687E-04 6.301E-04 7.080E-04 7.724E-04 8.570E-04 8.737E-04 9.245E-04 1.018E-03 1.060E-03 1.132E-03 1.243E-03 1.330E-03 1.357E-03 1.270E-03 8.830E-04 1.199E-03 1.378E-03 1.449E-03 1.697E-03 1.990E-03 2.008E-03 1.672E-03 1.275E-03 1.011E-03 9.197E-04 1.006E-03 7.094E-04 2.371E-04 9.529E-05 1.230E-04 2.484E-04 9.642E-04 1.227E-03 1.578E-03 1.600E-03 1.503E-03 1.405E-03 1.491E-03 1.163E-03 1.037E-03 1.518E-03 1.164E-03 9.150E-04 8.235E-04 7.251E-04 7.667E-04 1.250E-03 1.634E-03 1.809E-03 2.016E-03 2.244E-03 2.431E-03 2.193E-03 2.085E-03 2.036E-03 1.802E-03
  7.800E+01  1.924E-04 2.003E-04 2.342E-04 2.733E-04 3.898E-04 4.173E-04 5.702E-04 6.728E-04 7.403E-04 8.218E-04 8.349E-04 8.085E-04 9.435E-04 9.353E-04 1.015E-03 1.163E-03 1.239E-03 1.249E-03 1.182E-03 8.260E-04 1.117E-03 1.283E-03 1.348E-03 1.576E-03 1.851E-03 1.867E-03 1.552E-03 1.181E-03 9.344E-04 8.488E-04 9.276E-04 6.550E-04 2.152E-04 8.635E-05 1.126E-04 2.290E-04 9.110E-04 1.171E-03 1.520E-03 1.540E-03 1.441E-03 1.326E-03 1.403E-03 1.092E-03 9.745E-04 1.435E-03 1.082E-03 8.470E-04 7.618E-04 6.717E-04 7.123E-04 1.173E-03 1.547E-03 1.723E-03 1.927E-03 2.152E-03 2.334E-03 2.097E-03 1.989E-03 1.943E-03 1.719E-03
  8.000E+01  1.856E-04 1.943E-04 2.222E-04 2.557E-04 3.539E-04 3.865E-04 5.180E-04 6.127E-04 6.491E-04 7.193E-04 7.473E-04 7.581E-04 8.628E-04 8.809E-04 9.525E-04 1.060E-03 1.143E-03 1.165E-03 1.100E-03 7.738E-04 1.043E-03 1.197E-03 1.257E-03 1.468E-03 1.723E-03 1.734E-03 1.443E-03 1.097E-03 8.655E-04 7.853E-04 8.575E-04 6.066E-04 1.959E-04 7.858E-05 1.035E-04 2.119E-04 8.631E-04 1.121E-03 1.468E-03 1.486E-03 1.385E-03 1.255E-03 1.323E-03 1.029E-03 9.185E-04 1.359E-03 1.008E-03 7.862E-04 7.067E-04 6.240E-04 6.637E-04 1.104E-03 1.468E-03 1.645E-03 1.846E-03 2.068E-03 2.245E-03 2.010E-03 1.900E-03 1.856E-03 1.643E-03
  8.200E+01  1.802E-04 1.874E-04 2.098E-04 2.472E-04 3.228E-04 3.660E-04 4.676E-04 5.696E-04 5.916E-04 6.566E-04 6.969E-04 6.935E-04 7.684E-04 8.106E-04 8.837E-04 9.824E-04 1.049E-03 1.088E-03 1.026E-03 7.262E-04 9.740E-04 1.118E-03 1.175E-03 1.372E-03 1.603E-03 1.612E-03 1.345E-03 1.020E-03 8.037E-04 7.285E-04 7.947E-04 5.632E-04 1.791E-04 7.181E-05 9.559E-05 1.969E-04 8.200E-04 1.076E-03 1.421E-03 1.437E-03 1.335E-03 1.190E-03 1.250E-03 9.715E-04 8.681E-04 1.290E-03 9.416E-04 7.316E-04 6.574E-04 5.815E-04 6.202E-04 1.041E-03 1.395E-03 1.573E-03 1.772E-03 1.992E-03 2.163E-03 1.929E-03 1.819E-03 1.775E-03 1.573E-03
  8.400E+01  1.752E-04 1.805E-04 2.017E-04 2.356E-04 3.139E-04 3.411E-04 4.436E-04 4.975E-04 5.542E-04 6.138E-04 6.138E-04 6.407E-04 7.221E-04 7.446E-04 8.121E-04 9.073E-04 9.731E-04 1.010E-03 9.590E-04 6.828E-04 9.122E-04 1.046E-03 1.099E-03 1.281E-03 1.495E-03 1.505E-03 1.256E-03 9.518E-04 7.483E-04 6.775E-04 7.386E-04 5.245E-04 1.643E-04 6.591E-05 8.863E-05 1.837E-04 7.812E-04 1.034E-03 1.377E-03 1.392E-03 1.288E-03 1.131E-03 1.184E-03 9.196E-04 8.226E-04 1.227E-03 8.817E-04 6.827E-04 6.133E-04 5.434E-04 5.813E-04 9.847E-04 1.329E-03 1.508E-03 1.704E-03 1.921E-03 2.088E-03 1.854E-03 1.743E-03 1.701E-03 1.508E-03
  8.600E+01  1.700E-04 1.754E-04 1.966E-04 2.204E-04 2.898E-04 3.112E-04 3.951E-04 4.741E-04 5.059E-04 5.576E-04 5.820E-04 5.799E-04 6.447E-04 6.789E-04 7.449E-04 8.477E-04 9.027E-04 9.351E-04 8.971E-04 6.431E-04 8.561E-04 9.794E-04 1.029E-03 1.196E-03 1.401E-03 1.412E-03 1.174E-03 8.899E-04 6.985E-04 6.319E-04 6.882E-04 4.897E-04 1.513E-04 6.075E-05 8.252E-05 1.721E-04 7.461E-04 9.969E-04 1.338E-03 1.352E-03 1.246E-03 1.078E-03 1.124E-03 8.726E-04 7.817E-04 1.170E-03 8.275E-04 6.387E-04 5.737E-04 5.093E-04 5.464E-04 9.334E-04 1.269E-03 1.448E-03 1.642E-03 1.856E-03 2.018E-03 1.785E-03 1.674E-03 1.632E-03 1.448E-03
  8.800E+01  1.655E-04 1.712E-04 1.882E-04 2.097E-04 2.673E-04 2.903E-04 3.553E-04 4.355E-04 4.678E-04 5.159E-04 5.326E-04 5.269E-04 5.848E-04 6.196E-04 6.859E-04 7.843E-04 8.412E-04 8.693E-04 8.399E-04 6.070E-04 8.047E-04 9.195E-04 9.650E-04 1.120E-03 1.312E-03 1.326E-03 1.101E-03 8.341E-04 6.537E-04 5.909E-04 6.431E-04 4.585E-04 1.398E-04 5.624E-05 7.716E-05 1.618E-04 7.143E-04 9.629E-04 1.301E-03 1.314E-03 1.207E-03 1.029E-03 1.069E-03 8.299E-04 7.447E-04 1.118E-03 7.786E-04 5.992E-04 5.381E-04 4.788E-04 5.151E-04 8.870E-04 1.214E-03 1.393E-03 1.585E-03 1.796E-03 1.954E-03 1.721E-03 1.610E-03 1.568E-03 1.393E-03
  9.000E+01  1.619E-04 1.662E-04 1.803E-04 2.042E-04 2.516E-04 2.788E-04 3.384E-04 3.878E-04 4.214E-04 4.640E-04 4.738E-04 4.962E-04 5.373E-04 5.809E-04 6.417E-04 7.227E-04 7.768E-04 8.146E-04 7.879E-04 5.739E-04 7.573E-04 8.649E-04 9.080E-04 1.053E-03 1.229E-03 1.245E-03 1.035E-03 7.838E-04 6.134E-04 5.540E-04 6.026E-04 4.305E-04 1.297E-04 5.228E-05 7.244E-05 1.527E-04 6.856E-04 9.319E-04 1.268E-03 1.280E-03 1.172E-03 9.838E-04 1.019E-03 7.912E-04 7.112E-04 1.070E-03 7.344E-04 5.636E-04 5.062E-04 4.514E-04 4.870E-04 8.448E-04 1.164E-03 1.343E-03 1.532E-03 1.741E-03 1.894E-03 1.662E-03 1.550E-03 1.509E-03 1.342E-03
  9.200E+01  1.582E-04 1.620E-04 1.761E-04 1.945E-04 2.363E-04 2.591E-04 3.089E-04 3.667E-04 3.863E-04 4.224E-04 4.502E-04 4.532E-04 4.823E-04 5.339E-04 5.948E-04 6.766E-04 7.146E-04 7.635E-04 7.415E-04 5.438E-04 7.143E-04 8.151E-04 8.562E-04 9.918E-04 1.154E-03 1.170E-03 9.758E-04 7.384E-04 5.771E-04 5.209E-04 5.662E-04 4.053E-04 1.207E-04 4.880E-05 6.829E-05 1.446E-04 6.595E-04 9.036E-04 1.238E-03 1.248E-03 1.139E-03 9.429E-04 9.732E-04 7.560E-04 6.809E-04 1.026E-03 6.943E-04 5.315E-04 4.775E-04 4.269E-04 4.618E-04 8.064E-04 1.118E-03 1.297E-03 1.484E-03 1.691E-03 1.839E-03 1.608E-03 1.495E-03 1.455E-03 1.295E-03
  9.400E+01  1.549E-04 1.588E-04 1.705E-04 1.862E-04 2.213E-04 2.430E-04 2.843E-04 3.411E-04 3.544E-04 3.868E-04 4.147E-04 4.179E-04 4.434E-04 4.938E-04 5.526E-04 6.257E-04 6.665E-04 7.157E-04 6.976E-04 5.163E-04 6.754E-04 7.701E-04 8.085E-04 9.349E-04 1.090E-03 1.103E-03 9.215E-04 6.975E-04 5.445E-04 4.911E-04 5.336E-04 3.826E-04 1.128E-04 4.575E-05 6.462E-05 1.375E-04 6.358E-04 8.776E-04 1.209E-03 1.219E-03 1.108E-03 9.055E-04 9.314E-04 7.240E-04 6.534E-04 9.859E-04 6.580E-04 5.026E-04 4.516E-04 4.048E-04 4.391E-04 7.716E-04 1.076E-03 1.255E-03 1.440E-03 1.644E-03 1.788E-03 1.558E-03 1.444E-03 1.404E-03 1.251E-03
  9.600E+01  1.521E-04 1.552E-04 1.649E-04 1.816E-04 2.113E-04 2.335E-04 2.749E-04 3.104E-04 3.208E-04 3.490E-04 3.747E-04 3.908E-04 4.228E-04 4.588E-04 5.139E-04 5.743E-04 6.278E-04 6.707E-04 6.556E-04 4.913E-04 6.398E-04 7.300E-04 7.647E-04 8.825E-04 1.035E-03 1.042E-03 8.721E-04 6.606E-04 5.152E-04 4.643E-04 5.043E-04 3.622E-04 1.058E-04 4.306E-05 6.139E-05 1.312E-04 6.142E-04 8.538E-04 1.184E-03 1.192E-03 1.080E-03 8.713E-04 8.932E-04 6.948E-04 6.285E-04 9.490E-04 6.251E-04 4.766E-04 4.283E-04 3.850E-04 4.187E-04 7.399E-04 1.037E-03 1.217E-03 1.399E-03 1.601E-03 1.741E-03 1.511E-03 1.397E-03 1.357E-03 1.211E-03
  9.800E+01  1.495E-04 1.521E-04 1.612E-04 1.754E-04 2.025E-04 2.213E-04 2.570E-04 2.873E-04 2.992E-04 3.242E-04 3.442E-04 3.657E-04 3.911E-04 4.303E-04 4.827E-04 5.313E-04 5.883E-04 6.327E-04 6.183E-04 4.686E-04 6.074E-04 6.933E-04 7.254E-04 8.360E-04 9.832E-04 9.863E-04 8.278E-04 6.274E-04 4.888E-04 4.403E-04 4.780E-04 3.438E-04 9.951E-05 4.069E-05 5.854E-05 1.255E-04 5.945E-04 8.320E-04 1.160E-03 1.167E-03 1.054E-03 8.399E-04 8.582E-04 6.681E-04 6.058E-04 9.150E-04 5.953E-04 4.530E-04 4.074E-04 3.672E-04 4.003E-04 7.110E-04 1.001E-03 1.181E-03 1.361E-03 1.561E-03 1.697E-03 1.468E-03 1.353E-03 1.314E-03 1.174E-03
  1.000E+02  1.470E-04 1.496E-04 1.573E-04 1.699E-04 1.930E-04 2.099E-04 2.420E-04 2.715E-04 2.746E-04 2.961E-04 3.214E-04 3.358E-04 3.640E-04 3.973E-04 4.519E-04 4.947E-04 5.486E-04 5.992E-04 5.870E-04 4.479E-04 5.782E-04 6.592E-04 6.904E-04 7.952E-04 9.311E-04 9.378E-04 7.885E-04 5.976E-04 4.651E-04 4.186E-04 4.544E-04 3.272E-04 9.396E-05 3.860E-05 5.601E-05 1.206E-04 5.766E-04 8.118E-04 1.137E-03 1.144E-03 1.030E-03 8.110E-04 8.262E-04 6.438E-04 5.852E-04 8.838E-04 5.682E-04 4.318E-04 3.885E-04 3.512E-04 3.838E-04 6.846E-04 9.683E-04 1.148E-03 1.326E-03 1.524E-03 1.657E-03 1.428E-03 1.313E-03 1.273E-03 1.140E-03
  1.020E+02  1.449E-04 1.471E-04 1.537E-04 1.655E-04 1.854E-04 2.012E-04 2.283E-04 2.516E-04 2.585E-04 2.782E-04 2.978E-04 3.162E-04 3.377E-04 3.734E-04 4.242E-04 4.680E-04 5.158E-04 5.654E-04 5.595E-04 4.292E-04 5.522E-04 6.278E-04 6.585E-04 7.577E-04 8.822E-04 8.968E-04 7.536E-04 5.709E-04 4.438E-04 3.992E-04 4.333E-04 3.122E-04 8.902E-05 3.676E-05 5.378E-05 1.161E-04 5.602E-04 7.932E-04 1.117E-03 1.123E-03 1.007E-03 7.845E-04 7.969E-04 6.215E-04 5.665E-04 8.549E-04 5.436E-04 4.125E-04 3.714E-04 3.368E-04 3.690E-04 6.606E-04 9.380E-04 1.118E-03 1.294E-03 1.490E-03 1.620E-03 1.392E-03 1.276E-03 1.236E-03 1.109E-03
  1.040E+02  1.430E-04 1.448E-04 1.512E-04 1.608E-04 1.807E-04 1.913E-04 2.173E-04 2.332E-04 2.511E-04 2.703E-04 2.751E-04 2.909E-04 3.211E-04 3.434E-04 3.921E-04 4.447E-04 4.941E-04 5.295E-04 5.333E-04 4.123E-04 5.290E-04 5.999E-04 6.289E-04 7.226E-04 8.418E-04 8.606E-04 7.221E-04 5.471E-04 4.248E-04 3.818E-04 4.145E-04 2.987E-04 8.462E-05 3.514E-05 5.181E-05 1.122E-04 5.453E-04 7.759E-04 1.098E-03 1.103E-03 9.856E-04 7.601E-04 7.700E-04 6.012E-04 5.494E-04 8.281E-04 5.212E-04 3.952E-04 3.560E-04 3.239E-04 3.556E-04 6.387E-04 9.101E-04 1.090E-03 1.265E-03 1.459E-03 1.586E-03 1.358E-03 1.241E-03 1.201E-03 1.081E-03
  1.060E+02  1.412E-04 1.430E-04 1.487E-04 1.566E-04 1.744E-04 1.830E-04 2.079E-04 2.234E-04 2.373E-04 2.546E-04 2.634E-04 2.706E-04 3.074E-04 3.175E-04 3.630E-04 4.218E-04 4.733E-04 4.976E-04 5.082E-04 3.971E-04 5.080E-04 5.758E-04 6.022E-04 6.908E-04 8.107E-04 8.261E-04 6.936E-04 5.259E-04 4.078E-04 3.662E-04 3.977E-04 2.865E-04 8.071E-05 3.370E-05 5.006E-05 1.087E-04 5.315E-04 7.599E-04 1.080E-03 1.085E-03 9.656E-04 7.376E-04 7.453E-04 5.825E-04 5.338E-04 8.033E-04 5.009E-04 3.795E-04 3.421E-04 3.122E-04 3.435E-04 6.186E-04 8.842E-04 1.064E-03 1.238E-03 1.430E-03 1.554E-03 1.326E-03 1.209E-03 1.169E-03 1.054E-03
  1.080E+02  1.397E-04 1.411E-04 1.460E-04 1.541E-04 1.693E-04 1.790E-04 1.991E-04 2.091E-04 2.260E-04 2.417E-04 2.443E-04 2.642E-04 2.901E-04 3.074E-04 3.484E-04 3.940E-04 4.501E-04 4.767E-04 4.849E-04 3.834E-04 4.887E-04 5.549E-04 5.791E-04 6.637E-04 7.834E-04 7.938E-04 6.686E-04 5.072E-04 3.926E-04 3.524E-04 3.827E-04 2.756E-04 7.722E-05 3.244E-05 4.851E-05 1.055E-04 5.190E-04 7.450E-04 1.064E-03 1.068E-03 9.468E-04 7.168E-04 7.226E-04 5.653E-04 5.195E-04 7.802E-04 4.824E-04 3.653E-04 3.296E-04 3.017E-04 3.327E-04 6.003E-04 8.603E-04 1.041E-03 1.213E-03 1.404E-03 1.526E-03 1.297E-03 1.179E-03 1.140E-03 1.030E-03
  1.100E+02  1.382E-04 1.396E-04 1.444E-04 1.500E-04 1.646E-04 1.710E-04 1.890E-04 1.995E-04 2.168E-04 2.313E-04 2.310E-04 2.493E-04 2.740E-04 2.944E-04 3.372E-04 3.709E-04 4.277E-04 4.609E-04 4.657E-04 3.712E-04 4.716E-04 5.358E-04 5.594E-04 6.409E-04 7.562E-04 7.662E-04 6.471E-04 4.907E-04 3.792E-04 3.400E-04 3.696E-04 2.657E-04 7.411E-05 3.132E-05 4.713E-05 1.028E-04 5.074E-04 7.310E-04 1.049E-03 1.052E-03 9.291E-04 6.975E-04 7.018E-04 5.495E-04 5.065E-04 7.586E-04 4.656E-04 3.524E-04 3.183E-04 2.923E-04 3.229E-04 5.836E-04 8.381E-04 1.019E-03 1.190E-03 1.380E-03 1.500E-03 1.271E-03 1.152E-03 1.113E-03 1.008E-03
  1.120E+02  1.370E-04 1.383E-04 1.418E-04 1.481E-04 1.588E-04 1.677E-04 1.821E-04 1.963E-04 2.041E-04 2.172E-04 2.264E-04 2.391E-04 2.566E-04 2.796E-04 3.204E-04 3.582E-04 4.057E-04 4.424E-04 4.510E-04 3.603E-04 4.569E-04 5.183E-04 5.423E-04 6.215E-04 7.299E-04 7.441E-04 6.290E-04 4.764E-04 3.674E-04 3.291E-04 3.580E-04 2.568E-04 7.134E-05 3.033E-05 4.592E-05 1.003E-04 4.967E-04 7.180E-04 1.035E-03 1.038E-03 9.124E-04 6.796E-04 6.826E-04 5.349E-04 4.945E-04 7.385E-04 4.503E-04 3.408E-04 3.081E-04 2.838E-04 3.141E-04 5.682E-04 8.175E-04 9.984E-04 1.168E-03 1.358E-03 1.476E-03 1.246E-03 1.127E-03 1.088E-03 9.882E-04
  1.140E+02  1.359E-04 1.370E-04 1.409E-04 1.448E-04 1.560E-04 1.608E-04 1.741E-04 1.891E-04 2.032E-04 2.163E-04 2.200E-04 2.226E-04 2.410E-04 2.611E-04 3.020E-04 3.534E-04 3.891E-04 4.234E-04 4.384E-04 3.508E-04 4.445E-04 5.030E-04 5.271E-04 6.045E-04 7.067E-04 7.267E-04 6.138E-04 4.643E-04 3.572E-04 3.196E-04 3.479E-04 2.488E-04 6.887E-05 2.945E-05 4.484E-05 9.810E-05 4.869E-04 7.058E-04 1.023E-03 1.024E-03 8.968E-04 6.629E-04 6.649E-04 5.215E-04 4.836E-04 7.195E-04 4.363E-04 3.303E-04 2.989E-04 2.762E-04 3.062E-04 5.541E-04 7.984E-04 9.798E-04 1.149E-03 1.337E-03 1.455E-03 1.224E-03 1.104E-03 1.065E-03 9.701E-04
  1.160E+02  1.349E-04 1.360E-04 1.386E-04 1.434E-04 1.518E-04 1.582E-04 1.695E-04 1.846E-04 1.911E-04 2.028E-04 2.116E-04 2.148E-04 2.343E-04 2.514E-04 2.912E-04 3.386E-04 3.771E-04 4.092E-04 4.261E-04 3.427E-04 4.338E-04 4.907E-04 5.142E-04 5.902E-04 6.900E-04 7.120E-04 6.013E-04 4.541E-04 3.483E-04 3.113E-04 3.393E-04 2.417E-04 6.668E-05 2.868E-05 4.389E-05 9.615E-05 4.778E-04 6.942E-04 1.011E-03 1.012E-03 8.820E-04 6.472E-04 6.484E-04 5.090E-04 4.736E-04 7.016E-04 4.236E-04 3.208E-04 2.905E-04 2.693E-04 2.991E-04 5.412E-04 7.807E-04 9.627E-04 1.131E-03 1.319E-03 1.436E-03 1.204E-03 1.082E-03 1.044E-03 9.537E-04
  1.180E+02  1.340E-04 1.348E-04 1.378E-04 1.418E-04 1.508E-04 1.555E-04 1.707E-04 1.778E-04 1.847E-04 1.950E-04 2.045E-04 2.094E-04 2.341E-04 2.441E-04 2.814E-04 3.241E-04 3.689E-04 3.969E-04 4.138E-04 3.358E-04 4.247E-04 4.816E-04 5.037E-04 5.785E-04 6.808E-04 6.989E-04 5.915E-04 4.458E-04 3.408E-04 3.041E-04 3.320E-04 2.353E-04 6.473E-05 2.800E-05 4.304E-05 9.441E-05 4.694E-04 6.834E-04 1.000E-03 1.001E-03 8.682E-04 6.325E-04 6.331E-04 4.974E-04 4.644E-04 6.847E-04 4.121E-04 3.122E-04 2.831E-04 2.632E-04 2.927E-04 5.294E-04 7.642E-04 9.470E-04 1.115E-03 1.302E-03 1.419E-03 1.185E-03 1.063E-03 1.025E-03 9.390E-04
  1.200E+02  1.333E-04 1.341E-04 1.359E-04 1.408E-04 1.473E-04 1.549E-04 1.653E-04 1.708E-04 1.778E-04 1.875E-04 1.928E-04 2.128E-04 2.289E-04 2.471E-04 2.803E-04 3.082E-04 3.607E-04 3.904E-04 4.043E-04 3.301E-04 4.174E-04 4.744E-04 4.959E-04 5.705E-04 6.742E-04 6.895E-04 5.846E-04 4.394E-04 3.346E-04 2.981E-04 3.260E-04 2.297E-04 6.300E-05 2.740E-05 4.229E-05 9.288E-05 4.615E-04 6.731E-04 9.907E-04 9.910E-04 8.553E-04 6.185E-04 6.188E-04 4.866E-04 4.559E-04 6.686E-04 4.015E-04 3.044E-04 2.763E-04 2.577E-04 2.870E-04 5.185E-04 7.488E-04 9.325E-04 1.100E-03 1.288E-03 1.405E-03 1.169E-03 1.045E-03 1.007E-03 9.260E-04
  1.220E+02  1.326E-04 1.331E-04 1.356E-04 1.388E-04 1.477E-04 1.500E-04 1.633E-04 1.658E-04 1.767E-04 1.859E-04 1.876E-04 1.995E-04 2.262E-04 2.332E-04 2.703E-04 3.015E-04 3.527E-04 3.831E-04 3.984E-04 3.257E-04 4.123E-04 4.690E-04 4.907E-04 5.660E-04 6.695E-04 6.847E-04 5.809E-04 4.349E-04 3.297E-04 2.931E-04 3.212E-04 2.247E-04 6.147E-05 2.687E-05 4.163E-05 9.152E-05 4.542E-04 6.634E-04 9.820E-04 9.819E-04 8.433E-04 6.052E-04 6.053E-04 4.765E-04 4.481E-04 6.532E-04 3.918E-04 2.974E-04 2.702E-04 2.528E-04 2.819E-04 5.085E-04 7.346E-04 9.194E-04 1.086E-03 1.275E-03 1.392E-03 1.154E-03 1.030E-03 9.918E-04 9.144E-04
  1.240E+02  1.320E-04 1.326E-04 1.342E-04 1.380E-04 1.437E-04 1.497E-04 1.583E-04 1.699E-04 1.710E-04 1.801E-04 1.918E-04 1.992E-04 2.132E-04 2.304E-04 2.647E-04 3.008E-04 3.432E-04 3.766E-04 3.961E-04 3.224E-04 4.094E-04 4.653E-04 4.879E-04 5.641E-04 6.671E-04 6.858E-04 5.804E-04 4.324E-04 3.260E-04 2.892E-04 3.176E-04 2.203E-04 6.011E-05 2.640E-05 4.105E-05 9.031E-05 4.473E-04 6.542E-04 9.742E-04 9.737E-04 8.323E-04 5.923E-04 5.925E-04 4.670E-04 4.409E-04 6.385E-04 3.829E-04 2.910E-04 2.647E-04 2.484E-04 2.773E-04 4.993E-04 7.213E-04 9.074E-04 1.074E-03 1.263E-03 1.381E-03 1.141E-03 1.015E-03 9.780E-04 9.043E-04
  1.260E+02  1.314E-04 1.319E-04 1.345E-04 1.360E-04 1.439E-04 1.451E-04 1.556E-04 1.650E-04 1.783E-04 1.885E-04 1.880E-04 1.883E-04 2.105E-04 2.190E-04 2.541E-04 3.056E-04 3.441E-04 3.684E-04 3.949E-04 3.206E-04 4.088E-04 4.644E-04 4.871E-04 5.646E-04 6.688E-04 6.925E-04 5.829E-04 4.318E-04 3.235E-04 2.863E-04 3.152E-04 2.165E-04 5.892E-05 2.599E-05 4.053E-05 8.925E-05 4.408E-04 6.455E-04 9.673E-04 9.664E-04 8.222E-04 5.798E-04 5.801E-04 4.580E-04 4.343E-04 6.244E-04 3.748E-04 2.853E-04 2.598E-04 2.445E-04 2.733E-04 4.908E-04 7.091E-04 8.965E-04 1.064E-03 1.253E-03 1.372E-03 1.130E-03 1.003E-03 9.658E-04 8.957E-04
  1.280E+02  1.310E-04 1.315E-04 1.330E-04 1.357E-04 1.426E-04 1.446E-04 1.533E-04 1.620E-04 1.758E-04 1.867E-04 1.826E-04 1.860E-04 2.100E-04 2.163E-04 2.511E-04 3.031E-04 3.471E-04 3.661E-04 3.953E-04 3.200E-04 4.101E-04 4.665E-04 4.897E-04 5.694E-04 6.764E-04 7.027E-04 5.888E-04 4.332E-04 3.222E-04 2.843E-04 3.140E-04 2.131E-04 5.788E-05 2.563E-05 4.008E-05 8.831E-05 4.346E-04 6.373E-04 9.613E-04 9.601E-04 8.131E-04 5.676E-04 5.682E-04 4.494E-04 4.281E-04 6.107E-04 3.672E-04 2.801E-04 2.554E-04 2.410E-04 2.696E-04 4.830E-04 6.977E-04 8.868E-04 1.054E-03 1.245E-03 1.365E-03 1.121E-03 9.919E-04 9.553E-04 8.883E-04
  1.300E+02  1.304E-04 1.311E-04 1.331E-04 1.343E-04 1.411E-04 1.425E-04 1.533E-04 1.630E-04 1.727E-04 1.825E-04 1.866E-04 1.847E-04 2.095E-04 2.173E-04 2.529E-04 3.035E-04 3.450E-04 3.703E-04 3.977E-04 3.209E-04 4.134E-04 4.722E-04 4.958E-04 5.792E-04 6.914E-04 7.152E-04 5.986E-04 4.367E-04 3.221E-04 2.834E-04 3.140E-04 2.103E-04 5.697E-05 2.532E-05 3.968E-05 8.749E-05 4.288E-04 6.297E-04 9.561E-04 9.546E-04 8.049E-04 5.555E-04 5.564E-04 4.413E-04 4.224E-04 5.976E-04 3.602E-04 2.754E-04 2.514E-04 2.379E-04 2.664E-04 4.758E-04 6.873E-04 8.781E-04 1.046E-03 1.238E-03 1.360E-03 1.113E-03 9.824E-04 9.464E-04 8.823E-04
  1.320E+02  1.303E-04 1.305E-04 1.317E-04 1.358E-04 1.390E-04 1.479E-04 1.537E-04 1.572E-04 1.670E-04 1.762E-04 1.790E-04 2.026E-04 2.060E-04 2.343E-04 2.662E-04 2.967E-04 3.431E-04 3.826E-04 4.030E-04 3.233E-04 4.190E-04 4.810E-04 5.063E-04 5.949E-04 7.116E-04 7.323E-04 6.128E-04 4.425E-04 3.233E-04 2.834E-04 3.152E-04 2.080E-04 5.619E-05 2.505E-05 3.933E-05 8.677E-05 4.232E-04 6.225E-04 9.517E-04 9.500E-04 7.978E-04 5.435E-04 5.446E-04 4.334E-04 4.172E-04 5.849E-04 3.536E-04 2.711E-04 2.478E-04 2.352E-04 2.636E-04 4.693E-04 6.777E-04 8.705E-04 1.039E-03 1.232E-03 1.356E-03 1.106E-03 9.745E-04 9.389E-04 8.775E-04
  1.340E+02  1.298E-04 1.304E-04 1.316E-04 1.345E-04 1.388E-04 1.450E-04 1.530E-04 1.617E-04 1.654E-04 1.746E-04 1.835E-04 1.966E-04 2.088E-04 2.326E-04 2.706E-04 3.003E-04 3.479E-04 3.937E-04 4.133E-04 3.274E-04 4.280E-04 4.930E-04 5.205E-04 6.161E-04 7.363E-04 7.571E-04 6.318E-04 4.507E-04 3.258E-04 2.845E-04 3.175E-04 2.060E-04 5.552E-05 2.481E-05 3.902E-05 8.615E-05 4.179E-04 6.159E-04 9.481E-04 9.462E-04 7.917E-04 5.315E-04 5.328E-04 4.259E-04 4.123E-04 5.726E-04 3.474E-04 2.672E-04 2.446E-04 2.328E-04 2.610E-04 4.632E-04 6.690E-04 8.639E-04 1.034E-03 1.228E-03 1.354E-03 1.101E-03 9.681E-04 9.330E-04 8.739E-04
  1.360E+02  1.297E-04 1.298E-04 1.311E-04 1.349E-04 1.409E-04 1.454E-04 1.578E-04 1.640E-04 1.676E-04 1.772E-04 1.859E-04 1.958E-04 2.155E-04 2.299E-04 2.692E-04 3.121E-04 3.578E-04 4.028E-04 4.281E-04 3.336E-04 4.406E-04 5.091E-04 5.390E-04 6.429E-04 7.683E-04 7.911E-04 6.561E-04 4.614E-04 3.296E-04 2.865E-04 3.212E-04 2.045E-04 5.495E-05 2.460E-05 3.875E-05 8.560E-05 4.128E-04 6.099E-04 9.453E-04 9.432E-04 7.867E-04 5.195E-04 5.208E-04 4.186E-04 4.078E-04 5.609E-04 3.414E-04 2.636E-04 2.417E-04 2.307E-04 2.588E-04 4.577E-04 6.612E-04 8.583E-04 1.029E-03 1.225E-03 1.354E-03 1.098E-03 9.631E-04 9.285E-04 8.714E-04
  1.380E+02  1.293E-04 1.298E-04 1.312E-04 1.338E-04 1.399E-04 1.443E-04 1.544E-04 1.675E-04 1.713E-04 1.818E-04 1.963E-04 1.974E-04 2.150E-04 2.340E-04 2.752E-04 3.333E-04 3.727E-04 4.166E-04 4.474E-04 3.419E-04 4.575E-04 5.302E-04 5.620E-04 6.750E-04 8.121E-04 8.361E-04 6.860E-04 4.750E-04 3.347E-04 2.896E-04 3.261E-04 2.033E-04 5.449E-05 2.442E-05 3.852E-05 8.514E-05 4.079E-04 6.045E-04 9.432E-04 9.410E-04 7.828E-04 5.076E-04 5.085E-04 4.115E-04 4.037E-04 5.498E-04 3.356E-04 2.602E-04 2.390E-04 2.288E-04 2.569E-04 4.526E-04 6.543E-04 8.537E-04 1.026E-03 1.223E-03 1.355E-03 1.096E-03 9.595E-04 9.254E-04 8.700E-04
  1.400E+02  1.291E-04 1.295E-04 1.319E-04 1.334E-04 1.426E-04 1.435E-04 1.575E-04 1.664E-04 1.836E-04 1.964E-04 1.961E-04 1.956E-04 2.289E-04 2.344E-04 2.815E-04 3.502E-04 4.007E-04 4.354E-04 4.700E-04 3.529E-04 4.789E-04 5.579E-04 5.911E-04 7.150E-04 8.711E-04 8.920E-04 7.223E-04 4.916E-04 3.413E-04 2.937E-04 3.323E-04 2.024E-04 5.411E-05 2.427E-05 3.832E-05 8.474E-05 4.033E-04 5.998E-04 9.418E-04 9.396E-04 7.799E-04 4.957E-04 4.960E-04 4.047E-04 3.999E-04 5.393E-04 3.299E-04 2.571E-04 2.366E-04 2.272E-04 2.553E-04 4.481E-04 6.483E-04 8.501E-04 1.023E-03 1.223E-03 1.357E-03 1.095E-03 9.573E-04 9.236E-04 8.696E-04
  1.420E+02  1.290E-04 1.295E-04 1.312E-04 1.341E-04 1.422E-04 1.455E-04 1.601E-04 1.760E-04 1.813E-04 1.944E-04 2.070E-04 2.051E-04 2.395E-04 2.504E-04 3.018E-04 3.688E-04 4.280E-04 4.677E-04 4.996E-04 3.666E-04 5.052E-04 5.929E-04 6.284E-04 7.665E-04 9.444E-04 9.582E-04 7.664E-04 5.116E-04 3.493E-04 2.989E-04 3.398E-04 2.017E-04 5.382E-05 2.414E-05 3.814E-05 8.441E-05 3.989E-04 5.958E-04 9.412E-04 9.389E-04 7.781E-04 4.840E-04 4.833E-04 3.981E-04 3.964E-04 5.297E-04 3.243E-04 2.542E-04 2.344E-04 2.258E-04 2.538E-04 4.440E-04 6.431E-04 8.475E-04 1.022E-03 1.223E-03 1.361E-03 1.096E-03 9.563E-04 9.231E-04 8.702E-04
  1.440E+02  1.288E-04 1.296E-04 1.317E-04 1.337E-04 1.428E-04 1.473E-04 1.620E-04 1.847E-04 1.896E-04 2.045E-04 2.204E-04 2.231E-04 2.489E-04 2.773E-04 3.337E-04 3.969E-04 4.595E-04 5.141E-04 5.377E-04 3.837E-04 5.376E-04 6.364E-04 6.750E-04 8.314E-04 1.033E-03 1.038E-03 8.195E-04 5.350E-04 3.588E-04 3.050E-04 3.487E-04 2.012E-04 5.360E-05 2.403E-05 3.799E-05 8.413E-05 3.948E-04 5.925E-04 9.412E-04 9.389E-04 7.773E-04 4.727E-04 4.704E-04 3.918E-04 3.933E-04 5.209E-04 3.186E-04 2.515E-04 2.324E-04 2.246E-04 2.526E-04 4.404E-04 6.389E-04 8.457E-04 1.022E-03 1.225E-03 1.366E-03 1.097E-03 9.566E-04 9.238E-04 8.717E-04
  1.460E+02  1.289E-04 1.293E-04 1.314E-04 1.369E-04 1.458E-04 1.581E-04 1.715E-04 1.845E-04 1.992E-04 2.164E-04 2.242E-04 2.619E-04 2.709E-04 3.247E-04 3.831E-04 4.283E-04 5.063E-04 5.765E-04 5.856E-04 4.044E-04 5.773E-04 6.896E-04 7.325E-04 9.115E-04 1.141E-03 1.134E-03 8.827E-04 5.622E-04 3.698E-04 3.122E-04 3.589E-04 2.007E-04 5.346E-05 2.394E-05 3.786E-05 8.390E-05 3.910E-04 5.900E-04 9.419E-04 9.397E-04 7.776E-04 4.621E-04 4.577E-04 3.859E-04 3.905E-04 5.132E-04 3.130E-04 2.488E-04 2.305E-04 2.236E-04 2.516E-04 4.373E-04 6.356E-04 8.449E-04 1.023E-03 1.228E-03 1.372E-03 1.100E-03 9.580E-04 9.256E-04 8.740E-04
  1.480E+02  1.288E-04 1.294E-04 1.312E-04 1.393E-04 1.481E-04 1.656E-04 1.841E-04 2.012E-04 2.084E-04 2.292E-04 2.497E-04 2.883E-04 3.026E-04 3.637E-04 4.349E-04 4.834E-04 5.707E-04 6.521E-04 6.484E-04 4.290E-04 6.258E-04 7.533E-04 8.020E-04 1.009E-03 1.274E-03 1.253E-03 9.568E-04 5.932E-04 3.820E-04 3.202E-04 3.702E-04 2.001E-04 5.339E-05 2.387E-05 3.776E-05 8.372E-05 3.876E-04 5.883E-04 9.432E-04 9.411E-04 7.788E-04 4.524E-04 4.454E-04 3.804E-04 3.881E-04 5.068E-04 3.073E-04 2.463E-04 2.288E-04 2.228E-04 2.508E-04 4.346E-04 6.333E-04 8.450E-04 1.024E-03 1.232E-03 1.378E-03 1.104E-03 9.604E-04 9.284E-04 8.771E-04
  1.500E+02  1.287E-04 1.296E-04 1.331E-04 1.393E-04 1.565E-04 1.680E-04 1.988E-04 2.338E-04 2.428E-04 2.699E-04 2.967E-04 3.126E-04 3.519E-04 4.032E-04 4.899E-04 5.710E-04 6.609E-04 7.412E-04 7.290E-04 4.577E-04 6.841E-04 8.288E-04 8.843E-04 1.125E-03 1.434E-03 1.397E-03 1.042E-03 6.276E-04 3.952E-04 3.287E-04 3.826E-04 1.993E-04 5.338E-05 2.381E-05 3.767E-05 8.359E-05 3.847E-04 5.874E-04 9.450E-04 9.431E-04 7.810E-04 4.439E-04 4.340E-04 3.754E-04 3.861E-04 5.016E-04 3.016E-04 2.438E-04 2.271E-04 2.221E-04 2.502E-04 4.325E-04 6.318E-04 8.458E-04 1.027E-03 1.237E-03 1.386E-03 1.109E-03 9.638E-04 9.322E-04 8.808E-04
  1.520E+02  1.288E-04 1.296E-04 1.355E-04 1.426E-04 1.712E-04 1.808E-04 2.277E-04 2.662E-04 2.976E-04 3.356E-04 3.574E-04 3.680E-04 4.360E-04 4.769E-04 5.738E-04 6.899E-04 7.881E-04 8.550E-04 8.269E-04 4.896E-04 7.523E-04 9.167E-04 9.796E-04 1.260E-03 1.625E-03 1.569E-03 1.138E-03 6.647E-04 4.088E-04 3.373E-04 3.954E-04 1.981E-04 5.343E-05 2.376E-05 3.759E-05 8.349E-05 3.822E-04 5.874E-04 9.475E-04 9.456E-04 7.840E-04 4.369E-04 4.240E-04 3.711E-04 3.844E-04 4.979E-04 2.960E-04 2.414E-04 2.256E-04 2.215E-04 2.498E-04 4.309E-04 6.313E-04 8.475E-04 1.030E-03 1.242E-03 1.394E-03 1.114E-03 9.680E-04 9.367E-04 8.851E-04
  1.540E+02  1.288E-04 1.300E-04 1.363E-04 1.499E-04 1.874E-04 2.080E-04 2.778E-04 3.187E-04 3.571E-04 4.106E-04 4.319E-04 4.702E-04 5.541E-04 6.045E-04 7.108E-04 8.330E-04 9.477E-04 1.010E-03 9.428E-04 5.229E-04 8.279E-04 1.016E-03 1.087E-03 1.416E-03 1.844E-03 1.764E-03 1.243E-03 7.027E-04 4.218E-04 3.454E-04 4.079E-04 1.961E-04 5.354E-05 2.373E-05 3.753E-05 8.343E-05 3.803E-04 5.880E-04 9.504E-04 9.487E-04 7.878E-04 4.319E-04 4.158E-04 3.676E-04 3.832E-04 4.957E-04 2.907E-04 2.392E-04 2.243E-04 2.211E-04 2.495E-04 4.298E-04 6.315E-04 8.498E-04 1.034E-03 1.248E-03 1.403E-03 1.120E-03 9.730E-04 9.418E-04 8.898E-04
  1.560E+02  1.290E-04 1.309E-04 1.380E-04 1.576E-04 1.988E-04 2.453E-04 3.205E-04 4.310E-04 4.446E-04 5.190E-04 5.910E-04 6.318E-04 6.743E-04 8.066E-04 9.163E-04 1.035E-03 1.130E-03 1.212E-03 1.078E-03 5.545E-04 9.063E-04 1.123E-03 1.204E-03 1.591E-03 2.087E-03 1.969E-03 1.352E-03 7.384E-04 4.326E-04 3.516E-04 4.189E-04 1.934E-04 5.368E-05 2.371E-05 3.749E-05 8.339E-05 3.790E-04 5.894E-04 9.538E-04 9.523E-04 7.922E-04 4.290E-04 4.099E-04 3.648E-04 3.825E-04 4.950E-04 2.857E-04 2.370E-04 2.230E-04 2.209E-04 2.493E-04 4.292E-04 6.326E-04 8.527E-04 1.039E-03 1.255E-03 1.413E-03 1.127E-03 9.785E-04 9.475E-04 8.949E-04
  1.580E+02  1.291E-04 1.320E-04 1.431E-04 1.638E-04 2.361E-04 2.792E-04 4.182E-04 6.071E-04 6.165E-04 7.284E-04 8.345E-04 8.161E-04 9.184E-04 1.038E-03 1.150E-03 1.303E-03 1.377E-03 1.438E-03 1.223E-03 5.793E-04 9.807E-04 1.226E-03 1.318E-03 1.769E-03 2.345E-03 2.177E-03 1.453E-03 7.672E-04 4.392E-04 3.546E-04 4.265E-04 1.896E-04 5.385E-05 2.370E-05 3.745E-05 8.339E-05 3.783E-04 5.915E-04 9.576E-04 9.563E-04 7.973E-04 4.284E-04 4.069E-04 3.630E-04 3.821E-04 4.958E-04 2.813E-04 2.352E-04 2.220E-04 2.208E-04 2.493E-04 4.291E-04 6.344E-04 8.561E-04 1.043E-03 1.262E-03 1.422E-03 1.134E-03 9.844E-04 9.536E-04 9.002E-04
  1.600E+02  1.293E-04 1.323E-04 1.510E-04 1.802E-04 2.997E-04 3.557E-04 5.841E-04 8.020E-04 8.965E-04 1.069E-03 1.123E-03 1.139E-03 1.293E-03 1.378E-03 1.436E-03 1.605E-03 1.694E-03 1.671E-03 1.355E-03 5.919E-04 1.040E-03 1.313E-03 1.411E-03 1.924E-03 2.601E-03 2.366E-03 1.532E-03 7.825E-04 4.387E-04 3.526E-04 4.282E-04 1.848E-04 5.405E-05 2.370E-05 3.743E-05 8.341E-05 3.783E-04 5.941E-04 9.617E-04 9.606E-04 8.028E-04 4.301E-04 4.070E-04 3.622E-04 3.822E-04 4.980E-04 2.776E-04 2.335E-04 2.211E-04 2.208E-04 2.495E-04 4.295E-04 6.367E-04 8.600E-04 1.049E-03 1.269E-03 1.432E-03 1.141E-03 9.906E-04 9.599E-04 9.055E-04
  1.620E+02  1.299E-04 1.323E-04 1.543E-04 2.010E-04 3.769E-04 4.388E-04 7.855E-04 9.873E-04 1.184E-03 1.421E-03 1.371E-03 1.488E-03 1.722E-03 1.766E-03 1.774E-03 1.878E-03 1.998E-03 1.909E-03 1.455E-03 5.882E-04 1.069E-03 1.366E-03 1.468E-03 2.034E-03 2.803E-03 2.501E-03 1.571E-03 7.775E-04 4.287E-04 3.437E-04 4.214E-04 1.793E-04 5.424E-05 2.371E-05 3.741E-05 8.345E-05 3.789E-04 5.972E-04 9.660E-04 9.651E-04 8.085E-04 4.341E-04 4.103E-04 3.622E-04 3.827E-04 5.014E-04 2.749E-04 2.323E-04 2.205E-04 2.210E-04 2.498E-04 4.303E-04 6.396E-04 8.641E-04 1.054E-03 1.276E-03 1.441E-03 1.148E-03 9.969E-04 9.662E-04 9.109E-04
  1.640E+02  1.301E-04 1.336E-04 1.547E-04 2.207E-04 3.888E-04 5.252E-04 9.172E-04 1.195E-03 1.264E-03 1.527E-03 1.648E-03 1.805E-03 1.971E-03 2.126E-03 2.097E-03 2.124E-03 2.199E-03 2.128E-03 1.524E-03 5.700E-04 1.064E-03 1.375E-03 1.482E-03 2.078E-03 2.902E-03 2.559E-03 1.556E-03 7.478E-04 4.080E-04 3.274E-04 4.043E-04 1.734E-04 5.442E-05 2.373E-05 3.740E-05 8.352E-05 3.799E-04 6.006E-04 9.704E-04 9.697E-04 8.144E-04 4.401E-04 4.168E-04 3.631E-04 3.835E-04 5.057E-04 2.732E-04 2.314E-04 2.202E-04 2.212E-04 2.502E-04 4.314E-04 6.427E-04 8.684E-04 1.060E-03 1.283E-03 1.450E-03 1.156E-03 1.003E-03 9.724E-04 9.162E-04
  1.660E+02  1.299E-04 1.360E-04 1.599E-04 2.216E-04 3.969E-04 5.433E-04 8.963E-04 1.264E-03 1.344E-03 1.619E-03 1.761E-03 1.906E-03 2.038E-03 2.305E-03 2.319E-03 2.372E-03 2.390E-03 2.323E-03 1.582E-03 5.490E-04 1.041E-03 1.356E-03 1.470E-03 2.066E-03 2.902E-03 2.556E-03 1.492E-03 6.963E-04 3.785E-04 3.050E-04 3.774E-04 1.678E-04 5.455E-05 2.375E-05 3.739E-05 8.359E-05 3.815E-04 6.043E-04 9.749E-04 9.743E-04 8.203E-04 4.478E-04 4.260E-04 3.647E-04 3.846E-04 5.108E-04 2.726E-04 2.310E-04 2.201E-04 2.216E-04 2.508E-04 4.328E-04 6.461E-04 8.726E-04 1.065E-03 1.290E-03 1.459E-03 1.162E-03 1.009E-03 9.784E-04 9.212E-04
  1.680E+02  1.302E-04 1.372E-04 1.686E-04 2.266E-04 4.211E-04 5.429E-04 8.909E-04 1.297E-03 1.415E-03 1.702E-03 1.845E-03 1.901E-03 2.126E-03 2.358E-03 2.453E-03 2.645E-03 2.638E-03 2.523E-03 1.659E-03 5.438E-04 1.031E-03 1.352E-03 1.471E-03 2.045E-03 2.884E-03 2.544E-03 1.409E-03 6.365E-04 3.462E-04 2.807E-04 3.452E-04 1.634E-04 5.463E-05 2.378E-05 3.740E-05 8.368E-05 3.833E-04 6.079E-04 9.792E-04 9.788E-04 8.260E-04 4.565E-04 4.372E-04 3.669E-04 3.859E-04 5.162E-04 2.731E-04 2.310E-04 2.203E-04 2.221E-04 2.514E-04 4.343E-04 6.495E-04 8.767E-04 1.070E-03 1.297E-03 1.466E-03 1.169E-03 1.015E-03 9.839E-04 9.258E-04
  1.700E+02  1.311E-04 1.376E-04 1.742E-04 2.405E-04 4.578E-04 5.679E-04 9.613E-04 1.335E-03 1.490E-03 1.791E-03 1.920E-03 1.991E-03 2.285E-03 2.508E-03 2.654E-03 2.857E-03 2.889E-03 2.765E-03 1.765E-03 5.704E-04 1.060E-03 1.398E-03 1.521E-03 2.071E-03 2.925E-03 2.572E-03 1.354E-03 5.913E-04 3.207E-04 2.612E-04 3.165E-04 1.608E-04 5.465E-05 2.381E-05 3.740E-05 8.377E-05 3.853E-04 6.114E-04 9.832E-04 9.830E-04 8.312E-04 4.656E-04 4.495E-04 3.693E-04 3.873E-04 5.216E-04 2.743E-04 2.314E-04 2.207E-04 2.227E-04 2.520E-04 4.359E-04 6.527E-04 8.805E-04 1.075E-03 1.302E-03 1.474E-03 1.174E-03 1.020E-03 9.889E-04 9.299E-04
  1.720E+02  1.315E-04 1.390E-04 1.797E-04 2.601E-04 5.040E-04 6.415E-04 1.105E-03 1.505E-03 1.646E-03 1.977E-03 2.133E-03 2.243E-03 2.559E-03 2.781E-03 2.907E-03 3.043E-03 3.113E-03 3.001E-03 1.894E-03 6.373E-04 1.144E-03 1.504E-03 1.634E-03 2.162E-03 3.057E-03 2.677E-03 1.365E-03 5.827E-04 3.115E-04 2.527E-04 3.012E-04 1.603E-04 5.466E-05 2.385E-05 3.741E-05 8.386E-05 3.872E-04 6.145E-04 9.868E-04 9.867E-04 8.358E-04 4.744E-04 4.618E-04 3.718E-04 3.886E-04 5.267E-04 2.761E-04 2.320E-04 2.213E-04 2.232E-04 2.526E-04 4.374E-04 6.556E-04 8.839E-04 1.079E-03 1.307E-03 1.480E-03 1.179E-03 1.024E-03 9.932E-04 9.334E-04
  1.740E+02  1.311E-04 1.403E-04 1.880E-04 2.777E-04 5.856E-04 7.490E-04 1.324E-03 1.832E-03 1.986E-03 2.376E-03 2.535E-03 2.633E-03 2.968E-03 3.142E-03 3.143E-03 3.221E-03 3.286E-03 3.159E-03 2.034E-03 7.430E-04 1.288E-03 1.675E-03 1.814E-03 2.320E-03 3.272E-03 2.875E-03 1.465E-03 6.209E-04 3.221E-04 2.577E-04 3.047E-04 1.616E-04 5.472E-05 2.388E-05 3.741E-05 8.394E-05 3.889E-04 6.172E-04 9.899E-04 9.899E-04 8.397E-04 4.822E-04 4.730E-04 3.740E-04 3.898E-04 5.310E-04 2.780E-04 2.328E-04 2.219E-04 2.237E-04 2.531E-04 4.387E-04 6.580E-04 8.866E-04 1.083E-03 1.312E-03 1.484E-03 1.183E-03 1.028E-03 9.966E-04 9.362E-04
  1.760E+02  1.305E-04 1.382E-04 1.853E-04 2.827E-04 6.686E-04 8.520E-04 1.605E-03 2.230E-03 2.398E-03 2.864E-03 2.961E-03 3.033E-03 3.320E-03 3.421E-03 3.208E-03 3.209E-03 3.304E-03 3.209E-03 2.201E-03 8.712E-04 1.488E-03 1.913E-03 2.062E-03 2.555E-03 3.549E-03 3.166E-03 1.647E-03 6.949E-04 3.470E-04 2.727E-04 3.236E-04 1.637E-04 5.487E-05 2.391E-05 3.742E-05 8.400E-05 3.903E-04 6.193E-04 9.922E-04 9.922E-04 8.425E-04 4.883E-04 4.819E-04 3.758E-04 3.907E-04 5.344E-04 2.797E-04 2.335E-04 2.224E-04 2.241E-04 2.535E-04 4.398E-04 6.599E-04 8.887E-04 1.085E-03 1.315E-03 1.488E-03 1.186E-03 1.030E-03 9.992E-04 9.383E-04
  1.780E+02  1.311E-04 1.353E-04 1.662E-04 2.398E-04 5.459E-04 6.901E-04 1.404E-03 1.926E-03 2.183E-03 2.650E-03 2.498E-03 2.650E-03 2.890E-03 2.912E-03 2.750E-03 2.874E-03 3.236E-03 3.257E-03 2.442E-03 9.839E-04 1.695E-03 2.177E-03 2.338E-03 2.862E-03 3.904E-03 3.529E-03 1.857E-03 7.701E-04 3.723E-04 2.883E-04 3.452E-04 1.657E-04 5.505E-05 2.393E-05 3.742E-05 8.405E-05 3.912E-04 6.205E-04 9.936E-04 9.937E-04 8.443E-04 4.922E-04 4.877E-04 3.770E-04 3.913E-04 5.365E-04 2.809E-04 2.339E-04 2.228E-04 2.244E-04 2.538E-04 4.404E-04 6.610E-04 8.900E-04 1.087E-03 1.316E-03 1.490E-03 1.187E-03 1.032E-03 1.001E-03 9.395E-04
  1.800E+02  1.323E-04 1.364E-04 1.670E-04 2.434E-04 4.551E-04 5.426E-04 9.514E-04 1.097E-03 1.406E-03 1.706E-03 1.589E-03 1.825E-03 2.308E-03 2.332E-03 2.616E-03 2.939E-03 3.475E-03 3.488E-03 2.615E-03 1.030E-03 1.792E-03 2.310E-03 2.478E-03 3.047E-03 4.167E-03 3.751E-03 1.958E-03 8.023E-04 3.830E-04 2.950E-04 3.546E-04 1.665E-04 5.513E-05 2.394E-05 3.742E-05 8.406E-05 3.915E-04 6.210E-04 9.941E-04 9.942E-04 8.449E-04 4.936E-04 4.897E-04 3.774E-04 3.915E-04 5.372E-04 2.814E-04 2.341E-04 2.229E-04 2.245E-04 2.539E-04 4.406E-04 6.614E-04 8.904E-04 1.087E-03 1.317E-03 1.491E-03 1.188E-03 1.032E-03 1.001E-03 9.400E-04
