# mineral (nuc.)      
#
# size distribution: lognormal
# ------------------
#
#   minimum radius, [um]:      5.000E-03
#   maximum radius, [um]:      2.000E+01
#                  sigma:      1.950E+00
#       Rmod (wet), [um]:      7.000E-02
#       Rmod (dry), [um]:      7.000E-02
#
# optical parameters:
# -------------------
#
# wavelength ext.coef  sca.coef  abs.coef  si.sc.alb  asym.par  ext.nor    ref.real  ref.imag
#     [um]     [1/km]    [1/km]    [1/km]
#
#  2.500E-01 1.032E-04 8.264E-05 2.061E-05 8.004E-01 0.732E+00 1.000E+00  1.530E+00 -3.000E-02
#  3.000E-01 1.003E-04 8.431E-05 1.596E-05 8.408E-01 0.716E+00 9.711E-01  1.530E+00 -2.500E-02
#  3.500E-01 9.580E-05 8.540E-05 1.040E-05 8.915E-01 0.699E+00 9.279E-01  1.530E+00 -1.700E-02
#  4.000E-01 9.008E-05 8.277E-05 7.308E-06 9.189E-01 0.688E+00 8.725E-01  1.530E+00 -1.300E-02
#  4.500E-01 8.392E-05 7.950E-05 4.426E-06 9.473E-01 0.678E+00 8.129E-01  1.530E+00 -8.500E-03
#  5.000E-01 7.755E-05 7.391E-05 3.642E-06 9.530E-01 0.672E+00 7.512E-01  1.530E+00 -7.800E-03
#  5.500E-01 7.140E-05 6.905E-05 2.348E-06 9.671E-01 0.664E+00 6.916E-01  1.530E+00 -5.500E-03
#  6.000E-01 6.553E-05 6.379E-05 1.745E-06 9.734E-01 0.657E+00 6.347E-01  1.530E+00 -4.500E-03
#  6.500E-01 6.006E-05 5.848E-05 1.581E-06 9.737E-01 0.651E+00 5.817E-01  1.530E+00 -4.500E-03
#  7.000E-01 5.500E-05 5.372E-05 1.285E-06 9.766E-01 0.645E+00 5.327E-01  1.530E+00 -4.000E-03
#  7.500E-01 5.037E-05 4.920E-05 1.176E-06 9.766E-01 0.639E+00 4.879E-01  1.530E+00 -4.000E-03
#  8.000E-01 4.615E-05 4.507E-05 1.082E-06 9.766E-01 0.633E+00 4.470E-01  1.530E+00 -4.000E-03
#  9.000E-01 3.882E-05 3.790E-05 9.251E-07 9.762E-01 0.620E+00 3.760E-01  1.530E+00 -4.000E-03
#  1.000E+00 3.278E-05 3.198E-05 8.020E-07 9.755E-01 0.608E+00 3.175E-01  1.530E+00 -4.000E-03
#  1.250E+00 2.198E-05 2.125E-05 7.321E-07 9.667E-01 0.576E+00 2.129E-01  1.530E+00 -5.000E-03
#  1.500E+00 1.521E-05 1.457E-05 6.432E-07 9.577E-01 0.546E+00 1.474E-01  1.530E+00 -5.700E-03
#  1.750E+00 1.085E-05 1.027E-05 5.788E-07 9.467E-01 0.517E+00 1.051E-01  1.530E+00 -6.400E-03
#  2.000E+00 7.986E-06 7.419E-06 5.673E-07 9.290E-01 0.489E+00 7.735E-02  1.530E+00 -7.600E-03
#  2.500E+00 4.704E-06 3.945E-06 7.594E-07 8.386E-01 0.439E+00 4.556E-02  1.520E+00 -1.400E-02
#  3.000E+00 3.894E-06 2.264E-06 1.630E-06 5.814E-01 0.391E+00 3.771E-02  1.520E+00 -3.900E-02
#  3.200E+00 2.787E-06 1.854E-06 9.329E-07 6.652E-01 0.377E+00 2.699E-02  1.510E+00 -2.400E-02
#  3.390E+00 2.270E-06 1.574E-06 6.967E-07 6.931E-01 0.364E+00 2.199E-02  1.510E+00 -1.925E-02
#  3.500E+00 2.058E-06 1.432E-06 6.259E-07 6.958E-01 0.356E+00 1.993E-02  1.510E+00 -1.800E-02
#  3.750E+00 1.510E-06 1.125E-06 3.845E-07 7.454E-01 0.339E+00 1.462E-02  1.500E+00 -1.200E-02
#  4.000E+00 1.125E-06 9.261E-07 1.984E-07 8.235E-01 0.323E+00 1.089E-02  1.500E+00 -6.700E-03
#  4.500E+00 8.547E-07 6.318E-07 2.229E-07 7.392E-01 0.293E+00 8.278E-03  1.500E+00 -8.700E-03
#  5.000E+00 8.175E-07 4.080E-07 4.095E-07 4.991E-01 0.264E+00 7.918E-03  1.480E+00 -1.800E-02
#  5.500E+00 1.008E-06 2.690E-07 7.389E-07 2.669E-01 0.237E+00 9.762E-03  1.460E+00 -3.600E-02
#  6.000E+00 1.214E-06 1.823E-07 1.032E-06 1.501E-01 0.213E+00 1.176E-02  1.440E+00 -5.500E-02
#  6.200E+00 1.301E-06 1.558E-07 1.145E-06 1.197E-01 0.204E+00 1.260E-02  1.430E+00 -6.300E-02
#  6.500E+00 1.030E-06 1.268E-07 9.033E-07 1.231E-01 0.194E+00 9.977E-03  1.420E+00 -5.200E-02
#  7.200E+00 2.071E-06 1.071E-07 1.964E-06 5.170E-02 0.169E+00 2.006E-02  1.460E+00 -1.300E-01
#  7.900E+00 1.414E-06 2.031E-08 1.393E-06 1.437E-02 0.136E+00 1.369E-02  1.220E+00 -8.900E-02
#  8.200E+00 1.897E-06 9.082E-09 1.888E-06 4.786E-03 0.121E+00 1.838E-02  1.120E+00 -1.200E-01
#  8.500E+00 3.279E-06 1.300E-08 3.266E-06 3.965E-03 0.107E+00 3.176E-02  1.060E+00 -2.100E-01
#  8.700E+00 4.206E-06 2.934E-08 4.177E-06 6.975E-03 0.107E+00 4.074E-02  1.190E+00 -2.900E-01
#  9.000E+00 4.047E-06 1.535E-07 3.893E-06 3.794E-02 0.135E+00 3.919E-02  1.850E+00 -4.400E-01
#  9.200E+00 3.726E-06 2.269E-07 3.499E-06 6.091E-02 0.147E+00 3.609E-02  2.220E+00 -5.400E-01
#  9.500E+00 2.821E-06 3.279E-07 2.493E-06 1.163E-01 0.163E+00 2.732E-02  2.940E+00 -6.500E-01
#  9.800E+00 2.719E-06 2.886E-07 2.430E-06 1.062E-01 0.159E+00 2.633E-02  2.910E+00 -6.500E-01
#  1.000E+01 2.530E-06 2.186E-07 2.311E-06 8.641E-02 0.160E+00 2.450E-02  2.570E+00 -5.000E-01
#  1.060E+01 1.878E-06 8.391E-08 1.794E-06 4.468E-02 0.129E+00 1.819E-02  1.910E+00 -2.500E-01
#  1.100E+01 1.532E-06 6.270E-08 1.469E-06 4.093E-02 0.121E+00 1.484E-02  1.830E+00 -2.000E-01
#  1.150E+01 2.520E-06 5.534E-08 2.465E-06 2.196E-02 0.104E+00 2.441E-02  1.810E+00 -3.500E-01
#  1.250E+01 3.402E-06 4.209E-08 3.360E-06 1.237E-02 0.832E-01 3.296E-02  1.740E+00 -5.000E-01
#  1.300E+01 1.906E-06 4.574E-08 1.861E-06 2.399E-02 0.100E+00 1.847E-02  2.000E+00 -3.500E-01
#  1.400E+01 1.473E-06 1.664E-08 1.456E-06 1.130E-02 0.762E-01 1.426E-02  1.630E+00 -2.200E-01
#  1.480E+01 1.614E-06 1.096E-08 1.603E-06 6.788E-03 0.657E-01 1.563E-02  1.540E+00 -2.400E-01
#  1.500E+01 1.760E-06 9.884E-09 1.750E-06 5.615E-03 0.626E-01 1.705E-02  1.510E+00 -2.600E-01
#  1.640E+01 2.029E-06 7.039E-09 2.022E-06 3.469E-03 0.522E-01 1.966E-02  1.470E+00 -3.200E-01
#  1.720E+01 2.198E-06 6.769E-09 2.192E-06 3.079E-03 0.482E-01 2.129E-02  1.490E+00 -3.700E-01
#  1.800E+01 2.125E-06 1.053E-08 2.114E-06 4.954E-03 0.518E-01 2.058E-02  1.770E+00 -4.700E-01
#  1.850E+01 1.968E-06 1.402E-08 1.953E-06 7.125E-03 0.570E-01 1.906E-02  2.050E+00 -5.700E-01
#  2.000E+01 2.201E-06 1.366E-08 2.188E-06 6.204E-03 0.493E-01 2.132E-02  2.200E+00 -8.200E-01
#  2.130E+01 1.970E-06 1.246E-08 1.958E-06 6.325E-03 0.472E-01 1.908E-02  2.390E+00 -9.400E-01
#  2.250E+01 1.549E-06 1.139E-08 1.538E-06 7.351E-03 0.493E-01 1.501E-02  2.690E+00 -1.000E+00
#  2.500E+01 9.309E-07 7.687E-09 9.232E-07 8.258E-03 0.545E-01 9.016E-03  2.990E+00 -8.000E-01
#  2.790E+01 1.108E-06 4.193E-09 1.104E-06 3.784E-03 0.374E-01 1.073E-02  2.570E+00 -7.800E-01
#  3.000E+01 1.015E-06 2.775E-09 1.012E-06 2.734E-03 0.317E-01 9.830E-03  2.420E+00 -6.700E-01
#  3.500E+01 8.083E-07 1.454E-09 8.069E-07 1.799E-03 0.246E-01 7.829E-03  2.420E+00 -6.200E-01
#  4.000E+01 8.382E-07 8.452E-10 8.374E-07 1.008E-03 0.178E-01 8.119E-03  2.340E+00 -7.000E-01
#
# volume phase function [1/km]:
# -----------------------------
#
# sca.ang. | wavelengths --->
# ---------|------------------
#          | 2.500E-01 3.000E-01 3.500E-01 4.000E-01 4.500E-01 5.000E-01 5.500E-01 6.000E-01 6.500E-01 7.000E-01 7.500E-01 8.000E-01 9.000E-01 1.000E+00 1.250E+00 1.500E+00 1.750E+00 2.000E+00 2.500E+00 3.000E+00 3.200E+00 3.390E+00 3.500E+00 3.750E+00 4.000E+00 4.500E+00 5.000E+00 5.500E+00 6.000E+00 6.200E+00 6.500E+00 7.200E+00 7.900E+00 8.200E+00 8.500E+00 8.700E+00 9.000E+00 9.200E+00 9.500E+00 9.800E+00 1.000E+01 1.060E+01 1.100E+01 1.150E+01 1.250E+01 1.300E+01 1.400E+01 1.480E+01 1.500E+01 1.640E+01 1.720E+01 1.800E+01 1.850E+01 2.000E+01 2.130E+01 2.250E+01 2.500E+01 2.790E+01 3.000E+01 3.500E+01 4.000E+01
#
  0.000E+00  2.332E-04 1.788E-04 1.447E-04 1.197E-04 1.011E-04 8.553E-05 7.344E-05 6.323E-05 5.462E-05 4.749E-05 4.141E-05 3.627E-05 2.811E-05 2.208E-05 1.263E-05 7.656E-06 4.864E-06 3.207E-06 1.470E-06 7.368E-07 5.830E-07 4.767E-07 4.246E-07 3.202E-07 2.529E-07 1.595E-07 9.600E-08 5.919E-08 3.777E-08 3.155E-08 2.506E-08 1.968E-08 3.499E-09 1.507E-09 2.078E-09 4.661E-09 2.512E-08 3.737E-08 5.442E-08 4.754E-08 3.623E-08 1.346E-08 9.923E-09 8.445E-09 6.136E-09 6.856E-09 2.391E-09 1.539E-09 1.378E-09 9.568E-10 9.106E-10 1.421E-09 1.907E-09 1.824E-09 1.654E-09 1.515E-09 1.031E-09 5.436E-10 3.556E-10 1.834E-10 1.050E-10
  1.000E-01  2.332E-04 1.788E-04 1.447E-04 1.197E-04 1.011E-04 8.553E-05 7.344E-05 6.322E-05 5.461E-05 4.749E-05 4.140E-05 3.627E-05 2.811E-05 2.208E-05 1.263E-05 7.656E-06 4.864E-06 3.207E-06 1.470E-06 7.368E-07 5.830E-07 4.767E-07 4.246E-07 3.202E-07 2.529E-07 1.595E-07 9.600E-08 5.919E-08 3.777E-08 3.155E-08 2.506E-08 1.968E-08 3.499E-09 1.507E-09 2.078E-09 4.661E-09 2.512E-08 3.737E-08 5.442E-08 4.754E-08 3.623E-08 1.346E-08 9.923E-09 8.445E-09 6.136E-09 6.856E-09 2.391E-09 1.539E-09 1.378E-09 9.568E-10 9.106E-10 1.421E-09 1.907E-09 1.824E-09 1.654E-09 1.515E-09 1.031E-09 5.436E-10 3.556E-10 1.834E-10 1.050E-10
  2.000E-01  2.331E-04 1.787E-04 1.447E-04 1.196E-04 1.011E-04 8.552E-05 7.343E-05 6.322E-05 5.461E-05 4.749E-05 4.140E-05 3.627E-05 2.811E-05 2.208E-05 1.263E-05 7.656E-06 4.864E-06 3.207E-06 1.470E-06 7.368E-07 5.830E-07 4.767E-07 4.246E-07 3.202E-07 2.529E-07 1.595E-07 9.600E-08 5.919E-08 3.777E-08 3.155E-08 2.506E-08 1.968E-08 3.499E-09 1.507E-09 2.078E-09 4.661E-09 2.512E-08 3.737E-08 5.442E-08 4.754E-08 3.623E-08 1.346E-08 9.923E-09 8.445E-09 6.136E-09 6.856E-09 2.391E-09 1.539E-09 1.378E-09 9.568E-10 9.106E-10 1.421E-09 1.907E-09 1.824E-09 1.654E-09 1.515E-09 1.031E-09 5.436E-10 3.556E-10 1.834E-10 1.050E-10
  3.000E-01  2.329E-04 1.786E-04 1.446E-04 1.196E-04 1.010E-04 8.550E-05 7.342E-05 6.321E-05 5.460E-05 4.748E-05 4.140E-05 3.627E-05 2.811E-05 2.208E-05 1.263E-05 7.656E-06 4.863E-06 3.206E-06 1.470E-06 7.368E-07 5.830E-07 4.767E-07 4.246E-07 3.202E-07 2.529E-07 1.595E-07 9.600E-08 5.919E-08 3.777E-08 3.155E-08 2.506E-08 1.968E-08 3.499E-09 1.507E-09 2.078E-09 4.661E-09 2.512E-08 3.737E-08 5.441E-08 4.754E-08 3.623E-08 1.346E-08 9.923E-09 8.445E-09 6.136E-09 6.856E-09 2.391E-09 1.539E-09 1.378E-09 9.568E-10 9.106E-10 1.421E-09 1.907E-09 1.824E-09 1.654E-09 1.515E-09 1.031E-09 5.436E-10 3.556E-10 1.834E-10 1.050E-10
  4.000E-01  2.326E-04 1.784E-04 1.445E-04 1.195E-04 1.010E-04 8.548E-05 7.340E-05 6.320E-05 5.459E-05 4.748E-05 4.139E-05 3.626E-05 2.810E-05 2.208E-05 1.263E-05 7.655E-06 4.863E-06 3.206E-06 1.470E-06 7.368E-07 5.829E-07 4.767E-07 4.246E-07 3.201E-07 2.529E-07 1.595E-07 9.599E-08 5.919E-08 3.777E-08 3.155E-08 2.506E-08 1.968E-08 3.499E-09 1.507E-09 2.078E-09 4.661E-09 2.512E-08 3.737E-08 5.441E-08 4.754E-08 3.623E-08 1.346E-08 9.923E-09 8.445E-09 6.136E-09 6.856E-09 2.391E-09 1.539E-09 1.378E-09 9.568E-10 9.106E-10 1.421E-09 1.907E-09 1.824E-09 1.654E-09 1.515E-09 1.031E-09 5.435E-10 3.556E-10 1.834E-10 1.050E-10
  5.000E-01  2.322E-04 1.783E-04 1.444E-04 1.195E-04 1.010E-04 8.545E-05 7.338E-05 6.318E-05 5.458E-05 4.747E-05 4.138E-05 3.626E-05 2.810E-05 2.208E-05 1.262E-05 7.654E-06 4.863E-06 3.206E-06 1.470E-06 7.367E-07 5.829E-07 4.767E-07 4.246E-07 3.201E-07 2.529E-07 1.595E-07 9.599E-08 5.919E-08 3.776E-08 3.155E-08 2.506E-08 1.968E-08 3.499E-09 1.507E-09 2.078E-09 4.661E-09 2.512E-08 3.737E-08 5.441E-08 4.754E-08 3.622E-08 1.346E-08 9.923E-09 8.445E-09 6.136E-09 6.855E-09 2.391E-09 1.539E-09 1.378E-09 9.568E-10 9.106E-10 1.421E-09 1.907E-09 1.824E-09 1.654E-09 1.515E-09 1.030E-09 5.435E-10 3.556E-10 1.834E-10 1.050E-10
  6.000E-01  2.318E-04 1.780E-04 1.443E-04 1.194E-04 1.009E-04 8.541E-05 7.335E-05 6.316E-05 5.456E-05 4.745E-05 4.137E-05 3.625E-05 2.810E-05 2.207E-05 1.262E-05 7.654E-06 4.862E-06 3.206E-06 1.470E-06 7.367E-07 5.829E-07 4.766E-07 4.246E-07 3.201E-07 2.529E-07 1.595E-07 9.599E-08 5.919E-08 3.776E-08 3.155E-08 2.506E-08 1.968E-08 3.499E-09 1.507E-09 2.078E-09 4.661E-09 2.512E-08 3.736E-08 5.441E-08 4.754E-08 3.622E-08 1.346E-08 9.922E-09 8.445E-09 6.135E-09 6.855E-09 2.391E-09 1.538E-09 1.378E-09 9.567E-10 9.106E-10 1.421E-09 1.907E-09 1.824E-09 1.654E-09 1.515E-09 1.030E-09 5.435E-10 3.555E-10 1.834E-10 1.050E-10
  7.000E-01  2.313E-04 1.778E-04 1.441E-04 1.193E-04 1.008E-04 8.536E-05 7.332E-05 6.314E-05 5.455E-05 4.744E-05 4.136E-05 3.624E-05 2.809E-05 2.207E-05 1.262E-05 7.653E-06 4.862E-06 3.206E-06 1.470E-06 7.366E-07 5.828E-07 4.766E-07 4.246E-07 3.201E-07 2.528E-07 1.595E-07 9.598E-08 5.919E-08 3.776E-08 3.155E-08 2.506E-08 1.968E-08 3.499E-09 1.507E-09 2.078E-09 4.660E-09 2.512E-08 3.736E-08 5.441E-08 4.754E-08 3.622E-08 1.346E-08 9.922E-09 8.444E-09 6.135E-09 6.855E-09 2.391E-09 1.538E-09 1.378E-09 9.567E-10 9.105E-10 1.421E-09 1.907E-09 1.824E-09 1.654E-09 1.515E-09 1.030E-09 5.435E-10 3.555E-10 1.833E-10 1.050E-10
  8.000E-01  2.307E-04 1.775E-04 1.439E-04 1.192E-04 1.008E-04 8.531E-05 7.328E-05 6.311E-05 5.452E-05 4.742E-05 4.135E-05 3.623E-05 2.808E-05 2.206E-05 1.262E-05 7.652E-06 4.861E-06 3.205E-06 1.470E-06 7.366E-07 5.828E-07 4.766E-07 4.245E-07 3.201E-07 2.528E-07 1.595E-07 9.598E-08 5.918E-08 3.776E-08 3.155E-08 2.506E-08 1.968E-08 3.499E-09 1.507E-09 2.078E-09 4.660E-09 2.511E-08 3.736E-08 5.441E-08 4.754E-08 3.622E-08 1.346E-08 9.922E-09 8.444E-09 6.135E-09 6.855E-09 2.391E-09 1.538E-09 1.378E-09 9.567E-10 9.105E-10 1.421E-09 1.907E-09 1.824E-09 1.654E-09 1.515E-09 1.030E-09 5.435E-10 3.555E-10 1.833E-10 1.050E-10
  9.000E-01  2.300E-04 1.771E-04 1.438E-04 1.191E-04 1.007E-04 8.526E-05 7.324E-05 6.308E-05 5.450E-05 4.740E-05 4.134E-05 3.622E-05 2.807E-05 2.206E-05 1.262E-05 7.650E-06 4.860E-06 3.205E-06 1.470E-06 7.365E-07 5.827E-07 4.765E-07 4.245E-07 3.201E-07 2.528E-07 1.595E-07 9.597E-08 5.918E-08 3.776E-08 3.155E-08 2.505E-08 1.968E-08 3.499E-09 1.507E-09 2.078E-09 4.660E-09 2.511E-08 3.736E-08 5.441E-08 4.754E-08 3.622E-08 1.346E-08 9.922E-09 8.444E-09 6.135E-09 6.855E-09 2.391E-09 1.538E-09 1.378E-09 9.567E-10 9.105E-10 1.421E-09 1.907E-09 1.824E-09 1.654E-09 1.515E-09 1.030E-09 5.435E-10 3.555E-10 1.833E-10 1.050E-10
  1.000E+00  2.293E-04 1.768E-04 1.435E-04 1.189E-04 1.006E-04 8.519E-05 7.319E-05 6.304E-05 5.447E-05 4.738E-05 4.132E-05 3.620E-05 2.807E-05 2.205E-05 1.261E-05 7.649E-06 4.860E-06 3.204E-06 1.469E-06 7.365E-07 5.827E-07 4.765E-07 4.245E-07 3.200E-07 2.528E-07 1.594E-07 9.597E-08 5.918E-08 3.776E-08 3.154E-08 2.505E-08 1.967E-08 3.499E-09 1.507E-09 2.077E-09 4.660E-09 2.511E-08 3.736E-08 5.441E-08 4.753E-08 3.622E-08 1.346E-08 9.921E-09 8.444E-09 6.135E-09 6.855E-09 2.391E-09 1.538E-09 1.378E-09 9.566E-10 9.105E-10 1.421E-09 1.906E-09 1.824E-09 1.654E-09 1.515E-09 1.030E-09 5.435E-10 3.555E-10 1.833E-10 1.050E-10
  1.100E+00  2.286E-04 1.763E-04 1.433E-04 1.188E-04 1.005E-04 8.512E-05 7.314E-05 6.300E-05 5.444E-05 4.736E-05 4.130E-05 3.619E-05 2.806E-05 2.204E-05 1.261E-05 7.647E-06 4.859E-06 3.204E-06 1.469E-06 7.364E-07 5.826E-07 4.764E-07 4.244E-07 3.200E-07 2.528E-07 1.594E-07 9.596E-08 5.917E-08 3.775E-08 3.154E-08 2.505E-08 1.967E-08 3.498E-09 1.507E-09 2.077E-09 4.660E-09 2.511E-08 3.736E-08 5.440E-08 4.753E-08 3.622E-08 1.346E-08 9.921E-09 8.443E-09 6.134E-09 6.854E-09 2.391E-09 1.538E-09 1.378E-09 9.566E-10 9.104E-10 1.421E-09 1.906E-09 1.824E-09 1.654E-09 1.515E-09 1.030E-09 5.435E-10 3.555E-10 1.833E-10 1.050E-10
  1.200E+00  2.277E-04 1.759E-04 1.430E-04 1.186E-04 1.004E-04 8.504E-05 7.309E-05 6.296E-05 5.441E-05 4.734E-05 4.128E-05 3.617E-05 2.805E-05 2.204E-05 1.261E-05 7.646E-06 4.858E-06 3.203E-06 1.469E-06 7.363E-07 5.826E-07 4.764E-07 4.244E-07 3.200E-07 2.527E-07 1.594E-07 9.595E-08 5.917E-08 3.775E-08 3.154E-08 2.505E-08 1.967E-08 3.498E-09 1.507E-09 2.077E-09 4.659E-09 2.511E-08 3.736E-08 5.440E-08 4.753E-08 3.622E-08 1.346E-08 9.920E-09 8.443E-09 6.134E-09 6.854E-09 2.391E-09 1.538E-09 1.378E-09 9.566E-10 9.104E-10 1.421E-09 1.906E-09 1.824E-09 1.654E-09 1.515E-09 1.030E-09 5.434E-10 3.555E-10 1.833E-10 1.050E-10
  1.300E+00  2.268E-04 1.754E-04 1.427E-04 1.184E-04 1.003E-04 8.496E-05 7.303E-05 6.292E-05 5.438E-05 4.731E-05 4.126E-05 3.616E-05 2.803E-05 2.203E-05 1.260E-05 7.644E-06 4.857E-06 3.203E-06 1.469E-06 7.362E-07 5.825E-07 4.763E-07 4.243E-07 3.199E-07 2.527E-07 1.594E-07 9.594E-08 5.916E-08 3.775E-08 3.154E-08 2.505E-08 1.967E-08 3.498E-09 1.507E-09 2.077E-09 4.659E-09 2.511E-08 3.736E-08 5.440E-08 4.753E-08 3.622E-08 1.346E-08 9.920E-09 8.442E-09 6.134E-09 6.854E-09 2.391E-09 1.538E-09 1.378E-09 9.565E-10 9.104E-10 1.421E-09 1.906E-09 1.824E-09 1.653E-09 1.515E-09 1.030E-09 5.434E-10 3.555E-10 1.833E-10 1.050E-10
  1.400E+00  2.258E-04 1.749E-04 1.424E-04 1.182E-04 1.001E-04 8.487E-05 7.296E-05 6.287E-05 5.434E-05 4.728E-05 4.124E-05 3.614E-05 2.802E-05 2.202E-05 1.260E-05 7.642E-06 4.856E-06 3.202E-06 1.469E-06 7.361E-07 5.824E-07 4.763E-07 4.243E-07 3.199E-07 2.527E-07 1.594E-07 9.594E-08 5.916E-08 3.775E-08 3.154E-08 2.505E-08 1.967E-08 3.498E-09 1.507E-09 2.077E-09 4.659E-09 2.511E-08 3.735E-08 5.440E-08 4.753E-08 3.621E-08 1.346E-08 9.919E-09 8.442E-09 6.134E-09 6.853E-09 2.390E-09 1.538E-09 1.378E-09 9.565E-10 9.103E-10 1.421E-09 1.906E-09 1.824E-09 1.653E-09 1.514E-09 1.030E-09 5.434E-10 3.555E-10 1.833E-10 1.050E-10
  1.500E+00  2.248E-04 1.744E-04 1.421E-04 1.180E-04 1.000E-04 8.477E-05 7.289E-05 6.281E-05 5.430E-05 4.725E-05 4.121E-05 3.612E-05 2.801E-05 2.201E-05 1.260E-05 7.640E-06 4.855E-06 3.201E-06 1.468E-06 7.360E-07 5.823E-07 4.762E-07 4.242E-07 3.199E-07 2.527E-07 1.594E-07 9.593E-08 5.915E-08 3.774E-08 3.153E-08 2.504E-08 1.967E-08 3.498E-09 1.506E-09 2.077E-09 4.659E-09 2.511E-08 3.735E-08 5.439E-08 4.752E-08 3.621E-08 1.346E-08 9.919E-09 8.442E-09 6.133E-09 6.853E-09 2.390E-09 1.538E-09 1.378E-09 9.564E-10 9.103E-10 1.421E-09 1.906E-09 1.823E-09 1.653E-09 1.514E-09 1.030E-09 5.434E-10 3.554E-10 1.833E-10 1.050E-10
  1.600E+00  2.238E-04 1.738E-04 1.418E-04 1.178E-04 9.985E-05 8.467E-05 7.282E-05 6.276E-05 5.426E-05 4.721E-05 4.118E-05 3.610E-05 2.799E-05 2.200E-05 1.259E-05 7.637E-06 4.853E-06 3.201E-06 1.468E-06 7.359E-07 5.822E-07 4.761E-07 4.242E-07 3.198E-07 2.526E-07 1.594E-07 9.592E-08 5.915E-08 3.774E-08 3.153E-08 2.504E-08 1.967E-08 3.497E-09 1.506E-09 2.077E-09 4.658E-09 2.510E-08 3.735E-08 5.439E-08 4.752E-08 3.621E-08 1.345E-08 9.918E-09 8.441E-09 6.133E-09 6.853E-09 2.390E-09 1.538E-09 1.378E-09 9.564E-10 9.102E-10 1.421E-09 1.906E-09 1.823E-09 1.653E-09 1.514E-09 1.030E-09 5.433E-10 3.554E-10 1.833E-10 1.050E-10
  1.700E+00  2.227E-04 1.732E-04 1.414E-04 1.176E-04 9.970E-05 8.456E-05 7.274E-05 6.270E-05 5.421E-05 4.718E-05 4.116E-05 3.607E-05 2.798E-05 2.199E-05 1.259E-05 7.635E-06 4.852E-06 3.200E-06 1.468E-06 7.357E-07 5.822E-07 4.761E-07 4.241E-07 3.198E-07 2.526E-07 1.593E-07 9.590E-08 5.914E-08 3.774E-08 3.153E-08 2.504E-08 1.967E-08 3.497E-09 1.506E-09 2.077E-09 4.658E-09 2.510E-08 3.735E-08 5.439E-08 4.752E-08 3.621E-08 1.345E-08 9.918E-09 8.441E-09 6.133E-09 6.852E-09 2.390E-09 1.538E-09 1.378E-09 9.563E-10 9.102E-10 1.421E-09 1.906E-09 1.823E-09 1.653E-09 1.514E-09 1.030E-09 5.433E-10 3.554E-10 1.833E-10 1.050E-10
  1.800E+00  2.215E-04 1.726E-04 1.411E-04 1.174E-04 9.954E-05 8.445E-05 7.265E-05 6.264E-05 5.416E-05 4.714E-05 4.113E-05 3.605E-05 2.796E-05 2.198E-05 1.258E-05 7.632E-06 4.851E-06 3.199E-06 1.467E-06 7.356E-07 5.821E-07 4.760E-07 4.240E-07 3.197E-07 2.526E-07 1.593E-07 9.589E-08 5.913E-08 3.773E-08 3.152E-08 2.504E-08 1.966E-08 3.497E-09 1.506E-09 2.076E-09 4.658E-09 2.510E-08 3.734E-08 5.438E-08 4.751E-08 3.620E-08 1.345E-08 9.917E-09 8.440E-09 6.132E-09 6.852E-09 2.390E-09 1.538E-09 1.378E-09 9.563E-10 9.101E-10 1.421E-09 1.906E-09 1.823E-09 1.653E-09 1.514E-09 1.030E-09 5.433E-10 3.554E-10 1.833E-10 1.050E-10
  1.900E+00  2.203E-04 1.719E-04 1.407E-04 1.171E-04 9.937E-05 8.433E-05 7.257E-05 6.257E-05 5.411E-05 4.710E-05 4.110E-05 3.602E-05 2.795E-05 2.197E-05 1.258E-05 7.630E-06 4.849E-06 3.198E-06 1.467E-06 7.355E-07 5.819E-07 4.759E-07 4.239E-07 3.197E-07 2.525E-07 1.593E-07 9.588E-08 5.913E-08 3.773E-08 3.152E-08 2.504E-08 1.966E-08 3.496E-09 1.506E-09 2.076E-09 4.657E-09 2.510E-08 3.734E-08 5.438E-08 4.751E-08 3.620E-08 1.345E-08 9.916E-09 8.439E-09 6.132E-09 6.851E-09 2.390E-09 1.538E-09 1.377E-09 9.562E-10 9.101E-10 1.421E-09 1.906E-09 1.823E-09 1.653E-09 1.514E-09 1.030E-09 5.433E-10 3.554E-10 1.833E-10 1.050E-10
  2.000E+00  2.191E-04 1.712E-04 1.403E-04 1.169E-04 9.919E-05 8.420E-05 7.247E-05 6.250E-05 5.406E-05 4.706E-05 4.106E-05 3.600E-05 2.793E-05 2.196E-05 1.257E-05 7.627E-06 4.848E-06 3.197E-06 1.467E-06 7.353E-07 5.818E-07 4.758E-07 4.239E-07 3.196E-07 2.525E-07 1.593E-07 9.587E-08 5.912E-08 3.772E-08 3.152E-08 2.503E-08 1.966E-08 3.496E-09 1.506E-09 2.076E-09 4.657E-09 2.510E-08 3.734E-08 5.438E-08 4.751E-08 3.620E-08 1.345E-08 9.915E-09 8.439E-09 6.131E-09 6.851E-09 2.390E-09 1.537E-09 1.377E-09 9.561E-10 9.100E-10 1.420E-09 1.906E-09 1.823E-09 1.653E-09 1.514E-09 1.030E-09 5.432E-10 3.553E-10 1.832E-10 1.050E-10
  3.000E+00  2.051E-04 1.634E-04 1.354E-04 1.137E-04 9.702E-05 8.266E-05 7.133E-05 6.164E-05 5.340E-05 4.654E-05 4.065E-05 3.566E-05 2.770E-05 2.180E-05 1.250E-05 7.591E-06 4.828E-06 3.186E-06 1.462E-06 7.334E-07 5.804E-07 4.747E-07 4.229E-07 3.189E-07 2.520E-07 1.590E-07 9.570E-08 5.903E-08 3.767E-08 3.147E-08 2.500E-08 1.964E-08 3.492E-09 1.504E-09 2.074E-09 4.652E-09 2.507E-08 3.730E-08 5.433E-08 4.746E-08 3.617E-08 1.344E-08 9.906E-09 8.431E-09 6.126E-09 6.845E-09 2.387E-09 1.536E-09 1.376E-09 9.553E-10 9.092E-10 1.419E-09 1.904E-09 1.821E-09 1.652E-09 1.513E-09 1.029E-09 5.428E-10 3.551E-10 1.831E-10 1.049E-10
  4.000E+00  1.895E-04 1.541E-04 1.296E-04 1.098E-04 9.426E-05 8.067E-05 6.985E-05 6.051E-05 5.251E-05 4.584E-05 4.009E-05 3.521E-05 2.739E-05 2.158E-05 1.240E-05 7.541E-06 4.800E-06 3.169E-06 1.456E-06 7.308E-07 5.784E-07 4.732E-07 4.216E-07 3.180E-07 2.512E-07 1.586E-07 9.547E-08 5.890E-08 3.759E-08 3.141E-08 2.495E-08 1.960E-08 3.486E-09 1.502E-09 2.071E-09 4.645E-09 2.504E-08 3.725E-08 5.426E-08 4.740E-08 3.612E-08 1.342E-08 9.892E-09 8.420E-09 6.118E-09 6.836E-09 2.384E-09 1.534E-09 1.374E-09 9.542E-10 9.081E-10 1.418E-09 1.902E-09 1.819E-09 1.650E-09 1.511E-09 1.028E-09 5.422E-10 3.547E-10 1.829E-10 1.048E-10
  5.000E+00  1.736E-04 1.443E-04 1.231E-04 1.053E-04 9.108E-05 7.833E-05 6.808E-05 5.915E-05 5.145E-05 4.499E-05 3.941E-05 3.465E-05 2.701E-05 2.131E-05 1.228E-05 7.477E-06 4.765E-06 3.149E-06 1.448E-06 7.275E-07 5.759E-07 4.712E-07 4.199E-07 3.167E-07 2.503E-07 1.580E-07 9.518E-08 5.873E-08 3.749E-08 3.133E-08 2.489E-08 1.956E-08 3.478E-09 1.498E-09 2.066E-09 4.636E-09 2.499E-08 3.719E-08 5.417E-08 4.733E-08 3.606E-08 1.340E-08 9.875E-09 8.405E-09 6.108E-09 6.825E-09 2.381E-09 1.532E-09 1.372E-09 9.527E-10 9.067E-10 1.415E-09 1.899E-09 1.817E-09 1.647E-09 1.509E-09 1.026E-09 5.414E-10 3.542E-10 1.826E-10 1.046E-10
  6.000E+00  1.583E-04 1.344E-04 1.164E-04 1.006E-04 8.763E-05 7.575E-05 6.610E-05 5.762E-05 5.023E-05 4.402E-05 3.862E-05 3.400E-05 2.657E-05 2.100E-05 1.213E-05 7.402E-06 4.723E-06 3.124E-06 1.439E-06 7.235E-07 5.728E-07 4.688E-07 4.178E-07 3.152E-07 2.492E-07 1.574E-07 9.483E-08 5.852E-08 3.737E-08 3.123E-08 2.481E-08 1.950E-08 3.469E-09 1.495E-09 2.061E-09 4.625E-09 2.493E-08 3.711E-08 5.406E-08 4.723E-08 3.599E-08 1.337E-08 9.854E-09 8.388E-09 6.096E-09 6.811E-09 2.376E-09 1.529E-09 1.370E-09 9.509E-10 9.050E-10 1.413E-09 1.895E-09 1.813E-09 1.644E-09 1.506E-09 1.025E-09 5.405E-10 3.535E-10 1.823E-10 1.044E-10
  8.000E+00  1.306E-04 1.156E-04 1.030E-04 9.082E-05 8.029E-05 7.015E-05 6.173E-05 5.417E-05 4.747E-05 4.178E-05 3.679E-05 3.249E-05 2.552E-05 2.024E-05 1.177E-05 7.217E-06 4.619E-06 3.063E-06 1.415E-06 7.134E-07 5.652E-07 4.628E-07 4.126E-07 3.115E-07 2.464E-07 1.558E-07 9.393E-08 5.801E-08 3.706E-08 3.098E-08 2.462E-08 1.937E-08 3.446E-09 1.485E-09 2.049E-09 4.597E-09 2.479E-08 3.691E-08 5.378E-08 4.699E-08 3.580E-08 1.329E-08 9.801E-09 8.344E-09 6.065E-09 6.777E-09 2.364E-09 1.521E-09 1.363E-09 9.463E-10 9.007E-10 1.406E-09 1.887E-09 1.805E-09 1.637E-09 1.499E-09 1.020E-09 5.381E-10 3.520E-10 1.815E-10 1.040E-10
  1.000E+01  1.077E-04 9.883E-05 9.049E-05 8.128E-05 7.289E-05 6.433E-05 5.710E-05 5.044E-05 4.444E-05 3.929E-05 3.474E-05 3.077E-05 2.430E-05 1.936E-05 1.135E-05 6.993E-06 4.493E-06 2.988E-06 1.386E-06 7.009E-07 5.556E-07 4.554E-07 4.061E-07 3.068E-07 2.429E-07 1.538E-07 9.280E-08 5.737E-08 3.668E-08 3.067E-08 2.438E-08 1.920E-08 3.416E-09 1.473E-09 2.032E-09 4.561E-09 2.461E-08 3.665E-08 5.343E-08 4.668E-08 3.556E-08 1.320E-08 9.733E-09 8.288E-09 6.025E-09 6.733E-09 2.349E-09 1.512E-09 1.354E-09 9.404E-10 8.952E-10 1.398E-09 1.875E-09 1.794E-09 1.627E-09 1.491E-09 1.014E-09 5.350E-10 3.500E-10 1.805E-10 1.034E-10
  1.200E+01  8.909E-05 8.445E-05 7.922E-05 7.237E-05 6.577E-05 5.860E-05 5.243E-05 4.663E-05 4.129E-05 3.668E-05 3.255E-05 2.893E-05 2.298E-05 1.839E-05 1.087E-05 6.738E-06 4.348E-06 2.901E-06 1.352E-06 6.861E-07 5.444E-07 4.465E-07 3.984E-07 3.013E-07 2.387E-07 1.513E-07 9.145E-08 5.659E-08 3.622E-08 3.029E-08 2.408E-08 1.899E-08 3.380E-09 1.458E-09 2.013E-09 4.518E-09 2.440E-08 3.634E-08 5.300E-08 4.631E-08 3.527E-08 1.309E-08 9.651E-09 8.220E-09 5.977E-09 6.680E-09 2.330E-09 1.500E-09 1.344E-09 9.334E-10 8.886E-10 1.387E-09 1.862E-09 1.782E-09 1.616E-09 1.480E-09 1.007E-09 5.313E-10 3.476E-10 1.793E-10 1.027E-10
  1.400E+01  7.415E-05 7.228E-05 6.929E-05 6.426E-05 5.910E-05 5.312E-05 4.789E-05 4.285E-05 3.814E-05 3.403E-05 3.032E-05 2.704E-05 2.160E-05 1.737E-05 1.036E-05 6.459E-06 4.187E-06 2.804E-06 1.314E-06 6.694E-07 5.316E-07 4.365E-07 3.897E-07 2.949E-07 2.339E-07 1.486E-07 8.990E-08 5.570E-08 3.568E-08 2.986E-08 2.375E-08 1.875E-08 3.339E-09 1.440E-09 1.990E-09 4.469E-09 2.414E-08 3.598E-08 5.250E-08 4.588E-08 3.494E-08 1.296E-08 9.555E-09 8.140E-09 5.921E-09 6.618E-09 2.308E-09 1.486E-09 1.332E-09 9.251E-10 8.808E-10 1.375E-09 1.846E-09 1.766E-09 1.602E-09 1.468E-09 9.987E-10 5.269E-10 3.447E-10 1.778E-10 1.019E-10
  1.600E+01  6.214E-05 6.205E-05 6.061E-05 5.697E-05 5.297E-05 4.799E-05 4.357E-05 3.920E-05 3.506E-05 3.141E-05 2.809E-05 2.514E-05 2.020E-05 1.632E-05 9.819E-06 6.163E-06 4.016E-06 2.700E-06 1.272E-06 6.510E-07 5.175E-07 4.254E-07 3.800E-07 2.879E-07 2.286E-07 1.455E-07 8.817E-08 5.470E-08 3.508E-08 2.937E-08 2.337E-08 1.848E-08 3.292E-09 1.421E-09 1.964E-09 4.412E-09 2.386E-08 3.556E-08 5.193E-08 4.538E-08 3.455E-08 1.281E-08 9.446E-09 8.050E-09 5.858E-09 6.547E-09 2.284E-09 1.471E-09 1.318E-09 9.157E-10 8.719E-10 1.362E-09 1.827E-09 1.749E-09 1.587E-09 1.454E-09 9.893E-10 5.220E-10 3.415E-10 1.762E-10 1.009E-10
  1.800E+01  5.245E-05 5.346E-05 5.308E-05 5.048E-05 4.738E-05 4.324E-05 3.950E-05 3.573E-05 3.211E-05 2.888E-05 2.592E-05 2.327E-05 1.880E-05 1.526E-05 9.268E-06 5.857E-06 3.836E-06 2.590E-06 1.227E-06 6.312E-07 5.023E-07 4.134E-07 3.695E-07 2.803E-07 2.228E-07 1.421E-07 8.627E-08 5.360E-08 3.442E-08 2.883E-08 2.295E-08 1.818E-08 3.240E-09 1.399E-09 1.936E-09 4.349E-09 2.353E-08 3.511E-08 5.129E-08 4.483E-08 3.413E-08 1.265E-08 9.324E-09 7.949E-09 5.787E-09 6.468E-09 2.256E-09 1.453E-09 1.302E-09 9.051E-10 8.620E-10 1.346E-09 1.807E-09 1.730E-09 1.569E-09 1.438E-09 9.787E-10 5.164E-10 3.379E-10 1.743E-10 9.988E-11
  2.000E+01  4.458E-05 4.622E-05 4.654E-05 4.473E-05 4.234E-05 3.888E-05 3.573E-05 3.248E-05 2.931E-05 2.646E-05 2.383E-05 2.146E-05 1.743E-05 1.422E-05 8.715E-06 5.545E-06 3.651E-06 2.476E-06 1.181E-06 6.103E-07 4.862E-07 4.007E-07 3.584E-07 2.722E-07 2.167E-07 1.385E-07 8.423E-08 5.242E-08 3.371E-08 2.824E-08 2.250E-08 1.785E-08 3.183E-09 1.376E-09 1.905E-09 4.281E-09 2.318E-08 3.460E-08 5.059E-08 4.422E-08 3.366E-08 1.247E-08 9.191E-09 7.838E-09 5.709E-09 6.382E-09 2.226E-09 1.434E-09 1.285E-09 8.936E-10 8.512E-10 1.330E-09 1.785E-09 1.709E-09 1.550E-09 1.421E-09 9.670E-10 5.103E-10 3.339E-10 1.723E-10 9.873E-11
  2.200E+01  3.814E-05 4.011E-05 4.088E-05 3.964E-05 3.780E-05 3.492E-05 3.226E-05 2.945E-05 2.668E-05 2.418E-05 2.184E-05 1.973E-05 1.611E-05 1.320E-05 8.167E-06 5.233E-06 3.464E-06 2.359E-06 1.132E-06 5.886E-07 4.694E-07 3.874E-07 3.468E-07 2.637E-07 2.102E-07 1.347E-07 8.206E-08 5.116E-08 3.295E-08 2.762E-08 2.201E-08 1.750E-08 3.123E-09 1.350E-09 1.871E-09 4.207E-09 2.280E-08 3.406E-08 4.984E-08 4.356E-08 3.315E-08 1.227E-08 9.047E-09 7.718E-09 5.624E-09 6.288E-09 2.194E-09 1.413E-09 1.267E-09 8.810E-10 8.393E-10 1.311E-09 1.760E-09 1.686E-09 1.530E-09 1.402E-09 9.543E-10 5.037E-10 3.296E-10 1.701E-10 9.747E-11
  2.400E+01  3.282E-05 3.492E-05 3.597E-05 3.514E-05 3.374E-05 3.133E-05 2.908E-05 2.666E-05 2.424E-05 2.204E-05 1.998E-05 1.809E-05 1.485E-05 1.223E-05 7.631E-06 4.923E-06 3.278E-06 2.242E-06 1.083E-06 5.662E-07 4.522E-07 3.736E-07 3.347E-07 2.549E-07 2.034E-07 1.307E-07 7.979E-08 4.983E-08 3.214E-08 2.696E-08 2.150E-08 1.713E-08 3.058E-09 1.324E-09 1.835E-09 4.128E-09 2.240E-08 3.347E-08 4.902E-08 4.285E-08 3.260E-08 1.206E-08 8.892E-09 7.590E-09 5.533E-09 6.187E-09 2.159E-09 1.391E-09 1.247E-09 8.676E-10 8.266E-10 1.292E-09 1.734E-09 1.661E-09 1.508E-09 1.382E-09 9.407E-10 4.966E-10 3.250E-10 1.677E-10 9.612E-11
  2.600E+01  2.841E-05 3.051E-05 3.171E-05 3.118E-05 3.011E-05 2.808E-05 2.619E-05 2.410E-05 2.199E-05 2.006E-05 1.823E-05 1.656E-05 1.366E-05 1.129E-05 7.111E-06 4.620E-06 3.093E-06 2.126E-06 1.034E-06 5.435E-07 4.346E-07 3.596E-07 3.224E-07 2.459E-07 1.965E-07 1.266E-07 7.744E-08 4.845E-08 3.130E-08 2.627E-08 2.096E-08 1.674E-08 2.991E-09 1.295E-09 1.797E-09 4.045E-09 2.197E-08 3.285E-08 4.816E-08 4.210E-08 3.202E-08 1.184E-08 8.728E-09 7.453E-09 5.437E-09 6.080E-09 2.121E-09 1.367E-09 1.226E-09 8.532E-10 8.132E-10 1.271E-09 1.706E-09 1.635E-09 1.484E-09 1.360E-09 9.261E-10 4.890E-10 3.200E-10 1.652E-10 9.469E-11
  2.800E+01  2.471E-05 2.674E-05 2.800E-05 2.769E-05 2.688E-05 2.517E-05 2.356E-05 2.176E-05 1.992E-05 1.822E-05 1.661E-05 1.512E-05 1.254E-05 1.041E-05 6.612E-06 4.326E-06 2.912E-06 2.010E-06 9.848E-07 5.205E-07 4.168E-07 3.454E-07 3.099E-07 2.367E-07 1.894E-07 1.224E-07 7.502E-08 4.703E-08 3.044E-08 2.556E-08 2.040E-08 1.633E-08 2.920E-09 1.266E-09 1.758E-09 3.957E-09 2.152E-08 3.220E-08 4.725E-08 4.131E-08 3.141E-08 1.160E-08 8.555E-09 7.310E-09 5.336E-09 5.967E-09 2.082E-09 1.343E-09 1.204E-09 8.382E-10 7.989E-10 1.249E-09 1.677E-09 1.607E-09 1.459E-09 1.338E-09 9.108E-10 4.810E-10 3.148E-10 1.625E-10 9.317E-11
  3.000E+01  2.159E-05 2.351E-05 2.477E-05 2.461E-05 2.400E-05 2.255E-05 2.119E-05 1.963E-05 1.802E-05 1.654E-05 1.511E-05 1.380E-05 1.149E-05 9.577E-06 6.137E-06 4.042E-06 2.736E-06 1.898E-06 9.360E-07 4.976E-07 3.989E-07 3.311E-07 2.973E-07 2.274E-07 1.823E-07 1.181E-07 7.255E-08 4.557E-08 2.954E-08 2.482E-08 1.983E-08 1.591E-08 2.847E-09 1.235E-09 1.717E-09 3.867E-09 2.105E-08 3.152E-08 4.629E-08 4.048E-08 3.077E-08 1.136E-08 8.375E-09 7.160E-09 5.230E-09 5.849E-09 2.041E-09 1.317E-09 1.180E-09 8.224E-10 7.841E-10 1.226E-09 1.646E-09 1.579E-09 1.433E-09 1.314E-09 8.947E-10 4.726E-10 3.093E-10 1.597E-10 9.158E-11
  3.200E+01  1.895E-05 2.072E-05 2.195E-05 2.190E-05 2.144E-05 2.021E-05 1.905E-05 1.771E-05 1.630E-05 1.500E-05 1.374E-05 1.257E-05 1.051E-05 8.799E-06 5.686E-06 3.770E-06 2.566E-06 1.788E-06 8.879E-07 4.748E-07 3.812E-07 3.168E-07 2.847E-07 2.181E-07 1.751E-07 1.138E-07 7.004E-08 4.409E-08 2.863E-08 2.408E-08 1.925E-08 1.547E-08 2.772E-09 1.204E-09 1.675E-09 3.774E-09 2.056E-08 3.081E-08 4.530E-08 3.961E-08 3.010E-08 1.110E-08 8.189E-09 7.004E-09 5.120E-09 5.726E-09 1.999E-09 1.290E-09 1.156E-09 8.060E-10 7.686E-10 1.202E-09 1.614E-09 1.548E-09 1.406E-09 1.289E-09 8.779E-10 4.638E-10 3.036E-10 1.568E-10 8.993E-11
  3.400E+01  1.669E-05 1.832E-05 1.948E-05 1.951E-05 1.916E-05 1.812E-05 1.713E-05 1.596E-05 1.473E-05 1.359E-05 1.248E-05 1.144E-05 9.611E-06 8.075E-06 5.260E-06 3.511E-06 2.403E-06 1.682E-06 8.410E-07 4.524E-07 3.636E-07 3.027E-07 2.723E-07 2.089E-07 1.679E-07 1.094E-07 6.752E-08 4.259E-08 2.771E-08 2.332E-08 1.865E-08 1.503E-08 2.696E-09 1.171E-09 1.632E-09 3.678E-09 2.006E-08 3.009E-08 4.428E-08 3.872E-08 2.941E-08 1.084E-08 7.996E-09 6.844E-09 5.007E-09 5.599E-09 1.955E-09 1.262E-09 1.131E-09 7.891E-10 7.527E-10 1.177E-09 1.581E-09 1.517E-09 1.378E-09 1.263E-09 8.605E-10 4.547E-10 2.977E-10 1.538E-10 8.821E-11
  3.600E+01  1.475E-05 1.623E-05 1.733E-05 1.740E-05 1.714E-05 1.625E-05 1.541E-05 1.439E-05 1.331E-05 1.231E-05 1.133E-05 1.041E-05 8.780E-06 7.403E-06 4.861E-06 3.266E-06 2.247E-06 1.580E-06 7.953E-07 4.303E-07 3.463E-07 2.887E-07 2.599E-07 1.997E-07 1.608E-07 1.051E-07 6.500E-08 4.109E-08 2.678E-08 2.255E-08 1.805E-08 1.458E-08 2.618E-09 1.139E-09 1.588E-09 3.581E-09 1.955E-08 2.934E-08 4.323E-08 3.781E-08 2.871E-08 1.057E-08 7.799E-09 6.680E-09 4.890E-09 5.469E-09 1.910E-09 1.233E-09 1.106E-09 7.717E-10 7.363E-10 1.152E-09 1.547E-09 1.485E-09 1.349E-09 1.237E-09 8.427E-10 4.454E-10 2.917E-10 1.507E-10 8.645E-11
  3.800E+01  1.309E-05 1.442E-05 1.544E-05 1.554E-05 1.535E-05 1.459E-05 1.386E-05 1.298E-05 1.203E-05 1.115E-05 1.028E-05 9.468E-06 8.015E-06 6.783E-06 4.488E-06 3.034E-06 2.098E-06 1.482E-06 7.510E-07 4.087E-07 3.294E-07 2.750E-07 2.478E-07 1.907E-07 1.538E-07 1.008E-07 6.249E-08 3.959E-08 2.585E-08 2.178E-08 1.745E-08 1.413E-08 2.540E-09 1.106E-09 1.543E-09 3.482E-09 1.903E-08 2.858E-08 4.215E-08 3.687E-08 2.799E-08 1.030E-08 7.599E-09 6.512E-09 4.772E-09 5.336E-09 1.864E-09 1.204E-09 1.080E-09 7.540E-10 7.195E-10 1.126E-09 1.512E-09 1.452E-09 1.319E-09 1.210E-09 8.244E-10 4.359E-10 2.855E-10 1.475E-10 8.465E-11
  4.000E+01  1.164E-05 1.284E-05 1.378E-05 1.390E-05 1.376E-05 1.310E-05 1.248E-05 1.171E-05 1.087E-05 1.010E-05 9.329E-06 8.609E-06 7.315E-06 6.211E-06 4.140E-06 2.816E-06 1.958E-06 1.388E-06 7.084E-07 3.878E-07 3.129E-07 2.616E-07 2.359E-07 1.818E-07 1.469E-07 9.654E-08 6.000E-08 3.809E-08 2.493E-08 2.101E-08 1.685E-08 1.368E-08 2.462E-09 1.073E-09 1.499E-09 3.383E-09 1.850E-08 2.781E-08 4.106E-08 3.592E-08 2.725E-08 1.002E-08 7.395E-09 6.342E-09 4.651E-09 5.201E-09 1.817E-09 1.174E-09 1.054E-09 7.360E-10 7.025E-10 1.099E-09 1.477E-09 1.419E-09 1.289E-09 1.183E-09 8.057E-10 4.262E-10 2.791E-10 1.443E-10 8.282E-11
  4.200E+01  1.039E-05 1.146E-05 1.232E-05 1.244E-05 1.235E-05 1.178E-05 1.124E-05 1.056E-05 9.832E-06 9.146E-06 8.467E-06 7.828E-06 6.674E-06 5.685E-06 3.817E-06 2.612E-06 1.825E-06 1.300E-06 6.674E-07 3.675E-07 2.969E-07 2.486E-07 2.244E-07 1.732E-07 1.401E-07 9.236E-08 5.754E-08 3.661E-08 2.400E-08 2.025E-08 1.625E-08 1.323E-08 2.383E-09 1.039E-09 1.454E-09 3.283E-09 1.797E-08 2.703E-08 3.995E-08 3.495E-08 2.651E-08 9.743E-09 7.190E-09 6.171E-09 4.530E-09 5.065E-09 1.770E-09 1.145E-09 1.027E-09 7.178E-10 6.854E-10 1.073E-09 1.441E-09 1.385E-09 1.259E-09 1.155E-09 7.868E-10 4.163E-10 2.727E-10 1.410E-10 8.096E-11
  4.400E+01  9.295E-06 1.025E-05 1.104E-05 1.116E-05 1.109E-05 1.060E-05 1.013E-05 9.540E-06 8.894E-06 8.289E-06 7.687E-06 7.119E-06 6.089E-06 5.204E-06 3.518E-06 2.421E-06 1.699E-06 1.215E-06 6.283E-07 3.478E-07 2.814E-07 2.360E-07 2.132E-07 1.648E-07 1.335E-07 8.827E-08 5.512E-08 3.515E-08 2.309E-08 1.950E-08 1.565E-08 1.278E-08 2.305E-09 1.006E-09 1.409E-09 3.183E-09 1.743E-08 2.625E-08 3.883E-08 3.398E-08 2.576E-08 9.463E-09 6.984E-09 5.999E-09 4.408E-09 4.928E-09 1.723E-09 1.115E-09 1.000E-09 6.995E-10 6.681E-10 1.046E-09 1.405E-09 1.351E-09 1.228E-09 1.127E-09 7.677E-10 4.064E-10 2.663E-10 1.377E-10 7.909E-11
  4.600E+01  8.338E-06 9.194E-06 9.905E-06 1.003E-05 9.980E-06 9.545E-06 9.140E-06 8.622E-06 8.051E-06 7.516E-06 6.981E-06 6.476E-06 5.557E-06 4.762E-06 3.241E-06 2.243E-06 1.582E-06 1.136E-06 5.909E-07 3.290E-07 2.665E-07 2.238E-07 2.023E-07 1.566E-07 1.271E-07 8.428E-08 5.276E-08 3.372E-08 2.220E-08 1.875E-08 1.507E-08 1.233E-08 2.228E-09 9.736E-10 1.365E-09 3.085E-09 1.690E-08 2.547E-08 3.771E-08 3.300E-08 2.501E-08 9.182E-09 6.777E-09 5.827E-09 4.286E-09 4.790E-09 1.676E-09 1.085E-09 9.733E-10 6.812E-10 6.508E-10 1.019E-09 1.369E-09 1.317E-09 1.197E-09 1.099E-09 7.486E-10 3.965E-10 2.598E-10 1.344E-10 7.721E-11
  4.800E+01  7.498E-06 8.261E-06 8.906E-06 9.023E-06 8.992E-06 8.609E-06 8.256E-06 7.800E-06 7.294E-06 6.819E-06 6.344E-06 5.893E-06 5.072E-06 4.359E-06 2.985E-06 2.077E-06 1.472E-06 1.061E-06 5.553E-07 3.109E-07 2.522E-07 2.121E-07 1.919E-07 1.488E-07 1.209E-07 8.040E-08 5.045E-08 3.232E-08 2.132E-08 1.802E-08 1.449E-08 1.189E-08 2.151E-09 9.413E-10 1.321E-09 2.987E-09 1.638E-08 2.469E-08 3.659E-08 3.203E-08 2.426E-08 8.902E-09 6.572E-09 5.655E-09 4.164E-09 4.653E-09 1.629E-09 1.055E-09 9.466E-10 6.629E-10 6.336E-10 9.919E-10 1.333E-09 1.283E-09 1.167E-09 1.070E-09 7.294E-10 3.865E-10 2.534E-10 1.311E-10 7.533E-11
  5.000E+01  6.758E-06 7.439E-06 8.023E-06 8.133E-06 8.113E-06 7.775E-06 7.466E-06 7.063E-06 6.614E-06 6.192E-06 5.769E-06 5.366E-06 4.631E-06 3.991E-06 2.750E-06 1.923E-06 1.369E-06 9.904E-07 5.216E-07 2.936E-07 2.384E-07 2.008E-07 1.818E-07 1.412E-07 1.150E-07 7.664E-08 4.821E-08 3.096E-08 2.046E-08 1.731E-08 1.393E-08 1.146E-08 2.077E-09 9.095E-10 1.278E-09 2.890E-09 1.585E-08 2.392E-08 3.548E-08 3.105E-08 2.352E-08 8.625E-09 6.369E-09 5.485E-09 4.044E-09 4.517E-09 1.582E-09 1.025E-09 9.201E-10 6.448E-10 6.165E-10 9.652E-10 1.297E-09 1.249E-09 1.136E-09 1.042E-09 7.103E-10 3.766E-10 2.469E-10 1.279E-10 7.347E-11
  5.200E+01  6.106E-06 6.713E-06 7.242E-06 7.344E-06 7.332E-06 7.032E-06 6.760E-06 6.403E-06 6.004E-06 5.628E-06 5.250E-06 4.890E-06 4.231E-06 3.656E-06 2.533E-06 1.780E-06 1.273E-06 9.243E-07 4.897E-07 2.771E-07 2.253E-07 1.900E-07 1.722E-07 1.339E-07 1.092E-07 7.302E-08 4.604E-08 2.963E-08 1.962E-08 1.661E-08 1.338E-08 1.103E-08 2.004E-09 8.785E-10 1.236E-09 2.796E-09 1.534E-08 2.315E-08 3.437E-08 3.009E-08 2.278E-08 8.351E-09 6.168E-09 5.317E-09 3.925E-09 4.382E-09 1.536E-09 9.957E-10 8.940E-10 6.270E-10 5.996E-10 9.388E-10 1.262E-09 1.215E-09 1.106E-09 1.015E-09 6.914E-10 3.668E-10 2.406E-10 1.246E-10 7.163E-11
  5.400E+01  5.529E-06 6.071E-06 6.549E-06 6.643E-06 6.637E-06 6.370E-06 6.130E-06 5.812E-06 5.455E-06 5.120E-06 4.782E-06 4.460E-06 3.868E-06 3.350E-06 2.334E-06 1.648E-06 1.183E-06 8.625E-07 4.596E-07 2.614E-07 2.128E-07 1.798E-07 1.630E-07 1.270E-07 1.037E-07 6.952E-08 4.395E-08 2.835E-08 1.881E-08 1.594E-08 1.285E-08 1.062E-08 1.932E-09 8.483E-10 1.195E-09 2.704E-09 1.483E-08 2.240E-08 3.327E-08 2.913E-08 2.205E-08 8.082E-09 5.970E-09 5.153E-09 3.808E-09 4.250E-09 1.491E-09 9.670E-10 8.684E-10 6.095E-10 5.830E-10 9.129E-10 1.227E-09 1.182E-09 1.076E-09 9.875E-10 6.728E-10 3.572E-10 2.343E-10 1.214E-10 6.982E-11
  5.600E+01  5.018E-06 5.502E-06 5.935E-06 6.020E-06 6.018E-06 5.779E-06 5.566E-06 5.283E-06 4.963E-06 4.663E-06 4.361E-06 4.071E-06 3.539E-06 3.072E-06 2.152E-06 1.526E-06 1.100E-06 8.046E-07 4.312E-07 2.465E-07 2.010E-07 1.700E-07 1.543E-07 1.203E-07 9.840E-08 6.617E-08 4.193E-08 2.711E-08 1.803E-08 1.529E-08 1.233E-08 1.022E-08 1.863E-09 8.189E-10 1.155E-09 2.614E-09 1.434E-08 2.166E-08 3.220E-08 2.820E-08 2.133E-08 7.818E-09 5.777E-09 4.991E-09 3.693E-09 4.120E-09 1.446E-09 9.389E-10 8.433E-10 5.923E-10 5.668E-10 8.875E-10 1.193E-09 1.150E-09 1.047E-09 9.607E-10 6.545E-10 3.477E-10 2.282E-10 1.183E-10 6.804E-11
  5.800E+01  4.564E-06 4.997E-06 5.389E-06 5.466E-06 5.466E-06 5.252E-06 5.062E-06 4.809E-06 4.522E-06 4.253E-06 3.981E-06 3.720E-06 3.241E-06 2.819E-06 1.984E-06 1.414E-06 1.023E-06 7.507E-07 4.045E-07 2.325E-07 1.897E-07 1.607E-07 1.459E-07 1.140E-07 9.337E-08 6.296E-08 4.000E-08 2.592E-08 1.727E-08 1.466E-08 1.184E-08 9.836E-09 1.797E-09 7.906E-10 1.116E-09 2.528E-09 1.386E-08 2.094E-08 3.114E-08 2.727E-08 2.062E-08 7.561E-09 5.589E-09 4.834E-09 3.582E-09 3.993E-09 1.403E-09 9.115E-10 8.189E-10 5.757E-10 5.510E-10 8.628E-10 1.159E-09 1.119E-09 1.018E-09 9.346E-10 6.366E-10 3.385E-10 2.222E-10 1.152E-10 6.632E-11
  6.000E+01  4.159E-06 4.548E-06 4.903E-06 4.973E-06 4.975E-06 4.781E-06 4.611E-06 4.384E-06 4.125E-06 3.883E-06 3.638E-06 3.404E-06 2.971E-06 2.589E-06 1.831E-06 1.310E-06 9.511E-07 7.004E-07 3.795E-07 2.192E-07 1.791E-07 1.519E-07 1.381E-07 1.080E-07 8.858E-08 5.990E-08 3.815E-08 2.478E-08 1.655E-08 1.406E-08 1.136E-08 9.463E-09 1.732E-09 7.634E-10 1.079E-09 2.444E-09 1.339E-08 2.024E-08 3.010E-08 2.637E-08 1.994E-08 7.311E-09 5.406E-09 4.681E-09 3.474E-09 3.870E-09 1.361E-09 8.850E-10 7.953E-10 5.595E-10 5.358E-10 8.389E-10 1.127E-09 1.088E-09 9.908E-10 9.092E-10 6.192E-10 3.296E-10 2.164E-10 1.123E-10 6.465E-11
  6.200E+01  3.799E-06 4.148E-06 4.471E-06 4.533E-06 4.536E-06 4.360E-06 4.208E-06 4.003E-06 3.769E-06 3.551E-06 3.330E-06 3.118E-06 2.726E-06 2.380E-06 1.690E-06 1.214E-06 8.848E-07 6.537E-07 3.560E-07 2.067E-07 1.691E-07 1.436E-07 1.306E-07 1.023E-07 8.405E-08 5.700E-08 3.639E-08 2.370E-08 1.586E-08 1.348E-08 1.090E-08 9.106E-09 1.671E-09 7.374E-10 1.044E-09 2.364E-09 1.294E-08 1.956E-08 2.910E-08 2.550E-08 1.927E-08 7.069E-09 5.229E-09 4.534E-09 3.370E-09 3.750E-09 1.321E-09 8.595E-10 7.725E-10 5.440E-10 5.211E-10 8.158E-10 1.096E-09 1.058E-09 9.641E-10 8.847E-10 6.023E-10 3.209E-10 2.108E-10 1.094E-10 6.304E-11
  6.400E+01  3.477E-06 3.792E-06 4.085E-06 4.140E-06 4.144E-06 3.984E-06 3.846E-06 3.661E-06 3.450E-06 3.252E-06 3.051E-06 2.859E-06 2.505E-06 2.190E-06 1.562E-06 1.126E-06 8.236E-07 6.104E-07 3.341E-07 1.949E-07 1.596E-07 1.357E-07 1.236E-07 9.696E-08 7.976E-08 5.424E-08 3.472E-08 2.266E-08 1.520E-08 1.293E-08 1.047E-08 8.765E-09 1.613E-09 7.126E-10 1.010E-09 2.288E-09 1.251E-08 1.890E-08 2.812E-08 2.465E-08 1.862E-08 6.837E-09 5.059E-09 4.392E-09 3.270E-09 3.635E-09 1.283E-09 8.351E-10 7.507E-10 5.291E-10 5.070E-10 7.936E-10 1.066E-09 1.030E-09 9.385E-10 8.611E-10 5.861E-10 3.127E-10 2.054E-10 1.067E-10 6.150E-11
  6.600E+01  3.190E-06 3.473E-06 3.740E-06 3.790E-06 3.793E-06 3.647E-06 3.523E-06 3.354E-06 3.162E-06 2.983E-06 2.801E-06 2.626E-06 2.304E-06 2.018E-06 1.445E-06 1.046E-06 7.670E-07 5.702E-07 3.137E-07 1.839E-07 1.508E-07 1.284E-07 1.170E-07 9.191E-08 7.571E-08 5.163E-08 3.314E-08 2.168E-08 1.458E-08 1.241E-08 1.005E-08 8.441E-09 1.557E-09 6.891E-10 9.782E-10 2.216E-09 1.209E-08 1.827E-08 2.718E-08 2.383E-08 1.800E-08 6.614E-09 4.897E-09 4.257E-09 3.175E-09 3.525E-09 1.246E-09 8.118E-10 7.300E-10 5.150E-10 4.937E-10 7.725E-10 1.037E-09 1.003E-09 9.141E-10 8.386E-10 5.706E-10 3.048E-10 2.003E-10 1.041E-10 6.003E-11
  6.800E+01  2.932E-06 3.188E-06 3.431E-06 3.476E-06 3.480E-06 3.345E-06 3.232E-06 3.079E-06 2.904E-06 2.741E-06 2.575E-06 2.416E-06 2.122E-06 1.862E-06 1.338E-06 9.714E-07 7.149E-07 5.330E-07 2.947E-07 1.736E-07 1.425E-07 1.215E-07 1.108E-07 8.717E-08 7.191E-08 4.918E-08 3.164E-08 2.076E-08 1.399E-08 1.192E-08 9.664E-09 8.134E-09 1.505E-09 6.669E-10 9.480E-10 2.147E-09 1.170E-08 1.767E-08 2.628E-08 2.304E-08 1.740E-08 6.401E-09 4.742E-09 4.128E-09 3.084E-09 3.421E-09 1.211E-09 7.897E-10 7.104E-10 5.016E-10 4.810E-10 7.526E-10 1.010E-09 9.775E-10 8.910E-10 8.173E-10 5.559E-10 2.973E-10 1.955E-10 1.017E-10 5.865E-11
  7.000E+01  2.701E-06 2.933E-06 3.155E-06 3.195E-06 3.199E-06 3.075E-06 2.972E-06 2.832E-06 2.671E-06 2.523E-06 2.371E-06 2.226E-06 1.958E-06 1.720E-06 1.240E-06 9.034E-07 6.669E-07 4.986E-07 2.771E-07 1.639E-07 1.348E-07 1.150E-07 1.050E-07 8.274E-08 6.835E-08 4.687E-08 3.024E-08 1.989E-08 1.343E-08 1.146E-08 9.297E-09 7.844E-09 1.456E-09 6.462E-10 9.198E-10 2.083E-09 1.133E-08 1.710E-08 2.541E-08 2.229E-08 1.682E-08 6.199E-09 4.595E-09 4.007E-09 2.999E-09 3.321E-09 1.178E-09 7.690E-10 6.919E-10 4.891E-10 4.692E-10 7.338E-10 9.843E-10 9.534E-10 8.692E-10 7.972E-10 5.420E-10 2.902E-10 1.910E-10 9.938E-11 5.736E-11
  7.200E+01  2.493E-06 2.704E-06 2.908E-06 2.944E-06 2.947E-06 2.832E-06 2.738E-06 2.609E-06 2.462E-06 2.326E-06 2.187E-06 2.055E-06 1.809E-06 1.591E-06 1.151E-06 8.411E-07 6.227E-07 4.669E-07 2.607E-07 1.550E-07 1.276E-07 1.090E-07 9.955E-08 7.859E-08 6.502E-08 4.472E-08 2.893E-08 1.908E-08 1.291E-08 1.102E-08 8.953E-09 7.573E-09 1.410E-09 6.268E-10 8.936E-10 2.024E-09 1.097E-08 1.656E-08 2.458E-08 2.157E-08 1.628E-08 6.009E-09 4.457E-09 3.892E-09 2.919E-09 3.228E-09 1.147E-09 7.497E-10 6.748E-10 4.774E-10 4.581E-10 7.163E-10 9.604E-10 9.310E-10 8.489E-10 7.784E-10 5.289E-10 2.837E-10 1.868E-10 9.724E-11 5.617E-11
  7.400E+01  2.307E-06 2.499E-06 2.686E-06 2.718E-06 2.721E-06 2.615E-06 2.528E-06 2.409E-06 2.274E-06 2.149E-06 2.022E-06 1.900E-06 1.675E-06 1.474E-06 1.069E-06 7.840E-07 5.822E-07 4.376E-07 2.456E-07 1.467E-07 1.209E-07 1.034E-07 9.452E-08 7.474E-08 6.192E-08 4.271E-08 2.770E-08 1.832E-08 1.243E-08 1.062E-08 8.633E-09 7.321E-09 1.368E-09 6.090E-10 8.693E-10 1.969E-09 1.064E-08 1.604E-08 2.380E-08 2.089E-08 1.576E-08 5.831E-09 4.327E-09 3.786E-09 2.845E-09 3.141E-09 1.119E-09 7.318E-10 6.589E-10 4.666E-10 4.480E-10 7.001E-10 9.382E-10 9.102E-10 8.301E-10 7.609E-10 5.168E-10 2.776E-10 1.829E-10 9.529E-11 5.508E-11
  7.600E+01  2.138E-06 2.314E-06 2.487E-06 2.515E-06 2.517E-06 2.419E-06 2.339E-06 2.230E-06 2.105E-06 1.990E-06 1.872E-06 1.760E-06 1.553E-06 1.368E-06 9.953E-07 7.318E-07 5.449E-07 4.108E-07 2.316E-07 1.390E-07 1.147E-07 9.826E-08 8.986E-08 7.116E-08 5.905E-08 4.084E-08 2.657E-08 1.761E-08 1.198E-08 1.024E-08 8.336E-09 7.087E-09 1.329E-09 5.926E-10 8.472E-10 1.918E-09 1.034E-08 1.557E-08 2.306E-08 2.025E-08 1.527E-08 5.664E-09 4.207E-09 3.687E-09 2.777E-09 3.060E-09 1.092E-09 7.154E-10 6.443E-10 4.568E-10 4.387E-10 6.853E-10 9.179E-10 8.911E-10 8.129E-10 7.450E-10 5.056E-10 2.721E-10 1.793E-10 9.351E-11 5.409E-11
  7.800E+01  1.987E-06 2.148E-06 2.307E-06 2.333E-06 2.335E-06 2.243E-06 2.169E-06 2.068E-06 1.952E-06 1.846E-06 1.737E-06 1.634E-06 1.442E-06 1.272E-06 9.280E-07 6.842E-07 5.109E-07 3.861E-07 2.187E-07 1.319E-07 1.089E-07 9.348E-08 8.555E-08 6.786E-08 5.639E-08 3.911E-08 2.552E-08 1.696E-08 1.156E-08 9.899E-09 8.063E-09 6.871E-09 1.293E-09 5.777E-10 8.271E-10 1.872E-09 1.006E-08 1.512E-08 2.237E-08 1.964E-08 1.481E-08 5.511E-09 4.096E-09 3.596E-09 2.715E-09 2.985E-09 1.068E-09 7.006E-10 6.312E-10 4.480E-10 4.304E-10 6.720E-10 8.994E-10 8.739E-10 7.973E-10 7.305E-10 4.955E-10 2.672E-10 1.762E-10 9.193E-11 5.321E-11
  8.000E+01  1.850E-06 1.999E-06 2.146E-06 2.170E-06 2.170E-06 2.085E-06 2.016E-06 1.922E-06 1.814E-06 1.716E-06 1.615E-06 1.520E-06 1.343E-06 1.185E-06 8.667E-07 6.407E-07 4.797E-07 3.635E-07 2.069E-07 1.253E-07 1.037E-07 8.908E-08 8.158E-08 6.482E-08 5.394E-08 3.752E-08 2.455E-08 1.637E-08 1.118E-08 9.583E-09 7.814E-09 6.675E-09 1.261E-09 5.643E-10 8.091E-10 1.831E-09 9.797E-09 1.471E-08 2.172E-08 1.908E-08 1.439E-08 5.370E-09 3.995E-09 3.514E-09 2.658E-09 2.917E-09 1.047E-09 6.874E-10 6.195E-10 4.402E-10 4.230E-10 6.601E-10 8.829E-10 8.586E-10 7.834E-10 7.176E-10 4.864E-10 2.627E-10 1.734E-10 9.053E-11 5.244E-11
  8.200E+01  1.727E-06 1.864E-06 2.001E-06 2.022E-06 2.023E-06 1.943E-06 1.878E-06 1.791E-06 1.690E-06 1.599E-06 1.506E-06 1.417E-06 1.252E-06 1.107E-06 8.110E-07 6.011E-07 4.512E-07 3.428E-07 1.961E-07 1.193E-07 9.885E-08 8.504E-08 7.794E-08 6.203E-08 5.170E-08 3.607E-08 2.367E-08 1.582E-08 1.084E-08 9.296E-09 7.587E-09 6.497E-09 1.232E-09 5.524E-10 7.932E-10 1.794E-09 9.562E-09 1.433E-08 2.112E-08 1.856E-08 1.400E-08 5.242E-09 3.903E-09 3.440E-09 2.609E-09 2.856E-09 1.028E-09 6.757E-10 6.092E-10 4.333E-10 4.166E-10 6.498E-10 8.685E-10 8.451E-10 7.713E-10 7.062E-10 4.783E-10 2.589E-10 1.710E-10 8.934E-11 5.179E-11
  8.400E+01  1.616E-06 1.743E-06 1.870E-06 1.890E-06 1.890E-06 1.815E-06 1.754E-06 1.673E-06 1.579E-06 1.493E-06 1.407E-06 1.324E-06 1.171E-06 1.035E-06 7.604E-07 5.650E-07 4.252E-07 3.239E-07 1.862E-07 1.139E-07 9.443E-08 8.134E-08 7.461E-08 5.948E-08 4.965E-08 3.474E-08 2.287E-08 1.533E-08 1.053E-08 9.038E-09 7.383E-09 6.337E-09 1.207E-09 5.420E-10 7.794E-10 1.762E-09 9.352E-09 1.399E-08 2.057E-08 1.809E-08 1.364E-08 5.127E-09 3.821E-09 3.374E-09 2.565E-09 2.802E-09 1.012E-09 6.657E-10 6.004E-10 4.275E-10 4.112E-10 6.409E-10 8.560E-10 8.337E-10 7.610E-10 6.965E-10 4.713E-10 2.557E-10 1.689E-10 8.836E-11 5.126E-11
  8.600E+01  1.515E-06 1.633E-06 1.752E-06 1.770E-06 1.771E-06 1.699E-06 1.643E-06 1.566E-06 1.478E-06 1.398E-06 1.317E-06 1.240E-06 1.097E-06 9.708E-07 7.145E-07 5.323E-07 4.016E-07 3.066E-07 1.771E-07 1.089E-07 9.041E-08 7.798E-08 7.158E-08 5.717E-08 4.779E-08 3.354E-08 2.214E-08 1.489E-08 1.025E-08 8.808E-09 7.202E-09 6.196E-09 1.185E-09 5.331E-10 7.676E-10 1.735E-09 9.166E-09 1.369E-08 2.007E-08 1.765E-08 1.331E-08 5.025E-09 3.749E-09 3.317E-09 2.528E-09 2.755E-09 9.977E-10 6.574E-10 5.931E-10 4.228E-10 4.068E-10 6.336E-10 8.456E-10 8.242E-10 7.525E-10 6.885E-10 4.655E-10 2.531E-10 1.673E-10 8.758E-11 5.085E-11
  8.800E+01  1.424E-06 1.534E-06 1.646E-06 1.662E-06 1.663E-06 1.595E-06 1.542E-06 1.470E-06 1.388E-06 1.313E-06 1.237E-06 1.164E-06 1.031E-06 9.124E-07 6.729E-07 5.025E-07 3.802E-07 2.910E-07 1.689E-07 1.043E-07 8.677E-08 7.494E-08 6.884E-08 5.508E-08 4.611E-08 3.246E-08 2.149E-08 1.449E-08 1.000E-08 8.604E-09 7.043E-09 6.073E-09 1.166E-09 5.256E-10 7.579E-10 1.713E-09 9.003E-09 1.342E-08 1.961E-08 1.726E-08 1.302E-08 4.936E-09 3.687E-09 3.268E-09 2.497E-09 2.714E-09 9.863E-10 6.506E-10 5.872E-10 4.191E-10 4.034E-10 6.279E-10 8.372E-10 8.168E-10 7.458E-10 6.821E-10 4.608E-10 2.510E-10 1.661E-10 8.702E-11 5.057E-11
  9.000E+01  1.342E-06 1.445E-06 1.551E-06 1.566E-06 1.566E-06 1.502E-06 1.452E-06 1.384E-06 1.306E-06 1.236E-06 1.164E-06 1.096E-06 9.705E-07 8.597E-07 6.353E-07 4.756E-07 3.607E-07 2.768E-07 1.615E-07 1.002E-07 8.348E-08 7.220E-08 6.638E-08 5.320E-08 4.461E-08 3.149E-08 2.092E-08 1.414E-08 9.789E-09 8.428E-09 6.905E-09 5.967E-09 1.151E-09 5.195E-10 7.502E-10 1.695E-09 8.865E-09 1.318E-08 1.921E-08 1.692E-08 1.276E-08 4.861E-09 3.634E-09 3.228E-09 2.473E-09 2.681E-09 9.773E-10 6.456E-10 5.829E-10 4.164E-10 4.010E-10 6.237E-10 8.309E-10 8.113E-10 7.409E-10 6.773E-10 4.572E-10 2.496E-10 1.653E-10 8.666E-11 5.040E-11
  9.200E+01  1.268E-06 1.365E-06 1.465E-06 1.479E-06 1.479E-06 1.418E-06 1.371E-06 1.306E-06 1.233E-06 1.166E-06 1.098E-06 1.034E-06 9.164E-07 8.122E-07 6.014E-07 4.513E-07 3.431E-07 2.640E-07 1.548E-07 9.656E-08 8.054E-08 6.975E-08 6.417E-08 5.153E-08 4.327E-08 3.064E-08 2.042E-08 1.384E-08 9.605E-09 8.277E-09 6.788E-09 5.878E-09 1.139E-09 5.148E-10 7.444E-10 1.681E-09 8.750E-09 1.298E-08 1.885E-08 1.661E-08 1.253E-08 4.798E-09 3.591E-09 3.196E-09 2.454E-09 2.654E-09 9.709E-10 6.421E-10 5.800E-10 4.148E-10 3.996E-10 6.211E-10 8.267E-10 8.078E-10 7.379E-10 6.743E-10 4.547E-10 2.488E-10 1.649E-10 8.652E-11 5.036E-11
  9.400E+01  1.201E-06 1.292E-06 1.387E-06 1.401E-06 1.401E-06 1.343E-06 1.298E-06 1.237E-06 1.167E-06 1.104E-06 1.040E-06 9.790E-07 8.676E-07 7.694E-07 5.708E-07 4.293E-07 3.273E-07 2.525E-07 1.488E-07 9.327E-08 7.791E-08 6.757E-08 6.221E-08 5.005E-08 4.209E-08 2.989E-08 1.998E-08 1.359E-08 9.449E-09 8.151E-09 6.691E-09 5.806E-09 1.129E-09 5.115E-10 7.406E-10 1.672E-09 8.658E-09 1.281E-08 1.855E-08 1.635E-08 1.234E-08 4.748E-09 3.557E-09 3.173E-09 2.442E-09 2.635E-09 9.669E-10 6.403E-10 5.785E-10 4.142E-10 3.992E-10 6.200E-10 8.246E-10 8.064E-10 7.366E-10 6.728E-10 4.533E-10 2.487E-10 1.649E-10 8.659E-11 5.044E-11
  9.600E+01  1.140E-06 1.227E-06 1.317E-06 1.330E-06 1.330E-06 1.276E-06 1.233E-06 1.174E-06 1.107E-06 1.047E-06 9.866E-07 9.293E-07 8.238E-07 7.309E-07 5.432E-07 4.096E-07 3.130E-07 2.421E-07 1.435E-07 9.036E-08 7.560E-08 6.565E-08 6.049E-08 4.875E-08 4.106E-08 2.924E-08 1.961E-08 1.337E-08 9.322E-09 8.048E-09 6.613E-09 5.751E-09 1.123E-09 5.095E-10 7.386E-10 1.666E-09 8.589E-09 1.267E-08 1.829E-08 1.613E-08 1.218E-08 4.710E-09 3.533E-09 3.158E-09 2.437E-09 2.622E-09 9.654E-10 6.401E-10 5.785E-10 4.147E-10 3.997E-10 6.204E-10 8.244E-10 8.069E-10 7.372E-10 6.731E-10 4.531E-10 2.491E-10 1.653E-10 8.687E-11 5.064E-11
  9.800E+01  1.086E-06 1.169E-06 1.255E-06 1.267E-06 1.268E-06 1.215E-06 1.174E-06 1.118E-06 1.054E-06 9.971E-07 9.392E-07 8.847E-07 7.844E-07 6.964E-07 5.184E-07 3.918E-07 3.003E-07 2.329E-07 1.387E-07 8.779E-08 7.356E-08 6.397E-08 5.899E-08 4.763E-08 4.018E-08 2.869E-08 1.930E-08 1.320E-08 9.223E-09 7.969E-09 6.554E-09 5.710E-09 1.120E-09 5.087E-10 7.384E-10 1.666E-09 8.542E-09 1.257E-08 1.808E-08 1.596E-08 1.204E-08 4.684E-09 3.518E-09 3.150E-09 2.437E-09 2.615E-09 9.662E-10 6.414E-10 5.799E-10 4.161E-10 4.012E-10 6.223E-10 8.263E-10 8.093E-10 7.395E-10 6.749E-10 4.539E-10 2.501E-10 1.661E-10 8.735E-11 5.097E-11
  1.000E+02  1.037E-06 1.116E-06 1.199E-06 1.211E-06 1.211E-06 1.161E-06 1.121E-06 1.068E-06 1.007E-06 9.522E-07 8.969E-07 8.448E-07 7.492E-07 6.654E-07 4.963E-07 3.760E-07 2.889E-07 2.246E-07 1.345E-07 8.556E-08 7.180E-08 6.252E-08 5.770E-08 4.667E-08 3.943E-08 2.824E-08 1.905E-08 1.306E-08 9.149E-09 7.912E-09 6.513E-09 5.685E-09 1.119E-09 5.092E-10 7.400E-10 1.668E-09 8.517E-09 1.250E-08 1.791E-08 1.582E-08 1.194E-08 4.671E-09 3.512E-09 3.150E-09 2.443E-09 2.615E-09 9.694E-10 6.442E-10 5.826E-10 4.185E-10 4.037E-10 6.257E-10 8.301E-10 8.136E-10 7.436E-10 6.784E-10 4.559E-10 2.517E-10 1.672E-10 8.804E-11 5.141E-11
  1.020E+02  9.929E-07 1.069E-06 1.149E-06 1.161E-06 1.161E-06 1.112E-06 1.075E-06 1.023E-06 9.646E-07 9.121E-07 8.591E-07 8.091E-07 7.177E-07 6.377E-07 4.765E-07 3.619E-07 2.788E-07 2.173E-07 1.308E-07 8.363E-08 7.029E-08 6.129E-08 5.660E-08 4.587E-08 3.881E-08 2.787E-08 1.885E-08 1.296E-08 9.099E-09 7.876E-09 6.490E-09 5.675E-09 1.121E-09 5.109E-10 7.432E-10 1.675E-09 8.512E-09 1.246E-08 1.780E-08 1.572E-08 1.188E-08 4.668E-09 3.514E-09 3.158E-09 2.454E-09 2.621E-09 9.747E-10 6.485E-10 5.867E-10 4.218E-10 4.070E-10 6.305E-10 8.358E-10 8.198E-10 7.493E-10 6.833E-10 4.588E-10 2.539E-10 1.688E-10 8.893E-11 5.197E-11
  1.040E+02  9.538E-07 1.028E-06 1.105E-06 1.116E-06 1.117E-06 1.069E-06 1.033E-06 9.838E-07 9.271E-07 8.766E-07 8.255E-07 7.774E-07 6.898E-07 6.131E-07 4.589E-07 3.494E-07 2.699E-07 2.110E-07 1.277E-07 8.199E-08 6.902E-08 6.026E-08 5.569E-08 4.521E-08 3.831E-08 2.758E-08 1.871E-08 1.290E-08 9.074E-09 7.860E-09 6.482E-09 5.678E-09 1.126E-09 5.136E-10 7.480E-10 1.686E-09 8.527E-09 1.245E-08 1.772E-08 1.567E-08 1.183E-08 4.677E-09 3.524E-09 3.173E-09 2.471E-09 2.633E-09 9.823E-10 6.542E-10 5.920E-10 4.261E-10 4.112E-10 6.367E-10 8.433E-10 8.278E-10 7.567E-10 6.898E-10 4.629E-10 2.566E-10 1.707E-10 9.001E-11 5.263E-11
  1.060E+02  9.192E-07 9.905E-07 1.066E-06 1.077E-06 1.078E-06 1.032E-06 9.970E-07 9.489E-07 8.940E-07 8.452E-07 7.958E-07 7.494E-07 6.650E-07 5.913E-07 4.434E-07 3.384E-07 2.621E-07 2.054E-07 1.249E-07 8.061E-08 6.797E-08 5.942E-08 5.496E-08 4.469E-08 3.792E-08 2.738E-08 1.862E-08 1.286E-08 9.070E-09 7.863E-09 6.490E-09 5.694E-09 1.133E-09 5.174E-10 7.543E-10 1.699E-09 8.561E-09 1.247E-08 1.768E-08 1.564E-08 1.182E-08 4.697E-09 3.543E-09 3.195E-09 2.493E-09 2.651E-09 9.919E-10 6.612E-10 5.986E-10 4.312E-10 4.163E-10 6.441E-10 8.526E-10 8.375E-10 7.657E-10 6.978E-10 4.678E-10 2.599E-10 1.730E-10 9.127E-11 5.341E-11
  1.080E+02  8.887E-07 9.580E-07 1.032E-06 1.043E-06 1.044E-06 9.990E-07 9.653E-07 9.182E-07 8.649E-07 8.176E-07 7.696E-07 7.247E-07 6.432E-07 5.722E-07 4.297E-07 3.287E-07 2.552E-07 2.006E-07 1.226E-07 7.949E-08 6.713E-08 5.875E-08 5.438E-08 4.430E-08 3.764E-08 2.724E-08 1.858E-08 1.286E-08 9.087E-09 7.884E-09 6.512E-09 5.722E-09 1.142E-09 5.222E-10 7.620E-10 1.716E-09 8.613E-09 1.252E-08 1.769E-08 1.566E-08 1.184E-08 4.726E-09 3.568E-09 3.223E-09 2.520E-09 2.675E-09 1.003E-09 6.696E-10 6.063E-10 4.371E-10 4.222E-10 6.529E-10 8.636E-10 8.488E-10 7.761E-10 7.071E-10 4.738E-10 2.637E-10 1.756E-10 9.271E-11 5.429E-11
  1.100E+02  8.621E-07 9.298E-07 1.002E-06 1.013E-06 1.015E-06 9.705E-07 9.377E-07 8.916E-07 8.397E-07 7.935E-07 7.468E-07 7.032E-07 6.242E-07 5.554E-07 4.178E-07 3.203E-07 2.494E-07 1.965E-07 1.207E-07 7.860E-08 6.648E-08 5.826E-08 5.396E-08 4.403E-08 3.745E-08 2.717E-08 1.858E-08 1.289E-08 9.124E-09 7.921E-09 6.548E-09 5.761E-09 1.153E-09 5.279E-10 7.711E-10 1.736E-09 8.682E-09 1.259E-08 1.774E-08 1.571E-08 1.188E-08 4.765E-09 3.601E-09 3.258E-09 2.552E-09 2.704E-09 1.017E-09 6.792E-10 6.152E-10 4.438E-10 4.288E-10 6.628E-10 8.762E-10 8.617E-10 7.881E-10 7.177E-10 4.806E-10 2.679E-10 1.785E-10 9.432E-11 5.527E-11
  1.120E+02  8.392E-07 9.056E-07 9.773E-07 9.881E-07 9.903E-07 9.462E-07 9.141E-07 8.688E-07 8.180E-07 7.728E-07 7.271E-07 6.845E-07 6.076E-07 5.408E-07 4.075E-07 3.131E-07 2.444E-07 1.930E-07 1.192E-07 7.793E-08 6.601E-08 5.791E-08 5.367E-08 4.387E-08 3.736E-08 2.717E-08 1.862E-08 1.295E-08 9.179E-09 7.974E-09 6.596E-09 5.812E-09 1.166E-09 5.345E-10 7.813E-10 1.759E-09 8.767E-09 1.269E-08 1.782E-08 1.579E-08 1.194E-08 4.813E-09 3.641E-09 3.299E-09 2.589E-09 2.737E-09 1.032E-09 6.899E-10 6.250E-10 4.513E-10 4.361E-10 6.739E-10 8.904E-10 8.761E-10 8.013E-10 7.296E-10 4.883E-10 2.727E-10 1.818E-10 9.610E-11 5.634E-11
  1.140E+02  8.198E-07 8.854E-07 9.564E-07 9.671E-07 9.695E-07 9.259E-07 8.943E-07 8.497E-07 7.995E-07 7.552E-07 7.103E-07 6.686E-07 5.934E-07 5.283E-07 3.986E-07 3.070E-07 2.402E-07 1.902E-07 1.180E-07 7.746E-08 6.571E-08 5.771E-08 5.352E-08 4.381E-08 3.736E-08 2.722E-08 1.870E-08 1.303E-08 9.250E-09 8.041E-09 6.656E-09 5.872E-09 1.182E-09 5.419E-10 7.927E-10 1.785E-09 8.868E-09 1.281E-08 1.794E-08 1.590E-08 1.203E-08 4.870E-09 3.687E-09 3.345E-09 2.629E-09 2.776E-09 1.049E-09 7.017E-10 6.359E-10 4.595E-10 4.441E-10 6.860E-10 9.059E-10 8.919E-10 8.159E-10 7.427E-10 4.969E-10 2.778E-10 1.853E-10 9.802E-11 5.750E-11
  1.160E+02  8.039E-07 8.688E-07 9.395E-07 9.502E-07 9.528E-07 9.093E-07 8.781E-07 8.340E-07 7.843E-07 7.405E-07 6.962E-07 6.552E-07 5.814E-07 5.177E-07 3.911E-07 3.019E-07 2.367E-07 1.879E-07 1.171E-07 7.717E-08 6.556E-08 5.764E-08 5.349E-08 4.385E-08 3.743E-08 2.733E-08 1.881E-08 1.313E-08 9.337E-09 8.121E-09 6.727E-09 5.942E-09 1.198E-09 5.500E-10 8.052E-10 1.813E-09 8.982E-09 1.295E-08 1.809E-08 1.604E-08 1.214E-08 4.935E-09 3.739E-09 3.396E-09 2.673E-09 2.818E-09 1.067E-09 7.146E-10 6.476E-10 4.683E-10 4.528E-10 6.991E-10 9.228E-10 9.090E-10 8.316E-10 7.569E-10 5.061E-10 2.834E-10 1.891E-10 1.001E-10 5.874E-11
  1.180E+02  7.915E-07 8.559E-07 9.266E-07 9.372E-07 9.400E-07 8.964E-07 8.654E-07 8.214E-07 7.719E-07 7.285E-07 6.847E-07 6.442E-07 5.715E-07 5.089E-07 3.849E-07 2.977E-07 2.340E-07 1.861E-07 1.165E-07 7.706E-08 6.555E-08 5.769E-08 5.356E-08 4.397E-08 3.758E-08 2.749E-08 1.896E-08 1.325E-08 9.439E-09 8.214E-09 6.807E-09 6.020E-09 1.216E-09 5.588E-10 8.186E-10 1.843E-09 9.110E-09 1.311E-08 1.827E-08 1.621E-08 1.227E-08 5.006E-09 3.796E-09 3.452E-09 2.721E-09 2.865E-09 1.087E-09 7.283E-10 6.602E-10 4.777E-10 4.620E-10 7.131E-10 9.409E-10 9.273E-10 8.484E-10 7.720E-10 5.161E-10 2.893E-10 1.932E-10 1.023E-10 6.005E-11
  1.200E+02  7.823E-07 8.466E-07 9.176E-07 9.282E-07 9.310E-07 8.871E-07 8.560E-07 8.120E-07 7.625E-07 7.192E-07 6.757E-07 6.355E-07 5.635E-07 5.017E-07 3.799E-07 2.943E-07 2.318E-07 1.848E-07 1.162E-07 7.709E-08 6.566E-08 5.785E-08 5.374E-08 4.417E-08 3.779E-08 2.769E-08 1.913E-08 1.339E-08 9.552E-09 8.317E-09 6.897E-09 6.106E-09 1.236E-09 5.682E-10 8.328E-10 1.875E-09 9.249E-09 1.329E-08 1.848E-08 1.640E-08 1.242E-08 5.085E-09 3.858E-09 3.512E-09 2.772E-09 2.915E-09 1.108E-09 7.428E-10 6.735E-10 4.876E-10 4.717E-10 7.279E-10 9.601E-10 9.466E-10 8.662E-10 7.881E-10 5.267E-10 2.956E-10 1.974E-10 1.046E-10 6.144E-11
  1.220E+02  7.766E-07 8.408E-07 9.124E-07 9.229E-07 9.258E-07 8.811E-07 8.499E-07 8.056E-07 7.558E-07 7.125E-07 6.689E-07 6.288E-07 5.573E-07 4.962E-07 3.759E-07 2.918E-07 2.303E-07 1.839E-07 1.161E-07 7.727E-08 6.590E-08 5.811E-08 5.401E-08 4.445E-08 3.806E-08 2.794E-08 1.933E-08 1.355E-08 9.678E-09 8.430E-09 6.994E-09 6.198E-09 1.257E-09 5.780E-10 8.478E-10 1.909E-09 9.398E-09 1.348E-08 1.871E-08 1.661E-08 1.258E-08 5.169E-09 3.925E-09 3.576E-09 2.826E-09 2.969E-09 1.130E-09 7.581E-10 6.875E-10 4.980E-10 4.818E-10 7.435E-10 9.803E-10 9.669E-10 8.849E-10 8.051E-10 5.378E-10 3.022E-10 2.019E-10 1.070E-10 6.288E-11
  1.240E+02  7.742E-07 8.387E-07 9.112E-07 9.213E-07 9.243E-07 8.785E-07 8.469E-07 8.022E-07 7.518E-07 7.082E-07 6.644E-07 6.241E-07 5.528E-07 4.920E-07 3.730E-07 2.899E-07 2.293E-07 1.834E-07 1.162E-07 7.757E-08 6.624E-08 5.846E-08 5.436E-08 4.479E-08 3.838E-08 2.822E-08 1.956E-08 1.373E-08 9.813E-09 8.551E-09 7.098E-09 6.296E-09 1.279E-09 5.884E-10 8.635E-10 1.944E-09 9.557E-09 1.369E-08 1.897E-08 1.685E-08 1.277E-08 5.259E-09 3.996E-09 3.643E-09 2.882E-09 3.025E-09 1.153E-09 7.741E-10 7.020E-10 5.088E-10 4.924E-10 7.597E-10 1.001E-09 9.881E-10 9.044E-10 8.227E-10 5.495E-10 3.091E-10 2.066E-10 1.095E-10 6.438E-11
  1.260E+02  7.752E-07 8.402E-07 9.139E-07 9.235E-07 9.264E-07 8.792E-07 8.469E-07 8.016E-07 7.503E-07 7.062E-07 6.620E-07 6.214E-07 5.499E-07 4.892E-07 3.710E-07 2.888E-07 2.287E-07 1.833E-07 1.166E-07 7.799E-08 6.667E-08 5.889E-08 5.478E-08 4.518E-08 3.875E-08 2.853E-08 1.980E-08 1.392E-08 9.957E-09 8.680E-09 7.208E-09 6.400E-09 1.301E-09 5.991E-10 8.796E-10 1.981E-09 9.724E-09 1.392E-08 1.925E-08 1.710E-08 1.296E-08 5.353E-09 4.069E-09 3.713E-09 2.940E-09 3.084E-09 1.177E-09 7.906E-10 7.170E-10 5.200E-10 5.033E-10 7.764E-10 1.023E-09 1.010E-09 9.246E-10 8.410E-10 5.616E-10 3.162E-10 2.114E-10 1.121E-10 6.592E-11
  1.280E+02  7.799E-07 8.454E-07 9.206E-07 9.296E-07 9.323E-07 8.833E-07 8.500E-07 8.037E-07 7.513E-07 7.064E-07 6.616E-07 6.205E-07 5.485E-07 4.877E-07 3.698E-07 2.882E-07 2.286E-07 1.836E-07 1.171E-07 7.851E-08 6.718E-08 5.939E-08 5.527E-08 4.563E-08 3.917E-08 2.887E-08 2.006E-08 1.412E-08 1.011E-08 8.815E-09 7.324E-09 6.507E-09 1.325E-09 6.101E-10 8.962E-10 2.019E-09 9.898E-09 1.415E-08 1.955E-08 1.737E-08 1.317E-08 5.452E-09 4.146E-09 3.786E-09 3.001E-09 3.145E-09 1.202E-09 8.075E-10 7.325E-10 5.314E-10 5.145E-10 7.936E-10 1.046E-09 1.033E-09 9.453E-10 8.598E-10 5.741E-10 3.235E-10 2.163E-10 1.148E-10 6.751E-11
  1.300E+02  7.883E-07 8.544E-07 9.312E-07 9.397E-07 9.418E-07 8.907E-07 8.562E-07 8.084E-07 7.545E-07 7.087E-07 6.630E-07 6.213E-07 5.485E-07 4.875E-07 3.695E-07 2.882E-07 2.290E-07 1.841E-07 1.177E-07 7.912E-08 6.778E-08 5.995E-08 5.581E-08 4.612E-08 3.961E-08 2.924E-08 2.034E-08 1.432E-08 1.027E-08 8.955E-09 7.443E-09 6.619E-09 1.349E-09 6.214E-10 9.132E-10 2.057E-09 1.008E-08 1.440E-08 1.986E-08 1.766E-08 1.338E-08 5.553E-09 4.225E-09 3.861E-09 3.062E-09 3.208E-09 1.227E-09 8.248E-10 7.483E-10 5.431E-10 5.259E-10 8.112E-10 1.069E-09 1.056E-09 9.665E-10 8.790E-10 5.869E-10 3.309E-10 2.213E-10 1.175E-10 6.912E-11
  1.320E+02  8.006E-07 8.674E-07 9.460E-07 9.536E-07 9.551E-07 9.014E-07 8.654E-07 8.158E-07 7.601E-07 7.130E-07 6.662E-07 6.238E-07 5.499E-07 4.883E-07 3.699E-07 2.887E-07 2.296E-07 1.849E-07 1.185E-07 7.981E-08 6.843E-08 6.057E-08 5.641E-08 4.665E-08 4.010E-08 2.963E-08 2.063E-08 1.454E-08 1.043E-08 9.100E-09 7.566E-09 6.733E-09 1.373E-09 6.329E-10 9.304E-10 2.096E-09 1.026E-08 1.465E-08 2.019E-08 1.795E-08 1.361E-08 5.657E-09 4.306E-09 3.937E-09 3.125E-09 3.272E-09 1.253E-09 8.424E-10 7.643E-10 5.549E-10 5.374E-10 8.290E-10 1.092E-09 1.079E-09 9.881E-10 8.986E-10 5.999E-10 3.384E-10 2.264E-10 1.202E-10 7.075E-11
  1.340E+02  8.168E-07 8.844E-07 9.650E-07 9.716E-07 9.721E-07 9.153E-07 8.774E-07 8.257E-07 7.678E-07 7.192E-07 6.712E-07 6.277E-07 5.525E-07 4.901E-07 3.709E-07 2.897E-07 2.307E-07 1.859E-07 1.195E-07 8.056E-08 6.914E-08 6.123E-08 5.704E-08 4.721E-08 4.060E-08 3.003E-08 2.093E-08 1.476E-08 1.060E-08 9.247E-09 7.691E-09 6.849E-09 1.398E-09 6.445E-10 9.477E-10 2.136E-09 1.045E-08 1.491E-08 2.052E-08 1.826E-08 1.384E-08 5.763E-09 4.389E-09 4.014E-09 3.189E-09 3.337E-09 1.279E-09 8.601E-10 7.805E-10 5.669E-10 5.491E-10 8.470E-10 1.116E-09 1.103E-09 1.010E-09 9.184E-10 6.131E-10 3.461E-10 2.316E-10 1.230E-10 7.240E-11
  1.360E+02  8.373E-07 9.055E-07 9.884E-07 9.934E-07 9.930E-07 9.323E-07 8.923E-07 8.381E-07 7.777E-07 7.273E-07 6.778E-07 6.330E-07 5.562E-07 4.928E-07 3.726E-07 2.911E-07 2.320E-07 1.871E-07 1.205E-07 8.137E-08 6.989E-08 6.193E-08 5.771E-08 4.780E-08 4.113E-08 3.045E-08 2.124E-08 1.499E-08 1.076E-08 9.397E-09 7.818E-09 6.966E-09 1.423E-09 6.561E-10 9.651E-10 2.175E-09 1.064E-08 1.517E-08 2.087E-08 1.857E-08 1.408E-08 5.871E-09 4.472E-09 4.092E-09 3.253E-09 3.403E-09 1.305E-09 8.779E-10 7.967E-10 5.789E-10 5.608E-10 8.650E-10 1.139E-09 1.126E-09 1.032E-09 9.382E-10 6.264E-10 3.537E-10 2.367E-10 1.258E-10 7.406E-11
  1.380E+02  8.622E-07 9.307E-07 1.016E-06 1.019E-06 1.018E-06 9.524E-07 9.099E-07 8.528E-07 7.895E-07 7.371E-07 6.858E-07 6.397E-07 5.609E-07 4.964E-07 3.748E-07 2.929E-07 2.335E-07 1.886E-07 1.216E-07 8.223E-08 7.069E-08 6.267E-08 5.841E-08 4.841E-08 4.167E-08 3.087E-08 2.155E-08 1.522E-08 1.094E-08 9.547E-09 7.946E-09 7.084E-09 1.447E-09 6.677E-10 9.825E-10 2.215E-09 1.083E-08 1.543E-08 2.122E-08 1.889E-08 1.432E-08 5.979E-09 4.555E-09 4.170E-09 3.317E-09 3.469E-09 1.331E-09 8.958E-10 8.129E-10 5.909E-10 5.725E-10 8.831E-10 1.163E-09 1.150E-09 1.054E-09 9.581E-10 6.396E-10 3.614E-10 2.419E-10 1.285E-10 7.571E-11
  1.400E+02  8.914E-07 9.600E-07 1.048E-06 1.049E-06 1.046E-06 9.753E-07 9.300E-07 8.695E-07 8.030E-07 7.484E-07 6.951E-07 6.474E-07 5.665E-07 5.007E-07 3.774E-07 2.950E-07 2.354E-07 1.902E-07 1.228E-07 8.313E-08 7.151E-08 6.342E-08 5.913E-08 4.903E-08 4.223E-08 3.130E-08 2.186E-08 1.545E-08 1.111E-08 9.698E-09 8.073E-09 7.201E-09 1.472E-09 6.792E-10 9.997E-10 2.254E-09 1.102E-08 1.570E-08 2.158E-08 1.921E-08 1.456E-08 6.087E-09 4.639E-09 4.248E-09 3.380E-09 3.535E-09 1.357E-09 9.134E-10 8.290E-10 6.028E-10 5.841E-10 9.010E-10 1.187E-09 1.174E-09 1.075E-09 9.779E-10 6.529E-10 3.690E-10 2.471E-10 1.313E-10 7.735E-11
  1.420E+02  9.249E-07 9.930E-07 1.084E-06 1.082E-06 1.077E-06 1.001E-06 9.524E-07 8.880E-07 8.181E-07 7.609E-07 7.054E-07 6.562E-07 5.729E-07 5.056E-07 3.805E-07 2.973E-07 2.374E-07 1.919E-07 1.241E-07 8.405E-08 7.235E-08 6.419E-08 5.986E-08 4.966E-08 4.279E-08 3.174E-08 2.218E-08 1.568E-08 1.128E-08 9.848E-09 8.200E-09 7.318E-09 1.496E-09 6.905E-10 1.017E-09 2.293E-09 1.121E-08 1.597E-08 2.193E-08 1.953E-08 1.481E-08 6.194E-09 4.722E-09 4.325E-09 3.443E-09 3.600E-09 1.383E-09 9.309E-10 8.449E-10 6.145E-10 5.956E-10 9.188E-10 1.210E-09 1.197E-09 1.097E-09 9.975E-10 6.659E-10 3.766E-10 2.521E-10 1.340E-10 7.897E-11
  1.440E+02  9.623E-07 1.029E-06 1.123E-06 1.119E-06 1.111E-06 1.029E-06 9.766E-07 9.079E-07 8.342E-07 7.745E-07 7.166E-07 6.657E-07 5.799E-07 5.110E-07 3.839E-07 3.000E-07 2.395E-07 1.937E-07 1.254E-07 8.499E-08 7.320E-08 6.498E-08 6.060E-08 5.030E-08 4.335E-08 3.217E-08 2.249E-08 1.591E-08 1.144E-08 9.996E-09 8.325E-09 7.433E-09 1.520E-09 7.017E-10 1.033E-09 2.331E-09 1.139E-08 1.623E-08 2.229E-08 1.985E-08 1.505E-08 6.300E-09 4.803E-09 4.401E-09 3.505E-09 3.665E-09 1.408E-09 9.481E-10 8.606E-10 6.260E-10 6.068E-10 9.362E-10 1.233E-09 1.220E-09 1.118E-09 1.017E-09 6.789E-10 3.840E-10 2.571E-10 1.367E-10 8.056E-11
  1.460E+02  1.003E-06 1.068E-06 1.165E-06 1.157E-06 1.147E-06 1.058E-06 1.002E-06 9.288E-07 8.512E-07 7.887E-07 7.284E-07 6.757E-07 5.873E-07 5.169E-07 3.877E-07 3.028E-07 2.418E-07 1.957E-07 1.268E-07 8.593E-08 7.406E-08 6.576E-08 6.134E-08 5.093E-08 4.392E-08 3.261E-08 2.280E-08 1.613E-08 1.161E-08 1.014E-08 8.448E-09 7.545E-09 1.544E-09 7.126E-10 1.050E-09 2.368E-09 1.158E-08 1.649E-08 2.264E-08 2.016E-08 1.529E-08 6.404E-09 4.884E-09 4.476E-09 3.566E-09 3.728E-09 1.433E-09 9.649E-10 8.759E-10 6.373E-10 6.178E-10 9.533E-10 1.255E-09 1.242E-09 1.139E-09 1.036E-09 6.915E-10 3.912E-10 2.620E-10 1.393E-10 8.212E-11
  1.480E+02  1.044E-06 1.108E-06 1.207E-06 1.196E-06 1.184E-06 1.087E-06 1.027E-06 9.501E-07 8.684E-07 8.031E-07 7.404E-07 6.859E-07 5.950E-07 5.230E-07 3.916E-07 3.058E-07 2.443E-07 1.977E-07 1.282E-07 8.688E-08 7.492E-08 6.654E-08 6.208E-08 5.156E-08 4.447E-08 3.303E-08 2.311E-08 1.635E-08 1.177E-08 1.028E-08 8.568E-09 7.655E-09 1.566E-09 7.232E-10 1.065E-09 2.404E-09 1.176E-08 1.674E-08 2.298E-08 2.047E-08 1.552E-08 6.506E-09 4.962E-09 4.548E-09 3.625E-09 3.789E-09 1.457E-09 9.813E-10 8.908E-10 6.483E-10 6.286E-10 9.699E-10 1.277E-09 1.264E-09 1.159E-09 1.054E-09 7.038E-10 3.983E-10 2.668E-10 1.419E-10 8.363E-11
  1.500E+02  1.086E-06 1.147E-06 1.249E-06 1.234E-06 1.220E-06 1.116E-06 1.053E-06 9.712E-07 8.853E-07 8.174E-07 7.524E-07 6.961E-07 6.027E-07 5.292E-07 3.957E-07 3.089E-07 2.468E-07 1.998E-07 1.296E-07 8.783E-08 7.577E-08 6.732E-08 6.281E-08 5.218E-08 4.502E-08 3.345E-08 2.340E-08 1.656E-08 1.193E-08 1.042E-08 8.683E-09 7.762E-09 1.588E-09 7.334E-10 1.081E-09 2.439E-09 1.193E-08 1.698E-08 2.332E-08 2.077E-08 1.575E-08 6.604E-09 5.038E-09 4.619E-09 3.682E-09 3.849E-09 1.480E-09 9.971E-10 9.051E-10 6.589E-10 6.389E-10 9.859E-10 1.298E-09 1.285E-09 1.178E-09 1.072E-09 7.157E-10 4.051E-10 2.714E-10 1.444E-10 8.510E-11
  1.520E+02  1.123E-06 1.181E-06 1.288E-06 1.269E-06 1.253E-06 1.142E-06 1.076E-06 9.912E-07 9.014E-07 8.311E-07 7.640E-07 7.061E-07 6.105E-07 5.355E-07 4.000E-07 3.122E-07 2.494E-07 2.019E-07 1.309E-07 8.876E-08 7.661E-08 6.807E-08 6.352E-08 5.279E-08 4.555E-08 3.385E-08 2.369E-08 1.677E-08 1.208E-08 1.055E-08 8.795E-09 7.864E-09 1.610E-09 7.432E-10 1.095E-09 2.472E-09 1.210E-08 1.722E-08 2.364E-08 2.106E-08 1.597E-08 6.699E-09 5.110E-09 4.686E-09 3.736E-09 3.906E-09 1.503E-09 1.012E-09 9.189E-10 6.691E-10 6.488E-10 1.001E-09 1.319E-09 1.306E-09 1.197E-09 1.089E-09 7.272E-10 4.117E-10 2.758E-10 1.467E-10 8.650E-11
  1.540E+02  1.154E-06 1.209E-06 1.321E-06 1.300E-06 1.283E-06 1.166E-06 1.097E-06 1.009E-06 9.162E-07 8.438E-07 7.751E-07 7.157E-07 6.182E-07 5.420E-07 4.045E-07 3.156E-07 2.521E-07 2.040E-07 1.323E-07 8.966E-08 7.742E-08 6.881E-08 6.421E-08 5.338E-08 4.606E-08 3.424E-08 2.397E-08 1.697E-08 1.222E-08 1.068E-08 8.902E-09 7.962E-09 1.630E-09 7.525E-10 1.109E-09 2.504E-09 1.225E-08 1.745E-08 2.396E-08 2.134E-08 1.618E-08 6.789E-09 5.180E-09 4.751E-09 3.789E-09 3.961E-09 1.524E-09 1.027E-09 9.321E-10 6.788E-10 6.583E-10 1.016E-09 1.338E-09 1.325E-09 1.215E-09 1.105E-09 7.381E-10 4.179E-10 2.800E-10 1.490E-10 8.785E-11
  1.560E+02  1.173E-06 1.227E-06 1.345E-06 1.323E-06 1.307E-06 1.186E-06 1.116E-06 1.025E-06 9.295E-07 8.557E-07 7.855E-07 7.251E-07 6.259E-07 5.486E-07 4.092E-07 3.191E-07 2.549E-07 2.062E-07 1.337E-07 9.054E-08 7.821E-08 6.952E-08 6.488E-08 5.394E-08 4.656E-08 3.461E-08 2.423E-08 1.715E-08 1.236E-08 1.080E-08 9.003E-09 8.054E-09 1.649E-09 7.614E-10 1.122E-09 2.535E-09 1.241E-08 1.766E-08 2.425E-08 2.161E-08 1.639E-08 6.875E-09 5.246E-09 4.812E-09 3.838E-09 4.013E-09 1.544E-09 1.040E-09 9.446E-10 6.880E-10 6.673E-10 1.030E-09 1.356E-09 1.343E-09 1.232E-09 1.121E-09 7.485E-10 4.239E-10 2.840E-10 1.511E-10 8.912E-11
  1.580E+02  1.177E-06 1.232E-06 1.358E-06 1.338E-06 1.325E-06 1.201E-06 1.131E-06 1.040E-06 9.418E-07 8.670E-07 7.958E-07 7.346E-07 6.339E-07 5.556E-07 4.142E-07 3.228E-07 2.577E-07 2.084E-07 1.350E-07 9.139E-08 7.897E-08 7.021E-08 6.552E-08 5.448E-08 4.703E-08 3.496E-08 2.448E-08 1.733E-08 1.248E-08 1.091E-08 9.098E-09 8.141E-09 1.667E-09 7.696E-10 1.135E-09 2.563E-09 1.255E-08 1.786E-08 2.453E-08 2.186E-08 1.658E-08 6.956E-09 5.308E-09 4.870E-09 3.885E-09 4.062E-09 1.563E-09 1.053E-09 9.563E-10 6.966E-10 6.757E-10 1.043E-09 1.374E-09 1.361E-09 1.248E-09 1.135E-09 7.583E-10 4.294E-10 2.878E-10 1.531E-10 9.031E-11
  1.600E+02  1.167E-06 1.226E-06 1.362E-06 1.346E-06 1.339E-06 1.214E-06 1.145E-06 1.053E-06 9.545E-07 8.791E-07 8.069E-07 7.450E-07 6.429E-07 5.635E-07 4.196E-07 3.268E-07 2.606E-07 2.107E-07 1.363E-07 9.220E-08 7.969E-08 7.086E-08 6.613E-08 5.499E-08 4.748E-08 3.530E-08 2.471E-08 1.749E-08 1.260E-08 1.102E-08 9.187E-09 8.222E-09 1.683E-09 7.773E-10 1.146E-09 2.589E-09 1.268E-08 1.805E-08 2.479E-08 2.209E-08 1.675E-08 7.032E-09 5.366E-09 4.923E-09 3.928E-09 4.107E-09 1.581E-09 1.065E-09 9.672E-10 7.046E-10 6.835E-10 1.055E-09 1.390E-09 1.377E-09 1.262E-09 1.149E-09 7.674E-10 4.346E-10 2.912E-10 1.550E-10 9.142E-11
  1.620E+02  1.148E-06 1.214E-06 1.361E-06 1.353E-06 1.353E-06 1.228E-06 1.162E-06 1.070E-06 9.701E-07 8.939E-07 8.206E-07 7.576E-07 6.537E-07 5.727E-07 4.257E-07 3.310E-07 2.636E-07 2.129E-07 1.376E-07 9.296E-08 8.037E-08 7.146E-08 6.670E-08 5.547E-08 4.789E-08 3.561E-08 2.492E-08 1.765E-08 1.271E-08 1.111E-08 9.268E-09 8.297E-09 1.698E-09 7.844E-10 1.157E-09 2.613E-09 1.280E-08 1.823E-08 2.504E-08 2.231E-08 1.692E-08 7.101E-09 5.420E-09 4.972E-09 3.968E-09 4.149E-09 1.597E-09 1.076E-09 9.772E-10 7.120E-10 6.907E-10 1.066E-09 1.405E-09 1.391E-09 1.276E-09 1.161E-09 7.757E-10 4.394E-10 2.945E-10 1.567E-10 9.244E-11
  1.640E+02  1.130E-06 1.207E-06 1.368E-06 1.367E-06 1.376E-06 1.251E-06 1.186E-06 1.094E-06 9.921E-07 9.144E-07 8.390E-07 7.742E-07 6.673E-07 5.839E-07 4.326E-07 3.355E-07 2.668E-07 2.151E-07 1.388E-07 9.366E-08 8.100E-08 7.203E-08 6.722E-08 5.591E-08 4.827E-08 3.589E-08 2.512E-08 1.778E-08 1.282E-08 1.120E-08 9.342E-09 8.365E-09 1.712E-09 7.908E-10 1.166E-09 2.635E-09 1.291E-08 1.839E-08 2.526E-08 2.251E-08 1.707E-08 7.164E-09 5.468E-09 5.017E-09 4.004E-09 4.187E-09 1.612E-09 1.086E-09 9.863E-10 7.187E-10 6.972E-10 1.077E-09 1.418E-09 1.405E-09 1.288E-09 1.172E-09 7.833E-10 4.437E-10 2.974E-10 1.583E-10 9.337E-11
  1.660E+02  1.133E-06 1.222E-06 1.399E-06 1.404E-06 1.419E-06 1.291E-06 1.226E-06 1.131E-06 1.025E-06 9.437E-07 8.648E-07 7.966E-07 6.850E-07 5.978E-07 4.404E-07 3.404E-07 2.700E-07 2.174E-07 1.399E-07 9.431E-08 8.157E-08 7.254E-08 6.770E-08 5.631E-08 4.862E-08 3.614E-08 2.530E-08 1.791E-08 1.291E-08 1.128E-08 9.409E-09 8.425E-09 1.725E-09 7.965E-10 1.175E-09 2.655E-09 1.301E-08 1.853E-08 2.546E-08 2.268E-08 1.720E-08 7.221E-09 5.511E-09 5.057E-09 4.036E-09 4.221E-09 1.625E-09 1.095E-09 9.944E-10 7.247E-10 7.031E-10 1.086E-09 1.430E-09 1.417E-09 1.299E-09 1.182E-09 7.901E-10 4.476E-10 3.000E-10 1.597E-10 9.420E-11
  1.680E+02  1.177E-06 1.276E-06 1.469E-06 1.477E-06 1.495E-06 1.357E-06 1.288E-06 1.186E-06 1.071E-06 9.843E-07 8.996E-07 8.265E-07 7.073E-07 6.147E-07 4.493E-07 3.455E-07 2.732E-07 2.196E-07 1.410E-07 9.489E-08 8.209E-08 7.300E-08 6.813E-08 5.666E-08 4.893E-08 3.637E-08 2.545E-08 1.802E-08 1.298E-08 1.135E-08 9.467E-09 8.478E-09 1.735E-09 8.016E-10 1.182E-09 2.672E-09 1.310E-08 1.865E-08 2.563E-08 2.284E-08 1.732E-08 7.270E-09 5.549E-09 5.092E-09 4.065E-09 4.251E-09 1.637E-09 1.103E-09 1.001E-09 7.299E-10 7.082E-10 1.094E-09 1.441E-09 1.427E-09 1.309E-09 1.191E-09 7.961E-10 4.510E-10 3.023E-10 1.609E-10 9.493E-11
  1.700E+02  1.275E-06 1.380E-06 1.589E-06 1.595E-06 1.610E-06 1.455E-06 1.376E-06 1.261E-06 1.133E-06 1.037E-06 9.438E-07 8.641E-07 7.342E-07 6.346E-07 4.590E-07 3.509E-07 2.765E-07 2.216E-07 1.419E-07 9.540E-08 8.254E-08 7.340E-08 6.851E-08 5.697E-08 4.920E-08 3.656E-08 2.558E-08 1.811E-08 1.305E-08 1.141E-08 9.517E-09 8.524E-09 1.745E-09 8.058E-10 1.189E-09 2.686E-09 1.317E-08 1.876E-08 2.578E-08 2.297E-08 1.742E-08 7.313E-09 5.582E-09 5.122E-09 4.089E-09 4.276E-09 1.646E-09 1.110E-09 1.008E-09 7.344E-10 7.126E-10 1.100E-09 1.450E-09 1.436E-09 1.317E-09 1.199E-09 8.012E-10 4.539E-10 3.042E-10 1.620E-10 9.555E-11
  1.720E+02  1.430E-06 1.534E-06 1.758E-06 1.755E-06 1.761E-06 1.582E-06 1.487E-06 1.353E-06 1.208E-06 1.099E-06 9.952E-07 9.075E-07 7.643E-07 6.563E-07 4.690E-07 3.561E-07 2.795E-07 2.236E-07 1.427E-07 9.582E-08 8.292E-08 7.374E-08 6.882E-08 5.723E-08 4.942E-08 3.673E-08 2.569E-08 1.819E-08 1.311E-08 1.146E-08 9.558E-09 8.561E-09 1.752E-09 8.094E-10 1.194E-09 2.699E-09 1.323E-08 1.885E-08 2.590E-08 2.308E-08 1.750E-08 7.348E-09 5.609E-09 5.147E-09 4.109E-09 4.298E-09 1.655E-09 1.115E-09 1.013E-09 7.381E-10 7.162E-10 1.106E-09 1.457E-09 1.444E-09 1.324E-09 1.205E-09 8.054E-10 4.563E-10 3.058E-10 1.629E-10 9.607E-11
  1.740E+02  1.623E-06 1.721E-06 1.958E-06 1.942E-06 1.934E-06 1.725E-06 1.610E-06 1.453E-06 1.288E-06 1.165E-06 1.049E-06 9.526E-07 7.948E-07 6.779E-07 4.785E-07 3.609E-07 2.822E-07 2.252E-07 1.434E-07 9.616E-08 8.322E-08 7.401E-08 6.907E-08 5.744E-08 4.960E-08 3.685E-08 2.578E-08 1.825E-08 1.315E-08 1.150E-08 9.590E-09 8.590E-09 1.758E-09 8.121E-10 1.198E-09 2.708E-09 1.328E-08 1.892E-08 2.600E-08 2.317E-08 1.757E-08 7.375E-09 5.630E-09 5.166E-09 4.125E-09 4.314E-09 1.661E-09 1.120E-09 1.017E-09 7.410E-10 7.190E-10 1.110E-09 1.463E-09 1.450E-09 1.330E-09 1.210E-09 8.087E-10 4.582E-10 3.071E-10 1.635E-10 9.647E-11
  1.760E+02  1.818E-06 1.907E-06 2.156E-06 2.124E-06 2.102E-06 1.861E-06 1.726E-06 1.545E-06 1.362E-06 1.225E-06 1.097E-06 9.930E-07 8.215E-07 6.965E-07 4.864E-07 3.647E-07 2.843E-07 2.265E-07 1.439E-07 9.641E-08 8.345E-08 7.421E-08 6.925E-08 5.759E-08 4.972E-08 3.695E-08 2.584E-08 1.829E-08 1.318E-08 1.152E-08 9.613E-09 8.611E-09 1.762E-09 8.141E-10 1.201E-09 2.715E-09 1.332E-08 1.897E-08 2.607E-08 2.323E-08 1.762E-08 7.395E-09 5.645E-09 5.180E-09 4.136E-09 4.326E-09 1.666E-09 1.123E-09 1.019E-09 7.431E-10 7.210E-10 1.114E-09 1.467E-09 1.454E-09 1.333E-09 1.214E-09 8.110E-10 4.596E-10 3.080E-10 1.640E-10 9.676E-11
  1.780E+02  1.967E-06 2.047E-06 2.304E-06 2.259E-06 2.226E-06 1.960E-06 1.811E-06 1.612E-06 1.415E-06 1.268E-06 1.131E-06 1.021E-06 8.400E-07 7.093E-07 4.917E-07 3.672E-07 2.857E-07 2.273E-07 1.442E-07 9.656E-08 8.358E-08 7.433E-08 6.936E-08 5.768E-08 4.980E-08 3.700E-08 2.588E-08 1.832E-08 1.320E-08 1.154E-08 9.627E-09 8.624E-09 1.765E-09 8.153E-10 1.203E-09 2.719E-09 1.334E-08 1.900E-08 2.611E-08 2.327E-08 1.764E-08 7.407E-09 5.654E-09 5.189E-09 4.143E-09 4.333E-09 1.668E-09 1.125E-09 1.021E-09 7.443E-10 7.223E-10 1.115E-09 1.469E-09 1.456E-09 1.336E-09 1.216E-09 8.125E-10 4.604E-10 3.086E-10 1.643E-10 9.693E-11
  1.800E+02  2.023E-06 2.099E-06 2.360E-06 2.309E-06 2.272E-06 1.997E-06 1.842E-06 1.637E-06 1.434E-06 1.284E-06 1.143E-06 1.032E-06 8.467E-07 7.139E-07 4.936E-07 3.681E-07 2.862E-07 2.276E-07 1.444E-07 9.661E-08 8.363E-08 7.437E-08 6.940E-08 5.771E-08 4.983E-08 3.702E-08 2.589E-08 1.833E-08 1.321E-08 1.155E-08 9.631E-09 8.628E-09 1.766E-09 8.157E-10 1.203E-09 2.720E-09 1.334E-08 1.901E-08 2.612E-08 2.328E-08 1.765E-08 7.411E-09 5.657E-09 5.191E-09 4.145E-09 4.335E-09 1.669E-09 1.125E-09 1.022E-09 7.447E-10 7.227E-10 1.116E-09 1.470E-09 1.457E-09 1.337E-09 1.216E-09 8.129E-10 4.606E-10 3.087E-10 1.644E-10 9.699E-11
