# mineral (tra.)      
#
# size distribution: lognormal
# ------------------
#
#   minimum radius, [um]:      2.000E-02
#   maximum radius, [um]:      5.000E+00
#                  sigma:      2.200E+00
#       Rmod (wet), [um]:      5.000E-01
#       Rmod (dry), [um]:      5.000E-01
#
# optical parameters:
# -------------------
#
# wavelength ext.coef  sca.coef  abs.coef  si.sc.alb  asym.par  ext.nor    ref.real  ref.imag
#     [um]     [1/km]    [1/km]    [1/km]
#
#  2.500E-01 5.445E-03 3.034E-03 2.411E-03 5.571E-01 0.931E+00 9.303E-01  1.530E+00 -3.000E-02
#  3.000E-01 5.513E-03 3.187E-03 2.326E-03 5.781E-01 0.913E+00 9.420E-01  1.530E+00 -2.500E-02
#  3.500E-01 5.582E-03 3.514E-03 2.069E-03 6.294E-01 0.880E+00 9.537E-01  1.530E+00 -1.700E-02
#  4.000E-01 5.650E-03 3.840E-03 1.810E-03 6.797E-01 0.850E+00 9.652E-01  1.530E+00 -1.300E-02
#  4.500E-01 5.720E-03 4.320E-03 1.401E-03 7.551E-01 0.814E+00 9.773E-01  1.530E+00 -8.500E-03
#  5.000E-01 5.782E-03 4.518E-03 1.264E-03 7.814E-01 0.799E+00 9.879E-01  1.530E+00 -7.800E-03
#  5.500E-01 5.853E-03 4.899E-03 9.543E-04 8.370E-01 0.775E+00 1.000E+00  1.530E+00 -5.500E-03
#  6.000E-01 5.910E-03 5.135E-03 7.741E-04 8.690E-01 0.760E+00 1.010E+00  1.530E+00 -4.500E-03
#  6.500E-01 5.978E-03 5.238E-03 7.409E-04 8.761E-01 0.752E+00 1.021E+00  1.530E+00 -4.500E-03
#  7.000E-01 6.040E-03 5.396E-03 6.437E-04 8.934E-01 0.742E+00 1.032E+00  1.530E+00 -4.000E-03
#  7.500E-01 6.097E-03 5.487E-03 6.102E-04 8.999E-01 0.736E+00 1.042E+00  1.530E+00 -4.000E-03
#  8.000E-01 6.158E-03 5.572E-03 5.859E-04 9.048E-01 0.731E+00 1.052E+00  1.530E+00 -4.000E-03
#  9.000E-01 6.279E-03 5.732E-03 5.471E-04 9.129E-01 0.721E+00 1.073E+00  1.530E+00 -4.000E-03
#  1.000E+00 6.373E-03 5.872E-03 5.014E-04 9.213E-01 0.714E+00 1.089E+00  1.530E+00 -4.000E-03
#  1.250E+00 6.580E-03 6.064E-03 5.162E-04 9.215E-01 0.704E+00 1.124E+00  1.530E+00 -5.000E-03
#  1.500E+00 6.701E-03 6.198E-03 5.036E-04 9.248E-01 0.697E+00 1.145E+00  1.530E+00 -5.700E-03
#  1.750E+00 6.776E-03 6.281E-03 4.955E-04 9.269E-01 0.694E+00 1.158E+00  1.530E+00 -6.400E-03
#  2.000E+00 6.760E-03 6.245E-03 5.141E-04 9.239E-01 0.692E+00 1.155E+00  1.530E+00 -7.600E-03
#  2.500E+00 6.575E-03 5.866E-03 7.088E-04 8.922E-01 0.704E+00 1.123E+00  1.520E+00 -1.400E-02
#  3.000E+00 6.178E-03 4.853E-03 1.325E-03 7.856E-01 0.729E+00 1.056E+00  1.520E+00 -3.900E-02
#  3.200E+00 6.037E-03 5.161E-03 8.758E-04 8.549E-01 0.713E+00 1.031E+00  1.510E+00 -2.400E-02
#  3.390E+00 5.913E-03 5.217E-03 6.958E-04 8.823E-01 0.704E+00 1.010E+00  1.510E+00 -1.925E-02
#  3.500E+00 5.836E-03 5.198E-03 6.381E-04 8.907E-01 0.701E+00 9.970E-01  1.510E+00 -1.800E-02
#  3.750E+00 5.614E-03 5.200E-03 4.139E-04 9.263E-01 0.698E+00 9.592E-01  1.500E+00 -1.200E-02
#  4.000E+00 5.448E-03 5.223E-03 2.250E-04 9.587E-01 0.691E+00 9.307E-01  1.500E+00 -6.700E-03
#  4.500E+00 5.070E-03 4.819E-03 2.517E-04 9.504E-01 0.693E+00 8.662E-01  1.500E+00 -8.700E-03
#  5.000E+00 4.505E-03 4.079E-03 4.260E-04 9.054E-01 0.710E+00 7.696E-01  1.480E+00 -1.800E-02
#  5.500E+00 3.927E-03 3.242E-03 6.854E-04 8.255E-01 0.720E+00 6.710E-01  1.460E+00 -3.600E-02
#  6.000E+00 3.416E-03 2.548E-03 8.683E-04 7.458E-01 0.722E+00 5.837E-01  1.440E+00 -5.500E-02
#  6.200E+00 3.220E-03 2.293E-03 9.266E-04 7.122E-01 0.721E+00 5.501E-01  1.430E+00 -6.300E-02
#  6.500E+00 2.919E-03 2.166E-03 7.525E-04 7.422E-01 0.714E+00 4.987E-01  1.420E+00 -5.200E-02
#  7.200E+00 3.088E-03 1.697E-03 1.391E-03 5.497E-01 0.688E+00 5.276E-01  1.460E+00 -1.300E-01
#  7.900E+00 1.298E-03 4.607E-04 8.373E-04 3.549E-01 0.690E+00 2.218E-01  1.220E+00 -8.900E-02
#  8.200E+00 1.171E-03 1.951E-04 9.759E-04 1.666E-01 0.669E+00 2.001E-01  1.120E+00 -1.200E-01
#  8.500E+00 1.653E-03 2.327E-04 1.420E-03 1.408E-01 0.634E+00 2.824E-01  1.060E+00 -2.100E-01
#  8.700E+00 2.322E-03 4.787E-04 1.844E-03 2.061E-01 0.620E+00 3.968E-01  1.190E+00 -2.900E-01
#  9.000E+00 4.473E-03 1.903E-03 2.571E-03 4.254E-01 0.551E+00 7.643E-01  1.850E+00 -4.400E-01
#  9.200E+00 5.160E-03 2.340E-03 2.820E-03 4.535E-01 0.492E+00 8.815E-01  2.220E+00 -5.400E-01
#  9.500E+00 5.704E-03 2.721E-03 2.983E-03 4.771E-01 0.400E+00 9.744E-01  2.940E+00 -6.500E-01
#  9.800E+00 5.596E-03 2.658E-03 2.938E-03 4.750E-01 0.398E+00 9.561E-01  2.910E+00 -6.500E-01
#  1.000E+01 5.284E-03 2.559E-03 2.724E-03 4.844E-01 0.437E+00 9.027E-01  2.570E+00 -5.000E-01
#  1.060E+01 3.793E-03 2.024E-03 1.768E-03 5.337E-01 0.531E+00 6.479E-01  1.910E+00 -2.500E-01
#  1.100E+01 3.319E-03 1.863E-03 1.456E-03 5.614E-01 0.538E+00 5.671E-01  1.830E+00 -2.000E-01
#  1.150E+01 3.374E-03 1.446E-03 1.928E-03 4.286E-01 0.513E+00 5.765E-01  1.810E+00 -3.500E-01
#  1.250E+01 3.297E-03 1.110E-03 2.187E-03 3.368E-01 0.468E+00 5.633E-01  1.740E+00 -5.000E-01
#  1.300E+01 3.340E-03 1.560E-03 1.780E-03 4.671E-01 0.470E+00 5.707E-01  2.000E+00 -3.500E-01
#  1.400E+01 1.920E-03 7.855E-04 1.134E-03 4.092E-01 0.475E+00 3.280E-01  1.630E+00 -2.200E-01
#  1.480E+01 1.668E-03 5.372E-04 1.131E-03 3.220E-01 0.446E+00 2.850E-01  1.540E+00 -2.400E-01
#  1.500E+01 1.663E-03 4.770E-04 1.186E-03 2.869E-01 0.435E+00 2.841E-01  1.510E+00 -2.600E-01
#  1.640E+01 1.642E-03 3.581E-04 1.284E-03 2.181E-01 0.383E+00 2.806E-01  1.470E+00 -3.200E-01
#  1.720E+01 1.733E-03 3.550E-04 1.378E-03 2.048E-01 0.357E+00 2.961E-01  1.490E+00 -3.700E-01
#  1.800E+01 2.135E-03 5.998E-04 1.535E-03 2.809E-01 0.349E+00 3.648E-01  1.770E+00 -4.700E-01
#  1.850E+01 2.483E-03 8.352E-04 1.647E-03 3.364E-01 0.335E+00 4.242E-01  2.050E+00 -5.700E-01
#  2.000E+01 2.679E-03 8.409E-04 1.838E-03 3.139E-01 0.275E+00 4.577E-01  2.200E+00 -8.200E-01
#  2.130E+01 2.641E-03 8.552E-04 1.786E-03 3.239E-01 0.242E+00 4.512E-01  2.390E+00 -9.400E-01
#  2.250E+01 2.545E-03 8.900E-04 1.655E-03 3.497E-01 0.218E+00 4.348E-01  2.690E+00 -1.000E+00
#  2.500E+01 2.114E-03 8.146E-04 1.300E-03 3.853E-01 0.218E+00 3.612E-01  2.990E+00 -8.000E-01
#  2.790E+01 1.589E-03 4.774E-04 1.112E-03 3.004E-01 0.212E+00 2.715E-01  2.570E+00 -7.800E-01
#  3.000E+01 1.244E-03 3.284E-04 9.157E-04 2.640E-01 0.199E+00 2.125E-01  2.420E+00 -6.700E-01
#  3.500E+01 8.452E-04 1.809E-04 6.643E-04 2.140E-01 0.155E+00 1.444E-01  2.420E+00 -6.200E-01
#  4.000E+01 7.248E-04 1.034E-04 6.215E-04 1.426E-01 0.109E+00 1.238E-01  2.340E+00 -7.000E-01
#
# volume phase function [1/km]:
# -----------------------------
#
# sca.ang. | wavelengths --->
# ---------|------------------
#          | 2.500E-01 3.000E-01 3.500E-01 4.000E-01 4.500E-01 5.000E-01 5.500E-01 6.000E-01 6.500E-01 7.000E-01 7.500E-01 8.000E-01 9.000E-01 1.000E+00 1.250E+00 1.500E+00 1.750E+00 2.000E+00 2.500E+00 3.000E+00 3.200E+00 3.390E+00 3.500E+00 3.750E+00 4.000E+00 4.500E+00 5.000E+00 5.500E+00 6.000E+00 6.200E+00 6.500E+00 7.200E+00 7.900E+00 8.200E+00 8.500E+00 8.700E+00 9.000E+00 9.200E+00 9.500E+00 9.800E+00 1.000E+01 1.060E+01 1.100E+01 1.150E+01 1.250E+01 1.300E+01 1.400E+01 1.480E+01 1.500E+01 1.640E+01 1.720E+01 1.800E+01 1.850E+01 2.000E+01 2.130E+01 2.250E+01 2.500E+01 2.790E+01 3.000E+01 3.500E+01 4.000E+01
#
  0.000E+00  6.559E-01 4.626E-01 3.451E-01 2.682E-01 2.153E-01 1.766E-01 1.484E-01 1.261E-01 1.092E-01 9.528E-02 8.413E-02 7.472E-02 6.119E-02 5.047E-02 3.455E-02 2.541E-02 2.036E-02 1.626E-02 1.196E-02 8.530E-03 7.966E-03 7.404E-03 7.109E-03 6.709E-03 6.362E-03 5.517E-03 4.549E-03 3.429E-03 2.503E-03 2.181E-03 1.948E-03 1.315E-03 3.282E-04 1.295E-04 1.430E-04 2.857E-04 9.503E-04 1.008E-03 9.619E-04 9.154E-04 9.204E-04 8.481E-04 7.707E-04 5.685E-04 3.928E-04 5.229E-04 2.571E-04 1.647E-04 1.436E-04 9.655E-05 9.050E-05 1.465E-04 1.955E-04 1.762E-04 1.674E-04 1.654E-04 1.483E-04 8.574E-05 5.766E-05 2.936E-05 1.545E-05
  1.000E-01  6.524E-01 4.609E-01 3.442E-01 2.676E-01 2.150E-01 1.764E-01 1.482E-01 1.260E-01 1.092E-01 9.522E-02 8.408E-02 7.469E-02 6.116E-02 5.045E-02 3.455E-02 2.540E-02 2.036E-02 1.626E-02 1.196E-02 8.529E-03 7.965E-03 7.404E-03 7.109E-03 6.709E-03 6.362E-03 5.517E-03 4.549E-03 3.429E-03 2.503E-03 2.181E-03 1.948E-03 1.315E-03 3.282E-04 1.295E-04 1.430E-04 2.857E-04 9.503E-04 1.008E-03 9.619E-04 9.154E-04 9.204E-04 8.481E-04 7.707E-04 5.685E-04 3.928E-04 5.229E-04 2.571E-04 1.647E-04 1.436E-04 9.655E-05 9.050E-05 1.465E-04 1.955E-04 1.762E-04 1.674E-04 1.654E-04 1.483E-04 8.574E-05 5.766E-05 2.936E-05 1.545E-05
  2.000E-01  6.420E-01 4.558E-01 3.414E-01 2.659E-01 2.139E-01 1.757E-01 1.477E-01 1.257E-01 1.089E-01 9.502E-02 8.392E-02 7.457E-02 6.109E-02 5.040E-02 3.452E-02 2.539E-02 2.035E-02 1.625E-02 1.196E-02 8.528E-03 7.965E-03 7.403E-03 7.109E-03 6.708E-03 6.362E-03 5.516E-03 4.549E-03 3.429E-03 2.503E-03 2.181E-03 1.948E-03 1.315E-03 3.281E-04 1.295E-04 1.430E-04 2.857E-04 9.503E-04 1.008E-03 9.619E-04 9.154E-04 9.204E-04 8.481E-04 7.707E-04 5.685E-04 3.928E-04 5.229E-04 2.571E-04 1.647E-04 1.436E-04 9.655E-05 9.050E-05 1.465E-04 1.955E-04 1.762E-04 1.674E-04 1.654E-04 1.483E-04 8.574E-05 5.766E-05 2.936E-05 1.545E-05
  3.000E-01  6.252E-01 4.474E-01 3.367E-01 2.632E-01 2.121E-01 1.745E-01 1.469E-01 1.251E-01 1.085E-01 9.469E-02 8.367E-02 7.437E-02 6.096E-02 5.032E-02 3.449E-02 2.537E-02 2.034E-02 1.625E-02 1.196E-02 8.527E-03 7.963E-03 7.402E-03 7.108E-03 6.707E-03 6.361E-03 5.516E-03 4.548E-03 3.429E-03 2.502E-03 2.180E-03 1.948E-03 1.315E-03 3.281E-04 1.295E-04 1.430E-04 2.857E-04 9.503E-04 1.008E-03 9.619E-04 9.154E-04 9.204E-04 8.481E-04 7.707E-04 5.685E-04 3.928E-04 5.229E-04 2.571E-04 1.647E-04 1.436E-04 9.655E-05 9.050E-05 1.465E-04 1.955E-04 1.762E-04 1.674E-04 1.653E-04 1.483E-04 8.574E-05 5.766E-05 2.936E-05 1.545E-05
  4.000E-01  6.026E-01 4.360E-01 3.304E-01 2.593E-01 2.097E-01 1.728E-01 1.457E-01 1.243E-01 1.079E-01 9.423E-02 8.332E-02 7.409E-02 6.078E-02 5.020E-02 3.443E-02 2.535E-02 2.032E-02 1.624E-02 1.195E-02 8.525E-03 7.962E-03 7.400E-03 7.106E-03 6.706E-03 6.360E-03 5.515E-03 4.548E-03 3.428E-03 2.502E-03 2.180E-03 1.948E-03 1.315E-03 3.281E-04 1.295E-04 1.430E-04 2.857E-04 9.502E-04 1.008E-03 9.618E-04 9.153E-04 9.203E-04 8.481E-04 7.707E-04 5.684E-04 3.928E-04 5.229E-04 2.571E-04 1.647E-04 1.436E-04 9.655E-05 9.049E-05 1.465E-04 1.955E-04 1.762E-04 1.674E-04 1.653E-04 1.483E-04 8.574E-05 5.766E-05 2.936E-05 1.545E-05
  5.000E-01  5.749E-01 4.219E-01 3.224E-01 2.545E-01 2.066E-01 1.708E-01 1.443E-01 1.232E-01 1.071E-01 9.365E-02 8.287E-02 7.374E-02 6.055E-02 5.005E-02 3.437E-02 2.531E-02 2.030E-02 1.622E-02 1.195E-02 8.522E-03 7.959E-03 7.398E-03 7.104E-03 6.704E-03 6.359E-03 5.514E-03 4.547E-03 3.428E-03 2.502E-03 2.180E-03 1.948E-03 1.315E-03 3.281E-04 1.295E-04 1.430E-04 2.857E-04 9.502E-04 1.008E-03 9.618E-04 9.153E-04 9.203E-04 8.480E-04 7.706E-04 5.684E-04 3.927E-04 5.229E-04 2.571E-04 1.647E-04 1.436E-04 9.655E-05 9.049E-05 1.465E-04 1.955E-04 1.762E-04 1.674E-04 1.653E-04 1.483E-04 8.574E-05 5.766E-05 2.936E-05 1.545E-05
  6.000E-01  5.431E-01 4.053E-01 3.130E-01 2.487E-01 2.029E-01 1.683E-01 1.425E-01 1.220E-01 1.061E-01 9.294E-02 8.233E-02 7.332E-02 6.027E-02 4.986E-02 3.429E-02 2.527E-02 2.028E-02 1.621E-02 1.194E-02 8.518E-03 7.956E-03 7.396E-03 7.102E-03 6.703E-03 6.357E-03 5.513E-03 4.546E-03 3.427E-03 2.501E-03 2.180E-03 1.947E-03 1.315E-03 3.281E-04 1.295E-04 1.430E-04 2.856E-04 9.501E-04 1.008E-03 9.617E-04 9.152E-04 9.202E-04 8.480E-04 7.706E-04 5.684E-04 3.927E-04 5.229E-04 2.571E-04 1.647E-04 1.435E-04 9.654E-05 9.049E-05 1.465E-04 1.955E-04 1.762E-04 1.674E-04 1.653E-04 1.483E-04 8.574E-05 5.766E-05 2.936E-05 1.545E-05
  7.000E-01  5.082E-01 3.867E-01 3.023E-01 2.422E-01 1.986E-01 1.654E-01 1.405E-01 1.205E-01 1.050E-01 9.212E-02 8.169E-02 7.282E-02 5.994E-02 4.964E-02 3.419E-02 2.522E-02 2.025E-02 1.619E-02 1.193E-02 8.514E-03 7.953E-03 7.393E-03 7.100E-03 6.700E-03 6.355E-03 5.512E-03 4.545E-03 3.426E-03 2.501E-03 2.179E-03 1.947E-03 1.314E-03 3.280E-04 1.295E-04 1.430E-04 2.856E-04 9.500E-04 1.008E-03 9.617E-04 9.152E-04 9.202E-04 8.479E-04 7.706E-04 5.684E-04 3.927E-04 5.228E-04 2.570E-04 1.647E-04 1.435E-04 9.654E-05 9.049E-05 1.465E-04 1.955E-04 1.762E-04 1.674E-04 1.653E-04 1.483E-04 8.574E-05 5.766E-05 2.935E-05 1.545E-05
  8.000E-01  4.714E-01 3.666E-01 2.904E-01 2.348E-01 1.938E-01 1.621E-01 1.382E-01 1.188E-01 1.038E-01 9.117E-02 8.096E-02 7.224E-02 5.957E-02 4.939E-02 3.408E-02 2.517E-02 2.022E-02 1.617E-02 1.192E-02 8.509E-03 7.949E-03 7.390E-03 7.097E-03 6.698E-03 6.353E-03 5.510E-03 4.544E-03 3.426E-03 2.501E-03 2.179E-03 1.947E-03 1.314E-03 3.280E-04 1.295E-04 1.429E-04 2.856E-04 9.499E-04 1.008E-03 9.616E-04 9.151E-04 9.201E-04 8.478E-04 7.705E-04 5.683E-04 3.927E-04 5.228E-04 2.570E-04 1.646E-04 1.435E-04 9.654E-05 9.048E-05 1.465E-04 1.955E-04 1.762E-04 1.673E-04 1.653E-04 1.483E-04 8.573E-05 5.766E-05 2.935E-05 1.545E-05
  9.000E-01  4.337E-01 3.453E-01 2.777E-01 2.268E-01 1.885E-01 1.585E-01 1.356E-01 1.170E-01 1.024E-01 9.012E-02 8.014E-02 7.160E-02 5.915E-02 4.911E-02 3.395E-02 2.510E-02 2.018E-02 1.615E-02 1.191E-02 8.503E-03 7.944E-03 7.386E-03 7.093E-03 6.695E-03 6.350E-03 5.508E-03 4.543E-03 3.425E-03 2.500E-03 2.179E-03 1.946E-03 1.314E-03 3.279E-04 1.295E-04 1.429E-04 2.856E-04 9.498E-04 1.008E-03 9.615E-04 9.150E-04 9.200E-04 8.478E-04 7.704E-04 5.683E-04 3.927E-04 5.228E-04 2.570E-04 1.646E-04 1.435E-04 9.653E-05 9.048E-05 1.465E-04 1.955E-04 1.762E-04 1.673E-04 1.653E-04 1.483E-04 8.573E-05 5.766E-05 2.935E-05 1.545E-05
  1.000E+00  3.960E-01 3.233E-01 2.643E-01 2.182E-01 1.828E-01 1.546E-01 1.328E-01 1.149E-01 1.009E-01 8.895E-02 7.924E-02 7.089E-02 5.868E-02 4.880E-02 3.382E-02 2.503E-02 2.014E-02 1.613E-02 1.190E-02 8.497E-03 7.939E-03 7.382E-03 7.090E-03 6.692E-03 6.348E-03 5.506E-03 4.541E-03 3.424E-03 2.499E-03 2.178E-03 1.946E-03 1.314E-03 3.279E-04 1.295E-04 1.429E-04 2.855E-04 9.497E-04 1.008E-03 9.614E-04 9.149E-04 9.199E-04 8.477E-04 7.704E-04 5.682E-04 3.926E-04 5.227E-04 2.570E-04 1.646E-04 1.435E-04 9.653E-05 9.047E-05 1.464E-04 1.955E-04 1.762E-04 1.673E-04 1.653E-04 1.483E-04 8.573E-05 5.765E-05 2.935E-05 1.545E-05
  1.100E+00  3.593E-01 3.011E-01 2.504E-01 2.092E-01 1.767E-01 1.504E-01 1.298E-01 1.127E-01 9.923E-02 8.769E-02 7.825E-02 7.012E-02 5.817E-02 4.845E-02 3.366E-02 2.496E-02 2.009E-02 1.610E-02 1.189E-02 8.490E-03 7.934E-03 7.377E-03 7.085E-03 6.688E-03 6.344E-03 5.504E-03 4.539E-03 3.423E-03 2.499E-03 2.178E-03 1.945E-03 1.313E-03 3.278E-04 1.294E-04 1.429E-04 2.855E-04 9.496E-04 1.007E-03 9.613E-04 9.148E-04 9.198E-04 8.476E-04 7.703E-04 5.682E-04 3.926E-04 5.227E-04 2.570E-04 1.646E-04 1.435E-04 9.652E-05 9.047E-05 1.464E-04 1.955E-04 1.762E-04 1.673E-04 1.653E-04 1.483E-04 8.573E-05 5.765E-05 2.935E-05 1.545E-05
  1.200E+00  3.242E-01 2.789E-01 2.363E-01 1.999E-01 1.704E-01 1.459E-01 1.266E-01 1.104E-01 9.745E-02 8.633E-02 7.719E-02 6.928E-02 5.761E-02 4.808E-02 3.350E-02 2.487E-02 2.004E-02 1.607E-02 1.187E-02 8.483E-03 7.928E-03 7.372E-03 7.081E-03 6.684E-03 6.341E-03 5.501E-03 4.538E-03 3.422E-03 2.498E-03 2.177E-03 1.945E-03 1.313E-03 3.278E-04 1.294E-04 1.429E-04 2.854E-04 9.494E-04 1.007E-03 9.611E-04 9.147E-04 9.197E-04 8.475E-04 7.702E-04 5.681E-04 3.926E-04 5.227E-04 2.570E-04 1.646E-04 1.435E-04 9.651E-05 9.046E-05 1.464E-04 1.955E-04 1.762E-04 1.673E-04 1.653E-04 1.483E-04 8.572E-05 5.765E-05 2.935E-05 1.545E-05
  1.300E+00  2.914E-01 2.572E-01 2.220E-01 1.903E-01 1.638E-01 1.413E-01 1.233E-01 1.079E-01 9.557E-02 8.488E-02 7.606E-02 6.839E-02 5.702E-02 4.768E-02 3.332E-02 2.478E-02 1.999E-02 1.603E-02 1.186E-02 8.475E-03 7.921E-03 7.367E-03 7.076E-03 6.680E-03 6.337E-03 5.498E-03 4.536E-03 3.420E-03 2.497E-03 2.176E-03 1.944E-03 1.313E-03 3.277E-04 1.294E-04 1.428E-04 2.854E-04 9.493E-04 1.007E-03 9.610E-04 9.146E-04 9.196E-04 8.474E-04 7.701E-04 5.680E-04 3.925E-04 5.226E-04 2.569E-04 1.646E-04 1.435E-04 9.651E-05 9.046E-05 1.464E-04 1.954E-04 1.761E-04 1.673E-04 1.653E-04 1.483E-04 8.572E-05 5.765E-05 2.935E-05 1.545E-05
  1.400E+00  2.611E-01 2.363E-01 2.079E-01 1.807E-01 1.571E-01 1.365E-01 1.198E-01 1.053E-01 9.358E-02 8.335E-02 7.486E-02 6.744E-02 5.638E-02 4.725E-02 3.313E-02 2.468E-02 1.993E-02 1.600E-02 1.184E-02 8.466E-03 7.914E-03 7.361E-03 7.070E-03 6.675E-03 6.333E-03 5.496E-03 4.534E-03 3.419E-03 2.496E-03 2.176E-03 1.944E-03 1.313E-03 3.276E-04 1.294E-04 1.428E-04 2.853E-04 9.491E-04 1.007E-03 9.609E-04 9.144E-04 9.195E-04 8.473E-04 7.700E-04 5.680E-04 3.925E-04 5.226E-04 2.569E-04 1.646E-04 1.435E-04 9.650E-05 9.045E-05 1.464E-04 1.954E-04 1.761E-04 1.673E-04 1.653E-04 1.483E-04 8.571E-05 5.764E-05 2.935E-05 1.545E-05
  1.500E+00  2.336E-01 2.165E-01 1.940E-01 1.710E-01 1.502E-01 1.315E-01 1.161E-01 1.026E-01 9.150E-02 8.175E-02 7.360E-02 6.643E-02 5.571E-02 4.680E-02 3.292E-02 2.458E-02 1.986E-02 1.596E-02 1.182E-02 8.457E-03 7.907E-03 7.355E-03 7.065E-03 6.670E-03 6.329E-03 5.492E-03 4.531E-03 3.418E-03 2.495E-03 2.175E-03 1.943E-03 1.312E-03 3.276E-04 1.293E-04 1.428E-04 2.853E-04 9.489E-04 1.007E-03 9.607E-04 9.143E-04 9.193E-04 8.472E-04 7.699E-04 5.679E-04 3.924E-04 5.225E-04 2.569E-04 1.646E-04 1.435E-04 9.649E-05 9.044E-05 1.464E-04 1.954E-04 1.761E-04 1.673E-04 1.653E-04 1.483E-04 8.571E-05 5.764E-05 2.935E-05 1.545E-05
  1.600E+00  2.091E-01 1.978E-01 1.805E-01 1.614E-01 1.433E-01 1.265E-01 1.124E-01 9.976E-02 8.934E-02 8.008E-02 7.228E-02 6.538E-02 5.501E-02 4.632E-02 3.271E-02 2.446E-02 1.980E-02 1.592E-02 1.180E-02 8.447E-03 7.899E-03 7.348E-03 7.059E-03 6.665E-03 6.325E-03 5.489E-03 4.529E-03 3.416E-03 2.494E-03 2.174E-03 1.943E-03 1.312E-03 3.275E-04 1.293E-04 1.427E-04 2.852E-04 9.487E-04 1.007E-03 9.605E-04 9.141E-04 9.192E-04 8.470E-04 7.698E-04 5.678E-04 3.924E-04 5.224E-04 2.569E-04 1.645E-04 1.434E-04 9.648E-05 9.043E-05 1.464E-04 1.954E-04 1.761E-04 1.673E-04 1.653E-04 1.483E-04 8.570E-05 5.764E-05 2.934E-05 1.545E-05
  1.700E+00  1.874E-01 1.804E-01 1.675E-01 1.519E-01 1.364E-01 1.214E-01 1.086E-01 9.688E-02 8.712E-02 7.834E-02 7.091E-02 6.429E-02 5.427E-02 4.581E-02 3.248E-02 2.434E-02 1.973E-02 1.588E-02 1.178E-02 8.436E-03 7.890E-03 7.341E-03 7.052E-03 6.660E-03 6.320E-03 5.485E-03 4.526E-03 3.414E-03 2.493E-03 2.173E-03 1.942E-03 1.311E-03 3.274E-04 1.293E-04 1.427E-04 2.851E-04 9.485E-04 1.006E-03 9.604E-04 9.140E-04 9.190E-04 8.469E-04 7.697E-04 5.677E-04 3.923E-04 5.224E-04 2.568E-04 1.645E-04 1.434E-04 9.647E-05 9.043E-05 1.464E-04 1.954E-04 1.761E-04 1.673E-04 1.653E-04 1.482E-04 8.570E-05 5.763E-05 2.934E-05 1.545E-05
  1.800E+00  1.683E-01 1.644E-01 1.552E-01 1.427E-01 1.295E-01 1.163E-01 1.047E-01 9.394E-02 8.483E-02 7.655E-02 6.949E-02 6.315E-02 5.350E-02 4.529E-02 3.224E-02 2.422E-02 1.965E-02 1.583E-02 1.176E-02 8.425E-03 7.881E-03 7.333E-03 7.045E-03 6.654E-03 6.315E-03 5.482E-03 4.524E-03 3.413E-03 2.492E-03 2.172E-03 1.941E-03 1.311E-03 3.273E-04 1.292E-04 1.427E-04 2.851E-04 9.483E-04 1.006E-03 9.602E-04 9.138E-04 9.188E-04 8.467E-04 7.695E-04 5.676E-04 3.923E-04 5.223E-04 2.568E-04 1.645E-04 1.434E-04 9.646E-05 9.042E-05 1.464E-04 1.954E-04 1.761E-04 1.673E-04 1.652E-04 1.482E-04 8.569E-05 5.763E-05 2.934E-05 1.545E-05
  1.900E+00  1.516E-01 1.499E-01 1.435E-01 1.338E-01 1.228E-01 1.112E-01 1.008E-01 9.095E-02 8.249E-02 7.472E-02 6.802E-02 6.197E-02 5.270E-02 4.474E-02 3.198E-02 2.409E-02 1.957E-02 1.579E-02 1.174E-02 8.413E-03 7.872E-03 7.325E-03 7.038E-03 6.647E-03 6.309E-03 5.478E-03 4.521E-03 3.411E-03 2.491E-03 2.171E-03 1.940E-03 1.310E-03 3.272E-04 1.292E-04 1.426E-04 2.850E-04 9.481E-04 1.006E-03 9.600E-04 9.136E-04 9.187E-04 8.466E-04 7.694E-04 5.675E-04 3.922E-04 5.222E-04 2.568E-04 1.645E-04 1.434E-04 9.645E-05 9.041E-05 1.464E-04 1.954E-04 1.761E-04 1.672E-04 1.652E-04 1.482E-04 8.569E-05 5.763E-05 2.934E-05 1.544E-05
  2.000E+00  1.371E-01 1.367E-01 1.327E-01 1.252E-01 1.162E-01 1.062E-01 9.695E-02 8.794E-02 8.012E-02 7.284E-02 6.652E-02 6.076E-02 5.187E-02 4.417E-02 3.172E-02 2.395E-02 1.949E-02 1.574E-02 1.171E-02 8.401E-03 7.861E-03 7.317E-03 7.030E-03 6.641E-03 6.304E-03 5.473E-03 4.518E-03 3.409E-03 2.490E-03 2.170E-03 1.939E-03 1.310E-03 3.271E-04 1.292E-04 1.426E-04 2.849E-04 9.478E-04 1.006E-03 9.598E-04 9.134E-04 9.185E-04 8.464E-04 7.693E-04 5.674E-04 3.921E-04 5.221E-04 2.567E-04 1.645E-04 1.434E-04 9.644E-05 9.040E-05 1.463E-04 1.953E-04 1.760E-04 1.672E-04 1.652E-04 1.482E-04 8.568E-05 5.762E-05 2.934E-05 1.544E-05
  3.000E+00  5.804E-02 6.153E-02 6.288E-02 6.351E-02 6.367E-02 6.273E-02 6.130E-02 5.896E-02 5.640E-02 5.350E-02 5.061E-02 4.766E-02 4.261E-02 3.763E-02 2.858E-02 2.228E-02 1.847E-02 1.512E-02 1.140E-02 8.243E-03 7.734E-03 7.210E-03 6.933E-03 6.557E-03 6.231E-03 5.420E-03 4.479E-03 3.384E-03 2.474E-03 2.157E-03 1.929E-03 1.304E-03 3.258E-04 1.287E-04 1.421E-04 2.839E-04 9.447E-04 1.003E-03 9.571E-04 9.110E-04 9.161E-04 8.442E-04 7.674E-04 5.662E-04 3.913E-04 5.212E-04 2.563E-04 1.642E-04 1.432E-04 9.630E-05 9.027E-05 1.461E-04 1.951E-04 1.758E-04 1.670E-04 1.650E-04 1.481E-04 8.560E-05 5.757E-05 2.931E-05 1.543E-05
  4.000E+00  2.836E-02 3.163E-02 3.431E-02 3.585E-02 3.676E-02 3.717E-02 3.758E-02 3.758E-02 3.735E-02 3.683E-02 3.607E-02 3.509E-02 3.303E-02 3.048E-02 2.485E-02 2.019E-02 1.716E-02 1.430E-02 1.099E-02 8.028E-03 7.559E-03 7.064E-03 6.799E-03 6.443E-03 6.132E-03 5.345E-03 4.426E-03 3.349E-03 2.452E-03 2.139E-03 1.914E-03 1.295E-03 3.241E-04 1.280E-04 1.414E-04 2.826E-04 9.404E-04 9.984E-04 9.533E-04 9.076E-04 9.128E-04 8.413E-04 7.649E-04 5.643E-04 3.902E-04 5.198E-04 2.557E-04 1.638E-04 1.428E-04 9.611E-05 9.010E-05 1.459E-04 1.948E-04 1.756E-04 1.668E-04 1.648E-04 1.479E-04 8.549E-05 5.750E-05 2.928E-05 1.541E-05
  5.000E+00  1.549E-02 1.802E-02 2.000E-02 2.172E-02 2.316E-02 2.395E-02 2.455E-02 2.488E-02 2.510E-02 2.527E-02 2.527E-02 2.519E-02 2.475E-02 2.384E-02 2.097E-02 1.789E-02 1.565E-02 1.334E-02 1.049E-02 7.764E-03 7.343E-03 6.882E-03 6.633E-03 6.300E-03 6.008E-03 5.252E-03 4.359E-03 3.305E-03 2.424E-03 2.116E-03 1.895E-03 1.284E-03 3.218E-04 1.272E-04 1.405E-04 2.808E-04 9.348E-04 9.928E-04 9.486E-04 9.032E-04 9.085E-04 8.374E-04 7.616E-04 5.620E-04 3.888E-04 5.180E-04 2.549E-04 1.634E-04 1.424E-04 9.585E-05 8.987E-05 1.455E-04 1.943E-04 1.752E-04 1.665E-04 1.645E-04 1.476E-04 8.535E-05 5.740E-05 2.923E-05 1.539E-05
  6.000E+00  9.262E-03 1.098E-02 1.262E-02 1.395E-02 1.518E-02 1.614E-02 1.698E-02 1.750E-02 1.781E-02 1.808E-02 1.820E-02 1.837E-02 1.849E-02 1.840E-02 1.733E-02 1.555E-02 1.405E-02 1.228E-02 9.922E-03 7.456E-03 7.091E-03 6.668E-03 6.437E-03 6.131E-03 5.860E-03 5.140E-03 4.278E-03 3.252E-03 2.390E-03 2.088E-03 1.872E-03 1.271E-03 3.190E-04 1.262E-04 1.394E-04 2.787E-04 9.281E-04 9.862E-04 9.427E-04 8.980E-04 9.033E-04 8.328E-04 7.576E-04 5.592E-04 3.870E-04 5.158E-04 2.539E-04 1.628E-04 1.419E-04 9.555E-05 8.960E-05 1.451E-04 1.938E-04 1.748E-04 1.661E-04 1.641E-04 1.473E-04 8.518E-05 5.729E-05 2.917E-05 1.536E-05
  8.000E+00  3.991E-03 4.879E-03 5.819E-03 6.678E-03 7.583E-03 8.259E-03 8.920E-03 9.474E-03 9.903E-03 1.031E-02 1.060E-02 1.086E-02 1.112E-02 1.140E-02 1.162E-02 1.138E-02 1.093E-02 1.010E-02 8.657E-03 6.744E-03 6.500E-03 6.165E-03 5.975E-03 5.728E-03 5.506E-03 4.870E-03 4.081E-03 3.122E-03 2.307E-03 2.019E-03 1.815E-03 1.238E-03 3.121E-04 1.236E-04 1.367E-04 2.733E-04 9.112E-04 9.694E-04 9.282E-04 8.847E-04 8.903E-04 8.210E-04 7.475E-04 5.522E-04 3.826E-04 5.104E-04 2.515E-04 1.613E-04 1.407E-04 9.478E-05 8.891E-05 1.441E-04 1.925E-04 1.736E-04 1.651E-04 1.632E-04 1.465E-04 8.474E-05 5.700E-05 2.903E-05 1.529E-05
  1.000E+01  2.073E-03 2.572E-03 3.155E-03 3.723E-03 4.361E-03 4.827E-03 5.352E-03 5.819E-03 6.105E-03 6.423E-03 6.720E-03 6.974E-03 7.365E-03 7.730E-03 8.115E-03 8.312E-03 8.325E-03 8.088E-03 7.356E-03 5.961E-03 5.840E-03 5.596E-03 5.448E-03 5.263E-03 5.093E-03 4.549E-03 3.843E-03 2.963E-03 2.204E-03 1.934E-03 1.744E-03 1.197E-03 3.035E-04 1.204E-04 1.333E-04 2.666E-04 8.900E-04 9.484E-04 9.099E-04 8.681E-04 8.740E-04 8.063E-04 7.348E-04 5.432E-04 3.770E-04 5.035E-04 2.484E-04 1.595E-04 1.391E-04 9.379E-05 8.803E-05 1.427E-04 1.908E-04 1.722E-04 1.638E-04 1.620E-04 1.455E-04 8.417E-05 5.663E-05 2.885E-05 1.519E-05
  1.200E+01  1.227E-03 1.538E-03 1.939E-03 2.339E-03 2.821E-03 3.151E-03 3.560E-03 3.899E-03 4.145E-03 4.418E-03 4.641E-03 4.827E-03 5.174E-03 5.504E-03 6.020E-03 6.294E-03 6.414E-03 6.441E-03 6.145E-03 5.174E-03 5.160E-03 5.000E-03 4.893E-03 4.767E-03 4.646E-03 4.194E-03 3.575E-03 2.782E-03 2.086E-03 1.835E-03 1.662E-03 1.149E-03 2.932E-04 1.166E-04 1.293E-04 2.586E-04 8.649E-04 9.235E-04 8.882E-04 8.483E-04 8.545E-04 7.886E-04 7.197E-04 5.325E-04 3.702E-04 4.952E-04 2.447E-04 1.572E-04 1.371E-04 9.261E-05 8.697E-05 1.411E-04 1.887E-04 1.705E-04 1.623E-04 1.606E-04 1.443E-04 8.349E-05 5.618E-05 2.863E-05 1.508E-05
  1.400E+01  8.030E-04 1.013E-03 1.313E-03 1.616E-03 2.002E-03 2.248E-03 2.580E-03 2.839E-03 3.035E-03 3.233E-03 3.404E-03 3.565E-03 3.872E-03 4.109E-03 4.629E-03 4.956E-03 5.095E-03 5.193E-03 5.103E-03 4.433E-03 4.503E-03 4.415E-03 4.342E-03 4.267E-03 4.188E-03 3.820E-03 3.287E-03 2.584E-03 1.955E-03 1.726E-03 1.570E-03 1.095E-03 2.816E-04 1.123E-04 1.246E-04 2.495E-04 8.363E-04 8.951E-04 8.635E-04 8.257E-04 8.323E-04 7.684E-04 7.022E-04 5.202E-04 3.625E-04 4.857E-04 2.404E-04 1.547E-04 1.349E-04 9.123E-05 8.573E-05 1.393E-04 1.863E-04 1.685E-04 1.605E-04 1.589E-04 1.429E-04 8.270E-05 5.565E-05 2.837E-05 1.495E-05
  1.600E+01  5.656E-04 7.197E-04 9.580E-04 1.203E-03 1.523E-03 1.713E-03 1.990E-03 2.196E-03 2.337E-03 2.509E-03 2.646E-03 2.762E-03 3.014E-03 3.231E-03 3.652E-03 3.998E-03 4.173E-03 4.276E-03 4.256E-03 3.771E-03 3.900E-03 3.866E-03 3.821E-03 3.785E-03 3.740E-03 3.444E-03 2.990E-03 2.376E-03 1.815E-03 1.609E-03 1.471E-03 1.036E-03 2.688E-04 1.075E-04 1.196E-04 2.394E-04 8.047E-04 8.638E-04 8.362E-04 8.007E-04 8.076E-04 7.458E-04 6.826E-04 5.063E-04 3.537E-04 4.749E-04 2.356E-04 1.517E-04 1.324E-04 8.967E-05 8.433E-05 1.371E-04 1.836E-04 1.662E-04 1.584E-04 1.569E-04 1.413E-04 8.179E-05 5.505E-05 2.808E-05 1.480E-05
  1.800E+01  4.224E-04 5.426E-04 7.422E-04 9.450E-04 1.224E-03 1.372E-03 1.609E-03 1.785E-03 1.897E-03 2.037E-03 2.137E-03 2.235E-03 2.438E-03 2.623E-03 2.976E-03 3.282E-03 3.485E-03 3.590E-03 3.590E-03 3.205E-03 3.366E-03 3.370E-03 3.345E-03 3.338E-03 3.317E-03 3.079E-03 2.694E-03 2.164E-03 1.671E-03 1.487E-03 1.367E-03 9.730E-04 2.551E-04 1.023E-04 1.141E-04 2.286E-04 7.707E-04 8.299E-04 8.066E-04 7.735E-04 7.808E-04 7.211E-04 6.612E-04 4.912E-04 3.442E-04 4.630E-04 2.302E-04 1.485E-04 1.296E-04 8.794E-05 8.277E-05 1.348E-04 1.805E-04 1.636E-04 1.561E-04 1.548E-04 1.395E-04 8.078E-05 5.438E-05 2.775E-05 1.463E-05
  2.000E+01  3.299E-04 4.281E-04 6.004E-04 7.763E-04 1.021E-03 1.146E-03 1.350E-03 1.497E-03 1.584E-03 1.698E-03 1.780E-03 1.868E-03 2.037E-03 2.187E-03 2.493E-03 2.749E-03 2.944E-03 3.055E-03 3.068E-03 2.733E-03 2.907E-03 2.935E-03 2.924E-03 2.935E-03 2.930E-03 2.735E-03 2.408E-03 1.954E-03 1.525E-03 1.363E-03 1.261E-03 9.082E-04 2.406E-04 9.688E-05 1.083E-04 2.171E-04 7.346E-04 7.941E-04 7.752E-04 7.447E-04 7.523E-04 6.947E-04 6.383E-04 4.749E-04 3.338E-04 4.501E-04 2.244E-04 1.450E-04 1.265E-04 8.605E-05 8.108E-05 1.322E-04 1.772E-04 1.608E-04 1.536E-04 1.525E-04 1.376E-04 7.966E-05 5.364E-05 2.738E-05 1.444E-05
  2.200E+01  2.669E-04 3.500E-04 5.020E-04 6.587E-04 8.760E-04 9.866E-04 1.166E-03 1.284E-03 1.357E-03 1.453E-03 1.524E-03 1.599E-03 1.728E-03 1.865E-03 2.124E-03 2.347E-03 2.512E-03 2.624E-03 2.653E-03 2.346E-03 2.518E-03 2.560E-03 2.558E-03 2.579E-03 2.584E-03 2.419E-03 2.137E-03 1.750E-03 1.381E-03 1.240E-03 1.154E-03 8.421E-04 2.256E-04 9.123E-05 1.022E-04 2.051E-04 6.972E-04 7.568E-04 7.426E-04 7.146E-04 7.224E-04 6.669E-04 6.139E-04 4.576E-04 3.228E-04 4.364E-04 2.181E-04 1.412E-04 1.233E-04 8.401E-05 7.925E-05 1.294E-04 1.737E-04 1.578E-04 1.509E-04 1.499E-04 1.354E-04 7.845E-05 5.284E-05 2.699E-05 1.424E-05
  2.400E+01  2.219E-04 2.942E-04 4.313E-04 5.696E-04 7.663E-04 8.605E-04 1.021E-03 1.132E-03 1.192E-03 1.273E-03 1.331E-03 1.390E-03 1.497E-03 1.614E-03 1.834E-03 2.028E-03 2.167E-03 2.274E-03 2.310E-03 2.029E-03 2.191E-03 2.239E-03 2.242E-03 2.270E-03 2.280E-03 2.135E-03 1.887E-03 1.557E-03 1.242E-03 1.120E-03 1.050E-03 7.761E-04 2.104E-04 8.545E-05 9.602E-05 1.929E-04 6.589E-04 7.186E-04 7.090E-04 6.836E-04 6.915E-04 6.379E-04 5.886E-04 4.395E-04 3.112E-04 4.220E-04 2.115E-04 1.371E-04 1.198E-04 8.185E-05 7.730E-05 1.264E-04 1.698E-04 1.546E-04 1.480E-04 1.472E-04 1.331E-04 7.715E-05 5.197E-05 2.657E-05 1.402E-05
  2.600E+01  1.887E-04 2.524E-04 3.770E-04 5.030E-04 6.828E-04 7.666E-04 9.112E-04 1.001E-03 1.054E-03 1.123E-03 1.173E-03 1.231E-03 1.322E-03 1.419E-03 1.601E-03 1.764E-03 1.889E-03 1.986E-03 2.019E-03 1.766E-03 1.916E-03 1.964E-03 1.971E-03 2.001E-03 2.014E-03 1.884E-03 1.661E-03 1.378E-03 1.110E-03 1.005E-03 9.479E-04 7.111E-04 1.951E-04 7.963E-05 8.977E-05 1.805E-04 6.202E-04 6.800E-04 6.750E-04 6.520E-04 6.600E-04 6.082E-04 5.624E-04 4.208E-04 2.991E-04 4.069E-04 2.046E-04 1.329E-04 1.161E-04 7.957E-05 7.525E-05 1.232E-04 1.658E-04 1.512E-04 1.450E-04 1.443E-04 1.307E-04 7.576E-05 5.105E-05 2.611E-05 1.379E-05
  2.800E+01  1.633E-04 2.203E-04 3.339E-04 4.503E-04 6.137E-04 6.908E-04 8.227E-04 8.973E-04 9.434E-04 1.005E-03 1.046E-03 1.098E-03 1.176E-03 1.259E-03 1.411E-03 1.545E-03 1.661E-03 1.748E-03 1.769E-03 1.546E-03 1.682E-03 1.729E-03 1.737E-03 1.769E-03 1.784E-03 1.664E-03 1.460E-03 1.214E-03 9.863E-04 8.964E-04 8.511E-04 6.480E-04 1.800E-04 7.382E-05 8.353E-05 1.681E-04 5.816E-04 6.414E-04 6.409E-04 6.203E-04 6.282E-04 5.780E-04 5.357E-04 4.017E-04 2.867E-04 3.914E-04 1.974E-04 1.285E-04 1.124E-04 7.719E-05 7.310E-05 1.199E-04 1.616E-04 1.476E-04 1.417E-04 1.412E-04 1.281E-04 7.430E-05 5.008E-05 2.564E-05 1.355E-05
  3.000E+01  1.432E-04 1.949E-04 2.992E-04 4.048E-04 5.536E-04 6.224E-04 7.399E-04 8.151E-04 8.496E-04 9.040E-04 9.417E-04 9.856E-04 1.051E-03 1.122E-03 1.254E-03 1.367E-03 1.471E-03 1.544E-03 1.553E-03 1.359E-03 1.482E-03 1.526E-03 1.535E-03 1.566E-03 1.583E-03 1.474E-03 1.284E-03 1.067E-03 8.727E-04 7.959E-04 7.602E-04 5.875E-04 1.651E-04 6.811E-05 7.737E-05 1.559E-04 5.435E-04 6.032E-04 6.070E-04 5.887E-04 5.965E-04 5.476E-04 5.087E-04 3.823E-04 2.741E-04 3.755E-04 1.900E-04 1.240E-04 1.084E-04 7.473E-05 7.088E-05 1.165E-04 1.572E-04 1.439E-04 1.384E-04 1.381E-04 1.254E-04 7.277E-05 4.906E-05 2.514E-05 1.329E-05
  3.200E+01  1.270E-04 1.741E-04 2.703E-04 3.666E-04 5.041E-04 5.660E-04 6.717E-04 7.416E-04 7.717E-04 8.210E-04 8.540E-04 8.893E-04 9.469E-04 1.007E-03 1.122E-03 1.220E-03 1.309E-03 1.367E-03 1.369E-03 1.198E-03 1.309E-03 1.349E-03 1.358E-03 1.389E-03 1.407E-03 1.309E-03 1.131E-03 9.366E-04 7.696E-04 7.039E-04 6.760E-04 5.303E-04 1.508E-04 6.254E-05 7.135E-05 1.440E-04 5.063E-04 5.659E-04 5.738E-04 5.576E-04 5.652E-04 5.174E-04 4.816E-04 3.628E-04 2.614E-04 3.594E-04 1.824E-04 1.194E-04 1.044E-04 7.221E-05 6.859E-05 1.130E-04 1.527E-04 1.401E-04 1.349E-04 1.348E-04 1.226E-04 7.117E-05 4.800E-05 2.462E-05 1.303E-05
  3.400E+01  1.137E-04 1.567E-04 2.454E-04 3.340E-04 4.602E-04 5.152E-04 6.130E-04 6.764E-04 7.039E-04 7.484E-04 7.768E-04 8.049E-04 8.556E-04 9.096E-04 1.007E-03 1.094E-03 1.169E-03 1.214E-03 1.212E-03 1.059E-03 1.159E-03 1.195E-03 1.203E-03 1.232E-03 1.252E-03 1.165E-03 9.988E-04 8.225E-04 6.773E-04 6.208E-04 5.990E-04 4.769E-04 1.370E-04 5.718E-05 6.553E-05 1.324E-04 4.703E-04 5.296E-04 5.415E-04 5.272E-04 5.344E-04 4.874E-04 4.547E-04 3.433E-04 2.486E-04 3.432E-04 1.748E-04 1.146E-04 1.003E-04 6.963E-05 6.625E-05 1.094E-04 1.480E-04 1.361E-04 1.313E-04 1.314E-04 1.197E-04 6.951E-05 4.690E-05 2.408E-05 1.275E-05
  3.600E+01  1.024E-04 1.420E-04 2.236E-04 3.051E-04 4.194E-04 4.714E-04 5.578E-04 6.205E-04 6.393E-04 6.786E-04 7.081E-04 7.323E-04 7.738E-04 8.229E-04 9.059E-04 9.815E-04 1.045E-03 1.083E-03 1.078E-03 9.376E-04 1.029E-03 1.061E-03 1.068E-03 1.093E-03 1.114E-03 1.040E-03 8.850E-04 7.236E-04 5.956E-04 5.466E-04 5.294E-04 4.274E-04 1.239E-04 5.205E-05 5.995E-05 1.214E-04 4.357E-04 4.948E-04 5.103E-04 4.977E-04 5.045E-04 4.581E-04 4.282E-04 3.241E-04 2.359E-04 3.269E-04 1.670E-04 1.099E-04 9.622E-05 6.701E-05 6.388E-05 1.057E-04 1.433E-04 1.321E-04 1.277E-04 1.279E-04 1.167E-04 6.781E-05 4.577E-05 2.352E-05 1.247E-05
  3.800E+01  9.287E-05 1.292E-04 2.047E-04 2.792E-04 3.856E-04 4.310E-04 5.115E-04 5.668E-04 5.862E-04 6.220E-04 6.469E-04 6.679E-04 7.044E-04 7.479E-04 8.199E-04 8.825E-04 9.371E-04 9.718E-04 9.628E-04 8.322E-04 9.161E-04 9.444E-04 9.499E-04 9.709E-04 9.917E-04 9.289E-04 7.868E-04 6.382E-04 5.239E-04 4.810E-04 4.671E-04 3.821E-04 1.117E-04 4.719E-05 5.465E-05 1.108E-04 4.029E-04 4.615E-04 4.803E-04 4.693E-04 4.756E-04 4.295E-04 4.023E-04 3.052E-04 2.233E-04 3.108E-04 1.593E-04 1.051E-04 9.208E-05 6.438E-05 6.148E-05 1.020E-04 1.385E-04 1.280E-04 1.240E-04 1.243E-04 1.136E-04 6.607E-05 4.461E-05 2.295E-05 1.218E-05
  4.000E+01  8.463E-05 1.180E-04 1.878E-04 2.563E-04 3.536E-04 3.955E-04 4.685E-04 5.201E-04 5.361E-04 5.680E-04 5.905E-04 6.105E-04 6.432E-04 6.826E-04 7.448E-04 7.968E-04 8.435E-04 8.751E-04 8.627E-04 7.402E-04 8.171E-04 8.426E-04 8.470E-04 8.633E-04 8.829E-04 8.306E-04 7.017E-04 5.649E-04 4.616E-04 4.235E-04 4.120E-04 3.410E-04 1.002E-04 4.264E-05 4.966E-05 1.009E-04 3.719E-04 4.299E-04 4.518E-04 4.422E-04 4.479E-04 4.019E-04 3.770E-04 2.868E-04 2.109E-04 2.949E-04 1.516E-04 1.003E-04 8.794E-05 6.174E-05 5.908E-05 9.825E-05 1.337E-04 1.239E-04 1.202E-04 1.207E-04 1.105E-04 6.429E-05 4.343E-05 2.237E-05 1.188E-05
  4.200E+01  7.743E-05 1.082E-04 1.723E-04 2.362E-04 3.251E-04 3.646E-04 4.323E-04 4.745E-04 4.911E-04 5.202E-04 5.401E-04 5.592E-04 5.868E-04 6.219E-04 6.760E-04 7.225E-04 7.625E-04 7.892E-04 7.742E-04 6.597E-04 7.301E-04 7.536E-04 7.573E-04 7.692E-04 7.867E-04 7.429E-04 6.273E-04 5.019E-04 4.076E-04 3.736E-04 3.635E-04 3.040E-04 8.968E-05 3.839E-05 4.500E-05 9.163E-05 3.428E-04 4.002E-04 4.248E-04 4.164E-04 4.215E-04 3.754E-04 3.526E-04 2.689E-04 1.989E-04 2.793E-04 1.440E-04 9.559E-05 8.383E-05 5.910E-05 5.667E-05 9.450E-05 1.288E-04 1.197E-04 1.164E-04 1.171E-04 1.074E-04 6.249E-05 4.223E-05 2.178E-05 1.158E-05
  4.400E+01  7.106E-05 9.946E-05 1.587E-04 2.166E-04 2.990E-04 3.327E-04 3.941E-04 4.380E-04 4.520E-04 4.782E-04 4.962E-04 5.102E-04 5.362E-04 5.663E-04 6.134E-04 6.568E-04 6.910E-04 7.116E-04 6.955E-04 5.892E-04 6.533E-04 6.753E-04 6.787E-04 6.870E-04 7.021E-04 6.646E-04 5.618E-04 4.476E-04 3.611E-04 3.303E-04 3.212E-04 2.710E-04 8.000E-05 3.447E-05 4.067E-05 8.301E-05 3.157E-04 3.724E-04 3.994E-04 3.920E-04 3.964E-04 3.501E-04 3.292E-04 2.517E-04 1.871E-04 2.641E-04 1.366E-04 9.090E-05 7.977E-05 5.649E-05 5.428E-05 9.076E-05 1.240E-04 1.155E-04 1.126E-04 1.135E-04 1.042E-04 6.067E-05 4.102E-05 2.118E-05 1.128E-05
  4.600E+01  6.541E-05 9.160E-05 1.462E-04 1.992E-04 2.741E-04 3.060E-04 3.619E-04 4.029E-04 4.145E-04 4.386E-04 4.560E-04 4.661E-04 4.909E-04 5.178E-04 5.589E-04 5.971E-04 6.267E-04 6.421E-04 6.255E-04 5.274E-04 5.852E-04 6.061E-04 6.095E-04 6.153E-04 6.280E-04 5.947E-04 5.037E-04 4.005E-04 3.211E-04 2.930E-04 2.845E-04 2.416E-04 7.120E-05 3.087E-05 3.667E-05 7.505E-05 2.907E-04 3.465E-04 3.756E-04 3.691E-04 3.727E-04 3.261E-04 3.068E-04 2.351E-04 1.758E-04 2.494E-04 1.292E-04 8.629E-05 7.578E-05 5.391E-05 5.192E-05 8.704E-05 1.191E-04 1.114E-04 1.088E-04 1.098E-04 1.010E-04 5.884E-05 3.980E-05 2.059E-05 1.097E-05
  4.800E+01  6.038E-05 8.447E-05 1.348E-04 1.836E-04 2.533E-04 2.814E-04 3.332E-04 3.684E-04 3.816E-04 4.036E-04 4.175E-04 4.289E-04 4.505E-04 4.748E-04 5.111E-04 5.431E-04 5.687E-04 5.808E-04 5.634E-04 4.733E-04 5.249E-04 5.446E-04 5.482E-04 5.527E-04 5.632E-04 5.326E-04 4.518E-04 3.594E-04 2.865E-04 2.609E-04 2.527E-04 2.157E-04 6.326E-05 2.760E-05 3.302E-05 6.776E-05 2.675E-04 3.224E-04 3.534E-04 3.476E-04 3.505E-04 3.034E-04 2.855E-04 2.194E-04 1.649E-04 2.351E-04 1.221E-04 8.178E-05 7.186E-05 5.137E-05 4.959E-05 8.337E-05 1.144E-04 1.073E-04 1.050E-04 1.062E-04 9.779E-05 5.700E-05 3.858E-05 1.999E-05 1.067E-05
  5.000E+01  5.584E-05 7.805E-05 1.243E-04 1.695E-04 2.326E-04 2.596E-04 3.067E-04 3.380E-04 3.499E-04 3.698E-04 3.828E-04 3.940E-04 4.145E-04 4.348E-04 4.670E-04 4.953E-04 5.171E-04 5.275E-04 5.087E-04 4.259E-04 4.716E-04 4.899E-04 4.936E-04 4.977E-04 5.066E-04 4.775E-04 4.055E-04 3.231E-04 2.566E-04 2.331E-04 2.252E-04 1.929E-04 5.613E-05 2.463E-05 2.969E-05 6.112E-05 2.463E-04 3.002E-04 3.327E-04 3.276E-04 3.296E-04 2.821E-04 2.655E-04 2.044E-04 1.545E-04 2.214E-04 1.151E-04 7.739E-05 6.805E-05 4.888E-05 4.730E-05 7.975E-05 1.097E-04 1.032E-04 1.013E-04 1.026E-04 9.461E-05 5.517E-05 3.736E-05 1.939E-05 1.036E-05
  5.200E+01  5.173E-05 7.222E-05 1.149E-04 1.562E-04 2.147E-04 2.383E-04 2.831E-04 3.113E-04 3.222E-04 3.407E-04 3.524E-04 3.610E-04 3.814E-04 3.984E-04 4.265E-04 4.531E-04 4.716E-04 4.807E-04 4.607E-04 3.843E-04 4.246E-04 4.412E-04 4.448E-04 4.491E-04 4.568E-04 4.290E-04 3.640E-04 2.908E-04 2.305E-04 2.091E-04 2.014E-04 1.729E-04 4.978E-05 2.196E-05 2.668E-05 5.510E-05 2.270E-04 2.797E-04 3.135E-04 3.089E-04 3.101E-04 2.621E-04 2.465E-04 1.903E-04 1.446E-04 2.082E-04 1.084E-04 7.313E-05 6.435E-05 4.646E-05 4.507E-05 7.621E-05 1.050E-04 9.925E-05 9.759E-05 9.902E-05 9.145E-05 5.336E-05 3.615E-05 1.879E-05 1.006E-05
  5.400E+01  4.801E-05 6.689E-05 1.062E-04 1.439E-04 1.972E-04 2.191E-04 2.591E-04 2.862E-04 2.965E-04 3.134E-04 3.244E-04 3.315E-04 3.500E-04 3.659E-04 3.912E-04 4.151E-04 4.310E-04 4.388E-04 4.185E-04 3.475E-04 3.834E-04 3.980E-04 4.011E-04 4.058E-04 4.129E-04 3.864E-04 3.271E-04 2.621E-04 2.077E-04 1.881E-04 1.808E-04 1.555E-04 4.415E-05 1.957E-05 2.397E-05 4.968E-05 2.093E-04 2.609E-04 2.958E-04 2.916E-04 2.920E-04 2.435E-04 2.288E-04 1.770E-04 1.353E-04 1.957E-04 1.020E-04 6.901E-05 6.077E-05 4.410E-05 4.289E-05 7.275E-05 1.005E-04 9.533E-05 9.397E-05 9.551E-05 8.832E-05 5.155E-05 3.495E-05 1.820E-05 9.765E-06
  5.600E+01  4.464E-05 6.202E-05 9.809E-05 1.328E-04 1.821E-04 2.019E-04 2.384E-04 2.634E-04 2.733E-04 2.887E-04 2.985E-04 3.057E-04 3.207E-04 3.369E-04 3.602E-04 3.803E-04 3.941E-04 4.006E-04 3.810E-04 3.148E-04 3.471E-04 3.598E-04 3.624E-04 3.671E-04 3.738E-04 3.489E-04 2.942E-04 2.362E-04 1.875E-04 1.697E-04 1.629E-04 1.401E-04 3.919E-05 1.744E-05 2.154E-05 4.481E-05 1.933E-04 2.436E-04 2.793E-04 2.755E-04 2.752E-04 2.263E-04 2.123E-04 1.646E-04 1.264E-04 1.838E-04 9.580E-05 6.504E-05 5.732E-05 4.183E-05 4.079E-05 6.938E-05 9.609E-05 9.151E-05 9.042E-05 9.208E-05 8.524E-05 4.978E-05 3.376E-05 1.762E-05 9.472E-06
  5.800E+01  4.157E-05 5.758E-05 9.064E-05 1.226E-04 1.668E-04 1.862E-04 2.186E-04 2.427E-04 2.506E-04 2.651E-04 2.749E-04 2.819E-04 2.951E-04 3.105E-04 3.311E-04 3.487E-04 3.606E-04 3.659E-04 3.474E-04 2.857E-04 3.152E-04 3.260E-04 3.281E-04 3.323E-04 3.390E-04 3.160E-04 2.651E-04 2.130E-04 1.696E-04 1.535E-04 1.471E-04 1.267E-04 3.483E-05 1.555E-05 1.938E-05 4.046E-05 1.787E-04 2.278E-04 2.642E-04 2.606E-04 2.596E-04 2.103E-04 1.970E-04 1.530E-04 1.181E-04 1.726E-04 8.990E-05 6.124E-05 5.402E-05 3.964E-05 3.876E-05 6.611E-05 9.181E-05 8.779E-05 8.697E-05 8.873E-05 8.222E-05 4.803E-05 3.259E-05 1.705E-05 9.185E-06
  6.000E+01  3.877E-05 5.347E-05 8.390E-05 1.133E-04 1.547E-04 1.714E-04 2.035E-04 2.225E-04 2.316E-04 2.446E-04 2.528E-04 2.590E-04 2.735E-04 2.855E-04 3.039E-04 3.205E-04 3.308E-04 3.347E-04 3.171E-04 2.596E-04 2.868E-04 2.963E-04 2.978E-04 3.012E-04 3.078E-04 2.869E-04 2.394E-04 1.922E-04 1.536E-04 1.391E-04 1.333E-04 1.149E-04 3.102E-05 1.389E-05 1.745E-05 3.659E-05 1.655E-04 2.133E-04 2.501E-04 2.469E-04 2.451E-04 1.956E-04 1.828E-04 1.423E-04 1.104E-04 1.620E-04 8.428E-05 5.760E-05 5.086E-05 3.753E-05 3.680E-05 6.296E-05 8.766E-05 8.419E-05 8.361E-05 8.546E-05 7.926E-05 4.632E-05 3.145E-05 1.649E-05 8.905E-06
  6.200E+01  3.622E-05 4.968E-05 7.762E-05 1.047E-04 1.429E-04 1.580E-04 1.874E-04 2.046E-04 2.139E-04 2.263E-04 2.328E-04 2.384E-04 2.540E-04 2.624E-04 2.795E-04 2.954E-04 3.043E-04 3.071E-04 2.897E-04 2.362E-04 2.614E-04 2.700E-04 2.712E-04 2.735E-04 2.799E-04 2.611E-04 2.169E-04 1.736E-04 1.393E-04 1.262E-04 1.209E-04 1.045E-04 2.769E-05 1.242E-05 1.575E-05 3.315E-05 1.536E-04 2.001E-04 2.372E-04 2.341E-04 2.317E-04 1.820E-04 1.696E-04 1.323E-04 1.031E-04 1.521E-04 7.896E-05 5.415E-05 4.785E-05 3.552E-05 3.493E-05 5.992E-05 8.365E-05 8.071E-05 8.036E-05 8.230E-05 7.638E-05 4.465E-05 3.034E-05 1.595E-05 8.633E-06
  6.400E+01  3.389E-05 4.623E-05 7.188E-05 9.665E-05 1.321E-04 1.455E-04 1.731E-04 1.885E-04 1.980E-04 2.094E-04 2.149E-04 2.200E-04 2.345E-04 2.424E-04 2.581E-04 2.726E-04 2.806E-04 2.826E-04 2.652E-04 2.154E-04 2.386E-04 2.466E-04 2.477E-04 2.488E-04 2.549E-04 2.382E-04 1.970E-04 1.570E-04 1.263E-04 1.146E-04 1.099E-04 9.523E-05 2.479E-05 1.114E-05 1.424E-05 3.011E-05 1.427E-04 1.879E-04 2.252E-04 2.223E-04 2.192E-04 1.696E-04 1.576E-04 1.231E-04 9.637E-05 1.428E-04 7.393E-05 5.086E-05 4.499E-05 3.360E-05 3.314E-05 5.700E-05 7.980E-05 7.735E-05 7.723E-05 7.924E-05 7.358E-05 4.302E-05 2.926E-05 1.542E-05 8.371E-06
  6.600E+01  3.172E-05 4.309E-05 6.664E-05 8.942E-05 1.212E-04 1.346E-04 1.592E-04 1.746E-04 1.821E-04 1.929E-04 1.993E-04 2.037E-04 2.159E-04 2.245E-04 2.387E-04 2.514E-04 2.588E-04 2.606E-04 2.433E-04 1.969E-04 2.180E-04 2.258E-04 2.268E-04 2.269E-04 2.327E-04 2.178E-04 1.794E-04 1.423E-04 1.147E-04 1.042E-04 1.001E-04 8.702E-05 2.228E-05 1.001E-05 1.291E-05 2.742E-05 1.329E-04 1.768E-04 2.142E-04 2.114E-04 2.077E-04 1.582E-04 1.465E-04 1.146E-04 9.013E-05 1.341E-04 6.919E-05 4.776E-05 4.229E-05 3.178E-05 3.143E-05 5.422E-05 7.611E-05 7.414E-05 7.422E-05 7.630E-05 7.087E-05 4.145E-05 2.821E-05 1.491E-05 8.118E-06
  6.800E+01  2.973E-05 4.022E-05 6.193E-05 8.281E-05 1.123E-04 1.243E-04 1.473E-04 1.609E-04 1.683E-04 1.780E-04 1.836E-04 1.891E-04 2.000E-04 2.081E-04 2.210E-04 2.320E-04 2.387E-04 2.406E-04 2.238E-04 1.806E-04 1.995E-04 2.070E-04 2.081E-04 2.076E-04 2.129E-04 1.995E-04 1.639E-04 1.293E-04 1.043E-04 9.476E-05 9.122E-05 7.969E-05 2.009E-05 9.032E-06 1.174E-05 2.504E-05 1.240E-04 1.666E-04 2.039E-04 2.013E-04 1.970E-04 1.477E-04 1.363E-04 1.068E-04 8.436E-05 1.260E-04 6.475E-05 4.484E-05 3.975E-05 3.006E-05 2.982E-05 5.156E-05 7.258E-05 7.106E-05 7.134E-05 7.348E-05 6.826E-05 3.993E-05 2.719E-05 1.442E-05 7.877E-06
  7.000E+01  2.790E-05 3.760E-05 5.745E-05 7.690E-05 1.039E-04 1.155E-04 1.371E-04 1.473E-04 1.555E-04 1.649E-04 1.689E-04 1.756E-04 1.858E-04 1.933E-04 2.050E-04 2.147E-04 2.206E-04 2.222E-04 2.064E-04 1.660E-04 1.830E-04 1.902E-04 1.913E-04 1.906E-04 1.953E-04 1.830E-04 1.502E-04 1.179E-04 9.492E-05 8.629E-05 8.322E-05 7.312E-05 1.818E-05 8.176E-06 1.071E-05 2.295E-05 1.159E-04 1.572E-04 1.944E-04 1.919E-04 1.871E-04 1.381E-04 1.270E-04 9.969E-05 7.905E-05 1.185E-04 6.059E-05 4.209E-05 3.736E-05 2.843E-05 2.830E-05 4.904E-05 6.922E-05 6.814E-05 6.860E-05 7.079E-05 6.575E-05 3.848E-05 2.622E-05 1.395E-05 7.647E-06
  7.200E+01  2.625E-05 3.523E-05 5.331E-05 7.104E-05 9.590E-05 1.063E-04 1.263E-04 1.369E-04 1.443E-04 1.527E-04 1.568E-04 1.624E-04 1.724E-04 1.789E-04 1.900E-04 1.994E-04 2.045E-04 2.056E-04 1.907E-04 1.529E-04 1.683E-04 1.749E-04 1.760E-04 1.756E-04 1.795E-04 1.683E-04 1.379E-04 1.078E-04 8.653E-05 7.867E-05 7.601E-05 6.720E-05 1.653E-05 7.430E-06 9.813E-06 2.110E-05 1.086E-04 1.486E-04 1.856E-04 1.832E-04 1.780E-04 1.293E-04 1.185E-04 9.316E-05 7.416E-05 1.116E-04 5.671E-05 3.952E-05 3.512E-05 2.690E-05 2.686E-05 4.665E-05 6.602E-05 6.536E-05 6.599E-05 6.823E-05 6.336E-05 3.708E-05 2.529E-05 1.350E-05 7.430E-06
  7.400E+01  2.477E-05 3.299E-05 4.949E-05 6.579E-05 8.898E-05 9.822E-05 1.173E-04 1.269E-04 1.338E-04 1.421E-04 1.460E-04 1.494E-04 1.605E-04 1.651E-04 1.759E-04 1.853E-04 1.902E-04 1.906E-04 1.766E-04 1.412E-04 1.553E-04 1.612E-04 1.622E-04 1.622E-04 1.655E-04 1.551E-04 1.269E-04 9.891E-05 7.903E-05 7.183E-05 6.952E-05 6.186E-05 1.508E-05 6.780E-06 9.020E-06 1.947E-05 1.019E-04 1.406E-04 1.774E-04 1.751E-04 1.694E-04 1.213E-04 1.108E-04 8.719E-05 6.969E-05 1.051E-04 5.310E-05 3.711E-05 3.302E-05 2.547E-05 2.551E-05 4.440E-05 6.300E-05 6.273E-05 6.352E-05 6.581E-05 6.107E-05 3.575E-05 2.441E-05 1.308E-05 7.225E-06
  7.600E+01  2.342E-05 3.086E-05 4.611E-05 6.099E-05 8.239E-05 9.044E-05 1.081E-04 1.178E-04 1.247E-04 1.321E-04 1.354E-04 1.384E-04 1.494E-04 1.533E-04 1.634E-04 1.722E-04 1.770E-04 1.772E-04 1.638E-04 1.306E-04 1.437E-04 1.489E-04 1.498E-04 1.501E-04 1.529E-04 1.433E-04 1.170E-04 9.108E-05 7.236E-05 6.572E-05 6.368E-05 5.704E-05 1.382E-05 6.213E-06 8.325E-06 1.803E-05 9.577E-05 1.333E-04 1.698E-04 1.676E-04 1.615E-04 1.140E-04 1.037E-04 8.175E-05 6.559E-05 9.918E-05 4.974E-05 3.488E-05 3.108E-05 2.413E-05 2.425E-05 4.228E-05 6.014E-05 6.025E-05 6.119E-05 6.353E-05 5.891E-05 3.449E-05 2.357E-05 1.268E-05 7.035E-06
  7.800E+01  2.214E-05 2.893E-05 4.309E-05 5.674E-05 7.658E-05 8.416E-05 1.008E-04 1.079E-04 1.156E-04 1.229E-04 1.247E-04 1.293E-04 1.390E-04 1.433E-04 1.527E-04 1.602E-04 1.647E-04 1.652E-04 1.521E-04 1.210E-04 1.333E-04 1.378E-04 1.386E-04 1.391E-04 1.417E-04 1.326E-04 1.081E-04 8.413E-05 6.644E-05 6.028E-05 5.845E-05 5.267E-05 1.271E-05 5.718E-06 7.714E-06 1.676E-05 9.018E-05 1.266E-04 1.628E-04 1.606E-04 1.541E-04 1.072E-04 9.727E-05 7.679E-05 6.184E-05 9.370E-05 4.664E-05 3.280E-05 2.927E-05 2.289E-05 2.308E-05 4.029E-05 5.746E-05 5.793E-05 5.901E-05 6.138E-05 5.686E-05 3.330E-05 2.278E-05 1.230E-05 6.858E-06
  8.000E+01  2.093E-05 2.728E-05 4.023E-05 5.266E-05 7.055E-05 7.820E-05 9.323E-05 1.006E-04 1.068E-04 1.133E-04 1.163E-04 1.206E-04 1.288E-04 1.338E-04 1.428E-04 1.496E-04 1.534E-04 1.543E-04 1.416E-04 1.123E-04 1.239E-04 1.280E-04 1.287E-04 1.292E-04 1.316E-04 1.230E-04 1.002E-04 7.792E-05 6.118E-05 5.545E-05 5.378E-05 4.872E-05 1.174E-05 5.285E-06 7.176E-06 1.563E-05 8.507E-05 1.204E-04 1.562E-04 1.541E-04 1.472E-04 1.011E-04 9.141E-05 7.227E-05 5.842E-05 8.864E-05 4.377E-05 3.088E-05 2.760E-05 2.173E-05 2.199E-05 3.844E-05 5.494E-05 5.575E-05 5.696E-05 5.938E-05 5.494E-05 3.218E-05 2.204E-05 1.195E-05 6.696E-06
  8.200E+01  1.986E-05 2.578E-05 3.752E-05 4.880E-05 6.534E-05 7.202E-05 8.566E-05 9.398E-05 9.899E-05 1.054E-04 1.089E-04 1.119E-04 1.192E-04 1.247E-04 1.333E-04 1.400E-04 1.431E-04 1.443E-04 1.322E-04 1.046E-04 1.154E-04 1.193E-04 1.199E-04 1.201E-04 1.226E-04 1.143E-04 9.307E-05 7.234E-05 5.653E-05 5.117E-05 4.963E-05 4.515E-05 1.088E-05 4.907E-06 6.704E-06 1.464E-05 8.040E-05 1.146E-04 1.501E-04 1.480E-04 1.408E-04 9.541E-05 8.607E-05 6.815E-05 5.531E-05 8.398E-05 4.113E-05 2.910E-05 2.605E-05 2.067E-05 2.098E-05 3.671E-05 5.258E-05 5.372E-05 5.507E-05 5.752E-05 5.315E-05 3.113E-05 2.134E-05 1.163E-05 6.549E-06
  8.400E+01  1.892E-05 2.429E-05 3.508E-05 4.541E-05 6.064E-05 6.665E-05 7.927E-05 8.758E-05 9.252E-05 9.836E-05 1.016E-04 1.038E-04 1.111E-04 1.163E-04 1.247E-04 1.310E-04 1.341E-04 1.351E-04 1.237E-04 9.759E-05 1.077E-04 1.115E-04 1.121E-04 1.119E-04 1.146E-04 1.065E-04 8.669E-05 6.729E-05 5.242E-05 4.739E-05 4.593E-05 4.193E-05 1.012E-05 4.575E-06 6.288E-06 1.376E-05 7.613E-05 1.093E-04 1.445E-04 1.424E-04 1.348E-04 9.023E-05 8.121E-05 6.440E-05 5.247E-05 7.970E-05 3.871E-05 2.747E-05 2.463E-05 1.968E-05 2.005E-05 3.510E-05 5.038E-05 5.184E-05 5.331E-05 5.580E-05 5.148E-05 3.016E-05 2.070E-05 1.134E-05 6.418E-06
  8.600E+01  1.802E-05 2.293E-05 3.298E-05 4.228E-05 5.652E-05 6.187E-05 7.371E-05 8.065E-05 8.636E-05 9.207E-05 9.411E-05 9.692E-05 1.044E-04 1.087E-04 1.168E-04 1.228E-04 1.260E-04 1.267E-04 1.160E-04 9.133E-05 1.007E-04 1.045E-04 1.050E-04 1.046E-04 1.074E-04 9.956E-05 8.098E-05 6.272E-05 4.877E-05 4.404E-05 4.265E-05 3.901E-05 9.445E-06 4.283E-06 5.922E-06 1.298E-05 7.222E-05 1.045E-04 1.392E-04 1.372E-04 1.293E-04 8.548E-05 7.677E-05 6.099E-05 4.989E-05 7.574E-05 3.648E-05 2.597E-05 2.333E-05 1.878E-05 1.919E-05 3.361E-05 4.834E-05 5.011E-05 5.169E-05 5.423E-05 4.994E-05 2.926E-05 2.011E-05 1.107E-05 6.301E-06
  8.800E+01  1.718E-05 2.178E-05 3.094E-05 3.945E-05 5.270E-05 5.766E-05 6.902E-05 7.472E-05 8.041E-05 8.573E-05 8.758E-05 9.049E-05 9.816E-05 1.017E-04 1.094E-04 1.154E-04 1.189E-04 1.191E-04 1.091E-04 8.570E-05 9.444E-05 9.815E-05 9.860E-05 9.802E-05 1.010E-04 9.334E-05 7.585E-05 5.857E-05 4.554E-05 4.109E-05 3.974E-05 3.639E-05 8.843E-06 4.027E-06 5.598E-06 1.228E-05 6.864E-05 9.995E-05 1.344E-04 1.323E-04 1.241E-04 8.111E-05 7.272E-05 5.787E-05 4.755E-05 7.210E-05 3.444E-05 2.459E-05 2.214E-05 1.795E-05 1.841E-05 3.224E-05 4.645E-05 4.851E-05 5.021E-05 5.279E-05 4.853E-05 2.844E-05 1.957E-05 1.083E-05 6.200E-06
  9.000E+01  1.645E-05 2.071E-05 2.899E-05 3.690E-05 4.879E-05 5.351E-05 6.371E-05 7.019E-05 7.509E-05 8.023E-05 8.232E-05 8.427E-05 9.177E-05 9.510E-05 1.027E-04 1.088E-04 1.122E-04 1.123E-04 1.028E-04 8.061E-05 8.884E-05 9.238E-05 9.278E-05 9.226E-05 9.508E-05 8.782E-05 7.124E-05 5.480E-05 4.266E-05 3.847E-05 3.716E-05 3.403E-05 8.307E-06 3.801E-06 5.313E-06 1.167E-05 6.537E-05 9.579E-05 1.298E-04 1.278E-04 1.193E-04 7.710E-05 6.902E-05 5.504E-05 4.542E-05 6.875E-05 3.258E-05 2.334E-05 2.105E-05 1.720E-05 1.770E-05 3.099E-05 4.471E-05 4.705E-05 4.886E-05 5.148E-05 4.724E-05 2.769E-05 1.908E-05 1.062E-05 6.114E-06
  9.200E+01  1.578E-05 1.969E-05 2.737E-05 3.441E-05 4.531E-05 4.966E-05 5.867E-05 6.576E-05 7.035E-05 7.518E-05 7.738E-05 7.885E-05 8.538E-05 8.951E-05 9.701E-05 1.026E-04 1.058E-04 1.063E-04 9.708E-05 7.602E-05 8.384E-05 8.711E-05 8.751E-05 8.719E-05 8.973E-05 8.295E-05 6.708E-05 5.141E-05 4.010E-05 3.614E-05 3.487E-05 3.191E-05 7.828E-06 3.601E-06 5.062E-06 1.112E-05 6.237E-05 9.196E-05 1.257E-04 1.237E-04 1.147E-04 7.340E-05 6.563E-05 5.245E-05 4.348E-05 6.565E-05 3.088E-05 2.220E-05 2.006E-05 1.652E-05 1.705E-05 2.984E-05 4.310E-05 4.572E-05 4.764E-05 5.032E-05 4.608E-05 2.702E-05 1.865E-05 1.043E-05 6.044E-06
  9.400E+01  1.514E-05 1.880E-05 2.585E-05 3.226E-05 4.220E-05 4.659E-05 5.481E-05 6.133E-05 6.527E-05 6.980E-05 7.234E-05 7.466E-05 7.994E-05 8.493E-05 9.210E-05 9.678E-05 9.984E-05 1.009E-04 9.193E-05 7.187E-05 7.935E-05 8.232E-05 8.277E-05 8.270E-05 8.486E-05 7.866E-05 6.332E-05 4.836E-05 3.780E-05 3.406E-05 3.282E-05 3.001E-05 7.400E-06 3.425E-06 4.839E-06 1.063E-05 5.964E-05 8.842E-05 1.218E-04 1.198E-04 1.105E-04 7.001E-05 6.253E-05 5.009E-05 4.173E-05 6.279E-05 2.934E-05 2.116E-05 1.916E-05 1.590E-05 1.647E-05 2.879E-05 4.163E-05 4.452E-05 4.656E-05 4.928E-05 4.504E-05 2.641E-05 1.826E-05 1.027E-05 5.989E-06
  9.600E+01  1.460E-05 1.795E-05 2.430E-05 3.061E-05 3.930E-05 4.415E-05 5.157E-05 5.701E-05 6.047E-05 6.469E-05 6.742E-05 7.102E-05 7.533E-05 8.080E-05 8.763E-05 9.158E-05 9.449E-05 9.604E-05 8.731E-05 6.814E-05 7.531E-05 7.803E-05 7.854E-05 7.866E-05 8.045E-05 7.486E-05 5.992E-05 4.564E-05 3.574E-05 3.219E-05 3.099E-05 2.831E-05 7.016E-06 3.269E-06 4.643E-06 1.020E-05 5.715E-05 8.516E-05 1.183E-04 1.162E-04 1.066E-04 6.688E-05 5.968E-05 4.793E-05 4.014E-05 6.015E-05 2.794E-05 2.023E-05 1.836E-05 1.534E-05 1.595E-05 2.784E-05 4.029E-05 4.344E-05 4.559E-05 4.837E-05 4.412E-05 2.588E-05 1.792E-05 1.014E-05 5.949E-06
  9.800E+01  1.411E-05 1.718E-05 2.295E-05 2.896E-05 3.670E-05 4.161E-05 4.828E-05 5.363E-05 5.631E-05 6.031E-05 6.355E-05 6.714E-05 7.098E-05 7.656E-05 8.321E-05 8.714E-05 8.991E-05 9.149E-05 8.319E-05 6.478E-05 7.164E-05 7.424E-05 7.480E-05 7.497E-05 7.652E-05 7.147E-05 5.686E-05 4.325E-05 3.388E-05 3.050E-05 2.935E-05 2.678E-05 6.674E-06 3.130E-06 4.469E-06 9.819E-06 5.488E-05 8.215E-05 1.150E-04 1.130E-04 1.030E-04 6.400E-05 5.707E-05 4.596E-05 3.870E-05 5.771E-05 2.667E-05 1.938E-05 1.763E-05 1.484E-05 1.548E-05 2.698E-05 3.908E-05 4.248E-05 4.474E-05 4.758E-05 4.332E-05 2.543E-05 1.763E-05 1.004E-05 5.924E-06
  1.000E+02  1.363E-05 1.651E-05 2.182E-05 2.726E-05 3.426E-05 3.896E-05 4.508E-05 5.112E-05 5.295E-05 5.675E-05 6.076E-05 6.294E-05 6.703E-05 7.206E-05 7.879E-05 8.331E-05 8.599E-05 8.726E-05 7.951E-05 6.176E-05 6.834E-05 7.092E-05 7.150E-05 7.158E-05 7.309E-05 6.840E-05 5.412E-05 4.114E-05 3.219E-05 2.897E-05 2.786E-05 2.542E-05 6.368E-06 3.008E-06 4.316E-06 9.478E-06 5.281E-05 7.937E-05 1.120E-04 1.099E-04 9.960E-05 6.134E-05 5.465E-05 4.415E-05 3.739E-05 5.544E-05 2.552E-05 1.862E-05 1.697E-05 1.440E-05 1.506E-05 2.621E-05 3.797E-05 4.163E-05 4.400E-05 4.691E-05 4.263E-05 2.503E-05 1.739E-05 9.960E-06 5.913E-06
  1.020E+02  1.321E-05 1.589E-05 2.083E-05 2.575E-05 3.245E-05 3.648E-05 4.245E-05 4.829E-05 5.040E-05 5.410E-05 5.772E-05 5.897E-05 6.392E-05 6.790E-05 7.473E-05 7.981E-05 8.247E-05 8.345E-05 7.622E-05 5.904E-05 6.539E-05 6.802E-05 6.857E-05 6.850E-05 7.015E-05 6.559E-05 5.171E-05 3.929E-05 3.066E-05 2.758E-05 2.653E-05 2.421E-05 6.096E-06 2.900E-06 4.181E-06 9.177E-06 5.092E-05 7.681E-05 1.092E-04 1.072E-04 9.645E-05 5.888E-05 5.243E-05 4.250E-05 3.621E-05 5.335E-05 2.449E-05 1.794E-05 1.639E-05 1.400E-05 1.469E-05 2.553E-05 3.699E-05 4.089E-05 4.337E-05 4.636E-05 4.206E-05 2.471E-05 1.719E-05 9.906E-06 5.916E-06
  1.040E+02  1.285E-05 1.528E-05 1.990E-05 2.455E-05 3.112E-05 3.460E-05 4.068E-05 4.511E-05 4.812E-05 5.172E-05 5.420E-05 5.616E-05 6.139E-05 6.474E-05 7.137E-05 7.654E-05 7.919E-05 8.015E-05 7.325E-05 5.661E-05 6.280E-05 6.546E-05 6.594E-05 6.576E-05 6.766E-05 6.302E-05 4.961E-05 3.768E-05 2.927E-05 2.632E-05 2.532E-05 2.313E-05 5.853E-06 2.804E-06 4.062E-06 8.910E-06 4.920E-05 7.443E-05 1.067E-04 1.046E-04 9.352E-05 5.661E-05 5.037E-05 4.099E-05 3.514E-05 5.140E-05 2.356E-05 1.734E-05 1.587E-05 1.366E-05 1.437E-05 2.492E-05 3.610E-05 4.025E-05 4.285E-05 4.591E-05 4.159E-05 2.445E-05 1.704E-05 9.876E-06 5.933E-06
  1.060E+02  1.250E-05 1.474E-05 1.904E-05 2.354E-05 2.964E-05 3.321E-05 3.898E-05 4.214E-05 4.569E-05 4.918E-05 5.106E-05 5.425E-05 5.877E-05 6.251E-05 6.877E-05 7.346E-05 7.621E-05 7.736E-05 7.060E-05 5.445E-05 6.054E-05 6.317E-05 6.356E-05 6.339E-05 6.556E-05 6.068E-05 4.782E-05 3.625E-05 2.801E-05 2.517E-05 2.424E-05 2.218E-05 5.638E-06 2.719E-06 3.957E-06 8.675E-06 4.764E-05 7.224E-05 1.043E-04 1.023E-04 9.080E-05 5.451E-05 4.846E-05 3.961E-05 3.418E-05 4.960E-05 2.272E-05 1.680E-05 1.542E-05 1.335E-05 1.409E-05 2.438E-05 3.532E-05 3.970E-05 4.242E-05 4.557E-05 4.123E-05 2.425E-05 1.693E-05 9.870E-06 5.962E-06
  1.080E+02  1.221E-05 1.429E-05 1.818E-05 2.260E-05 2.801E-05 3.185E-05 3.703E-05 4.004E-05 4.294E-05 4.625E-05 4.855E-05 5.250E-05 5.605E-05 6.066E-05 6.670E-05 7.063E-05 7.363E-05 7.496E-05 6.828E-05 5.254E-05 5.858E-05 6.109E-05 6.144E-05 6.143E-05 6.373E-05 5.859E-05 4.630E-05 3.499E-05 2.686E-05 2.413E-05 2.328E-05 2.133E-05 5.447E-06 2.645E-06 3.865E-06 8.467E-06 4.621E-05 7.021E-05 1.022E-04 1.002E-04 8.828E-05 5.256E-05 4.669E-05 3.835E-05 3.331E-05 4.793E-05 2.198E-05 1.633E-05 1.501E-05 1.309E-05 1.386E-05 2.392E-05 3.463E-05 3.924E-05 4.209E-05 4.533E-05 4.096E-05 2.411E-05 1.687E-05 9.886E-06 6.005E-06
  1.100E+02  1.191E-05 1.389E-05 1.753E-05 2.159E-05 2.657E-05 3.038E-05 3.524E-05 3.854E-05 4.049E-05 4.366E-05 4.656E-05 5.050E-05 5.375E-05 5.867E-05 6.475E-05 6.823E-05 7.148E-05 7.284E-05 6.630E-05 5.087E-05 5.687E-05 5.924E-05 5.960E-05 5.984E-05 6.211E-05 5.682E-05 4.504E-05 3.385E-05 2.584E-05 2.320E-05 2.242E-05 2.058E-05 5.280E-06 2.579E-06 3.784E-06 8.285E-06 4.491E-05 6.833E-05 1.003E-04 9.833E-05 8.596E-05 5.076E-05 4.504E-05 3.719E-05 3.254E-05 4.638E-05 2.132E-05 1.591E-05 1.466E-05 1.286E-05 1.365E-05 2.351E-05 3.402E-05 3.887E-05 4.184E-05 4.518E-05 4.079E-05 2.403E-05 1.684E-05 9.923E-06 6.059E-06
  1.120E+02  1.164E-05 1.355E-05 1.698E-05 2.062E-05 2.544E-05 2.888E-05 3.351E-05 3.705E-05 3.932E-05 4.241E-05 4.500E-05 4.827E-05 5.207E-05 5.637E-05 6.261E-05 6.642E-05 6.967E-05 7.095E-05 6.467E-05 4.943E-05 5.537E-05 5.764E-05 5.805E-05 5.857E-05 6.063E-05 5.539E-05 4.397E-05 3.282E-05 2.492E-05 2.237E-05 2.167E-05 1.992E-05 5.133E-06 2.521E-06 3.713E-06 8.126E-06 4.372E-05 6.659E-05 9.862E-05 9.662E-05 8.381E-05 4.908E-05 4.351E-05 3.614E-05 3.184E-05 4.495E-05 2.074E-05 1.555E-05 1.436E-05 1.267E-05 1.348E-05 2.317E-05 3.350E-05 3.858E-05 4.168E-05 4.511E-05 4.071E-05 2.400E-05 1.685E-05 9.980E-06 6.125E-06
  1.140E+02  1.142E-05 1.319E-05 1.654E-05 1.979E-05 2.489E-05 2.741E-05 3.222E-05 3.590E-05 3.866E-05 4.173E-05 4.384E-05 4.598E-05 5.073E-05 5.408E-05 6.050E-05 6.505E-05 6.814E-05 6.935E-05 6.334E-05 4.820E-05 5.407E-05 5.634E-05 5.683E-05 5.752E-05 5.930E-05 5.433E-05 4.307E-05 3.189E-05 2.413E-05 2.165E-05 2.103E-05 1.934E-05 5.005E-06 2.470E-06 3.651E-06 7.986E-06 4.264E-05 6.498E-05 9.709E-05 9.509E-05 8.183E-05 4.751E-05 4.208E-05 3.517E-05 3.123E-05 4.363E-05 2.022E-05 1.524E-05 1.410E-05 1.251E-05 1.334E-05 2.288E-05 3.306E-05 3.837E-05 4.159E-05 4.513E-05 4.071E-05 2.402E-05 1.689E-05 1.006E-05 6.201E-06
  1.160E+02  1.122E-05 1.292E-05 1.604E-05 1.918E-05 2.396E-05 2.652E-05 3.129E-05 3.484E-05 3.745E-05 4.049E-05 4.271E-05 4.455E-05 4.947E-05 5.253E-05 5.903E-05 6.387E-05 6.689E-05 6.812E-05 6.227E-05 4.714E-05 5.298E-05 5.536E-05 5.589E-05 5.663E-05 5.818E-05 5.361E-05 4.228E-05 3.104E-05 2.345E-05 2.104E-05 2.049E-05 1.883E-05 4.895E-06 2.426E-06 3.597E-06 7.865E-06 4.164E-05 6.349E-05 9.572E-05 9.373E-05 8.001E-05 4.605E-05 4.074E-05 3.430E-05 3.068E-05 4.241E-05 1.977E-05 1.498E-05 1.388E-05 1.238E-05 1.323E-05 2.265E-05 3.269E-05 3.822E-05 4.158E-05 4.523E-05 4.079E-05 2.409E-05 1.697E-05 1.015E-05 6.286E-06
  1.180E+02  1.107E-05 1.262E-05 1.553E-05 1.885E-05 2.309E-05 2.620E-05 3.052E-05 3.335E-05 3.606E-05 3.903E-05 4.115E-05 4.419E-05 4.833E-05 5.196E-05 5.835E-05 6.279E-05 6.598E-05 6.729E-05 6.144E-05 4.626E-05 5.214E-05 5.468E-05 5.521E-05 5.585E-05 5.734E-05 5.319E-05 4.157E-05 3.029E-05 2.288E-05 2.053E-05 2.003E-05 1.838E-05 4.800E-06 2.387E-06 3.550E-06 7.761E-06 4.073E-05 6.210E-05 9.452E-05 9.254E-05 7.836E-05 4.469E-05 3.950E-05 3.350E-05 3.021E-05 4.129E-05 1.939E-05 1.476E-05 1.369E-05 1.228E-05 1.315E-05 2.246E-05 3.238E-05 3.813E-05 4.162E-05 4.539E-05 4.094E-05 2.420E-05 1.707E-05 1.026E-05 6.381E-06
  1.200E+02  1.090E-05 1.244E-05 1.511E-05 1.843E-05 2.226E-05 2.575E-05 2.990E-05 3.245E-05 3.471E-05 3.766E-05 4.005E-05 4.391E-05 4.737E-05 5.168E-05 5.798E-05 6.199E-05 6.544E-05 6.678E-05 6.086E-05 4.556E-05 5.155E-05 5.424E-05 5.473E-05 5.522E-05 5.688E-05 5.299E-05 4.094E-05 2.965E-05 2.242E-05 2.011E-05 1.967E-05 1.799E-05 4.720E-06 2.354E-06 3.510E-06 7.671E-06 3.989E-05 6.083E-05 9.347E-05 9.151E-05 7.686E-05 4.342E-05 3.834E-05 3.278E-05 2.979E-05 4.026E-05 1.905E-05 1.457E-05 1.354E-05 1.219E-05 1.309E-05 2.231E-05 3.214E-05 3.810E-05 4.173E-05 4.562E-05 4.116E-05 2.436E-05 1.721E-05 1.039E-05 6.485E-06
  1.220E+02  1.079E-05 1.221E-05 1.484E-05 1.804E-05 2.180E-05 2.516E-05 2.924E-05 3.231E-05 3.412E-05 3.705E-05 3.990E-05 4.328E-05 4.671E-05 5.116E-05 5.759E-05 6.169E-05 6.529E-05 6.655E-05 6.057E-05 4.505E-05 5.123E-05 5.399E-05 5.440E-05 5.481E-05 5.684E-05 5.291E-05 4.039E-05 2.913E-05 2.207E-05 1.978E-05 1.938E-05 1.765E-05 4.653E-06 2.326E-06 3.475E-06 7.595E-06 3.913E-05 5.965E-05 9.259E-05 9.063E-05 7.551E-05 4.223E-05 3.725E-05 3.213E-05 2.943E-05 3.933E-05 1.877E-05 1.442E-05 1.342E-05 1.213E-05 1.305E-05 2.220E-05 3.195E-05 3.813E-05 4.190E-05 4.591E-05 4.145E-05 2.455E-05 1.737E-05 1.053E-05 6.595E-06
  1.240E+02  1.065E-05 1.208E-05 1.469E-05 1.759E-05 2.152E-05 2.451E-05 2.860E-05 3.198E-05 3.432E-05 3.734E-05 3.979E-05 4.257E-05 4.663E-05 5.066E-05 5.727E-05 6.189E-05 6.553E-05 6.661E-05 6.062E-05 4.474E-05 5.112E-05 5.388E-05 5.424E-05 5.472E-05 5.721E-05 5.290E-05 3.996E-05 2.876E-05 2.182E-05 1.954E-05 1.916E-05 1.734E-05 4.598E-06 2.301E-06 3.445E-06 7.530E-06 3.842E-05 5.858E-05 9.184E-05 8.990E-05 7.431E-05 4.112E-05 3.625E-05 3.155E-05 2.913E-05 3.848E-05 1.854E-05 1.431E-05 1.333E-05 1.209E-05 1.302E-05 2.213E-05 3.182E-05 3.821E-05 4.211E-05 4.626E-05 4.178E-05 2.477E-05 1.755E-05 1.068E-05 6.712E-06
  1.260E+02  1.057E-05 1.188E-05 1.457E-05 1.738E-05 2.182E-05 2.411E-05 2.881E-05 3.144E-05 3.481E-05 3.793E-05 3.951E-05 4.209E-05 4.725E-05 5.043E-05 5.730E-05 6.247E-05 6.616E-05 6.709E-05 6.100E-05 4.462E-05 5.121E-05 5.393E-05 5.430E-05 5.501E-05 5.788E-05 5.291E-05 3.970E-05 2.853E-05 2.165E-05 1.936E-05 1.899E-05 1.708E-05 4.555E-06 2.281E-06 3.420E-06 7.476E-06 3.778E-05 5.760E-05 9.125E-05 8.932E-05 7.325E-05 4.009E-05 3.532E-05 3.104E-05 2.888E-05 3.773E-05 1.835E-05 1.422E-05 1.327E-05 1.207E-05 1.302E-05 2.209E-05 3.173E-05 3.833E-05 4.237E-05 4.665E-05 4.217E-05 2.502E-05 1.775E-05 1.084E-05 6.835E-06
  1.280E+02  1.048E-05 1.181E-05 1.442E-05 1.729E-05 2.181E-05 2.406E-05 2.919E-05 3.133E-05 3.508E-05 3.827E-05 3.950E-05 4.217E-05 4.808E-05 5.080E-05 5.794E-05 6.335E-05 6.712E-05 6.806E-05 6.169E-05 4.468E-05 5.147E-05 5.420E-05 5.464E-05 5.570E-05 5.875E-05 5.297E-05 3.965E-05 2.845E-05 2.156E-05 1.923E-05 1.886E-05 1.684E-05 4.522E-06 2.264E-06 3.398E-06 7.433E-06 3.719E-05 5.671E-05 9.079E-05 8.887E-05 7.234E-05 3.913E-05 3.446E-05 3.058E-05 2.868E-05 3.705E-05 1.820E-05 1.416E-05 1.322E-05 1.206E-05 1.303E-05 2.208E-05 3.169E-05 3.849E-05 4.267E-05 4.708E-05 4.261E-05 2.530E-05 1.797E-05 1.101E-05 6.963E-06
  1.300E+02  1.042E-05 1.174E-05 1.436E-05 1.726E-05 2.169E-05 2.427E-05 2.905E-05 3.159E-05 3.516E-05 3.844E-05 4.000E-05 4.318E-05 4.860E-05 5.205E-05 5.934E-05 6.457E-05 6.838E-05 6.951E-05 6.271E-05 4.489E-05 5.194E-05 5.476E-05 5.532E-05 5.670E-05 5.968E-05 5.317E-05 3.987E-05 2.852E-05 2.152E-05 1.915E-05 1.877E-05 1.663E-05 4.498E-06 2.251E-06 3.381E-06 7.398E-06 3.665E-05 5.592E-05 9.047E-05 8.856E-05 7.156E-05 3.824E-05 3.367E-05 3.019E-05 2.852E-05 3.646E-05 1.809E-05 1.412E-05 1.320E-05 1.207E-05 1.305E-05 2.210E-05 3.169E-05 3.868E-05 4.300E-05 4.755E-05 4.308E-05 2.560E-05 1.821E-05 1.119E-05 7.096E-06
  1.320E+02  1.038E-05 1.176E-05 1.424E-05 1.733E-05 2.138E-05 2.467E-05 2.898E-05 3.251E-05 3.515E-05 3.845E-05 4.110E-05 4.463E-05 4.912E-05 5.382E-05 6.128E-05 6.636E-05 7.010E-05 7.135E-05 6.406E-05 4.527E-05 5.266E-05 5.569E-05 5.633E-05 5.792E-05 6.062E-05 5.363E-05 4.039E-05 2.870E-05 2.151E-05 1.909E-05 1.869E-05 1.644E-05 4.483E-06 2.240E-06 3.366E-06 7.370E-06 3.616E-05 5.522E-05 9.029E-05 8.837E-05 7.093E-05 3.743E-05 3.295E-05 2.984E-05 2.841E-05 3.594E-05 1.802E-05 1.411E-05 1.319E-05 1.209E-05 1.309E-05 2.214E-05 3.172E-05 3.890E-05 4.336E-05 4.805E-05 4.359E-05 2.593E-05 1.846E-05 1.138E-05 7.231E-06
  1.340E+02  1.034E-05 1.177E-05 1.438E-05 1.741E-05 2.161E-05 2.499E-05 2.951E-05 3.396E-05 3.596E-05 3.944E-05 4.301E-05 4.586E-05 5.036E-05 5.554E-05 6.337E-05 6.891E-05 7.251E-05 7.364E-05 6.580E-05 4.581E-05 5.368E-05 5.696E-05 5.762E-05 5.925E-05 6.161E-05 5.450E-05 4.118E-05 2.898E-05 2.151E-05 1.905E-05 1.863E-05 1.628E-05 4.475E-06 2.232E-06 3.355E-06 7.350E-06 3.573E-05 5.462E-05 9.023E-05 8.831E-05 7.044E-05 3.668E-05 3.230E-05 2.955E-05 2.833E-05 3.550E-05 1.797E-05 1.412E-05 1.321E-05 1.212E-05 1.313E-05 2.220E-05 3.178E-05 3.915E-05 4.375E-05 4.857E-05 4.413E-05 2.626E-05 1.872E-05 1.157E-05 7.368E-06
  1.360E+02  1.037E-05 1.179E-05 1.454E-05 1.775E-05 2.228E-05 2.563E-05 3.049E-05 3.539E-05 3.807E-05 4.184E-05 4.521E-05 4.725E-05 5.261E-05 5.735E-05 6.576E-05 7.226E-05 7.572E-05 7.652E-05 6.798E-05 4.655E-05 5.501E-05 5.852E-05 5.911E-05 6.063E-05 6.280E-05 5.589E-05 4.221E-05 2.930E-05 2.152E-05 1.901E-05 1.857E-05 1.612E-05 4.475E-06 2.226E-06 3.346E-06 7.337E-06 3.534E-05 5.410E-05 9.029E-05 8.837E-05 7.008E-05 3.601E-05 3.173E-05 2.932E-05 2.829E-05 3.513E-05 1.795E-05 1.414E-05 1.323E-05 1.216E-05 1.319E-05 2.228E-05 3.188E-05 3.943E-05 4.415E-05 4.912E-05 4.468E-05 2.662E-05 1.899E-05 1.177E-05 7.508E-06
  1.380E+02  1.038E-05 1.188E-05 1.491E-05 1.812E-05 2.342E-05 2.644E-05 3.200E-05 3.701E-05 4.079E-05 4.486E-05 4.754E-05 4.951E-05 5.588E-05 6.019E-05 6.909E-05 7.625E-05 7.964E-05 8.019E-05 7.066E-05 4.751E-05 5.662E-05 6.027E-05 6.073E-05 6.213E-05 6.440E-05 5.784E-05 4.340E-05 2.962E-05 2.151E-05 1.896E-05 1.852E-05 1.599E-05 4.482E-06 2.222E-06 3.339E-06 7.329E-06 3.501E-05 5.369E-05 9.046E-05 8.854E-05 6.985E-05 3.541E-05 3.121E-05 2.912E-05 2.828E-05 3.483E-05 1.796E-05 1.418E-05 1.327E-05 1.220E-05 1.325E-05 2.238E-05 3.199E-05 3.972E-05 4.458E-05 4.968E-05 4.526E-05 2.698E-05 1.927E-05 1.196E-05 7.647E-06
  1.400E+02  1.046E-05 1.196E-05 1.530E-05 1.892E-05 2.493E-05 2.808E-05 3.462E-05 3.903E-05 4.327E-05 4.765E-05 5.040E-05 5.316E-05 6.005E-05 6.470E-05 7.381E-05 8.089E-05 8.422E-05 8.474E-05 7.385E-05 4.866E-05 5.843E-05 6.217E-05 6.250E-05 6.392E-05 6.664E-05 6.029E-05 4.464E-05 2.990E-05 2.147E-05 1.890E-05 1.846E-05 1.587E-05 4.494E-06 2.220E-06 3.334E-06 7.326E-06 3.472E-05 5.336E-05 9.075E-05 8.881E-05 6.975E-05 3.488E-05 3.077E-05 2.898E-05 2.830E-05 3.460E-05 1.799E-05 1.423E-05 1.332E-05 1.226E-05 1.331E-05 2.248E-05 3.213E-05 4.002E-05 4.501E-05 5.025E-05 4.585E-05 2.734E-05 1.955E-05 1.216E-05 7.787E-06
  1.420E+02  1.054E-05 1.223E-05 1.581E-05 1.988E-05 2.627E-05 3.018E-05 3.715E-05 4.218E-05 4.634E-05 5.109E-05 5.454E-05 5.815E-05 6.486E-05 7.069E-05 7.992E-05 8.639E-05 8.971E-05 9.013E-05 7.758E-05 4.998E-05 6.040E-05 6.424E-05 6.451E-05 6.620E-05 6.966E-05 6.308E-05 4.579E-05 3.010E-05 2.140E-05 1.883E-05 1.841E-05 1.577E-05 4.511E-06 2.219E-06 3.331E-06 7.328E-06 3.448E-05 5.312E-05 9.113E-05 8.919E-05 6.977E-05 3.442E-05 3.039E-05 2.887E-05 2.835E-05 3.442E-05 1.804E-05 1.429E-05 1.338E-05 1.232E-05 1.338E-05 2.260E-05 3.228E-05 4.034E-05 4.545E-05 5.082E-05 4.644E-05 2.772E-05 1.983E-05 1.236E-05 7.926E-06
  1.440E+02  1.065E-05 1.257E-05 1.655E-05 2.107E-05 2.808E-05 3.281E-05 4.009E-05 4.632E-05 5.034E-05 5.549E-05 5.979E-05 6.437E-05 7.055E-05 7.800E-05 8.743E-05 9.308E-05 9.641E-05 9.636E-05 8.188E-05 5.141E-05 6.252E-05 6.658E-05 6.691E-05 6.912E-05 7.343E-05 6.595E-05 4.673E-05 3.020E-05 2.130E-05 1.874E-05 1.836E-05 1.568E-05 4.534E-06 2.220E-06 3.330E-06 7.334E-06 3.429E-05 5.298E-05 9.161E-05 8.965E-05 6.990E-05 3.404E-05 3.008E-05 2.880E-05 2.842E-05 3.430E-05 1.810E-05 1.436E-05 1.344E-05 1.238E-05 1.346E-05 2.273E-05 3.245E-05 4.066E-05 4.590E-05 5.140E-05 4.704E-05 2.809E-05 2.011E-05 1.256E-05 8.062E-06
  1.460E+02  1.087E-05 1.301E-05 1.736E-05 2.287E-05 3.046E-05 3.651E-05 4.440E-05 5.190E-05 5.540E-05 6.125E-05 6.658E-05 7.198E-05 7.797E-05 8.674E-05 9.649E-05 1.013E-04 1.044E-04 1.036E-04 8.672E-05 5.291E-05 6.486E-05 6.932E-05 6.982E-05 7.268E-05 7.769E-05 6.858E-05 4.737E-05 3.019E-05 2.118E-05 1.865E-05 1.833E-05 1.561E-05 4.560E-06 2.222E-06 3.330E-06 7.343E-06 3.415E-05 5.291E-05 9.217E-05 9.018E-05 7.014E-05 3.372E-05 2.982E-05 2.877E-05 2.851E-05 3.424E-05 1.818E-05 1.443E-05 1.351E-05 1.244E-05 1.354E-05 2.286E-05 3.262E-05 4.098E-05 4.634E-05 5.197E-05 4.763E-05 2.846E-05 2.039E-05 1.275E-05 8.197E-06
  1.480E+02  1.112E-05 1.363E-05 1.865E-05 2.510E-05 3.395E-05 4.111E-05 5.027E-05 5.942E-05 6.285E-05 6.955E-05 7.554E-05 8.124E-05 8.769E-05 9.713E-05 1.071E-04 1.113E-04 1.136E-04 1.120E-04 9.202E-05 5.442E-05 6.750E-05 7.249E-05 7.321E-05 7.665E-05 8.200E-05 7.065E-05 4.764E-05 3.006E-05 2.104E-05 1.857E-05 1.831E-05 1.556E-05 4.589E-06 2.226E-06 3.331E-06 7.355E-06 3.406E-05 5.293E-05 9.280E-05 9.079E-05 7.048E-05 3.347E-05 2.963E-05 2.876E-05 2.862E-05 3.422E-05 1.827E-05 1.452E-05 1.359E-05 1.251E-05 1.361E-05 2.299E-05 3.281E-05 4.131E-05 4.679E-05 5.254E-05 4.822E-05 2.882E-05 2.067E-05 1.294E-05 8.327E-06
  1.500E+02  1.149E-05 1.432E-05 2.056E-05 2.800E-05 3.929E-05 4.694E-05 5.834E-05 6.902E-05 7.332E-05 8.080E-05 8.726E-05 9.306E-05 1.001E-04 1.096E-04 1.191E-04 1.233E-04 1.239E-04 1.215E-04 9.766E-05 5.591E-05 7.041E-05 7.596E-05 7.684E-05 8.059E-05 8.579E-05 7.191E-05 4.753E-05 2.986E-05 2.091E-05 1.849E-05 1.833E-05 1.553E-05 4.622E-06 2.230E-06 3.332E-06 7.370E-06 3.400E-05 5.303E-05 9.350E-05 9.145E-05 7.091E-05 3.328E-05 2.949E-05 2.879E-05 2.875E-05 3.424E-05 1.837E-05 1.460E-05 1.367E-05 1.258E-05 1.369E-05 2.313E-05 3.300E-05 4.163E-05 4.722E-05 5.309E-05 4.879E-05 2.918E-05 2.093E-05 1.313E-05 8.454E-06
  1.520E+02  1.197E-05 1.523E-05 2.292E-05 3.201E-05 4.657E-05 5.484E-05 6.960E-05 8.075E-05 8.709E-05 9.556E-05 1.019E-04 1.072E-04 1.158E-04 1.247E-04 1.331E-04 1.368E-04 1.358E-04 1.316E-04 1.035E-04 5.726E-05 7.337E-05 7.933E-05 8.023E-05 8.387E-05 8.849E-05 7.226E-05 4.711E-05 2.960E-05 2.079E-05 1.844E-05 1.838E-05 1.553E-05 4.656E-06 2.234E-06 3.335E-06 7.386E-06 3.399E-05 5.319E-05 9.423E-05 9.216E-05 7.141E-05 3.316E-05 2.940E-05 2.884E-05 2.888E-05 3.430E-05 1.848E-05 1.469E-05 1.375E-05 1.265E-05 1.377E-05 2.327E-05 3.319E-05 4.195E-05 4.764E-05 5.363E-05 4.935E-05 2.952E-05 2.119E-05 1.330E-05 8.576E-06
  1.540E+02  1.256E-05 1.648E-05 2.581E-05 3.707E-05 5.521E-05 6.500E-05 8.348E-05 9.657E-05 1.038E-04 1.140E-04 1.200E-04 1.245E-04 1.348E-04 1.426E-04 1.493E-04 1.514E-04 1.491E-04 1.417E-04 1.094E-04 5.830E-05 7.597E-05 8.204E-05 8.279E-05 8.594E-05 8.971E-05 7.176E-05 4.649E-05 2.935E-05 2.071E-05 1.843E-05 1.848E-05 1.554E-05 4.692E-06 2.239E-06 3.338E-06 7.404E-06 3.402E-05 5.341E-05 9.501E-05 9.290E-05 7.197E-05 3.309E-05 2.936E-05 2.891E-05 2.902E-05 3.438E-05 1.859E-05 1.478E-05 1.383E-05 1.271E-05 1.384E-05 2.340E-05 3.338E-05 4.226E-05 4.805E-05 5.414E-05 4.989E-05 2.985E-05 2.144E-05 1.348E-05 8.693E-06
  1.560E+02  1.324E-05 1.809E-05 2.957E-05 4.288E-05 6.559E-05 7.697E-05 9.935E-05 1.180E-04 1.249E-04 1.365E-04 1.429E-04 1.456E-04 1.564E-04 1.633E-04 1.672E-04 1.671E-04 1.622E-04 1.511E-04 1.149E-04 5.878E-05 7.766E-05 8.350E-05 8.397E-05 8.642E-05 8.940E-05 7.064E-05 4.581E-05 2.915E-05 2.069E-05 1.845E-05 1.862E-05 1.558E-05 4.728E-06 2.245E-06 3.342E-06 7.423E-06 3.408E-05 5.368E-05 9.580E-05 9.366E-05 7.257E-05 3.307E-05 2.935E-05 2.899E-05 2.917E-05 3.450E-05 1.870E-05 1.487E-05 1.391E-05 1.278E-05 1.392E-05 2.353E-05 3.356E-05 4.255E-05 4.844E-05 5.464E-05 5.040E-05 3.017E-05 2.168E-05 1.364E-05 8.804E-06
  1.580E+02  1.403E-05 1.981E-05 3.408E-05 5.001E-05 7.944E-05 9.197E-05 1.202E-04 1.416E-04 1.498E-04 1.625E-04 1.674E-04 1.716E-04 1.801E-04 1.871E-04 1.858E-04 1.826E-04 1.733E-04 1.596E-04 1.193E-04 5.849E-05 7.799E-05 8.339E-05 8.356E-05 8.535E-05 8.787E-05 6.931E-05 4.526E-05 2.905E-05 2.072E-05 1.853E-05 1.881E-05 1.563E-05 4.765E-06 2.251E-06 3.346E-06 7.442E-06 3.416E-05 5.399E-05 9.659E-05 9.442E-05 7.321E-05 3.309E-05 2.938E-05 2.909E-05 2.932E-05 3.463E-05 1.881E-05 1.496E-05 1.398E-05 1.284E-05 1.399E-05 2.366E-05 3.374E-05 4.284E-05 4.880E-05 5.510E-05 5.089E-05 3.047E-05 2.191E-05 1.379E-05 8.908E-06
  1.600E+02  1.489E-05 2.128E-05 3.839E-05 5.888E-05 9.560E-05 1.106E-04 1.464E-04 1.655E-04 1.757E-04 1.888E-04 1.926E-04 1.994E-04 2.054E-04 2.116E-04 2.039E-04 1.953E-04 1.816E-04 1.671E-04 1.217E-04 5.739E-05 7.686E-05 8.181E-05 8.181E-05 8.320E-05 8.579E-05 6.826E-05 4.500E-05 2.908E-05 2.083E-05 1.865E-05 1.904E-05 1.570E-05 4.801E-06 2.256E-06 3.350E-06 7.461E-06 3.427E-05 5.433E-05 9.738E-05 9.518E-05 7.387E-05 3.314E-05 2.944E-05 2.920E-05 2.946E-05 3.477E-05 1.892E-05 1.504E-05 1.406E-05 1.290E-05 1.405E-05 2.378E-05 3.392E-05 4.310E-05 4.915E-05 5.554E-05 5.134E-05 3.075E-05 2.212E-05 1.393E-05 9.005E-06
  1.620E+02  1.557E-05 2.250E-05 4.173E-05 6.711E-05 1.098E-04 1.286E-04 1.707E-04 1.907E-04 1.995E-04 2.150E-04 2.175E-04 2.228E-04 2.295E-04 2.311E-04 2.191E-04 2.034E-04 1.887E-04 1.730E-04 1.217E-04 5.575E-05 7.470E-05 7.946E-05 7.946E-05 8.089E-05 8.409E-05 6.797E-05 4.516E-05 2.929E-05 2.101E-05 1.882E-05 1.932E-05 1.579E-05 4.836E-06 2.262E-06 3.354E-06 7.480E-06 3.439E-05 5.469E-05 9.815E-05 9.591E-05 7.452E-05 3.323E-05 2.952E-05 2.931E-05 2.960E-05 3.492E-05 1.903E-05 1.512E-05 1.413E-05 1.296E-05 1.412E-05 2.390E-05 3.408E-05 4.335E-05 4.947E-05 5.594E-05 5.176E-05 3.101E-05 2.231E-05 1.407E-05 9.094E-06
  1.640E+02  1.578E-05 2.356E-05 4.486E-05 7.221E-05 1.202E-04 1.414E-04 1.879E-04 2.158E-04 2.206E-04 2.367E-04 2.407E-04 2.434E-04 2.479E-04 2.471E-04 2.289E-04 2.103E-04 1.964E-04 1.769E-04 1.198E-04 5.416E-05 7.249E-05 7.748E-05 7.769E-05 7.952E-05 8.373E-05 6.883E-05 4.583E-05 2.965E-05 2.124E-05 1.902E-05 1.962E-05 1.588E-05 4.870E-06 2.267E-06 3.357E-06 7.498E-06 3.453E-05 5.505E-05 9.888E-05 9.660E-05 7.515E-05 3.333E-05 2.961E-05 2.942E-05 2.974E-05 3.507E-05 1.913E-05 1.520E-05 1.419E-05 1.301E-05 1.417E-05 2.400E-05 3.423E-05 4.358E-05 4.976E-05 5.631E-05 5.215E-05 3.125E-05 2.249E-05 1.419E-05 9.175E-06
  1.660E+02  1.597E-05 2.465E-05 4.889E-05 7.684E-05 1.320E-04 1.521E-04 2.048E-04 2.382E-04 2.440E-04 2.615E-04 2.629E-04 2.618E-04 2.685E-04 2.646E-04 2.376E-04 2.219E-04 2.054E-04 1.796E-04 1.182E-04 5.349E-05 7.154E-05 7.721E-05 7.772E-05 8.014E-05 8.548E-05 7.104E-05 4.701E-05 3.017E-05 2.153E-05 1.926E-05 1.993E-05 1.599E-05 4.900E-06 2.272E-06 3.361E-06 7.515E-06 3.467E-05 5.541E-05 9.956E-05 9.725E-05 7.576E-05 3.344E-05 2.971E-05 2.953E-05 2.986E-05 3.521E-05 1.922E-05 1.527E-05 1.425E-05 1.306E-05 1.422E-05 2.410E-05 3.437E-05 4.378E-05 5.003E-05 5.664E-05 5.249E-05 3.146E-05 2.264E-05 1.429E-05 9.248E-06
  1.680E+02  1.675E-05 2.612E-05 5.382E-05 8.449E-05 1.475E-04 1.662E-04 2.257E-04 2.604E-04 2.713E-04 2.888E-04 2.868E-04 2.853E-04 2.946E-04 2.832E-04 2.558E-04 2.399E-04 2.153E-04 1.847E-04 1.202E-04 5.456E-05 7.308E-05 7.972E-05 8.051E-05 8.339E-05 8.969E-05 7.457E-05 4.863E-05 3.081E-05 2.185E-05 1.951E-05 2.025E-05 1.609E-05 4.928E-06 2.277E-06 3.365E-06 7.530E-06 3.480E-05 5.574E-05 1.002E-04 9.784E-05 7.631E-05 3.356E-05 2.981E-05 2.963E-05 2.997E-05 3.535E-05 1.930E-05 1.533E-05 1.431E-05 1.310E-05 1.427E-05 2.418E-05 3.449E-05 4.396E-05 5.026E-05 5.693E-05 5.280E-05 3.165E-05 2.278E-05 1.439E-05 9.312E-06
  1.700E+02  1.788E-05 2.804E-05 5.857E-05 9.395E-05 1.613E-04 1.830E-04 2.460E-04 2.836E-04 2.936E-04 3.141E-04 3.164E-04 3.111E-04 3.173E-04 3.104E-04 2.846E-04 2.601E-04 2.285E-04 1.985E-04 1.292E-04 5.788E-05 7.776E-05 8.544E-05 8.634E-05 8.933E-05 9.617E-05 7.915E-05 5.055E-05 3.151E-05 2.218E-05 1.976E-05 2.056E-05 1.618E-05 4.953E-06 2.280E-06 3.368E-06 7.544E-06 3.493E-05 5.604E-05 1.007E-04 9.836E-05 7.681E-05 3.367E-05 2.990E-05 2.972E-05 3.007E-05 3.547E-05 1.938E-05 1.538E-05 1.435E-05 1.314E-05 1.431E-05 2.425E-05 3.460E-05 4.412E-05 5.046E-05 5.718E-05 5.306E-05 3.181E-05 2.290E-05 1.447E-05 9.366E-06
  1.720E+02  1.878E-05 2.996E-05 6.271E-05 1.016E-04 1.725E-04 1.990E-04 2.650E-04 3.075E-04 3.100E-04 3.300E-04 3.398E-04 3.400E-04 3.450E-04 3.478E-04 3.127E-04 2.817E-04 2.514E-04 2.264E-04 1.466E-04 6.328E-05 8.532E-05 9.389E-05 9.467E-05 9.730E-05 1.042E-04 8.425E-05 5.256E-05 3.221E-05 2.249E-05 2.000E-05 2.084E-05 1.627E-05 4.974E-06 2.284E-06 3.370E-06 7.555E-06 3.504E-05 5.631E-05 1.012E-04 9.880E-05 7.723E-05 3.378E-05 2.999E-05 2.980E-05 3.016E-05 3.558E-05 1.944E-05 1.542E-05 1.439E-05 1.317E-05 1.434E-05 2.432E-05 3.468E-05 4.425E-05 5.062E-05 5.738E-05 5.327E-05 3.194E-05 2.300E-05 1.453E-05 9.411E-06
  1.740E+02  1.943E-05 3.138E-05 6.525E-05 1.055E-04 1.806E-04 2.104E-04 2.797E-04 3.226E-04 3.270E-04 3.503E-04 3.620E-04 3.706E-04 3.651E-04 3.724E-04 3.396E-04 3.126E-04 2.894E-04 2.685E-04 1.706E-04 6.991E-05 9.451E-05 1.037E-04 1.041E-04 1.060E-04 1.125E-04 8.923E-05 5.445E-05 3.284E-05 2.277E-05 2.020E-05 2.107E-05 1.634E-05 4.990E-06 2.287E-06 3.372E-06 7.564E-06 3.513E-05 5.652E-05 1.015E-04 9.914E-05 7.758E-05 3.386E-05 3.006E-05 2.986E-05 3.022E-05 3.567E-05 1.949E-05 1.546E-05 1.442E-05 1.319E-05 1.437E-05 2.436E-05 3.475E-05 4.435E-05 5.075E-05 5.754E-05 5.344E-05 3.204E-05 2.308E-05 1.459E-05 9.446E-06
  1.760E+02  2.062E-05 3.312E-05 6.579E-05 1.061E-04 1.804E-04 2.136E-04 2.864E-04 3.262E-04 3.279E-04 3.477E-04 3.573E-04 3.737E-04 3.726E-04 3.922E-04 3.810E-04 3.575E-04 3.384E-04 3.163E-04 1.957E-04 7.635E-05 1.034E-04 1.129E-04 1.129E-04 1.139E-04 1.198E-04 9.341E-05 5.600E-05 3.335E-05 2.298E-05 2.036E-05 2.125E-05 1.640E-05 5.002E-06 2.289E-06 3.374E-06 7.571E-06 3.520E-05 5.668E-05 1.018E-04 9.940E-05 7.783E-05 3.393E-05 3.012E-05 2.991E-05 3.027E-05 3.573E-05 1.952E-05 1.548E-05 1.444E-05 1.321E-05 1.439E-05 2.440E-05 3.480E-05 4.442E-05 5.084E-05 5.766E-05 5.356E-05 3.212E-05 2.313E-05 1.462E-05 9.471E-06
  1.780E+02  2.291E-05 3.682E-05 6.926E-05 1.113E-04 1.758E-04 2.123E-04 2.781E-04 3.072E-04 3.227E-04 3.514E-04 3.680E-04 4.015E-04 4.162E-04 4.378E-04 4.334E-04 4.030E-04 3.816E-04 3.547E-04 2.149E-04 8.103E-05 1.098E-04 1.194E-04 1.191E-04 1.194E-04 1.248E-04 9.619E-05 5.700E-05 3.367E-05 2.312E-05 2.046E-05 2.136E-05 1.643E-05 5.009E-06 2.290E-06 3.375E-06 7.575E-06 3.524E-05 5.678E-05 1.020E-04 9.955E-05 7.798E-05 3.397E-05 3.015E-05 2.993E-05 3.030E-05 3.577E-05 1.954E-05 1.550E-05 1.446E-05 1.322E-05 1.440E-05 2.442E-05 3.483E-05 4.447E-05 5.090E-05 5.773E-05 5.364E-05 3.216E-05 2.317E-05 1.465E-05 9.487E-06
  1.800E+02  2.442E-05 3.961E-05 7.503E-05 1.223E-04 1.911E-04 2.322E-04 3.055E-04 3.307E-04 3.521E-04 3.847E-04 3.988E-04 4.381E-04 4.546E-04 4.689E-04 4.591E-04 4.228E-04 3.991E-04 3.695E-04 2.221E-04 8.274E-05 1.121E-04 1.218E-04 1.213E-04 1.214E-04 1.266E-04 9.717E-05 5.736E-05 3.378E-05 2.316E-05 2.049E-05 2.140E-05 1.644E-05 5.012E-06 2.290E-06 3.375E-06 7.576E-06 3.526E-05 5.681E-05 1.020E-04 9.960E-05 7.803E-05 3.398E-05 3.016E-05 2.994E-05 3.031E-05 3.578E-05 1.955E-05 1.550E-05 1.446E-05 1.322E-05 1.440E-05 2.443E-05 3.484E-05 4.448E-05 5.092E-05 5.775E-05 5.366E-05 3.218E-05 2.318E-05 1.465E-05 9.492E-06
