# soot                
#
# size distribution: lognormal
# ------------------
#
#   minimum radius, [um]:      5.000E-03
#   maximum radius, [um]:      2.000E+01
#                  sigma:      2.000E+00
#       Rmod (wet), [um]:      1.180E-02
#       Rmod (dry), [um]:      1.180E-02
#
# optical parameters:
# -------------------
#
# wavelength ext.coef  sca.coef  abs.coef  si.sc.alb  asym.par  ext.nor    ref.real  ref.imag
#     [um]     [1/km]    [1/km]    [1/km]
#
#  2.500E-01 1.356E-06 4.177E-07 9.381E-07 3.081E-01 0.502E+00 2.447E+00  1.620E+00 -4.500E-01
#  3.000E-01 1.212E-06 3.790E-07 8.329E-07 3.128E-01 0.453E+00 2.188E+00  1.740E+00 -4.700E-01
#  3.500E-01 1.017E-06 2.957E-07 7.217E-07 2.906E-01 0.422E+00 1.837E+00  1.750E+00 -4.650E-01
#  4.000E-01 8.612E-07 2.301E-07 6.311E-07 2.672E-01 0.396E+00 1.555E+00  1.750E+00 -4.600E-01
#  4.500E-01 7.375E-07 1.811E-07 5.564E-07 2.456E-01 0.374E+00 1.331E+00  1.750E+00 -4.550E-01
#  5.000E-01 6.385E-07 1.441E-07 4.943E-07 2.257E-01 0.353E+00 1.153E+00  1.750E+00 -4.500E-01
#  5.500E-01 5.540E-07 1.157E-07 4.383E-07 2.088E-01 0.336E+00 1.000E+00  1.750E+00 -4.400E-01
#  6.000E-01 4.885E-07 9.380E-08 3.947E-07 1.920E-01 0.320E+00 8.818E-01  1.750E+00 -4.350E-01
#  6.500E-01 4.379E-07 7.688E-08 3.611E-07 1.756E-01 0.305E+00 7.906E-01  1.750E+00 -4.350E-01
#  7.000E-01 3.923E-07 6.340E-08 3.289E-07 1.616E-01 0.291E+00 7.082E-01  1.750E+00 -4.300E-01
#  7.500E-01 3.570E-07 5.279E-08 3.043E-07 1.479E-01 0.278E+00 6.445E-01  1.750E+00 -4.300E-01
#  8.000E-01 3.270E-07 4.427E-08 2.828E-07 1.354E-01 0.266E+00 5.904E-01  1.750E+00 -4.300E-01
#  9.000E-01 2.818E-07 3.183E-08 2.500E-07 1.129E-01 0.244E+00 5.087E-01  1.750E+00 -4.350E-01
#  1.000E+00 2.467E-07 2.381E-08 2.229E-07 9.653E-02 0.225E+00 4.453E-01  1.760E+00 -4.400E-01
#  1.250E+00 1.890E-07 1.201E-08 1.770E-07 6.354E-02 0.186E+00 3.412E-01  1.760E+00 -4.500E-01
#  1.500E+00 1.533E-07 6.755E-09 1.465E-07 4.407E-02 0.158E+00 2.767E-01  1.770E+00 -4.600E-01
#  1.750E+00 1.311E-07 4.176E-09 1.270E-07 3.184E-02 0.135E+00 2.367E-01  1.790E+00 -4.800E-01
#  2.000E+00 1.139E-07 2.667E-09 1.112E-07 2.343E-02 0.117E+00 2.055E-01  1.800E+00 -4.900E-01
#  2.500E+00 9.081E-08 1.236E-09 8.958E-08 1.361E-02 0.911E-01 1.639E-01  1.820E+00 -5.100E-01
#  3.000E+00 7.743E-08 6.572E-10 7.678E-08 8.487E-03 0.723E-01 1.398E-01  1.840E+00 -5.400E-01
#  3.200E+00 7.113E-08 5.253E-10 7.061E-08 7.385E-03 0.672E-01 1.284E-01  1.860E+00 -5.400E-01
#  3.390E+00 6.749E-08 4.292E-10 6.706E-08 6.359E-03 0.623E-01 1.218E-01  1.870E+00 -5.495E-01
#  3.500E+00 6.584E-08 3.875E-10 6.545E-08 5.886E-03 0.597E-01 1.189E-01  1.880E+00 -5.600E-01
#  3.750E+00 6.123E-08 3.055E-10 6.092E-08 4.989E-03 0.546E-01 1.105E-01  1.900E+00 -5.700E-01
#  4.000E+00 5.720E-08 2.444E-10 5.696E-08 4.273E-03 0.502E-01 1.033E-01  1.920E+00 -5.800E-01
#  4.500E+00 5.057E-08 1.582E-10 5.041E-08 3.128E-03 0.424E-01 9.128E-02  1.940E+00 -5.900E-01
#  5.000E+00 4.492E-08 1.080E-10 4.481E-08 2.404E-03 0.366E-01 8.108E-02  1.970E+00 -6.000E-01
#  5.500E+00 4.066E-08 7.582E-11 4.058E-08 1.865E-03 0.316E-01 7.340E-02  1.990E+00 -6.100E-01
#  6.000E+00 3.681E-08 5.534E-11 3.675E-08 1.504E-03 0.278E-01 6.644E-02  2.020E+00 -6.200E-01
#  6.200E+00 3.555E-08 4.912E-11 3.550E-08 1.382E-03 0.264E-01 6.418E-02  2.030E+00 -6.250E-01
#  6.500E+00 3.384E-08 4.112E-11 3.380E-08 1.215E-03 0.245E-01 6.109E-02  2.040E+00 -6.300E-01
#  7.200E+00 3.084E-08 2.814E-11 3.081E-08 9.124E-04 0.206E-01 5.567E-02  2.060E+00 -6.500E-01
#  7.900E+00 2.741E-08 2.049E-11 2.739E-08 7.477E-04 0.180E-01 4.948E-02  2.120E+00 -6.700E-01
#  8.200E+00 2.652E-08 1.789E-11 2.650E-08 6.745E-04 0.169E-01 4.787E-02  2.130E+00 -6.800E-01
#  8.500E+00 2.547E-08 1.578E-11 2.545E-08 6.198E-04 0.159E-01 4.597E-02  2.150E+00 -6.900E-01
#  8.700E+00 2.467E-08 1.446E-11 2.465E-08 5.862E-04 0.154E-01 4.453E-02  2.160E+00 -6.900E-01
#  9.000E+00 2.394E-08 1.278E-11 2.392E-08 5.340E-04 0.145E-01 4.321E-02  2.170E+00 -7.000E-01
#  9.200E+00 2.321E-08 1.177E-11 2.320E-08 5.069E-04 0.140E-01 4.191E-02  2.180E+00 -7.000E-01
#  9.500E+00 2.256E-08 1.047E-11 2.255E-08 4.641E-04 0.132E-01 4.073E-02  2.190E+00 -7.100E-01
#  9.800E+00 2.182E-08 9.324E-12 2.181E-08 4.274E-04 0.125E-01 3.938E-02  2.200E+00 -7.150E-01
#  1.000E+01 2.133E-08 8.672E-12 2.132E-08 4.066E-04 0.121E-01 3.850E-02  2.210E+00 -7.200E-01
#  1.060E+01 2.018E-08 6.942E-12 2.017E-08 3.440E-04 0.109E-01 3.643E-02  2.220E+00 -7.300E-01
#  1.100E+01 1.928E-08 6.012E-12 1.927E-08 3.119E-04 0.102E-01 3.480E-02  2.230E+00 -7.300E-01
#  1.150E+01 1.850E-08 5.086E-12 1.849E-08 2.750E-04 0.937E-02 3.339E-02  2.240E+00 -7.400E-01
#  1.250E+01 1.678E-08 3.715E-12 1.677E-08 2.214E-04 0.810E-02 3.029E-02  2.270E+00 -7.500E-01
#  1.300E+01 1.618E-08 3.208E-12 1.617E-08 1.983E-04 0.751E-02 2.920E-02  2.280E+00 -7.600E-01
#  1.400E+01 1.489E-08 2.437E-12 1.489E-08 1.636E-04 0.659E-02 2.688E-02  2.310E+00 -7.750E-01
#  1.480E+01 1.408E-08 1.984E-12 1.407E-08 1.409E-04 0.596E-02 2.541E-02  2.330E+00 -7.900E-01
#  1.500E+01 1.389E-08 1.879E-12 1.389E-08 1.353E-04 0.580E-02 2.507E-02  2.330E+00 -7.900E-01
#  1.640E+01 1.265E-08 1.345E-12 1.265E-08 1.064E-04 0.492E-02 2.283E-02  2.360E+00 -8.100E-01
#  1.720E+01 1.198E-08 1.126E-12 1.198E-08 9.400E-05 0.451E-02 2.163E-02  2.380E+00 -8.200E-01
#  1.800E+01 1.132E-08 9.483E-13 1.132E-08 8.380E-05 0.418E-02 2.043E-02  2.400E+00 -8.250E-01
#  1.850E+01 1.098E-08 8.551E-13 1.098E-08 7.790E-05 0.397E-02 1.981E-02  2.410E+00 -8.300E-01
#  2.000E+01 1.002E-08 6.414E-13 1.002E-08 6.402E-05 0.347E-02 1.809E-02  2.450E+00 -8.500E-01
#  2.130E+01 9.419E-09 5.025E-13 9.418E-09 5.335E-05 0.307E-02 1.700E-02  2.460E+00 -8.600E-01
#  2.250E+01 8.855E-09 4.081E-13 8.855E-09 4.607E-05 0.279E-02 1.598E-02  2.480E+00 -8.700E-01
#  2.500E+01 7.920E-09 2.728E-13 7.920E-09 3.445E-05 0.232E-02 1.430E-02  2.510E+00 -8.900E-01
#  2.790E+01 7.050E-09 1.791E-13 7.050E-09 2.539E-05 0.186E-02 1.273E-02  2.540E+00 -9.100E-01
#  3.000E+01 6.512E-09 1.363E-13 6.512E-09 2.092E-05 0.167E-02 1.176E-02  2.570E+00 -9.300E-01
#  3.500E+01 5.499E-09 7.608E-14 5.499E-09 1.383E-05 0.130E-02 9.926E-03  2.630E+00 -9.700E-01
#  4.000E+01 4.699E-09 4.583E-14 4.699E-09 9.775E-06 0.120E-02 8.482E-03  2.690E+00 -1.000E+00
#
# volume phase function [1/km]:
# -----------------------------
#
# sca.ang. | wavelengths --->
# ---------|------------------
#          | 2.500E-01 3.000E-01 3.500E-01 4.000E-01 4.500E-01 5.000E-01 5.500E-01 6.000E-01 6.500E-01 7.000E-01 7.500E-01 8.000E-01 9.000E-01 1.000E+00 1.250E+00 1.500E+00 1.750E+00 2.000E+00 2.500E+00 3.000E+00 3.200E+00 3.390E+00 3.500E+00 3.750E+00 4.000E+00 4.500E+00 5.000E+00 5.500E+00 6.000E+00 6.200E+00 6.500E+00 7.200E+00 7.900E+00 8.200E+00 8.500E+00 8.700E+00 9.000E+00 9.200E+00 9.500E+00 9.800E+00 1.000E+01 1.060E+01 1.100E+01 1.150E+01 1.250E+01 1.300E+01 1.400E+01 1.480E+01 1.500E+01 1.640E+01 1.720E+01 1.800E+01 1.850E+01 2.000E+01 2.130E+01 2.250E+01 2.500E+01 2.790E+01 3.000E+01 3.500E+01 4.000E+01
#
  0.000E+00  2.151E-07 1.592E-07 1.105E-07 7.846E-08 5.727E-08 4.275E-08 3.251E-08 2.513E-08 1.971E-08 1.565E-08 1.257E-08 1.020E-08 6.919E-09 4.924E-09 2.252E-09 1.179E-09 6.893E-10 4.216E-10 1.833E-10 9.312E-11 7.351E-11 5.934E-11 5.325E-11 4.146E-11 3.282E-11 2.085E-11 1.404E-11 9.744E-12 7.046E-12 6.233E-12 5.195E-12 3.523E-12 2.550E-12 2.220E-12 1.954E-12 1.788E-12 1.577E-12 1.450E-12 1.289E-12 1.145E-12 1.064E-12 8.493E-13 7.346E-13 6.203E-13 4.519E-13 3.893E-13 2.952E-13 2.401E-13 2.273E-13 1.625E-13 1.358E-13 1.144E-13 1.030E-13 7.721E-14 6.044E-14 4.909E-14 3.282E-14 2.143E-14 1.634E-14 9.102E-15 5.519E-15
  1.000E-01  2.151E-07 1.592E-07 1.105E-07 7.846E-08 5.727E-08 4.274E-08 3.251E-08 2.513E-08 1.971E-08 1.565E-08 1.257E-08 1.020E-08 6.919E-09 4.924E-09 2.252E-09 1.179E-09 6.893E-10 4.216E-10 1.833E-10 9.312E-11 7.351E-11 5.934E-11 5.325E-11 4.146E-11 3.282E-11 2.085E-11 1.404E-11 9.743E-12 7.046E-12 6.233E-12 5.195E-12 3.523E-12 2.550E-12 2.220E-12 1.954E-12 1.788E-12 1.577E-12 1.450E-12 1.289E-12 1.145E-12 1.064E-12 8.493E-13 7.346E-13 6.203E-13 4.519E-13 3.893E-13 2.952E-13 2.401E-13 2.273E-13 1.625E-13 1.358E-13 1.144E-13 1.030E-13 7.721E-14 6.044E-14 4.909E-14 3.282E-14 2.143E-14 1.634E-14 9.102E-15 5.519E-15
  2.000E-01  2.151E-07 1.592E-07 1.105E-07 7.846E-08 5.727E-08 4.274E-08 3.251E-08 2.513E-08 1.971E-08 1.565E-08 1.257E-08 1.020E-08 6.919E-09 4.924E-09 2.252E-09 1.179E-09 6.893E-10 4.216E-10 1.833E-10 9.312E-11 7.351E-11 5.934E-11 5.325E-11 4.146E-11 3.282E-11 2.085E-11 1.404E-11 9.743E-12 7.046E-12 6.233E-12 5.195E-12 3.523E-12 2.550E-12 2.220E-12 1.954E-12 1.788E-12 1.577E-12 1.450E-12 1.289E-12 1.145E-12 1.064E-12 8.493E-13 7.346E-13 6.203E-13 4.519E-13 3.893E-13 2.952E-13 2.401E-13 2.273E-13 1.625E-13 1.358E-13 1.144E-13 1.030E-13 7.721E-14 6.044E-14 4.909E-14 3.282E-14 2.143E-14 1.634E-14 9.102E-15 5.519E-15
  3.000E-01  2.151E-07 1.592E-07 1.105E-07 7.846E-08 5.726E-08 4.274E-08 3.251E-08 2.513E-08 1.971E-08 1.565E-08 1.257E-08 1.020E-08 6.919E-09 4.924E-09 2.252E-09 1.179E-09 6.893E-10 4.216E-10 1.833E-10 9.312E-11 7.351E-11 5.934E-11 5.325E-11 4.146E-11 3.282E-11 2.085E-11 1.404E-11 9.743E-12 7.046E-12 6.233E-12 5.195E-12 3.523E-12 2.550E-12 2.220E-12 1.954E-12 1.788E-12 1.577E-12 1.450E-12 1.289E-12 1.145E-12 1.064E-12 8.493E-13 7.346E-13 6.203E-13 4.519E-13 3.893E-13 2.952E-13 2.401E-13 2.273E-13 1.625E-13 1.358E-13 1.144E-13 1.030E-13 7.721E-14 6.044E-14 4.909E-14 3.282E-14 2.143E-14 1.634E-14 9.101E-15 5.519E-15
  4.000E-01  2.151E-07 1.592E-07 1.104E-07 7.845E-08 5.726E-08 4.274E-08 3.251E-08 2.513E-08 1.971E-08 1.565E-08 1.257E-08 1.020E-08 6.918E-09 4.924E-09 2.252E-09 1.179E-09 6.893E-10 4.216E-10 1.833E-10 9.312E-11 7.351E-11 5.934E-11 5.325E-11 4.146E-11 3.282E-11 2.085E-11 1.404E-11 9.743E-12 7.046E-12 6.233E-12 5.195E-12 3.522E-12 2.550E-12 2.220E-12 1.954E-12 1.788E-12 1.577E-12 1.450E-12 1.289E-12 1.145E-12 1.064E-12 8.493E-13 7.346E-13 6.203E-13 4.519E-13 3.893E-13 2.952E-13 2.401E-13 2.273E-13 1.625E-13 1.358E-13 1.144E-13 1.030E-13 7.721E-14 6.044E-14 4.909E-14 3.282E-14 2.143E-14 1.634E-14 9.101E-15 5.519E-15
  5.000E-01  2.151E-07 1.592E-07 1.104E-07 7.845E-08 5.726E-08 4.274E-08 3.251E-08 2.513E-08 1.971E-08 1.564E-08 1.257E-08 1.020E-08 6.918E-09 4.924E-09 2.252E-09 1.179E-09 6.893E-10 4.215E-10 1.833E-10 9.312E-11 7.351E-11 5.934E-11 5.325E-11 4.146E-11 3.282E-11 2.085E-11 1.404E-11 9.743E-12 7.046E-12 6.233E-12 5.195E-12 3.522E-12 2.550E-12 2.220E-12 1.954E-12 1.788E-12 1.577E-12 1.450E-12 1.289E-12 1.145E-12 1.064E-12 8.493E-13 7.346E-13 6.202E-13 4.519E-13 3.893E-13 2.951E-13 2.401E-13 2.273E-13 1.625E-13 1.358E-13 1.144E-13 1.030E-13 7.721E-14 6.044E-14 4.908E-14 3.282E-14 2.143E-14 1.634E-14 9.101E-15 5.519E-15
  6.000E-01  2.150E-07 1.592E-07 1.104E-07 7.844E-08 5.726E-08 4.274E-08 3.251E-08 2.513E-08 1.971E-08 1.564E-08 1.257E-08 1.020E-08 6.918E-09 4.923E-09 2.252E-09 1.179E-09 6.892E-10 4.215E-10 1.833E-10 9.312E-11 7.350E-11 5.934E-11 5.325E-11 4.146E-11 3.282E-11 2.085E-11 1.404E-11 9.743E-12 7.046E-12 6.233E-12 5.195E-12 3.522E-12 2.550E-12 2.220E-12 1.954E-12 1.788E-12 1.577E-12 1.450E-12 1.289E-12 1.145E-12 1.064E-12 8.493E-13 7.346E-13 6.202E-13 4.519E-13 3.893E-13 2.951E-13 2.401E-13 2.273E-13 1.625E-13 1.358E-13 1.144E-13 1.030E-13 7.721E-14 6.044E-14 4.908E-14 3.282E-14 2.142E-14 1.634E-14 9.101E-15 5.519E-15
  7.000E-01  2.150E-07 1.591E-07 1.104E-07 7.844E-08 5.725E-08 4.273E-08 3.251E-08 2.513E-08 1.970E-08 1.564E-08 1.257E-08 1.020E-08 6.918E-09 4.923E-09 2.252E-09 1.179E-09 6.892E-10 4.215E-10 1.833E-10 9.311E-11 7.350E-11 5.934E-11 5.325E-11 4.146E-11 3.282E-11 2.085E-11 1.404E-11 9.743E-12 7.046E-12 6.233E-12 5.195E-12 3.522E-12 2.550E-12 2.220E-12 1.954E-12 1.788E-12 1.577E-12 1.450E-12 1.289E-12 1.145E-12 1.064E-12 8.493E-13 7.346E-13 6.202E-13 4.518E-13 3.893E-13 2.951E-13 2.401E-13 2.273E-13 1.625E-13 1.358E-13 1.144E-13 1.030E-13 7.721E-14 6.043E-14 4.908E-14 3.282E-14 2.142E-14 1.634E-14 9.101E-15 5.518E-15
  8.000E-01  2.150E-07 1.591E-07 1.104E-07 7.843E-08 5.725E-08 4.273E-08 3.250E-08 2.512E-08 1.970E-08 1.564E-08 1.257E-08 1.020E-08 6.917E-09 4.923E-09 2.252E-09 1.179E-09 6.892E-10 4.215E-10 1.833E-10 9.311E-11 7.350E-11 5.934E-11 5.324E-11 4.146E-11 3.282E-11 2.085E-11 1.404E-11 9.742E-12 7.045E-12 6.232E-12 5.195E-12 3.522E-12 2.550E-12 2.220E-12 1.954E-12 1.788E-12 1.577E-12 1.450E-12 1.289E-12 1.145E-12 1.064E-12 8.493E-13 7.346E-13 6.202E-13 4.518E-13 3.893E-13 2.951E-13 2.401E-13 2.273E-13 1.625E-13 1.358E-13 1.143E-13 1.030E-13 7.720E-14 6.043E-14 4.908E-14 3.282E-14 2.142E-14 1.634E-14 9.101E-15 5.518E-15
  9.000E-01  2.149E-07 1.591E-07 1.104E-07 7.842E-08 5.724E-08 4.273E-08 3.250E-08 2.512E-08 1.970E-08 1.564E-08 1.257E-08 1.020E-08 6.917E-09 4.923E-09 2.252E-09 1.179E-09 6.892E-10 4.215E-10 1.833E-10 9.311E-11 7.350E-11 5.933E-11 5.324E-11 4.146E-11 3.282E-11 2.085E-11 1.404E-11 9.742E-12 7.045E-12 6.232E-12 5.194E-12 3.522E-12 2.549E-12 2.220E-12 1.954E-12 1.788E-12 1.577E-12 1.450E-12 1.289E-12 1.145E-12 1.064E-12 8.492E-13 7.345E-13 6.202E-13 4.518E-13 3.893E-13 2.951E-13 2.401E-13 2.273E-13 1.624E-13 1.357E-13 1.143E-13 1.030E-13 7.720E-14 6.043E-14 4.908E-14 3.282E-14 2.142E-14 1.634E-14 9.100E-15 5.518E-15
  1.000E+00  2.149E-07 1.591E-07 1.104E-07 7.841E-08 5.724E-08 4.272E-08 3.250E-08 2.512E-08 1.970E-08 1.564E-08 1.257E-08 1.020E-08 6.917E-09 4.923E-09 2.252E-09 1.179E-09 6.892E-10 4.215E-10 1.833E-10 9.311E-11 7.350E-11 5.933E-11 5.324E-11 4.146E-11 3.282E-11 2.085E-11 1.404E-11 9.742E-12 7.045E-12 6.232E-12 5.194E-12 3.522E-12 2.549E-12 2.220E-12 1.954E-12 1.788E-12 1.577E-12 1.450E-12 1.289E-12 1.145E-12 1.064E-12 8.492E-13 7.345E-13 6.202E-13 4.518E-13 3.892E-13 2.951E-13 2.401E-13 2.273E-13 1.624E-13 1.357E-13 1.143E-13 1.030E-13 7.720E-14 6.043E-14 4.908E-14 3.282E-14 2.142E-14 1.634E-14 9.100E-15 5.518E-15
  1.100E+00  2.148E-07 1.590E-07 1.104E-07 7.840E-08 5.723E-08 4.272E-08 3.250E-08 2.512E-08 1.970E-08 1.564E-08 1.256E-08 1.020E-08 6.916E-09 4.922E-09 2.251E-09 1.179E-09 6.891E-10 4.215E-10 1.833E-10 9.310E-11 7.349E-11 5.933E-11 5.324E-11 4.146E-11 3.281E-11 2.085E-11 1.404E-11 9.742E-12 7.045E-12 6.232E-12 5.194E-12 3.522E-12 2.549E-12 2.219E-12 1.954E-12 1.788E-12 1.577E-12 1.450E-12 1.289E-12 1.145E-12 1.064E-12 8.492E-13 7.345E-13 6.201E-13 4.518E-13 3.892E-13 2.951E-13 2.401E-13 2.273E-13 1.624E-13 1.357E-13 1.143E-13 1.030E-13 7.720E-14 6.043E-14 4.908E-14 3.282E-14 2.142E-14 1.633E-14 9.100E-15 5.518E-15
  1.200E+00  2.148E-07 1.590E-07 1.103E-07 7.839E-08 5.722E-08 4.271E-08 3.249E-08 2.511E-08 1.970E-08 1.564E-08 1.256E-08 1.020E-08 6.916E-09 4.922E-09 2.251E-09 1.179E-09 6.891E-10 4.214E-10 1.833E-10 9.310E-11 7.349E-11 5.933E-11 5.324E-11 4.145E-11 3.281E-11 2.085E-11 1.404E-11 9.741E-12 7.044E-12 6.232E-12 5.194E-12 3.522E-12 2.549E-12 2.219E-12 1.954E-12 1.788E-12 1.577E-12 1.450E-12 1.289E-12 1.145E-12 1.064E-12 8.492E-13 7.345E-13 6.201E-13 4.518E-13 3.892E-13 2.951E-13 2.400E-13 2.273E-13 1.624E-13 1.357E-13 1.143E-13 1.030E-13 7.719E-14 6.043E-14 4.908E-14 3.282E-14 2.142E-14 1.633E-14 9.100E-15 5.517E-15
  1.300E+00  2.147E-07 1.590E-07 1.103E-07 7.838E-08 5.721E-08 4.271E-08 3.249E-08 2.511E-08 1.970E-08 1.564E-08 1.256E-08 1.020E-08 6.915E-09 4.922E-09 2.251E-09 1.179E-09 6.891E-10 4.214E-10 1.833E-10 9.309E-11 7.349E-11 5.932E-11 5.323E-11 4.145E-11 3.281E-11 2.085E-11 1.404E-11 9.741E-12 7.044E-12 6.231E-12 5.194E-12 3.522E-12 2.549E-12 2.219E-12 1.954E-12 1.788E-12 1.577E-12 1.450E-12 1.288E-12 1.145E-12 1.064E-12 8.491E-13 7.344E-13 6.201E-13 4.518E-13 3.892E-13 2.951E-13 2.400E-13 2.272E-13 1.624E-13 1.357E-13 1.143E-13 1.030E-13 7.719E-14 6.042E-14 4.907E-14 3.281E-14 2.142E-14 1.633E-14 9.099E-15 5.517E-15
  1.400E+00  2.146E-07 1.589E-07 1.103E-07 7.836E-08 5.720E-08 4.270E-08 3.248E-08 2.511E-08 1.969E-08 1.563E-08 1.256E-08 1.020E-08 6.915E-09 4.921E-09 2.251E-09 1.179E-09 6.890E-10 4.214E-10 1.832E-10 9.309E-11 7.348E-11 5.932E-11 5.323E-11 4.145E-11 3.281E-11 2.085E-11 1.403E-11 9.740E-12 7.044E-12 6.231E-12 5.194E-12 3.521E-12 2.549E-12 2.219E-12 1.954E-12 1.788E-12 1.577E-12 1.450E-12 1.288E-12 1.145E-12 1.064E-12 8.491E-13 7.344E-13 6.201E-13 4.517E-13 3.892E-13 2.951E-13 2.400E-13 2.272E-13 1.624E-13 1.357E-13 1.143E-13 1.030E-13 7.719E-14 6.042E-14 4.907E-14 3.281E-14 2.142E-14 1.633E-14 9.099E-15 5.517E-15
  1.500E+00  2.145E-07 1.589E-07 1.103E-07 7.835E-08 5.720E-08 4.270E-08 3.248E-08 2.511E-08 1.969E-08 1.563E-08 1.256E-08 1.020E-08 6.914E-09 4.921E-09 2.251E-09 1.179E-09 6.890E-10 4.214E-10 1.832E-10 9.308E-11 7.348E-11 5.932E-11 5.323E-11 4.145E-11 3.281E-11 2.085E-11 1.403E-11 9.740E-12 7.044E-12 6.231E-12 5.193E-12 3.521E-12 2.549E-12 2.219E-12 1.954E-12 1.787E-12 1.577E-12 1.450E-12 1.288E-12 1.145E-12 1.064E-12 8.491E-13 7.344E-13 6.200E-13 4.517E-13 3.892E-13 2.951E-13 2.400E-13 2.272E-13 1.624E-13 1.357E-13 1.143E-13 1.030E-13 7.718E-14 6.042E-14 4.907E-14 3.281E-14 2.142E-14 1.633E-14 9.099E-15 5.517E-15
  1.600E+00  2.145E-07 1.589E-07 1.103E-07 7.833E-08 5.719E-08 4.269E-08 3.248E-08 2.510E-08 1.969E-08 1.563E-08 1.256E-08 1.019E-08 6.913E-09 4.920E-09 2.251E-09 1.179E-09 6.889E-10 4.214E-10 1.832E-10 9.308E-11 7.348E-11 5.932E-11 5.323E-11 4.145E-11 3.281E-11 2.085E-11 1.403E-11 9.739E-12 7.043E-12 6.231E-12 5.193E-12 3.521E-12 2.549E-12 2.219E-12 1.954E-12 1.787E-12 1.577E-12 1.450E-12 1.288E-12 1.145E-12 1.064E-12 8.490E-13 7.343E-13 6.200E-13 4.517E-13 3.891E-13 2.950E-13 2.400E-13 2.272E-13 1.624E-13 1.357E-13 1.143E-13 1.030E-13 7.718E-14 6.042E-14 4.907E-14 3.281E-14 2.142E-14 1.633E-14 9.098E-15 5.516E-15
  1.700E+00  2.144E-07 1.588E-07 1.102E-07 7.832E-08 5.718E-08 4.268E-08 3.247E-08 2.510E-08 1.969E-08 1.563E-08 1.256E-08 1.019E-08 6.913E-09 4.920E-09 2.250E-09 1.178E-09 6.889E-10 4.213E-10 1.832E-10 9.307E-11 7.347E-11 5.931E-11 5.322E-11 4.144E-11 3.281E-11 2.084E-11 1.403E-11 9.739E-12 7.043E-12 6.230E-12 5.193E-12 3.521E-12 2.549E-12 2.219E-12 1.953E-12 1.787E-12 1.576E-12 1.450E-12 1.288E-12 1.145E-12 1.064E-12 8.490E-13 7.343E-13 6.200E-13 4.517E-13 3.891E-13 2.950E-13 2.400E-13 2.272E-13 1.624E-13 1.357E-13 1.143E-13 1.030E-13 7.718E-14 6.041E-14 4.906E-14 3.281E-14 2.142E-14 1.633E-14 9.098E-15 5.516E-15
  1.800E+00  2.143E-07 1.588E-07 1.102E-07 7.830E-08 5.716E-08 4.268E-08 3.247E-08 2.510E-08 1.968E-08 1.563E-08 1.256E-08 1.019E-08 6.912E-09 4.919E-09 2.250E-09 1.178E-09 6.888E-10 4.213E-10 1.832E-10 9.307E-11 7.347E-11 5.931E-11 5.322E-11 4.144E-11 3.280E-11 2.084E-11 1.403E-11 9.738E-12 7.042E-12 6.230E-12 5.192E-12 3.521E-12 2.548E-12 2.219E-12 1.953E-12 1.787E-12 1.576E-12 1.450E-12 1.288E-12 1.145E-12 1.064E-12 8.489E-13 7.343E-13 6.200E-13 4.517E-13 3.891E-13 2.950E-13 2.400E-13 2.272E-13 1.624E-13 1.357E-13 1.143E-13 1.030E-13 7.717E-14 6.041E-14 4.906E-14 3.281E-14 2.142E-14 1.633E-14 9.097E-15 5.516E-15
  1.900E+00  2.142E-07 1.587E-07 1.102E-07 7.828E-08 5.715E-08 4.267E-08 3.246E-08 2.509E-08 1.968E-08 1.563E-08 1.255E-08 1.019E-08 6.911E-09 4.919E-09 2.250E-09 1.178E-09 6.888E-10 4.213E-10 1.832E-10 9.306E-11 7.346E-11 5.930E-11 5.322E-11 4.144E-11 3.280E-11 2.084E-11 1.403E-11 9.738E-12 7.042E-12 6.229E-12 5.192E-12 3.521E-12 2.548E-12 2.219E-12 1.953E-12 1.787E-12 1.576E-12 1.450E-12 1.288E-12 1.145E-12 1.064E-12 8.489E-13 7.342E-13 6.199E-13 4.516E-13 3.891E-13 2.950E-13 2.400E-13 2.272E-13 1.624E-13 1.357E-13 1.143E-13 1.030E-13 7.717E-14 6.041E-14 4.906E-14 3.280E-14 2.141E-14 1.633E-14 9.097E-15 5.515E-15
  2.000E+00  2.141E-07 1.586E-07 1.101E-07 7.826E-08 5.714E-08 4.266E-08 3.245E-08 2.509E-08 1.968E-08 1.562E-08 1.255E-08 1.019E-08 6.910E-09 4.918E-09 2.250E-09 1.178E-09 6.887E-10 4.212E-10 1.832E-10 9.306E-11 7.346E-11 5.930E-11 5.321E-11 4.144E-11 3.280E-11 2.084E-11 1.403E-11 9.737E-12 7.042E-12 6.229E-12 5.192E-12 3.520E-12 2.548E-12 2.218E-12 1.953E-12 1.787E-12 1.576E-12 1.449E-12 1.288E-12 1.145E-12 1.064E-12 8.488E-13 7.342E-13 6.199E-13 4.516E-13 3.891E-13 2.950E-13 2.399E-13 2.272E-13 1.624E-13 1.357E-13 1.143E-13 1.030E-13 7.716E-14 6.040E-14 4.906E-14 3.280E-14 2.141E-14 1.633E-14 9.096E-15 5.515E-15
  3.000E+00  2.128E-07 1.579E-07 1.097E-07 7.802E-08 5.698E-08 4.255E-08 3.238E-08 2.504E-08 1.964E-08 1.559E-08 1.253E-08 1.017E-08 6.900E-09 4.911E-09 2.247E-09 1.177E-09 6.880E-10 4.208E-10 1.830E-10 9.297E-11 7.339E-11 5.925E-11 5.317E-11 4.140E-11 3.277E-11 2.082E-11 1.402E-11 9.729E-12 7.036E-12 6.224E-12 5.188E-12 3.518E-12 2.546E-12 2.217E-12 1.952E-12 1.786E-12 1.575E-12 1.448E-12 1.287E-12 1.144E-12 1.063E-12 8.482E-13 7.336E-13 6.194E-13 4.512E-13 3.888E-13 2.948E-13 2.398E-13 2.270E-13 1.622E-13 1.356E-13 1.142E-13 1.029E-13 7.710E-14 6.035E-14 4.902E-14 3.277E-14 2.140E-14 1.632E-14 9.089E-15 5.510E-15
  4.000E+00  2.111E-07 1.570E-07 1.092E-07 7.768E-08 5.676E-08 4.241E-08 3.228E-08 2.496E-08 1.958E-08 1.555E-08 1.250E-08 1.015E-08 6.885E-09 4.902E-09 2.243E-09 1.175E-09 6.870E-10 4.202E-10 1.828E-10 9.286E-11 7.330E-11 5.918E-11 5.310E-11 4.135E-11 3.273E-11 2.080E-11 1.400E-11 9.718E-12 7.028E-12 6.217E-12 5.182E-12 3.514E-12 2.543E-12 2.214E-12 1.949E-12 1.784E-12 1.573E-12 1.447E-12 1.286E-12 1.142E-12 1.062E-12 8.472E-13 7.328E-13 6.187E-13 4.508E-13 3.884E-13 2.944E-13 2.395E-13 2.267E-13 1.621E-13 1.354E-13 1.141E-13 1.028E-13 7.702E-14 6.029E-14 4.896E-14 3.274E-14 2.138E-14 1.630E-14 9.080E-15 5.503E-15
  5.000E+00  2.089E-07 1.558E-07 1.085E-07 7.725E-08 5.648E-08 4.222E-08 3.215E-08 2.487E-08 1.952E-08 1.550E-08 1.246E-08 1.012E-08 6.866E-09 4.889E-09 2.238E-09 1.173E-09 6.857E-10 4.195E-10 1.825E-10 9.271E-11 7.319E-11 5.909E-11 5.302E-11 4.129E-11 3.268E-11 2.077E-11 1.398E-11 9.704E-12 7.018E-12 6.208E-12 5.175E-12 3.509E-12 2.540E-12 2.211E-12 1.947E-12 1.781E-12 1.571E-12 1.445E-12 1.284E-12 1.141E-12 1.060E-12 8.461E-13 7.318E-13 6.179E-13 4.501E-13 3.878E-13 2.940E-13 2.392E-13 2.264E-13 1.618E-13 1.353E-13 1.139E-13 1.026E-13 7.691E-14 6.020E-14 4.889E-14 3.269E-14 2.135E-14 1.628E-14 9.068E-15 5.494E-15
  6.000E+00  2.064E-07 1.543E-07 1.076E-07 7.673E-08 5.615E-08 4.199E-08 3.199E-08 2.475E-08 1.943E-08 1.544E-08 1.241E-08 1.008E-08 6.843E-09 4.874E-09 2.232E-09 1.170E-09 6.841E-10 4.186E-10 1.821E-10 9.253E-11 7.305E-11 5.898E-11 5.292E-11 4.121E-11 3.262E-11 2.073E-11 1.396E-11 9.687E-12 7.006E-12 6.197E-12 5.166E-12 3.503E-12 2.535E-12 2.207E-12 1.943E-12 1.778E-12 1.568E-12 1.442E-12 1.282E-12 1.139E-12 1.058E-12 8.446E-13 7.305E-13 6.168E-13 4.493E-13 3.872E-13 2.935E-13 2.388E-13 2.260E-13 1.616E-13 1.350E-13 1.137E-13 1.025E-13 7.678E-14 6.010E-14 4.881E-14 3.263E-14 2.132E-14 1.625E-14 9.053E-15 5.483E-15
  8.000E+00  2.002E-07 1.508E-07 1.056E-07 7.545E-08 5.531E-08 4.143E-08 3.159E-08 2.447E-08 1.922E-08 1.528E-08 1.229E-08 9.990E-09 6.785E-09 4.836E-09 2.217E-09 1.162E-09 6.801E-10 4.162E-10 1.812E-10 9.208E-11 7.270E-11 5.869E-11 5.267E-11 4.102E-11 3.247E-11 2.064E-11 1.389E-11 9.644E-12 6.975E-12 6.170E-12 5.143E-12 3.487E-12 2.524E-12 2.198E-12 1.935E-12 1.770E-12 1.562E-12 1.436E-12 1.276E-12 1.134E-12 1.054E-12 8.410E-13 7.273E-13 6.142E-13 4.474E-13 3.855E-13 2.923E-13 2.377E-13 2.251E-13 1.609E-13 1.345E-13 1.132E-13 1.020E-13 7.645E-14 5.984E-14 4.859E-14 3.248E-14 2.123E-14 1.618E-14 9.015E-15 5.456E-15
  1.000E+01  1.930E-07 1.466E-07 1.031E-07 7.388E-08 5.428E-08 4.072E-08 3.110E-08 2.411E-08 1.896E-08 1.509E-08 1.214E-08 9.873E-09 6.712E-09 4.787E-09 2.197E-09 1.153E-09 6.750E-10 4.133E-10 1.800E-10 9.150E-11 7.224E-11 5.833E-11 5.235E-11 4.077E-11 3.228E-11 2.051E-11 1.381E-11 9.588E-12 6.935E-12 6.135E-12 5.114E-12 3.468E-12 2.510E-12 2.185E-12 1.924E-12 1.760E-12 1.553E-12 1.428E-12 1.269E-12 1.128E-12 1.048E-12 8.363E-13 7.233E-13 6.108E-13 4.449E-13 3.834E-13 2.907E-13 2.364E-13 2.238E-13 1.600E-13 1.337E-13 1.126E-13 1.015E-13 7.602E-14 5.951E-14 4.832E-14 3.229E-14 2.112E-14 1.609E-14 8.968E-15 5.423E-15
  1.200E+01  1.849E-07 1.418E-07 1.002E-07 7.205E-08 5.308E-08 3.990E-08 3.052E-08 2.369E-08 1.865E-08 1.485E-08 1.196E-08 9.734E-09 6.625E-09 4.729E-09 2.174E-09 1.142E-09 6.689E-10 4.097E-10 1.785E-10 9.079E-11 7.170E-11 5.789E-11 5.196E-11 4.047E-11 3.204E-11 2.037E-11 1.372E-11 9.521E-12 6.887E-12 6.093E-12 5.078E-12 3.444E-12 2.493E-12 2.170E-12 1.911E-12 1.749E-12 1.542E-12 1.418E-12 1.260E-12 1.120E-12 1.041E-12 8.307E-13 7.184E-13 6.066E-13 4.419E-13 3.809E-13 2.888E-13 2.348E-13 2.224E-13 1.589E-13 1.328E-13 1.118E-13 1.008E-13 7.551E-14 5.911E-14 4.799E-14 3.207E-14 2.098E-14 1.598E-14 8.909E-15 5.382E-15
  1.400E+01  1.764E-07 1.365E-07 9.699E-08 7.002E-08 5.173E-08 3.897E-08 2.986E-08 2.322E-08 1.830E-08 1.459E-08 1.176E-08 9.575E-09 6.525E-09 4.662E-09 2.146E-09 1.129E-09 6.617E-10 4.055E-10 1.768E-10 8.997E-11 7.106E-11 5.738E-11 5.150E-11 4.012E-11 3.177E-11 2.020E-11 1.360E-11 9.442E-12 6.830E-12 6.043E-12 5.037E-12 3.416E-12 2.473E-12 2.153E-12 1.896E-12 1.735E-12 1.530E-12 1.407E-12 1.250E-12 1.111E-12 1.033E-12 8.241E-13 7.127E-13 6.018E-13 4.384E-13 3.779E-13 2.865E-13 2.329E-13 2.206E-13 1.576E-13 1.318E-13 1.109E-13 9.998E-14 7.491E-14 5.864E-14 4.761E-14 3.181E-14 2.083E-14 1.586E-14 8.841E-15 5.336E-15
  1.600E+01  1.675E-07 1.310E-07 9.358E-08 6.783E-08 5.026E-08 3.795E-08 2.913E-08 2.269E-08 1.790E-08 1.429E-08 1.153E-08 9.396E-09 6.412E-09 4.586E-09 2.116E-09 1.114E-09 6.536E-10 4.008E-10 1.749E-10 8.904E-11 7.033E-11 5.680E-11 5.098E-11 3.972E-11 3.145E-11 2.000E-11 1.347E-11 9.353E-12 6.766E-12 5.986E-12 4.990E-12 3.384E-12 2.450E-12 2.133E-12 1.878E-12 1.719E-12 1.516E-12 1.394E-12 1.239E-12 1.101E-12 1.023E-12 8.166E-13 7.062E-13 5.963E-13 4.343E-13 3.745E-13 2.839E-13 2.308E-13 2.186E-13 1.562E-13 1.306E-13 1.099E-13 9.907E-14 7.423E-14 5.810E-14 4.717E-14 3.151E-14 2.064E-14 1.572E-14 8.763E-15 5.284E-15
  1.800E+01  1.585E-07 1.253E-07 9.000E-08 6.550E-08 4.869E-08 3.686E-08 2.835E-08 2.212E-08 1.748E-08 1.396E-08 1.128E-08 9.200E-09 6.288E-09 4.503E-09 2.082E-09 1.097E-09 6.446E-10 3.955E-10 1.727E-10 8.799E-11 6.951E-11 5.615E-11 5.040E-11 3.928E-11 3.110E-11 1.978E-11 1.333E-11 9.253E-12 6.694E-12 5.923E-12 4.938E-12 3.349E-12 2.425E-12 2.111E-12 1.859E-12 1.701E-12 1.500E-12 1.380E-12 1.226E-12 1.090E-12 1.012E-12 8.082E-13 6.989E-13 5.902E-13 4.299E-13 3.707E-13 2.810E-13 2.285E-13 2.164E-13 1.546E-13 1.293E-13 1.088E-13 9.805E-14 7.347E-14 5.751E-14 4.669E-14 3.118E-14 2.044E-14 1.556E-14 8.676E-15 5.227E-15
  2.000E+01  1.495E-07 1.195E-07 8.632E-08 6.309E-08 4.705E-08 3.571E-08 2.752E-08 2.151E-08 1.702E-08 1.362E-08 1.101E-08 8.990E-09 6.154E-09 4.413E-09 2.045E-09 1.080E-09 6.347E-10 3.897E-10 1.704E-10 8.684E-11 6.862E-11 5.544E-11 4.977E-11 3.878E-11 3.072E-11 1.954E-11 1.317E-11 9.142E-12 6.615E-12 5.853E-12 4.880E-12 3.310E-12 2.397E-12 2.086E-12 1.837E-12 1.681E-12 1.483E-12 1.364E-12 1.212E-12 1.077E-12 1.001E-12 7.990E-13 6.909E-13 5.835E-13 4.249E-13 3.665E-13 2.778E-13 2.258E-13 2.139E-13 1.528E-13 1.278E-13 1.076E-13 9.694E-14 7.263E-14 5.685E-14 4.615E-14 3.082E-14 2.021E-14 1.538E-14 8.579E-15 5.165E-15
  2.200E+01  1.407E-07 1.136E-07 8.257E-08 6.060E-08 4.535E-08 3.451E-08 2.666E-08 2.087E-08 1.654E-08 1.325E-08 1.073E-08 8.767E-09 6.011E-09 4.317E-09 2.005E-09 1.060E-09 6.240E-10 3.835E-10 1.678E-10 8.560E-11 6.765E-11 5.466E-11 4.907E-11 3.825E-11 3.030E-11 1.928E-11 1.299E-11 9.023E-12 6.529E-12 5.777E-12 4.817E-12 3.267E-12 2.366E-12 2.060E-12 1.814E-12 1.660E-12 1.464E-12 1.346E-12 1.196E-12 1.063E-12 9.882E-13 7.889E-13 6.822E-13 5.761E-13 4.196E-13 3.619E-13 2.743E-13 2.230E-13 2.112E-13 1.509E-13 1.262E-13 1.062E-13 9.573E-14 7.172E-14 5.614E-14 4.557E-14 3.043E-14 1.996E-14 1.519E-14 8.473E-15 5.099E-15
  2.400E+01  1.321E-07 1.078E-07 7.880E-08 5.809E-08 4.361E-08 3.328E-08 2.576E-08 2.020E-08 1.604E-08 1.287E-08 1.043E-08 8.533E-09 5.861E-09 4.215E-09 1.962E-09 1.040E-09 6.126E-10 3.768E-10 1.651E-10 8.426E-11 6.660E-11 5.383E-11 4.833E-11 3.768E-11 2.985E-11 1.900E-11 1.280E-11 8.894E-12 6.437E-12 5.696E-12 4.749E-12 3.222E-12 2.333E-12 2.031E-12 1.789E-12 1.637E-12 1.444E-12 1.328E-12 1.180E-12 1.049E-12 9.746E-13 7.781E-13 6.728E-13 5.682E-13 4.139E-13 3.570E-13 2.706E-13 2.200E-13 2.084E-13 1.488E-13 1.245E-13 1.048E-13 9.443E-14 7.075E-14 5.538E-14 4.495E-14 3.001E-14 1.970E-14 1.499E-14 8.359E-15 5.029E-15
  2.600E+01  1.238E-07 1.021E-07 7.505E-08 5.556E-08 4.185E-08 3.203E-08 2.485E-08 1.952E-08 1.553E-08 1.247E-08 1.012E-08 8.290E-09 5.705E-09 4.109E-09 1.918E-09 1.018E-09 6.006E-10 3.697E-10 1.622E-10 8.284E-11 6.550E-11 5.294E-11 4.754E-11 3.707E-11 2.938E-11 1.870E-11 1.261E-11 8.757E-12 6.339E-12 5.609E-12 4.677E-12 3.173E-12 2.298E-12 2.001E-12 1.762E-12 1.612E-12 1.422E-12 1.308E-12 1.162E-12 1.033E-12 9.601E-13 7.666E-13 6.629E-13 5.598E-13 4.078E-13 3.517E-13 2.666E-13 2.167E-13 2.053E-13 1.467E-13 1.227E-13 1.032E-13 9.304E-14 6.971E-14 5.457E-14 4.429E-14 2.957E-14 1.941E-14 1.477E-14 8.237E-15 4.955E-15
  2.800E+01  1.158E-07 9.649E-08 7.135E-08 5.305E-08 4.009E-08 3.076E-08 2.392E-08 1.883E-08 1.500E-08 1.207E-08 9.806E-09 8.040E-09 5.543E-09 3.999E-09 1.872E-09 9.950E-10 5.879E-10 3.623E-10 1.591E-10 8.134E-11 6.433E-11 5.201E-11 4.671E-11 3.643E-11 2.887E-11 1.838E-11 1.240E-11 8.613E-12 6.235E-12 5.518E-12 4.601E-12 3.122E-12 2.261E-12 1.969E-12 1.734E-12 1.587E-12 1.400E-12 1.287E-12 1.144E-12 1.017E-12 9.448E-13 7.544E-13 6.524E-13 5.510E-13 4.013E-13 3.462E-13 2.624E-13 2.133E-13 2.021E-13 1.444E-13 1.208E-13 1.016E-13 9.158E-14 6.861E-14 5.371E-14 4.360E-14 2.911E-14 1.910E-14 1.454E-14 8.108E-15 4.877E-15
  3.000E+01  1.081E-07 9.107E-08 6.772E-08 5.056E-08 3.834E-08 2.950E-08 2.299E-08 1.814E-08 1.447E-08 1.166E-08 9.484E-09 7.784E-09 5.377E-09 3.886E-09 1.824E-09 9.714E-10 5.748E-10 3.545E-10 1.559E-10 7.978E-11 6.311E-11 5.103E-11 4.584E-11 3.576E-11 2.834E-11 1.805E-11 1.218E-11 8.461E-12 6.126E-12 5.422E-12 4.521E-12 3.068E-12 2.222E-12 1.935E-12 1.704E-12 1.560E-12 1.376E-12 1.265E-12 1.124E-12 9.996E-13 9.288E-13 7.416E-13 6.413E-13 5.417E-13 3.946E-13 3.404E-13 2.580E-13 2.098E-13 1.987E-13 1.419E-13 1.188E-13 9.990E-14 9.005E-14 6.747E-14 5.281E-14 4.287E-14 2.862E-14 1.878E-14 1.429E-14 7.972E-15 4.796E-15
  3.200E+01  1.009E-07 8.583E-08 6.418E-08 4.811E-08 3.661E-08 2.824E-08 2.206E-08 1.744E-08 1.394E-08 1.124E-08 9.158E-09 7.526E-09 5.209E-09 3.770E-09 1.775E-09 9.471E-10 5.612E-10 3.465E-10 1.526E-10 7.815E-11 6.184E-11 5.002E-11 4.493E-11 3.506E-11 2.780E-11 1.771E-11 1.195E-11 8.304E-12 6.013E-12 5.322E-12 4.438E-12 3.012E-12 2.182E-12 1.900E-12 1.674E-12 1.531E-12 1.351E-12 1.243E-12 1.104E-12 9.816E-13 9.122E-13 7.284E-13 6.299E-13 5.320E-13 3.875E-13 3.343E-13 2.534E-13 2.060E-13 1.952E-13 1.394E-13 1.166E-13 9.813E-14 8.845E-14 6.627E-14 5.188E-14 4.211E-14 2.812E-14 1.845E-14 1.404E-14 7.831E-15 4.712E-15
  3.400E+01  9.403E-08 8.080E-08 6.074E-08 4.572E-08 3.490E-08 2.700E-08 2.114E-08 1.674E-08 1.340E-08 1.082E-08 8.831E-09 7.265E-09 5.038E-09 3.652E-09 1.724E-09 9.221E-10 5.472E-10 3.382E-10 1.492E-10 7.647E-11 6.052E-11 4.897E-11 4.399E-11 3.433E-11 2.723E-11 1.735E-11 1.171E-11 8.141E-12 5.896E-12 5.218E-12 4.352E-12 2.954E-12 2.140E-12 1.864E-12 1.642E-12 1.502E-12 1.325E-12 1.219E-12 1.083E-12 9.630E-13 8.949E-13 7.146E-13 6.180E-13 5.220E-13 3.803E-13 3.280E-13 2.487E-13 2.022E-13 1.915E-13 1.368E-13 1.145E-13 9.630E-14 8.680E-14 6.504E-14 5.091E-14 4.133E-14 2.760E-14 1.810E-14 1.378E-14 7.684E-15 4.625E-15
  3.600E+01  8.758E-08 7.599E-08 5.742E-08 4.340E-08 3.323E-08 2.578E-08 2.023E-08 1.605E-08 1.287E-08 1.041E-08 8.503E-09 7.003E-09 4.866E-09 3.534E-09 1.673E-09 8.967E-10 5.329E-10 3.298E-10 1.457E-10 7.475E-11 5.918E-11 4.789E-11 4.303E-11 3.359E-11 2.665E-11 1.699E-11 1.147E-11 7.973E-12 5.775E-12 5.112E-12 4.264E-12 2.895E-12 2.098E-12 1.826E-12 1.609E-12 1.472E-12 1.299E-12 1.195E-12 1.062E-12 9.439E-13 8.772E-13 7.005E-13 6.058E-13 5.117E-13 3.728E-13 3.215E-13 2.438E-13 1.982E-13 1.877E-13 1.341E-13 1.122E-13 9.442E-14 8.511E-14 6.377E-14 4.992E-14 4.052E-14 2.706E-14 1.775E-14 1.351E-14 7.533E-15 4.535E-15
  3.800E+01  8.151E-08 7.140E-08 5.423E-08 4.114E-08 3.161E-08 2.458E-08 1.933E-08 1.536E-08 1.234E-08 9.998E-09 8.177E-09 6.742E-09 4.695E-09 3.415E-09 1.622E-09 8.710E-10 5.184E-10 3.212E-10 1.421E-10 7.299E-11 5.780E-11 4.679E-11 4.205E-11 3.283E-11 2.605E-11 1.661E-11 1.122E-11 7.802E-12 5.652E-12 5.003E-12 4.173E-12 2.834E-12 2.054E-12 1.788E-12 1.575E-12 1.442E-12 1.272E-12 1.170E-12 1.040E-12 9.244E-13 8.591E-13 6.860E-13 5.933E-13 5.012E-13 3.651E-13 3.149E-13 2.388E-13 1.942E-13 1.839E-13 1.314E-13 1.099E-13 9.250E-14 8.337E-14 6.247E-14 4.890E-14 3.970E-14 2.651E-14 1.739E-14 1.323E-14 7.379E-15 4.444E-15
  4.000E+01  7.583E-08 6.704E-08 5.118E-08 3.897E-08 3.003E-08 2.341E-08 1.845E-08 1.469E-08 1.182E-08 9.590E-09 7.854E-09 6.484E-09 4.523E-09 3.296E-09 1.570E-09 8.450E-10 5.038E-10 3.125E-10 1.385E-10 7.121E-11 5.641E-11 4.567E-11 4.105E-11 3.206E-11 2.544E-11 1.623E-11 1.096E-11 7.627E-12 5.527E-12 4.892E-12 4.081E-12 2.772E-12 2.009E-12 1.750E-12 1.541E-12 1.411E-12 1.245E-12 1.145E-12 1.017E-12 9.045E-13 8.406E-13 6.713E-13 5.806E-13 4.904E-13 3.573E-13 3.082E-13 2.337E-13 1.900E-13 1.800E-13 1.286E-13 1.076E-13 9.054E-14 8.160E-14 6.115E-14 4.787E-14 3.886E-14 2.595E-14 1.702E-14 1.295E-14 7.223E-15 4.350E-15
  4.200E+01  7.053E-08 6.292E-08 4.825E-08 3.688E-08 2.851E-08 2.228E-08 1.759E-08 1.404E-08 1.131E-08 9.190E-09 7.536E-09 6.228E-09 4.354E-09 3.178E-09 1.519E-09 8.190E-10 4.891E-10 3.037E-10 1.348E-10 6.940E-11 5.499E-11 4.454E-11 4.004E-11 3.128E-11 2.483E-11 1.585E-11 1.071E-11 7.451E-12 5.400E-12 4.780E-12 3.988E-12 2.709E-12 1.964E-12 1.710E-12 1.507E-12 1.379E-12 1.217E-12 1.119E-12 9.946E-13 8.844E-13 8.219E-13 6.564E-13 5.677E-13 4.796E-13 3.494E-13 3.014E-13 2.285E-13 1.858E-13 1.760E-13 1.258E-13 1.052E-13 8.855E-14 7.982E-14 5.981E-14 4.682E-14 3.801E-14 2.539E-14 1.665E-14 1.267E-14 7.065E-15 4.255E-15
  4.400E+01  6.558E-08 5.902E-08 4.547E-08 3.488E-08 2.704E-08 2.118E-08 1.676E-08 1.340E-08 1.081E-08 8.797E-09 7.223E-09 5.976E-09 4.186E-09 3.061E-09 1.467E-09 7.930E-10 4.744E-10 2.949E-10 1.311E-10 6.759E-11 5.357E-11 4.340E-11 3.902E-11 3.050E-11 2.421E-11 1.546E-11 1.045E-11 7.273E-12 5.272E-12 4.668E-12 3.895E-12 2.646E-12 1.918E-12 1.671E-12 1.472E-12 1.347E-12 1.189E-12 1.093E-12 9.718E-13 8.641E-13 8.031E-13 6.414E-13 5.548E-13 4.686E-13 3.415E-13 2.946E-13 2.234E-13 1.816E-13 1.720E-13 1.229E-13 1.028E-13 8.655E-14 7.801E-14 5.846E-14 4.577E-14 3.715E-14 2.482E-14 1.627E-14 1.238E-14 6.906E-15 4.160E-15
  4.600E+01  6.097E-08 5.534E-08 4.283E-08 3.296E-08 2.562E-08 2.013E-08 1.596E-08 1.277E-08 1.033E-08 8.414E-09 6.917E-09 5.730E-09 4.021E-09 2.945E-09 1.416E-09 7.672E-10 4.597E-10 2.861E-10 1.275E-10 6.577E-11 5.215E-11 4.226E-11 3.800E-11 2.971E-11 2.360E-11 1.507E-11 1.019E-11 7.094E-12 5.144E-12 4.554E-12 3.800E-12 2.583E-12 1.873E-12 1.631E-12 1.437E-12 1.315E-12 1.161E-12 1.068E-12 9.488E-13 8.437E-13 7.842E-13 6.263E-13 5.418E-13 4.577E-13 3.335E-13 2.877E-13 2.182E-13 1.774E-13 1.680E-13 1.201E-13 1.005E-13 8.455E-14 7.621E-14 5.711E-14 4.471E-14 3.630E-14 2.424E-14 1.589E-14 1.210E-14 6.746E-15 4.064E-15
  4.800E+01  5.670E-08 5.188E-08 4.032E-08 3.114E-08 2.427E-08 1.911E-08 1.518E-08 1.217E-08 9.857E-09 8.041E-09 6.619E-09 5.489E-09 3.860E-09 2.832E-09 1.366E-09 7.416E-10 4.451E-10 2.774E-10 1.238E-10 6.396E-11 5.073E-11 4.113E-11 3.699E-11 2.892E-11 2.298E-11 1.469E-11 9.931E-12 6.916E-12 5.016E-12 4.441E-12 3.707E-12 2.519E-12 1.827E-12 1.591E-12 1.402E-12 1.283E-12 1.133E-12 1.042E-12 9.260E-13 8.234E-13 7.653E-13 6.113E-13 5.288E-13 4.467E-13 3.256E-13 2.808E-13 2.130E-13 1.732E-13 1.641E-13 1.172E-13 9.809E-14 8.255E-14 7.440E-14 5.576E-14 4.365E-14 3.544E-14 2.367E-14 1.552E-14 1.181E-14 6.588E-15 3.968E-15
  5.000E+01  5.273E-08 4.863E-08 3.796E-08 2.940E-08 2.298E-08 1.813E-08 1.443E-08 1.159E-08 9.402E-09 7.680E-09 6.329E-09 5.254E-09 3.702E-09 2.721E-09 1.316E-09 7.163E-10 4.307E-10 2.688E-10 1.202E-10 6.216E-11 4.932E-11 4.000E-11 3.598E-11 2.815E-11 2.237E-11 1.430E-11 9.675E-12 6.740E-12 4.889E-12 4.329E-12 3.613E-12 2.457E-12 1.782E-12 1.552E-12 1.368E-12 1.252E-12 1.105E-12 1.016E-12 9.032E-13 8.032E-13 7.466E-13 5.964E-13 5.159E-13 4.359E-13 3.177E-13 2.740E-13 2.078E-13 1.690E-13 1.601E-13 1.144E-13 9.573E-14 8.056E-14 7.261E-14 5.442E-14 4.260E-14 3.459E-14 2.310E-14 1.515E-14 1.153E-14 6.430E-15 3.872E-15
  5.200E+01  4.905E-08 4.559E-08 3.572E-08 2.776E-08 2.175E-08 1.720E-08 1.371E-08 1.103E-08 8.963E-09 7.330E-09 6.048E-09 5.027E-09 3.549E-09 2.612E-09 1.268E-09 6.915E-10 4.165E-10 2.603E-10 1.166E-10 6.038E-11 4.793E-11 3.888E-11 3.498E-11 2.737E-11 2.176E-11 1.392E-11 9.421E-12 6.565E-12 4.763E-12 4.218E-12 3.521E-12 2.394E-12 1.737E-12 1.513E-12 1.333E-12 1.220E-12 1.077E-12 9.909E-13 8.808E-13 7.833E-13 7.281E-13 5.816E-13 5.032E-13 4.251E-13 3.099E-13 2.673E-13 2.027E-13 1.649E-13 1.562E-13 1.116E-13 9.339E-14 7.859E-14 7.084E-14 5.309E-14 4.157E-14 3.375E-14 2.254E-14 1.478E-14 1.125E-14 6.275E-15 3.778E-15
  5.400E+01  4.565E-08 4.275E-08 3.362E-08 2.620E-08 2.058E-08 1.631E-08 1.303E-08 1.050E-08 8.540E-09 6.994E-09 5.777E-09 4.807E-09 3.400E-09 2.507E-09 1.221E-09 6.673E-10 4.026E-10 2.519E-10 1.131E-10 5.864E-11 4.656E-11 3.778E-11 3.400E-11 2.662E-11 2.116E-11 1.355E-11 9.171E-12 6.393E-12 4.639E-12 4.109E-12 3.431E-12 2.333E-12 1.693E-12 1.475E-12 1.300E-12 1.190E-12 1.050E-12 9.661E-13 8.587E-13 7.637E-13 7.099E-13 5.671E-13 4.906E-13 4.146E-13 3.022E-13 2.607E-13 1.977E-13 1.608E-13 1.523E-13 1.089E-13 9.110E-14 7.666E-14 6.911E-14 5.179E-14 4.055E-14 3.292E-14 2.199E-14 1.442E-14 1.098E-14 6.122E-15 3.685E-15
  5.600E+01  4.251E-08 4.009E-08 3.164E-08 2.473E-08 1.947E-08 1.546E-08 1.237E-08 9.986E-09 8.135E-09 6.670E-09 5.517E-09 4.595E-09 3.256E-09 2.405E-09 1.175E-09 6.436E-10 3.890E-10 2.438E-10 1.096E-10 5.693E-11 4.522E-11 3.671E-11 3.304E-11 2.587E-11 2.058E-11 1.318E-11 8.927E-12 6.224E-12 4.518E-12 4.002E-12 3.342E-12 2.274E-12 1.650E-12 1.437E-12 1.267E-12 1.160E-12 1.024E-12 9.417E-13 8.371E-13 7.445E-13 6.921E-13 5.530E-13 4.784E-13 4.042E-13 2.947E-13 2.542E-13 1.928E-13 1.568E-13 1.486E-13 1.062E-13 8.886E-14 7.478E-14 6.741E-14 5.052E-14 3.955E-14 3.211E-14 2.145E-14 1.407E-14 1.071E-14 5.973E-15 3.595E-15
  5.800E+01  3.961E-08 3.761E-08 2.979E-08 2.334E-08 1.842E-08 1.466E-08 1.175E-08 9.497E-09 7.748E-09 6.360E-09 5.267E-09 4.391E-09 3.118E-09 2.307E-09 1.130E-09 6.207E-10 3.759E-10 2.358E-10 1.063E-10 5.526E-11 4.392E-11 3.566E-11 3.210E-11 2.515E-11 2.001E-11 1.282E-11 8.688E-12 6.060E-12 4.401E-12 3.898E-12 3.255E-12 2.215E-12 1.608E-12 1.401E-12 1.235E-12 1.130E-12 9.978E-13 9.180E-13 8.161E-13 7.259E-13 6.747E-13 5.392E-13 4.665E-13 3.942E-13 2.874E-13 2.480E-13 1.881E-13 1.530E-13 1.449E-13 1.036E-13 8.668E-14 7.294E-14 6.575E-14 4.928E-14 3.858E-14 3.133E-14 2.092E-14 1.373E-14 1.045E-14 5.827E-15 3.507E-15
  6.000E+01  3.694E-08 3.530E-08 2.805E-08 2.204E-08 1.743E-08 1.390E-08 1.116E-08 9.032E-09 7.379E-09 6.065E-09 5.027E-09 4.196E-09 2.985E-09 2.212E-09 1.087E-09 5.985E-10 3.631E-10 2.281E-10 1.030E-10 5.365E-11 4.265E-11 3.465E-11 3.120E-11 2.445E-11 1.946E-11 1.248E-11 8.457E-12 5.901E-12 4.286E-12 3.798E-12 3.172E-12 2.159E-12 1.567E-12 1.366E-12 1.204E-12 1.102E-12 9.728E-13 8.951E-13 7.957E-13 7.078E-13 6.580E-13 5.258E-13 4.549E-13 3.845E-13 2.803E-13 2.419E-13 1.835E-13 1.492E-13 1.414E-13 1.011E-13 8.457E-14 7.117E-14 6.415E-14 4.808E-14 3.765E-14 3.057E-14 2.042E-14 1.340E-14 1.020E-14 5.687E-15 3.422E-15
  6.200E+01  3.447E-08 3.316E-08 2.643E-08 2.082E-08 1.650E-08 1.318E-08 1.059E-08 8.591E-09 7.028E-09 5.783E-09 4.799E-09 4.010E-09 2.858E-09 2.121E-09 1.046E-09 5.772E-10 3.508E-10 2.207E-10 9.986E-11 5.209E-11 4.143E-11 3.367E-11 3.032E-11 2.377E-11 1.893E-11 1.214E-11 8.235E-12 5.748E-12 4.176E-12 3.700E-12 3.091E-12 2.105E-12 1.528E-12 1.332E-12 1.174E-12 1.075E-12 9.488E-13 8.730E-13 7.762E-13 6.904E-13 6.418E-13 5.130E-13 4.438E-13 3.751E-13 2.735E-13 2.360E-13 1.791E-13 1.456E-13 1.380E-13 9.863E-14 8.254E-14 6.946E-14 6.262E-14 4.693E-14 3.675E-14 2.984E-14 1.993E-14 1.308E-14 9.953E-15 5.552E-15 3.341E-15
  6.400E+01  3.221E-08 3.116E-08 2.492E-08 1.967E-08 1.563E-08 1.250E-08 1.007E-08 8.173E-09 6.695E-09 5.515E-09 4.582E-09 3.832E-09 2.737E-09 2.034E-09 1.007E-09 5.567E-10 3.390E-10 2.136E-10 9.685E-11 5.060E-11 4.026E-11 3.273E-11 2.948E-11 2.312E-11 1.842E-11 1.182E-11 8.022E-12 5.602E-12 4.071E-12 3.608E-12 3.014E-12 2.053E-12 1.491E-12 1.299E-12 1.145E-12 1.049E-12 9.259E-13 8.519E-13 7.575E-13 6.738E-13 6.264E-13 5.007E-13 4.332E-13 3.662E-13 2.670E-13 2.304E-13 1.748E-13 1.422E-13 1.347E-13 9.632E-14 8.060E-14 6.783E-14 6.115E-14 4.584E-14 3.589E-14 2.914E-14 1.947E-14 1.277E-14 9.721E-15 5.422E-15 3.264E-15
  6.600E+01  3.012E-08 2.931E-08 2.350E-08 1.860E-08 1.480E-08 1.186E-08 9.566E-09 7.779E-09 6.380E-09 5.262E-09 4.377E-09 3.664E-09 2.622E-09 1.952E-09 9.689E-10 5.371E-10 3.277E-10 2.068E-10 9.397E-11 4.917E-11 3.914E-11 3.183E-11 2.868E-11 2.251E-11 1.793E-11 1.152E-11 7.819E-12 5.462E-12 3.971E-12 3.519E-12 2.941E-12 2.003E-12 1.455E-12 1.268E-12 1.118E-12 1.024E-12 9.041E-13 8.319E-13 7.397E-13 6.581E-13 6.118E-13 4.890E-13 4.232E-13 3.577E-13 2.609E-13 2.251E-13 1.708E-13 1.390E-13 1.316E-13 9.412E-14 7.877E-14 6.629E-14 5.976E-14 4.480E-14 3.508E-14 2.848E-14 1.903E-14 1.248E-14 9.502E-15 5.300E-15 3.190E-15
  6.800E+01  2.821E-08 2.760E-08 2.219E-08 1.760E-08 1.404E-08 1.127E-08 9.098E-09 7.407E-09 6.084E-09 5.023E-09 4.183E-09 3.505E-09 2.513E-09 1.874E-09 9.331E-10 5.185E-10 3.170E-10 2.003E-10 9.123E-11 4.781E-11 3.808E-11 3.098E-11 2.792E-11 2.192E-11 1.747E-11 1.123E-11 7.627E-12 5.330E-12 3.876E-12 3.436E-12 2.871E-12 1.957E-12 1.422E-12 1.239E-12 1.093E-12 1.001E-12 8.835E-13 8.130E-13 7.230E-13 6.432E-13 5.980E-13 4.781E-13 4.137E-13 3.497E-13 2.551E-13 2.201E-13 1.670E-13 1.359E-13 1.287E-13 9.206E-14 7.704E-14 6.484E-14 5.846E-14 4.382E-14 3.431E-14 2.786E-14 1.861E-14 1.221E-14 9.296E-15 5.185E-15 3.122E-15
  7.000E+01  2.646E-08 2.602E-08 2.097E-08 1.667E-08 1.332E-08 1.071E-08 8.658E-09 7.059E-09 5.805E-09 4.798E-09 4.000E-09 3.355E-09 2.410E-09 1.800E-09 8.992E-10 5.010E-10 3.068E-10 1.942E-10 8.865E-11 4.654E-11 3.708E-11 3.018E-11 2.720E-11 2.137E-11 1.704E-11 1.096E-11 7.447E-12 5.207E-12 3.788E-12 3.358E-12 2.806E-12 1.913E-12 1.390E-12 1.212E-12 1.069E-12 9.788E-13 8.643E-13 7.954E-13 7.074E-13 6.294E-13 5.851E-13 4.678E-13 4.049E-13 3.423E-13 2.497E-13 2.155E-13 1.635E-13 1.330E-13 1.260E-13 9.013E-14 7.543E-14 6.349E-14 5.724E-14 4.291E-14 3.360E-14 2.729E-14 1.823E-14 1.196E-14 9.104E-15 5.078E-15 3.058E-15
  7.200E+01  2.485E-08 2.456E-08 1.984E-08 1.580E-08 1.265E-08 1.019E-08 8.247E-09 6.733E-09 5.544E-09 4.587E-09 3.828E-09 3.215E-09 2.313E-09 1.730E-09 8.674E-10 4.844E-10 2.973E-10 1.885E-10 8.623E-11 4.535E-11 3.614E-11 2.944E-11 2.654E-11 2.085E-11 1.663E-11 1.071E-11 7.279E-12 5.092E-12 3.705E-12 3.285E-12 2.746E-12 1.873E-12 1.362E-12 1.187E-12 1.047E-12 9.586E-13 8.466E-13 7.791E-13 6.929E-13 6.166E-13 5.733E-13 4.584E-13 3.967E-13 3.354E-13 2.447E-13 2.112E-13 1.603E-13 1.304E-13 1.235E-13 8.836E-14 7.395E-14 6.225E-14 5.612E-14 4.207E-14 3.295E-14 2.676E-14 1.788E-14 1.173E-14 8.928E-15 4.980E-15 2.999E-15
  7.400E+01  2.338E-08 2.321E-08 1.880E-08 1.500E-08 1.203E-08 9.701E-09 7.864E-09 6.428E-09 5.300E-09 4.390E-09 3.668E-09 3.083E-09 2.222E-09 1.665E-09 8.375E-10 4.689E-10 2.883E-10 1.831E-10 8.398E-11 4.424E-11 3.528E-11 2.874E-11 2.592E-11 2.038E-11 1.626E-11 1.047E-11 7.125E-12 4.986E-12 3.630E-12 3.219E-12 2.691E-12 1.836E-12 1.335E-12 1.164E-12 1.027E-12 9.402E-13 8.304E-13 7.642E-13 6.797E-13 6.049E-13 5.624E-13 4.498E-13 3.893E-13 3.291E-13 2.402E-13 2.073E-13 1.573E-13 1.280E-13 1.213E-13 8.675E-14 7.260E-14 6.112E-14 5.510E-14 4.131E-14 3.235E-14 2.627E-14 1.755E-14 1.152E-14 8.767E-15 4.890E-15 2.945E-15
  7.600E+01  2.203E-08 2.196E-08 1.783E-08 1.426E-08 1.145E-08 9.249E-09 7.508E-09 6.145E-09 5.073E-09 4.207E-09 3.518E-09 2.960E-09 2.138E-09 1.605E-09 8.098E-10 4.545E-10 2.801E-10 1.781E-10 8.190E-11 4.322E-11 3.448E-11 2.811E-11 2.535E-11 1.994E-11 1.592E-11 1.026E-11 6.984E-12 4.890E-12 3.561E-12 3.158E-12 2.641E-12 1.803E-12 1.311E-12 1.143E-12 1.008E-12 9.235E-13 8.158E-13 7.508E-13 6.678E-13 5.943E-13 5.526E-13 4.420E-13 3.826E-13 3.235E-13 2.361E-13 2.038E-13 1.547E-13 1.259E-13 1.192E-13 8.530E-14 7.139E-14 6.010E-14 5.418E-14 4.062E-14 3.182E-14 2.584E-14 1.727E-14 1.133E-14 8.623E-15 4.810E-15 2.897E-15
  7.800E+01  2.080E-08 2.082E-08 1.694E-08 1.357E-08 1.092E-08 8.832E-09 7.178E-09 5.882E-09 4.862E-09 4.036E-09 3.379E-09 2.846E-09 2.059E-09 1.548E-09 7.840E-10 4.412E-10 2.724E-10 1.736E-10 8.000E-11 4.229E-11 3.376E-11 2.753E-11 2.484E-11 1.955E-11 1.561E-11 1.007E-11 6.858E-12 4.804E-12 3.500E-12 3.104E-12 2.597E-12 1.773E-12 1.290E-12 1.125E-12 9.922E-13 9.088E-13 8.028E-13 7.389E-13 6.573E-13 5.850E-13 5.440E-13 4.351E-13 3.767E-13 3.185E-13 2.325E-13 2.007E-13 1.523E-13 1.240E-13 1.175E-13 8.402E-14 7.033E-14 5.921E-14 5.338E-14 4.002E-14 3.135E-14 2.546E-14 1.701E-14 1.116E-14 8.497E-15 4.740E-15 2.855E-15
  8.000E+01  1.967E-08 1.977E-08 1.612E-08 1.293E-08 1.042E-08 8.446E-09 6.873E-09 5.639E-09 4.667E-09 3.878E-09 3.251E-09 2.741E-09 1.987E-09 1.496E-09 7.604E-10 4.290E-10 2.655E-10 1.694E-10 7.828E-11 4.146E-11 3.311E-11 2.701E-11 2.438E-11 1.919E-11 1.534E-11 9.901E-12 6.747E-12 4.729E-12 3.446E-12 3.057E-12 2.558E-12 1.747E-12 1.271E-12 1.109E-12 9.782E-13 8.959E-13 7.915E-13 7.286E-13 6.482E-13 5.769E-13 5.365E-13 4.292E-13 3.716E-13 3.142E-13 2.294E-13 1.980E-13 1.503E-13 1.223E-13 1.159E-13 8.293E-14 6.941E-14 5.844E-14 5.269E-14 3.951E-14 3.095E-14 2.513E-14 1.680E-14 1.102E-14 8.389E-15 4.680E-15 2.819E-15
  8.200E+01  1.865E-08 1.881E-08 1.536E-08 1.235E-08 9.970E-09 8.091E-09 6.592E-09 5.416E-09 4.488E-09 3.733E-09 3.132E-09 2.644E-09 1.921E-09 1.449E-09 7.387E-10 4.179E-10 2.591E-10 1.656E-10 7.674E-11 4.072E-11 3.254E-11 2.656E-11 2.398E-11 1.889E-11 1.510E-11 9.754E-12 6.651E-12 4.664E-12 3.400E-12 3.017E-12 2.524E-12 1.725E-12 1.255E-12 1.095E-12 9.663E-13 8.851E-13 7.820E-13 7.199E-13 6.405E-13 5.701E-13 5.302E-13 4.242E-13 3.673E-13 3.106E-13 2.268E-13 1.958E-13 1.487E-13 1.210E-13 1.146E-13 8.202E-14 6.865E-14 5.780E-14 5.211E-14 3.908E-14 3.061E-14 2.486E-14 1.662E-14 1.090E-14 8.300E-15 4.631E-15 2.789E-15
  8.400E+01  1.772E-08 1.793E-08 1.467E-08 1.182E-08 9.554E-09 7.765E-09 6.335E-09 5.211E-09 4.323E-09 3.600E-09 3.024E-09 2.555E-09 1.860E-09 1.405E-09 7.191E-10 4.080E-10 2.535E-10 1.623E-10 7.539E-11 4.008E-11 3.204E-11 2.617E-11 2.363E-11 1.862E-11 1.489E-11 9.630E-12 6.570E-12 4.609E-12 3.362E-12 2.983E-12 2.497E-12 1.707E-12 1.243E-12 1.084E-12 9.566E-13 8.763E-13 7.743E-13 7.128E-13 6.343E-13 5.646E-13 5.251E-13 4.202E-13 3.638E-13 3.077E-13 2.247E-13 1.940E-13 1.473E-13 1.199E-13 1.136E-13 8.129E-14 6.805E-14 5.729E-14 5.166E-14 3.874E-14 3.035E-14 2.465E-14 1.647E-14 1.081E-14 8.230E-15 4.592E-15 2.765E-15
  8.600E+01  1.687E-08 1.712E-08 1.404E-08 1.133E-08 9.174E-09 7.467E-09 6.099E-09 5.023E-09 4.173E-09 3.479E-09 2.926E-09 2.475E-09 1.805E-09 1.366E-09 7.016E-10 3.991E-10 2.485E-10 1.594E-10 7.423E-11 3.954E-11 3.162E-11 2.584E-11 2.334E-11 1.840E-11 1.473E-11 9.529E-12 6.505E-12 4.566E-12 3.332E-12 2.957E-12 2.475E-12 1.693E-12 1.233E-12 1.076E-12 9.492E-13 8.696E-13 7.685E-13 7.075E-13 6.295E-13 5.604E-13 5.212E-13 4.172E-13 3.612E-13 3.056E-13 2.231E-13 1.927E-13 1.463E-13 1.191E-13 1.128E-13 8.076E-14 6.761E-14 5.692E-14 5.133E-14 3.849E-14 3.015E-14 2.449E-14 1.637E-14 1.074E-14 8.179E-15 4.564E-15 2.748E-15
  8.800E+01  1.610E-08 1.638E-08 1.346E-08 1.088E-08 8.828E-09 7.196E-09 5.885E-09 4.853E-09 4.037E-09 3.369E-09 2.837E-09 2.402E-09 1.755E-09 1.331E-09 6.859E-10 3.912E-10 2.442E-10 1.569E-10 7.326E-11 3.910E-11 3.128E-11 2.558E-11 2.311E-11 1.823E-11 1.459E-11 9.451E-12 6.456E-12 4.534E-12 3.310E-12 2.937E-12 2.460E-12 1.683E-12 1.226E-12 1.070E-12 9.441E-13 8.649E-13 7.644E-13 7.038E-13 6.263E-13 5.576E-13 5.186E-13 4.151E-13 3.595E-13 3.041E-13 2.221E-13 1.918E-13 1.457E-13 1.186E-13 1.124E-13 8.042E-14 6.733E-14 5.669E-14 5.112E-14 3.834E-14 3.003E-14 2.440E-14 1.631E-14 1.070E-14 8.148E-15 4.547E-15 2.738E-15
  9.000E+01  1.540E-08 1.572E-08 1.294E-08 1.048E-08 8.513E-09 6.950E-09 5.691E-09 4.699E-09 3.914E-09 3.271E-09 2.757E-09 2.336E-09 1.711E-09 1.299E-09 6.723E-10 3.845E-10 2.405E-10 1.548E-10 7.247E-11 3.875E-11 3.102E-11 2.538E-11 2.293E-11 1.810E-11 1.450E-11 9.396E-12 6.422E-12 4.513E-12 3.295E-12 2.925E-12 2.450E-12 1.677E-12 1.222E-12 1.066E-12 9.413E-13 8.624E-13 7.623E-13 7.018E-13 6.246E-13 5.562E-13 5.173E-13 4.141E-13 3.587E-13 3.035E-13 2.217E-13 1.914E-13 1.454E-13 1.184E-13 1.122E-13 8.028E-14 6.721E-14 5.659E-14 5.103E-14 3.828E-14 2.999E-14 2.436E-14 1.628E-14 1.069E-14 8.137E-15 4.541E-15 2.734E-15
  9.200E+01  1.477E-08 1.511E-08 1.246E-08 1.011E-08 8.229E-09 6.728E-09 5.517E-09 4.561E-09 3.804E-09 3.182E-09 2.685E-09 2.278E-09 1.672E-09 1.272E-09 6.605E-10 3.788E-10 2.374E-10 1.531E-10 7.187E-11 3.850E-11 3.084E-11 2.524E-11 2.281E-11 1.802E-11 1.444E-11 9.364E-12 6.404E-12 4.503E-12 3.289E-12 2.920E-12 2.446E-12 1.675E-12 1.221E-12 1.066E-12 9.407E-13 8.620E-13 7.620E-13 7.016E-13 6.245E-13 5.561E-13 5.172E-13 4.141E-13 3.587E-13 3.035E-13 2.217E-13 1.915E-13 1.455E-13 1.184E-13 1.122E-13 8.033E-14 6.726E-14 5.664E-14 5.107E-14 3.831E-14 3.001E-14 2.438E-14 1.630E-14 1.070E-14 8.145E-15 4.546E-15 2.737E-15
  9.400E+01  1.421E-08 1.456E-08 1.203E-08 9.781E-09 7.973E-09 6.529E-09 5.360E-09 4.438E-09 3.707E-09 3.104E-09 2.622E-09 2.227E-09 1.638E-09 1.248E-09 6.506E-10 3.742E-10 2.350E-10 1.518E-10 7.145E-11 3.835E-11 3.073E-11 2.517E-11 2.275E-11 1.798E-11 1.441E-11 9.356E-12 6.402E-12 4.504E-12 3.291E-12 2.923E-12 2.449E-12 1.678E-12 1.223E-12 1.068E-12 9.425E-13 8.636E-13 7.635E-13 7.031E-13 6.258E-13 5.573E-13 5.184E-13 4.151E-13 3.596E-13 3.043E-13 2.223E-13 1.920E-13 1.459E-13 1.188E-13 1.126E-13 8.058E-14 6.747E-14 5.682E-14 5.123E-14 3.843E-14 3.011E-14 2.446E-14 1.635E-14 1.074E-14 8.173E-15 4.562E-15 2.747E-15
  9.600E+01  1.369E-08 1.406E-08 1.165E-08 9.484E-09 7.744E-09 6.352E-09 5.222E-09 4.329E-09 3.620E-09 3.035E-09 2.567E-09 2.183E-09 1.609E-09 1.228E-09 6.424E-10 3.705E-10 2.332E-10 1.509E-10 7.121E-11 3.830E-11 3.070E-11 2.515E-11 2.275E-11 1.798E-11 1.442E-11 9.370E-12 6.416E-12 4.515E-12 3.301E-12 2.932E-12 2.457E-12 1.684E-12 1.228E-12 1.072E-12 9.465E-13 8.674E-13 7.669E-13 7.062E-13 6.287E-13 5.599E-13 5.208E-13 4.171E-13 3.614E-13 3.058E-13 2.235E-13 1.930E-13 1.467E-13 1.194E-13 1.132E-13 8.102E-14 6.785E-14 5.713E-14 5.152E-14 3.865E-14 3.028E-14 2.460E-14 1.645E-14 1.080E-14 8.221E-15 4.588E-15 2.763E-15
  9.800E+01  1.323E-08 1.361E-08 1.130E-08 9.218E-09 7.541E-09 6.195E-09 5.099E-09 4.233E-09 3.545E-09 2.976E-09 2.520E-09 2.145E-09 1.584E-09 1.211E-09 6.360E-10 3.678E-10 2.320E-10 1.504E-10 7.115E-11 3.833E-11 3.075E-11 2.520E-11 2.280E-11 1.803E-11 1.447E-11 9.407E-12 6.445E-12 4.538E-12 3.319E-12 2.948E-12 2.471E-12 1.694E-12 1.236E-12 1.079E-12 9.528E-13 8.732E-13 7.721E-13 7.110E-13 6.330E-13 5.638E-13 5.245E-13 4.201E-13 3.640E-13 3.080E-13 2.251E-13 1.945E-13 1.478E-13 1.203E-13 1.140E-13 8.165E-14 6.838E-14 5.758E-14 5.193E-14 3.896E-14 3.053E-14 2.480E-14 1.658E-14 1.089E-14 8.288E-15 4.626E-15 2.786E-15
  1.000E+02  1.282E-08 1.321E-08 1.099E-08 8.983E-09 7.361E-09 6.057E-09 4.993E-09 4.150E-09 3.481E-09 2.925E-09 2.480E-09 2.113E-09 1.564E-09 1.198E-09 6.313E-10 3.660E-10 2.314E-10 1.502E-10 7.126E-11 3.846E-11 3.087E-11 2.531E-11 2.290E-11 1.812E-11 1.455E-11 9.465E-12 6.489E-12 4.571E-12 3.345E-12 2.971E-12 2.491E-12 1.709E-12 1.247E-12 1.089E-12 9.613E-13 8.810E-13 7.791E-13 7.175E-13 6.389E-13 5.690E-13 5.294E-13 4.241E-13 3.674E-13 3.110E-13 2.273E-13 1.964E-13 1.492E-13 1.215E-13 1.152E-13 8.247E-14 6.907E-14 5.817E-14 5.245E-14 3.935E-14 3.084E-14 2.505E-14 1.675E-14 1.100E-14 8.374E-15 4.674E-15 2.815E-15
  1.020E+02  1.245E-08 1.285E-08 1.071E-08 8.775E-09 7.204E-09 5.937E-09 4.901E-09 4.079E-09 3.426E-09 2.882E-09 2.447E-09 2.087E-09 1.548E-09 1.187E-09 6.282E-10 3.652E-10 2.313E-10 1.504E-10 7.153E-11 3.868E-11 3.105E-11 2.548E-11 2.306E-11 1.825E-11 1.466E-11 9.545E-12 6.547E-12 4.615E-12 3.378E-12 3.001E-12 2.516E-12 1.727E-12 1.260E-12 1.101E-12 9.719E-13 8.908E-13 7.878E-13 7.256E-13 6.461E-13 5.755E-13 5.354E-13 4.290E-13 3.717E-13 3.146E-13 2.300E-13 1.987E-13 1.510E-13 1.230E-13 1.166E-13 8.348E-14 6.991E-14 5.888E-14 5.310E-14 3.984E-14 3.122E-14 2.536E-14 1.696E-14 1.114E-14 8.479E-15 4.733E-15 2.851E-15
  1.040E+02  1.212E-08 1.254E-08 1.047E-08 8.592E-09 7.067E-09 5.835E-09 4.823E-09 4.020E-09 3.381E-09 2.848E-09 2.420E-09 2.067E-09 1.536E-09 1.180E-09 6.266E-10 3.652E-10 2.318E-10 1.510E-10 7.196E-11 3.898E-11 3.131E-11 2.570E-11 2.326E-11 1.843E-11 1.480E-11 9.646E-12 6.620E-12 4.668E-12 3.418E-12 3.037E-12 2.547E-12 1.749E-12 1.276E-12 1.115E-12 9.846E-13 9.025E-13 7.982E-13 7.352E-13 6.547E-13 5.832E-13 5.426E-13 4.348E-13 3.768E-13 3.190E-13 2.332E-13 2.015E-13 1.531E-13 1.247E-13 1.182E-13 8.466E-14 7.090E-14 5.972E-14 5.386E-14 4.041E-14 3.167E-14 2.573E-14 1.721E-14 1.130E-14 8.602E-15 4.802E-15 2.892E-15
  1.060E+02  1.183E-08 1.225E-08 1.025E-08 8.435E-09 6.950E-09 5.748E-09 4.757E-09 3.971E-09 3.344E-09 2.820E-09 2.400E-09 2.052E-09 1.528E-09 1.176E-09 6.264E-10 3.660E-10 2.328E-10 1.519E-10 7.255E-11 3.936E-11 3.163E-11 2.598E-11 2.352E-11 1.864E-11 1.498E-11 9.767E-12 6.706E-12 4.731E-12 3.465E-12 3.080E-12 2.583E-12 1.774E-12 1.295E-12 1.131E-12 9.993E-13 9.160E-13 8.103E-13 7.463E-13 6.647E-13 5.921E-13 5.509E-13 4.415E-13 3.826E-13 3.239E-13 2.369E-13 2.046E-13 1.556E-13 1.267E-13 1.201E-13 8.602E-14 7.204E-14 6.068E-14 5.472E-14 4.106E-14 3.218E-14 2.615E-14 1.749E-14 1.148E-14 8.743E-15 4.880E-15 2.940E-15
  1.080E+02  1.158E-08 1.200E-08 1.007E-08 8.299E-09 6.852E-09 5.676E-09 4.704E-09 3.932E-09 3.316E-09 2.800E-09 2.385E-09 2.041E-09 1.523E-09 1.174E-09 6.276E-10 3.676E-10 2.342E-10 1.531E-10 7.329E-11 3.983E-11 3.202E-11 2.630E-11 2.382E-11 1.888E-11 1.518E-11 9.906E-12 6.806E-12 4.803E-12 3.519E-12 3.128E-12 2.624E-12 1.803E-12 1.316E-12 1.150E-12 1.016E-12 9.313E-13 8.239E-13 7.589E-13 6.759E-13 6.022E-13 5.603E-13 4.491E-13 3.892E-13 3.295E-13 2.410E-13 2.082E-13 1.583E-13 1.289E-13 1.222E-13 8.754E-14 7.332E-14 6.175E-14 5.569E-14 4.179E-14 3.276E-14 2.661E-14 1.780E-14 1.169E-14 8.900E-15 4.968E-15 2.993E-15
  1.100E+02  1.135E-08 1.179E-08 9.909E-09 8.185E-09 6.770E-09 5.618E-09 4.663E-09 3.903E-09 3.296E-09 2.786E-09 2.376E-09 2.036E-09 1.522E-09 1.175E-09 6.302E-10 3.700E-10 2.362E-10 1.545E-10 7.416E-11 4.036E-11 3.246E-11 2.668E-11 2.417E-11 1.916E-11 1.541E-11 1.006E-11 6.918E-12 4.884E-12 3.580E-12 3.182E-12 2.670E-12 1.835E-12 1.340E-12 1.171E-12 1.034E-12 9.483E-13 8.390E-13 7.728E-13 6.884E-13 6.133E-13 5.707E-13 4.574E-13 3.965E-13 3.357E-13 2.455E-13 2.121E-13 1.613E-13 1.314E-13 1.245E-13 8.921E-14 7.472E-14 6.294E-14 5.677E-14 4.260E-14 3.339E-14 2.713E-14 1.814E-14 1.191E-14 9.073E-15 5.065E-15 3.051E-15
  1.120E+02  1.116E-08 1.160E-08 9.773E-09 8.090E-09 6.704E-09 5.572E-09 4.632E-09 3.882E-09 3.283E-09 2.778E-09 2.372E-09 2.034E-09 1.524E-09 1.178E-09 6.339E-10 3.731E-10 2.385E-10 1.563E-10 7.516E-11 4.097E-11 3.296E-11 2.710E-11 2.455E-11 1.948E-11 1.567E-11 1.024E-11 7.041E-12 4.973E-12 3.646E-12 3.242E-12 2.721E-12 1.870E-12 1.366E-12 1.194E-12 1.055E-12 9.669E-13 8.555E-13 7.881E-13 7.020E-13 6.255E-13 5.820E-13 4.666E-13 4.044E-13 3.424E-13 2.505E-13 2.164E-13 1.646E-13 1.341E-13 1.271E-13 9.104E-14 7.626E-14 6.424E-14 5.793E-14 4.348E-14 3.408E-14 2.769E-14 1.852E-14 1.216E-14 9.261E-15 5.170E-15 3.115E-15
  1.140E+02  1.099E-08 1.144E-08 9.659E-09 8.013E-09 6.653E-09 5.539E-09 4.611E-09 3.870E-09 3.277E-09 2.776E-09 2.372E-09 2.037E-09 1.528E-09 1.183E-09 6.388E-10 3.768E-10 2.413E-10 1.583E-10 7.629E-11 4.164E-11 3.351E-11 2.757E-11 2.498E-11 1.982E-11 1.595E-11 1.043E-11 7.176E-12 5.070E-12 3.719E-12 3.306E-12 2.775E-12 1.908E-12 1.394E-12 1.218E-12 1.077E-12 9.870E-13 8.733E-13 8.045E-13 7.167E-13 6.386E-13 5.943E-13 4.764E-13 4.130E-13 3.497E-13 2.558E-13 2.211E-13 1.681E-13 1.370E-13 1.298E-13 9.301E-14 7.791E-14 6.563E-14 5.919E-14 4.442E-14 3.482E-14 2.829E-14 1.892E-14 1.243E-14 9.464E-15 5.284E-15 3.183E-15
  1.160E+02  1.085E-08 1.130E-08 9.565E-09 7.952E-09 6.615E-09 5.517E-09 4.598E-09 3.865E-09 3.276E-09 2.779E-09 2.377E-09 2.043E-09 1.536E-09 1.191E-09 6.447E-10 3.810E-10 2.444E-10 1.606E-10 7.752E-11 4.237E-11 3.412E-11 2.807E-11 2.544E-11 2.020E-11 1.626E-11 1.064E-11 7.321E-12 5.175E-12 3.796E-12 3.375E-12 2.834E-12 1.949E-12 1.424E-12 1.245E-12 1.100E-12 1.008E-12 8.924E-13 8.221E-13 7.324E-13 6.527E-13 6.074E-13 4.870E-13 4.221E-13 3.575E-13 2.616E-13 2.260E-13 1.719E-13 1.401E-13 1.327E-13 9.511E-14 7.967E-14 6.711E-14 6.053E-14 4.543E-14 3.561E-14 2.894E-14 1.935E-14 1.271E-14 9.680E-15 5.404E-15 3.256E-15
  1.180E+02  1.072E-08 1.119E-08 9.491E-09 7.907E-09 6.589E-09 5.504E-09 4.594E-09 3.866E-09 3.282E-09 2.786E-09 2.386E-09 2.053E-09 1.546E-09 1.200E-09 6.516E-10 3.859E-10 2.479E-10 1.631E-10 7.887E-11 4.316E-11 3.476E-11 2.861E-11 2.594E-11 2.060E-11 1.659E-11 1.086E-11 7.475E-12 5.285E-12 3.878E-12 3.449E-12 2.896E-12 1.992E-12 1.456E-12 1.273E-12 1.125E-12 1.031E-12 9.126E-13 8.408E-13 7.490E-13 6.675E-13 6.212E-13 4.981E-13 4.318E-13 3.657E-13 2.676E-13 2.313E-13 1.759E-13 1.433E-13 1.358E-13 9.733E-14 8.153E-14 6.868E-14 6.195E-14 4.649E-14 3.645E-14 2.962E-14 1.981E-14 1.301E-14 9.908E-15 5.532E-15 3.333E-15
  1.200E+02  1.062E-08 1.110E-08 9.433E-09 7.876E-09 6.576E-09 5.502E-09 4.598E-09 3.874E-09 3.293E-09 2.798E-09 2.399E-09 2.066E-09 1.558E-09 1.211E-09 6.594E-10 3.912E-10 2.517E-10 1.658E-10 8.030E-11 4.400E-11 3.545E-11 2.919E-11 2.646E-11 2.102E-11 1.693E-11 1.109E-11 7.638E-12 5.402E-12 3.965E-12 3.526E-12 2.961E-12 2.038E-12 1.490E-12 1.302E-12 1.151E-12 1.055E-12 9.338E-13 8.603E-13 7.665E-13 6.831E-13 6.358E-13 5.098E-13 4.420E-13 3.744E-13 2.739E-13 2.367E-13 1.801E-13 1.467E-13 1.390E-13 9.965E-14 8.348E-14 7.033E-14 6.343E-14 4.761E-14 3.732E-14 3.033E-14 2.029E-14 1.332E-14 1.015E-14 5.666E-15 3.413E-15
  1.220E+02  1.054E-08 1.102E-08 9.392E-09 7.857E-09 6.572E-09 5.507E-09 4.609E-09 3.888E-09 3.308E-09 2.814E-09 2.415E-09 2.081E-09 1.572E-09 1.224E-09 6.679E-10 3.970E-10 2.558E-10 1.686E-10 8.182E-11 4.488E-11 3.617E-11 2.979E-11 2.701E-11 2.147E-11 1.730E-11 1.133E-11 7.808E-12 5.524E-12 4.056E-12 3.607E-12 3.029E-12 2.085E-12 1.525E-12 1.333E-12 1.178E-12 1.080E-12 9.560E-13 8.808E-13 7.848E-13 6.994E-13 6.509E-13 5.220E-13 4.526E-13 3.834E-13 2.805E-13 2.425E-13 1.844E-13 1.503E-13 1.424E-13 1.021E-13 8.551E-14 7.204E-14 6.498E-14 4.877E-14 3.823E-14 3.107E-14 2.078E-14 1.365E-14 1.040E-14 5.805E-15 3.497E-15
  1.240E+02  1.047E-08 1.097E-08 9.365E-09 7.851E-09 6.578E-09 5.521E-09 4.626E-09 3.907E-09 3.328E-09 2.834E-09 2.434E-09 2.099E-09 1.588E-09 1.238E-09 6.772E-10 4.032E-10 2.601E-10 1.717E-10 8.342E-11 4.581E-11 3.693E-11 3.042E-11 2.759E-11 2.193E-11 1.768E-11 1.159E-11 7.985E-12 5.651E-12 4.150E-12 3.691E-12 3.100E-12 2.134E-12 1.561E-12 1.365E-12 1.206E-12 1.106E-12 9.789E-13 9.019E-13 8.037E-13 7.163E-13 6.667E-13 5.347E-13 4.636E-13 3.927E-13 2.874E-13 2.484E-13 1.889E-13 1.540E-13 1.459E-13 1.046E-13 8.762E-14 7.382E-14 6.658E-14 4.998E-14 3.918E-14 3.184E-14 2.130E-14 1.399E-14 1.065E-14 5.949E-15 3.584E-15
  1.260E+02  1.042E-08 1.093E-08 9.351E-09 7.855E-09 6.592E-09 5.541E-09 4.649E-09 3.931E-09 3.352E-09 2.857E-09 2.456E-09 2.120E-09 1.606E-09 1.253E-09 6.870E-10 4.097E-10 2.647E-10 1.748E-10 8.508E-11 4.677E-11 3.771E-11 3.108E-11 2.819E-11 2.241E-11 1.807E-11 1.185E-11 8.168E-12 5.782E-12 4.247E-12 3.778E-12 3.174E-12 2.185E-12 1.598E-12 1.397E-12 1.235E-12 1.133E-12 1.003E-12 9.238E-13 8.231E-13 7.337E-13 6.829E-13 5.477E-13 4.749E-13 4.023E-13 2.944E-13 2.545E-13 1.936E-13 1.578E-13 1.495E-13 1.072E-13 8.979E-14 7.564E-14 6.823E-14 5.122E-14 4.015E-14 3.263E-14 2.183E-14 1.434E-14 1.092E-14 6.097E-15 3.673E-15
  1.280E+02  1.039E-08 1.090E-08 9.350E-09 7.868E-09 6.615E-09 5.567E-09 4.676E-09 3.959E-09 3.379E-09 2.882E-09 2.480E-09 2.142E-09 1.625E-09 1.269E-09 6.974E-10 4.166E-10 2.694E-10 1.781E-10 8.679E-11 4.775E-11 3.852E-11 3.175E-11 2.880E-11 2.291E-11 1.847E-11 1.212E-11 8.356E-12 5.917E-12 4.347E-12 3.867E-12 3.248E-12 2.237E-12 1.637E-12 1.431E-12 1.265E-12 1.160E-12 1.027E-12 9.461E-13 8.431E-13 7.515E-13 6.994E-13 5.611E-13 4.865E-13 4.121E-13 3.016E-13 2.607E-13 1.983E-13 1.616E-13 1.532E-13 1.098E-13 9.200E-14 7.751E-14 6.992E-14 5.248E-14 4.115E-14 3.344E-14 2.237E-14 1.469E-14 1.119E-14 6.249E-15 3.764E-15
  1.300E+02  1.037E-08 1.089E-08 9.359E-09 7.891E-09 6.644E-09 5.599E-09 4.709E-09 3.990E-09 3.409E-09 2.910E-09 2.506E-09 2.166E-09 1.645E-09 1.286E-09 7.083E-10 4.237E-10 2.743E-10 1.815E-10 8.855E-11 4.876E-11 3.934E-11 3.243E-11 2.943E-11 2.341E-11 1.888E-11 1.239E-11 8.547E-12 6.054E-12 4.448E-12 3.957E-12 3.325E-12 2.290E-12 1.676E-12 1.465E-12 1.295E-12 1.188E-12 1.051E-12 9.689E-13 8.634E-13 7.696E-13 7.163E-13 5.746E-13 4.982E-13 4.221E-13 3.090E-13 2.671E-13 2.032E-13 1.656E-13 1.569E-13 1.125E-13 9.426E-14 7.941E-14 7.163E-14 5.377E-14 4.216E-14 3.426E-14 2.292E-14 1.506E-14 1.147E-14 6.403E-15 3.858E-15
  1.320E+02  1.035E-08 1.089E-08 9.377E-09 7.920E-09 6.679E-09 5.636E-09 4.745E-09 4.025E-09 3.442E-09 2.940E-09 2.534E-09 2.192E-09 1.666E-09 1.304E-09 7.195E-10 4.309E-10 2.793E-10 1.849E-10 9.034E-11 4.979E-11 4.018E-11 3.313E-11 3.006E-11 2.392E-11 1.930E-11 1.267E-11 8.742E-12 6.193E-12 4.551E-12 4.049E-12 3.402E-12 2.344E-12 1.715E-12 1.500E-12 1.326E-12 1.216E-12 1.076E-12 9.919E-13 8.840E-13 7.880E-13 7.334E-13 5.884E-13 5.102E-13 4.322E-13 3.164E-13 2.735E-13 2.081E-13 1.696E-13 1.607E-13 1.152E-13 9.654E-14 8.134E-14 7.337E-14 5.508E-14 4.318E-14 3.509E-14 2.348E-14 1.542E-14 1.175E-14 6.559E-15 3.952E-15
  1.340E+02  1.035E-08 1.090E-08 9.405E-09 7.957E-09 6.719E-09 5.677E-09 4.784E-09 4.062E-09 3.477E-09 2.972E-09 2.563E-09 2.218E-09 1.689E-09 1.322E-09 7.309E-10 4.384E-10 2.843E-10 1.884E-10 9.215E-11 5.083E-11 4.103E-11 3.384E-11 3.071E-11 2.444E-11 1.972E-11 1.295E-11 8.938E-12 6.333E-12 4.655E-12 4.142E-12 3.480E-12 2.398E-12 1.755E-12 1.535E-12 1.357E-12 1.244E-12 1.102E-12 1.015E-12 9.047E-13 8.065E-13 7.507E-13 6.023E-13 5.222E-13 4.425E-13 3.239E-13 2.800E-13 2.130E-13 1.736E-13 1.646E-13 1.180E-13 9.885E-14 8.328E-14 7.512E-14 5.640E-14 4.422E-14 3.593E-14 2.404E-14 1.579E-14 1.203E-14 6.717E-15 4.047E-15
  1.360E+02  1.036E-08 1.092E-08 9.440E-09 8.000E-09 6.764E-09 5.722E-09 4.826E-09 4.101E-09 3.513E-09 3.006E-09 2.593E-09 2.246E-09 1.711E-09 1.341E-09 7.426E-10 4.459E-10 2.895E-10 1.920E-10 9.398E-11 5.187E-11 4.188E-11 3.455E-11 3.135E-11 2.496E-11 2.014E-11 1.323E-11 9.135E-12 6.474E-12 4.759E-12 4.235E-12 3.559E-12 2.453E-12 1.795E-12 1.570E-12 1.388E-12 1.273E-12 1.127E-12 1.038E-12 9.255E-13 8.251E-13 7.680E-13 6.162E-13 5.343E-13 4.527E-13 3.314E-13 2.865E-13 2.180E-13 1.777E-13 1.684E-13 1.207E-13 1.012E-13 8.523E-14 7.688E-14 5.772E-14 4.525E-14 3.678E-14 2.460E-14 1.616E-14 1.231E-14 6.874E-15 4.142E-15
  1.380E+02  1.038E-08 1.095E-08 9.482E-09 8.047E-09 6.813E-09 5.770E-09 4.871E-09 4.142E-09 3.551E-09 3.040E-09 2.624E-09 2.274E-09 1.734E-09 1.360E-09 7.544E-10 4.534E-10 2.946E-10 1.955E-10 9.581E-11 5.292E-11 4.273E-11 3.526E-11 3.200E-11 2.548E-11 2.057E-11 1.351E-11 9.331E-12 6.614E-12 4.863E-12 4.328E-12 3.637E-12 2.507E-12 1.835E-12 1.605E-12 1.419E-12 1.301E-12 1.152E-12 1.062E-12 9.463E-13 8.436E-13 7.852E-13 6.300E-13 5.464E-13 4.629E-13 3.389E-13 2.930E-13 2.229E-13 1.817E-13 1.722E-13 1.235E-13 1.035E-13 8.717E-14 7.863E-14 5.903E-14 4.628E-14 3.761E-14 2.517E-14 1.653E-14 1.259E-14 7.032E-15 4.237E-15
  1.400E+02  1.040E-08 1.099E-08 9.529E-09 8.099E-09 6.865E-09 5.819E-09 4.917E-09 4.185E-09 3.590E-09 3.075E-09 2.656E-09 2.303E-09 1.758E-09 1.380E-09 7.662E-10 4.610E-10 2.998E-10 1.991E-10 9.763E-11 5.396E-11 4.358E-11 3.596E-11 3.264E-11 2.600E-11 2.099E-11 1.379E-11 9.526E-12 6.754E-12 4.967E-12 4.420E-12 3.715E-12 2.561E-12 1.875E-12 1.640E-12 1.450E-12 1.330E-12 1.177E-12 1.085E-12 9.669E-13 8.620E-13 8.024E-13 6.438E-13 5.583E-13 4.731E-13 3.464E-13 2.994E-13 2.279E-13 1.857E-13 1.760E-13 1.262E-13 1.057E-13 8.910E-14 8.037E-14 6.034E-14 4.731E-14 3.845E-14 2.573E-14 1.690E-14 1.287E-14 7.188E-15 4.331E-15
  1.420E+02  1.043E-08 1.103E-08 9.581E-09 8.154E-09 6.920E-09 5.871E-09 4.965E-09 4.228E-09 3.630E-09 3.111E-09 2.688E-09 2.332E-09 1.781E-09 1.399E-09 7.780E-10 4.685E-10 3.049E-10 2.026E-10 9.943E-11 5.499E-11 4.442E-11 3.666E-11 3.328E-11 2.651E-11 2.140E-11 1.407E-11 9.720E-12 6.892E-12 5.069E-12 4.511E-12 3.792E-12 2.614E-12 1.914E-12 1.674E-12 1.480E-12 1.357E-12 1.202E-12 1.108E-12 9.873E-13 8.802E-13 8.193E-13 6.574E-13 5.701E-13 4.831E-13 3.537E-13 3.058E-13 2.327E-13 1.897E-13 1.798E-13 1.289E-13 1.080E-13 9.100E-14 8.209E-14 6.163E-14 4.832E-14 3.927E-14 2.628E-14 1.726E-14 1.315E-14 7.342E-15 4.424E-15
  1.440E+02  1.047E-08 1.108E-08 9.638E-09 8.212E-09 6.976E-09 5.924E-09 5.013E-09 4.272E-09 3.669E-09 3.146E-09 2.721E-09 2.361E-09 1.805E-09 1.418E-09 7.896E-10 4.759E-10 3.099E-10 2.060E-10 1.012E-10 5.600E-11 4.524E-11 3.735E-11 3.391E-11 2.701E-11 2.181E-11 1.434E-11 9.909E-12 7.028E-12 5.169E-12 4.601E-12 3.867E-12 2.667E-12 1.952E-12 1.708E-12 1.510E-12 1.385E-12 1.226E-12 1.130E-12 1.007E-12 8.981E-13 8.360E-13 6.708E-13 5.818E-13 4.930E-13 3.610E-13 3.121E-13 2.375E-13 1.936E-13 1.835E-13 1.315E-13 1.102E-13 9.287E-14 8.378E-14 6.290E-14 4.932E-14 4.008E-14 2.682E-14 1.762E-14 1.342E-14 7.494E-15 4.515E-15
  1.460E+02  1.051E-08 1.113E-08 9.697E-09 8.272E-09 7.033E-09 5.977E-09 5.061E-09 4.316E-09 3.709E-09 3.182E-09 2.753E-09 2.389E-09 1.828E-09 1.437E-09 8.011E-10 4.832E-10 3.149E-10 2.094E-10 1.029E-10 5.699E-11 4.605E-11 3.802E-11 3.452E-11 2.750E-11 2.221E-11 1.461E-11 1.010E-11 7.160E-12 5.267E-12 4.688E-12 3.941E-12 2.718E-12 1.990E-12 1.741E-12 1.539E-12 1.412E-12 1.250E-12 1.152E-12 1.027E-12 9.155E-13 8.522E-13 6.839E-13 5.931E-13 5.026E-13 3.680E-13 3.182E-13 2.421E-13 1.974E-13 1.871E-13 1.341E-13 1.124E-13 9.470E-14 8.543E-14 6.414E-14 5.029E-14 4.087E-14 2.735E-14 1.797E-14 1.368E-14 7.642E-15 4.605E-15
  1.480E+02  1.055E-08 1.119E-08 9.759E-09 8.333E-09 7.092E-09 6.031E-09 5.110E-09 4.360E-09 3.749E-09 3.217E-09 2.784E-09 2.417E-09 1.851E-09 1.456E-09 8.123E-10 4.904E-10 3.197E-10 2.127E-10 1.046E-10 5.795E-11 4.684E-11 3.867E-11 3.511E-11 2.798E-11 2.260E-11 1.487E-11 1.028E-11 7.289E-12 5.363E-12 4.773E-12 4.013E-12 2.768E-12 2.027E-12 1.773E-12 1.568E-12 1.438E-12 1.273E-12 1.173E-12 1.046E-12 9.325E-13 8.681E-13 6.966E-13 6.042E-13 5.120E-13 3.749E-13 3.241E-13 2.467E-13 2.011E-13 1.906E-13 1.367E-13 1.145E-13 9.648E-14 8.703E-14 6.535E-14 5.124E-14 4.164E-14 2.786E-14 1.830E-14 1.394E-14 7.787E-15 4.692E-15
  1.500E+02  1.060E-08 1.125E-08 9.822E-09 8.395E-09 7.150E-09 6.084E-09 5.158E-09 4.403E-09 3.787E-09 3.252E-09 2.815E-09 2.445E-09 1.873E-09 1.474E-09 8.232E-10 4.973E-10 3.243E-10 2.159E-10 1.063E-10 5.889E-11 4.760E-11 3.930E-11 3.569E-11 2.845E-11 2.298E-11 1.512E-11 1.045E-11 7.414E-12 5.455E-12 4.856E-12 4.082E-12 2.816E-12 2.062E-12 1.804E-12 1.595E-12 1.463E-12 1.296E-12 1.194E-12 1.064E-12 9.489E-13 8.833E-13 7.089E-13 6.148E-13 5.210E-13 3.816E-13 3.299E-13 2.510E-13 2.046E-13 1.940E-13 1.391E-13 1.165E-13 9.820E-14 8.859E-14 6.651E-14 5.215E-14 4.239E-14 2.836E-14 1.863E-14 1.419E-14 7.926E-15 4.776E-15
  1.520E+02  1.065E-08 1.131E-08 9.886E-09 8.457E-09 7.207E-09 6.137E-09 5.205E-09 4.445E-09 3.825E-09 3.285E-09 2.845E-09 2.472E-09 1.894E-09 1.492E-09 8.337E-10 5.039E-10 3.288E-10 2.190E-10 1.078E-10 5.978E-11 4.833E-11 3.991E-11 3.624E-11 2.889E-11 2.334E-11 1.536E-11 1.062E-11 7.534E-12 5.544E-12 4.935E-12 4.149E-12 2.862E-12 2.096E-12 1.834E-12 1.621E-12 1.487E-12 1.317E-12 1.214E-12 1.082E-12 9.647E-13 8.980E-13 7.207E-13 6.251E-13 5.297E-13 3.879E-13 3.354E-13 2.553E-13 2.081E-13 1.972E-13 1.414E-13 1.185E-13 9.985E-14 9.008E-14 6.763E-14 5.303E-14 4.310E-14 2.884E-14 1.895E-14 1.443E-14 8.060E-15 4.856E-15
  1.540E+02  1.070E-08 1.138E-08 9.950E-09 8.518E-09 7.263E-09 6.188E-09 5.251E-09 4.486E-09 3.862E-09 3.318E-09 2.874E-09 2.498E-09 1.915E-09 1.509E-09 8.437E-10 5.103E-10 3.331E-10 2.219E-10 1.093E-10 6.064E-11 4.902E-11 4.049E-11 3.677E-11 2.931E-11 2.368E-11 1.559E-11 1.078E-11 7.648E-12 5.628E-12 5.010E-12 4.212E-12 2.906E-12 2.129E-12 1.862E-12 1.647E-12 1.510E-12 1.337E-12 1.233E-12 1.099E-12 9.798E-13 9.121E-13 7.320E-13 6.349E-13 5.380E-13 3.940E-13 3.407E-13 2.593E-13 2.114E-13 2.003E-13 1.437E-13 1.204E-13 1.014E-13 9.150E-14 6.870E-14 5.387E-14 4.378E-14 2.930E-14 1.925E-14 1.466E-14 8.187E-15 4.933E-15
  1.560E+02  1.075E-08 1.144E-08 1.001E-08 8.577E-09 7.318E-09 6.238E-09 5.295E-09 4.526E-09 3.897E-09 3.349E-09 2.902E-09 2.522E-09 1.935E-09 1.525E-09 8.533E-10 5.163E-10 3.372E-10 2.247E-10 1.108E-10 6.145E-11 4.968E-11 4.104E-11 3.727E-11 2.972E-11 2.401E-11 1.580E-11 1.093E-11 7.757E-12 5.709E-12 5.082E-12 4.273E-12 2.948E-12 2.159E-12 1.889E-12 1.670E-12 1.532E-12 1.357E-12 1.251E-12 1.115E-12 9.940E-13 9.253E-13 7.427E-13 6.441E-13 5.459E-13 3.998E-13 3.457E-13 2.631E-13 2.145E-13 2.033E-13 1.458E-13 1.221E-13 1.029E-13 9.284E-14 6.971E-14 5.466E-14 4.443E-14 2.973E-14 1.953E-14 1.488E-14 8.308E-15 5.006E-15
  1.580E+02  1.080E-08 1.150E-08 1.007E-08 8.635E-09 7.371E-09 6.285E-09 5.337E-09 4.563E-09 3.930E-09 3.378E-09 2.928E-09 2.546E-09 1.953E-09 1.540E-09 8.622E-10 5.220E-10 3.410E-10 2.273E-10 1.121E-10 6.221E-11 5.030E-11 4.156E-11 3.774E-11 3.009E-11 2.432E-11 1.601E-11 1.107E-11 7.858E-12 5.784E-12 5.149E-12 4.329E-12 2.987E-12 2.188E-12 1.914E-12 1.693E-12 1.553E-12 1.375E-12 1.267E-12 1.130E-12 1.007E-12 9.378E-13 7.527E-13 6.528E-13 5.533E-13 4.052E-13 3.503E-13 2.666E-13 2.174E-13 2.060E-13 1.477E-13 1.238E-13 1.043E-13 9.411E-14 7.066E-14 5.541E-14 4.503E-14 3.013E-14 1.980E-14 1.508E-14 8.422E-15 5.074E-15
  1.600E+02  1.085E-08 1.156E-08 1.013E-08 8.689E-09 7.420E-09 6.330E-09 5.377E-09 4.598E-09 3.961E-09 3.406E-09 2.952E-09 2.567E-09 1.971E-09 1.554E-09 8.706E-10 5.273E-10 3.446E-10 2.298E-10 1.133E-10 6.291E-11 5.088E-11 4.203E-11 3.818E-11 3.044E-11 2.460E-11 1.620E-11 1.120E-11 7.953E-12 5.854E-12 5.211E-12 4.382E-12 3.024E-12 2.215E-12 1.938E-12 1.714E-12 1.572E-12 1.392E-12 1.283E-12 1.144E-12 1.020E-12 9.494E-13 7.620E-13 6.609E-13 5.601E-13 4.102E-13 3.547E-13 2.700E-13 2.201E-13 2.086E-13 1.496E-13 1.254E-13 1.056E-13 9.528E-14 7.155E-14 5.610E-14 4.560E-14 3.051E-14 2.005E-14 1.527E-14 8.527E-15 5.138E-15
  1.620E+02  1.090E-08 1.162E-08 1.019E-08 8.741E-09 7.467E-09 6.372E-09 5.414E-09 4.631E-09 3.990E-09 3.432E-09 2.975E-09 2.587E-09 1.987E-09 1.567E-09 8.783E-10 5.321E-10 3.479E-10 2.320E-10 1.145E-10 6.357E-11 5.141E-11 4.248E-11 3.858E-11 3.077E-11 2.486E-11 1.637E-11 1.133E-11 8.040E-12 5.918E-12 5.269E-12 4.430E-12 3.057E-12 2.240E-12 1.959E-12 1.733E-12 1.590E-12 1.408E-12 1.297E-12 1.157E-12 1.031E-12 9.601E-13 7.706E-13 6.684E-13 5.664E-13 4.149E-13 3.587E-13 2.730E-13 2.226E-13 2.110E-13 1.513E-13 1.268E-13 1.068E-13 9.637E-14 7.236E-14 5.674E-14 4.612E-14 3.086E-14 2.027E-14 1.544E-14 8.625E-15 5.197E-15
  1.640E+02  1.095E-08 1.168E-08 1.024E-08 8.789E-09 7.510E-09 6.410E-09 5.448E-09 4.661E-09 4.017E-09 3.455E-09 2.996E-09 2.606E-09 2.001E-09 1.579E-09 8.854E-10 5.366E-10 3.509E-10 2.340E-10 1.155E-10 6.416E-11 5.189E-11 4.288E-11 3.895E-11 3.106E-11 2.510E-11 1.653E-11 1.144E-11 8.119E-12 5.977E-12 5.321E-12 4.474E-12 3.088E-12 2.262E-12 1.979E-12 1.750E-12 1.605E-12 1.422E-12 1.310E-12 1.168E-12 1.042E-12 9.697E-13 7.784E-13 6.751E-13 5.722E-13 4.191E-13 3.623E-13 2.758E-13 2.248E-13 2.131E-13 1.528E-13 1.281E-13 1.079E-13 9.735E-14 7.310E-14 5.732E-14 4.659E-14 3.117E-14 2.048E-14 1.560E-14 8.713E-15 5.250E-15
  1.660E+02  1.099E-08 1.173E-08 1.029E-08 8.833E-09 7.549E-09 6.445E-09 5.478E-09 4.688E-09 4.041E-09 3.476E-09 3.014E-09 2.622E-09 2.014E-09 1.589E-09 8.917E-10 5.405E-10 3.535E-10 2.359E-10 1.165E-10 6.469E-11 5.232E-11 4.324E-11 3.927E-11 3.132E-11 2.532E-11 1.667E-11 1.154E-11 8.190E-12 6.029E-12 5.367E-12 4.514E-12 3.115E-12 2.282E-12 1.997E-12 1.766E-12 1.620E-12 1.434E-12 1.322E-12 1.179E-12 1.051E-12 9.784E-13 7.853E-13 6.812E-13 5.773E-13 4.228E-13 3.656E-13 2.783E-13 2.269E-13 2.150E-13 1.542E-13 1.292E-13 1.089E-13 9.823E-14 7.376E-14 5.783E-14 4.701E-14 3.146E-14 2.067E-14 1.574E-14 8.792E-15 5.297E-15
  1.680E+02  1.103E-08 1.177E-08 1.033E-08 8.872E-09 7.584E-09 6.476E-09 5.505E-09 4.711E-09 4.062E-09 3.495E-09 3.031E-09 2.637E-09 2.026E-09 1.599E-09 8.972E-10 5.440E-10 3.559E-10 2.375E-10 1.173E-10 6.515E-11 5.270E-11 4.355E-11 3.956E-11 3.155E-11 2.550E-11 1.680E-11 1.162E-11 8.252E-12 6.075E-12 5.408E-12 4.548E-12 3.139E-12 2.300E-12 2.012E-12 1.779E-12 1.632E-12 1.446E-12 1.332E-12 1.188E-12 1.059E-12 9.860E-13 7.914E-13 6.865E-13 5.818E-13 4.261E-13 3.685E-13 2.804E-13 2.286E-13 2.167E-13 1.554E-13 1.302E-13 1.097E-13 9.900E-14 7.434E-14 5.829E-14 4.738E-14 3.170E-14 2.083E-14 1.587E-14 8.861E-15 5.339E-15
  1.700E+02  1.106E-08 1.181E-08 1.037E-08 8.905E-09 7.614E-09 6.502E-09 5.528E-09 4.732E-09 4.080E-09 3.511E-09 3.045E-09 2.649E-09 2.036E-09 1.607E-09 9.019E-10 5.470E-10 3.579E-10 2.388E-10 1.180E-10 6.555E-11 5.302E-11 4.382E-11 3.980E-11 3.175E-11 2.566E-11 1.690E-11 1.170E-11 8.305E-12 6.114E-12 5.443E-12 4.578E-12 3.159E-12 2.315E-12 2.025E-12 1.791E-12 1.643E-12 1.455E-12 1.341E-12 1.196E-12 1.066E-12 9.925E-13 7.967E-13 6.910E-13 5.856E-13 4.290E-13 3.709E-13 2.823E-13 2.302E-13 2.181E-13 1.564E-13 1.311E-13 1.105E-13 9.966E-14 7.483E-14 5.868E-14 4.769E-14 3.191E-14 2.097E-14 1.597E-14 8.920E-15 5.375E-15
  1.720E+02  1.109E-08 1.185E-08 1.040E-08 8.933E-09 7.639E-09 6.524E-09 5.548E-09 4.749E-09 4.095E-09 3.524E-09 3.056E-09 2.660E-09 2.044E-09 1.613E-09 9.058E-10 5.494E-10 3.595E-10 2.399E-10 1.186E-10 6.587E-11 5.329E-11 4.404E-11 4.001E-11 3.191E-11 2.579E-11 1.699E-11 1.176E-11 8.348E-12 6.146E-12 5.472E-12 4.602E-12 3.176E-12 2.327E-12 2.036E-12 1.801E-12 1.652E-12 1.463E-12 1.348E-12 1.202E-12 1.072E-12 9.978E-13 8.010E-13 6.947E-13 5.888E-13 4.313E-13 3.729E-13 2.838E-13 2.314E-13 2.193E-13 1.573E-13 1.318E-13 1.111E-13 1.002E-13 7.524E-14 5.900E-14 4.795E-14 3.209E-14 2.108E-14 1.606E-14 8.969E-15 5.404E-15
  1.740E+02  1.112E-08 1.188E-08 1.043E-08 8.956E-09 7.659E-09 6.542E-09 5.563E-09 4.762E-09 4.107E-09 3.534E-09 3.066E-09 2.668E-09 2.050E-09 1.618E-09 9.088E-10 5.514E-10 3.608E-10 2.408E-10 1.190E-10 6.613E-11 5.350E-11 4.421E-11 4.016E-11 3.204E-11 2.590E-11 1.706E-11 1.181E-11 8.382E-12 6.172E-12 5.495E-12 4.621E-12 3.189E-12 2.337E-12 2.045E-12 1.808E-12 1.659E-12 1.469E-12 1.354E-12 1.207E-12 1.076E-12 1.002E-12 8.043E-13 6.977E-13 5.913E-13 4.331E-13 3.745E-13 2.850E-13 2.324E-13 2.203E-13 1.580E-13 1.324E-13 1.115E-13 1.006E-13 7.556E-14 5.925E-14 4.816E-14 3.223E-14 2.117E-14 1.613E-14 9.007E-15 5.427E-15
  1.760E+02  1.113E-08 1.190E-08 1.045E-08 8.972E-09 7.673E-09 6.554E-09 5.574E-09 4.772E-09 4.115E-09 3.541E-09 3.072E-09 2.674E-09 2.055E-09 1.622E-09 9.110E-10 5.527E-10 3.617E-10 2.415E-10 1.193E-10 6.631E-11 5.365E-11 4.434E-11 4.028E-11 3.213E-11 2.597E-11 1.711E-11 1.184E-11 8.407E-12 6.190E-12 5.511E-12 4.635E-12 3.199E-12 2.344E-12 2.051E-12 1.814E-12 1.664E-12 1.473E-12 1.358E-12 1.211E-12 1.080E-12 1.005E-12 8.068E-13 6.998E-13 5.931E-13 4.344E-13 3.756E-13 2.859E-13 2.331E-13 2.209E-13 1.584E-13 1.328E-13 1.119E-13 1.009E-13 7.579E-14 5.943E-14 4.830E-14 3.232E-14 2.124E-14 1.618E-14 9.034E-15 5.444E-15
  1.780E+02  1.114E-08 1.191E-08 1.046E-08 8.981E-09 7.682E-09 6.562E-09 5.581E-09 4.778E-09 4.120E-09 3.546E-09 3.076E-09 2.677E-09 2.058E-09 1.624E-09 9.124E-10 5.536E-10 3.623E-10 2.418E-10 1.195E-10 6.642E-11 5.374E-11 4.441E-11 4.035E-11 3.218E-11 2.602E-11 1.714E-11 1.186E-11 8.422E-12 6.201E-12 5.521E-12 4.643E-12 3.205E-12 2.348E-12 2.054E-12 1.817E-12 1.667E-12 1.476E-12 1.360E-12 1.213E-12 1.082E-12 1.007E-12 8.082E-13 7.010E-13 5.941E-13 4.352E-13 3.763E-13 2.864E-13 2.335E-13 2.213E-13 1.587E-13 1.330E-13 1.121E-13 1.011E-13 7.593E-14 5.954E-14 4.839E-14 3.238E-14 2.127E-14 1.621E-14 9.051E-15 5.454E-15
  1.800E+02  1.115E-08 1.191E-08 1.046E-08 8.985E-09 7.685E-09 6.564E-09 5.583E-09 4.780E-09 4.122E-09 3.547E-09 3.077E-09 2.678E-09 2.059E-09 1.625E-09 9.128E-10 5.538E-10 3.625E-10 2.420E-10 1.196E-10 6.646E-11 5.377E-11 4.444E-11 4.037E-11 3.220E-11 2.603E-11 1.715E-11 1.187E-11 8.427E-12 6.204E-12 5.524E-12 4.646E-12 3.206E-12 2.349E-12 2.056E-12 1.818E-12 1.668E-12 1.477E-12 1.361E-12 1.214E-12 1.082E-12 1.007E-12 8.087E-13 7.014E-13 5.945E-13 4.355E-13 3.765E-13 2.866E-13 2.337E-13 2.215E-13 1.588E-13 1.331E-13 1.122E-13 1.012E-13 7.597E-14 5.957E-14 4.842E-14 3.240E-14 2.129E-14 1.622E-14 9.056E-15 5.457E-15
