# sea salt (acc., 50%)
#
# size distribution: lognormal
# ------------------
#
#   minimum radius, [um]:      7.700E-03
#   maximum radius, [um]:      3.220E+01
#                  sigma:      2.030E+00
#       Rmod (wet), [um]:      3.360E-01
#       Rmod (dry), [um]:      2.090E-01
#
# optical parameters:
# -------------------
#
# wavelength ext.coef  sca.coef  abs.coef  si.sc.alb  asym.par  ext.nor    ref.real  ref.imag
#     [um]     [1/km]    [1/km]    [1/km]
#
#  2.500E-01 2.233E-03 2.232E-03 1.582E-07 9.999E-01 0.785E+00 8.883E-01  1.398E+00 -1.229E-06
#  3.000E-01 2.282E-03 2.282E-03 5.292E-08 1.000E+00 0.782E+00 9.080E-01  1.388E+00 -4.935E-07
#  3.500E-01 2.343E-03 2.343E-03 7.680E-09 1.000E+00 0.774E+00 9.321E-01  1.383E+00 -8.291E-08
#  4.000E-01 2.390E-03 2.390E-03 1.139E-09 1.000E+00 0.775E+00 9.508E-01  1.378E+00 -8.632E-09
#  4.500E-01 2.442E-03 2.442E-03 8.732E-10 1.000E+00 0.771E+00 9.715E-01  1.376E+00 -6.623E-09
#  5.000E-01 2.480E-03 2.480E-03 0.000E+00 1.000E+00 0.771E+00 9.866E-01  1.375E+00 -4.490E-09
#  5.500E-01 2.513E-03 2.513E-03 0.000E+00 1.000E+00 0.771E+00 1.000E+00  1.373E+00 -3.895E-09
#  6.000E-01 2.547E-03 2.547E-03 6.073E-10 1.000E+00 0.771E+00 1.013E+00  1.370E+00 -1.213E-08
#  6.500E-01 2.565E-03 2.565E-03 9.174E-10 1.000E+00 0.773E+00 1.021E+00  1.369E+00 -2.266E-08
#  7.000E-01 2.579E-03 2.579E-03 2.767E-09 1.000E+00 0.773E+00 1.026E+00  1.369E+00 -7.357E-08
#  7.500E-01 2.590E-03 2.590E-03 1.729E-08 1.000E+00 0.773E+00 1.030E+00  1.369E+00 -3.784E-07
#  8.000E-01 2.589E-03 2.589E-03 2.299E-08 1.000E+00 0.776E+00 1.030E+00  1.365E+00 -5.642E-07
#  9.000E-01 2.572E-03 2.571E-03 3.922E-07 9.998E-01 0.778E+00 1.023E+00  1.365E+00 -1.057E-05
#  1.000E+00 2.536E-03 2.535E-03 1.202E-06 9.995E-01 0.780E+00 1.009E+00  1.361E+00 -3.613E-05
#  1.250E+00 2.387E-03 2.385E-03 2.386E-06 9.990E-01 0.783E+00 9.498E-01  1.358E+00 -9.277E-05
#  1.500E+00 2.189E-03 2.183E-03 6.073E-06 9.972E-01 0.784E+00 8.710E-01  1.354E+00 -2.890E-04
#  1.750E+00 1.959E-03 1.954E-03 4.553E-06 9.977E-01 0.786E+00 7.792E-01  1.346E+00 -2.593E-04
#  2.000E+00 1.742E-03 1.726E-03 1.600E-05 9.908E-01 0.785E+00 6.931E-01  1.341E+00 -1.076E-03
#  2.500E+00 1.227E-03 1.202E-03 2.495E-05 9.797E-01 0.795E+00 4.881E-01  1.302E+00 -2.284E-03
#  3.000E+00 1.620E-03 7.407E-04 8.788E-04 4.574E-01 0.748E+00 6.444E-01  1.429E+00 -2.089E-01
#  3.200E+00 1.563E-03 1.090E-03 4.722E-04 6.978E-01 0.718E+00 6.217E-01  1.481E+00 -7.088E-02
#  3.390E+00 1.314E-03 1.169E-03 1.449E-04 8.897E-01 0.709E+00 5.226E-01  1.437E+00 -1.807E-02
#  3.500E+00 1.199E-03 1.138E-03 6.118E-05 9.490E-01 0.709E+00 4.772E-01  1.419E+00 -7.523E-03
#  3.750E+00 1.008E-03 9.860E-04 2.249E-05 9.777E-01 0.712E+00 4.012E-01  1.393E+00 -2.995E-03
#  4.000E+00 8.866E-04 8.604E-04 2.616E-05 9.705E-01 0.710E+00 3.527E-01  1.382E+00 -3.830E-03
#  4.500E+00 7.201E-04 6.606E-04 5.956E-05 9.173E-01 0.703E+00 2.865E-01  1.370E+00 -1.051E-02
#  5.000E+00 5.822E-04 5.325E-04 4.969E-05 9.146E-01 0.692E+00 2.317E-01  1.360E+00 -1.002E-02
#  5.500E+00 4.272E-04 3.855E-04 4.175E-05 9.023E-01 0.688E+00 1.700E-01  1.327E+00 -9.675E-03
#  6.000E+00 4.876E-04 2.209E-04 2.667E-04 4.531E-01 0.668E+00 1.940E-01  1.300E+00 -8.390E-02
#  6.200E+00 6.132E-04 3.717E-04 2.415E-04 6.062E-01 0.638E+00 2.440E-01  1.420E+00 -7.212E-02
#  6.500E+00 4.181E-04 3.123E-04 1.058E-04 7.469E-01 0.645E+00 1.663E-01  1.368E+00 -3.097E-02
#  7.200E+00 3.019E-04 2.233E-04 7.857E-05 7.397E-01 0.632E+00 1.201E-01  1.338E+00 -2.606E-02
#  7.900E+00 2.411E-04 1.641E-04 7.695E-05 6.808E-01 0.615E+00 9.592E-02  1.320E+00 -2.887E-02
#  8.200E+00 2.289E-04 1.490E-04 7.989E-05 6.509E-01 0.606E+00 9.106E-02  1.318E+00 -3.147E-02
#  8.500E+00 2.262E-04 1.432E-04 8.299E-05 6.331E-01 0.595E+00 8.999E-02  1.327E+00 -3.412E-02
#  8.700E+00 2.400E-04 1.543E-04 8.569E-05 6.429E-01 0.586E+00 9.547E-02  1.351E+00 -3.600E-02
#  9.000E+00 2.306E-04 1.460E-04 8.469E-05 6.328E-01 0.577E+00 9.177E-02  1.355E+00 -3.704E-02
#  9.200E+00 2.119E-04 1.281E-04 8.378E-05 6.046E-01 0.574E+00 8.430E-02  1.340E+00 -3.782E-02
#  9.500E+00 1.894E-04 1.086E-04 8.078E-05 5.734E-01 0.568E+00 7.534E-02  1.324E+00 -3.805E-02
#  9.800E+00 1.735E-04 9.169E-05 8.183E-05 5.284E-01 0.561E+00 6.904E-02  1.309E+00 -4.022E-02
#  1.000E+01 1.636E-04 8.018E-05 8.341E-05 4.901E-01 0.557E+00 6.509E-02  1.295E+00 -4.218E-02
#  1.060E+01 1.511E-04 5.219E-05 9.895E-05 3.453E-01 0.540E+00 6.013E-02  1.256E+00 -5.455E-02
#  1.100E+01 1.699E-04 3.910E-05 1.308E-04 2.301E-01 0.523E+00 6.759E-02  1.232E+00 -7.687E-02
#  1.150E+01 2.066E-04 3.095E-05 1.756E-04 1.499E-01 0.498E+00 8.218E-02  1.211E+00 -1.112E-01
#  1.250E+01 3.064E-04 2.932E-05 2.771E-04 9.570E-02 0.446E+00 1.219E-01  1.194E+00 -2.005E-01
#  1.300E+01 3.415E-04 3.234E-05 3.092E-04 9.468E-02 0.426E+00 1.359E-01  1.210E+00 -2.359E-01
#  1.400E+01 3.802E-04 3.794E-05 3.423E-04 9.979E-02 0.396E+00 1.513E-01  1.258E+00 -2.865E-01
#  1.480E+01 3.848E-04 4.018E-05 3.446E-04 1.044E-01 0.380E+00 1.531E-01  1.299E+00 -3.079E-01
#  1.500E+01 3.862E-04 4.116E-05 3.450E-04 1.066E-01 0.376E+00 1.537E-01  1.313E+00 -3.137E-01
#  1.640E+01 3.838E-04 4.492E-05 3.389E-04 1.171E-01 0.352E+00 1.527E-01  1.398E+00 -3.459E-01
#  1.720E+01 3.723E-04 4.900E-05 3.233E-04 1.316E-01 0.343E+00 1.481E-01  1.471E+00 -3.546E-01
#  1.800E+01 3.530E-04 4.807E-05 3.049E-04 1.362E-01 0.335E+00 1.405E-01  1.509E+00 -3.548E-01
#  1.850E+01 3.394E-04 4.619E-05 2.932E-04 1.361E-01 0.330E+00 1.350E-01  1.522E+00 -3.522E-01
#  2.000E+01 2.955E-04 3.973E-05 2.558E-04 1.344E-01 0.318E+00 1.176E-01  1.547E+00 -3.350E-01
#  2.130E+01 2.676E-04 3.417E-05 2.334E-04 1.277E-01 0.306E+00 1.065E-01  1.556E+00 -3.275E-01
#  2.250E+01 2.471E-04 3.024E-05 2.169E-04 1.224E-01 0.296E+00 9.833E-02  1.567E+00 -3.243E-01
#  2.500E+01 2.126E-04 2.355E-05 1.890E-04 1.108E-01 0.277E+00 8.458E-02  1.586E+00 -3.197E-01
#  2.790E+01 1.859E-04 1.788E-05 1.680E-04 9.621E-02 0.255E+00 7.396E-02  1.602E+00 -3.236E-01
#  3.000E+01 1.683E-04 1.445E-05 1.539E-04 8.585E-02 0.242E+00 6.696E-02  1.604E+00 -3.213E-01
#  3.500E+01 1.615E-04 9.140E-06 1.524E-04 5.660E-02 0.204E+00 6.426E-02  1.587E+00 -3.755E-01
#  4.000E+01 1.934E-04 7.190E-06 1.862E-04 3.718E-02 0.164E+00 7.693E-02  1.572E+00 -5.330E-01
#
# volume phase function [1/km]:
# -----------------------------
#
# sca.ang. | wavelengths --->
# ---------|------------------
#          | 2.500E-01 3.000E-01 3.500E-01 4.000E-01 4.500E-01 5.000E-01 5.500E-01 6.000E-01 6.500E-01 7.000E-01 7.500E-01 8.000E-01 9.000E-01 1.000E+00 1.250E+00 1.500E+00 1.750E+00 2.000E+00 2.500E+00 3.000E+00 3.200E+00 3.390E+00 3.500E+00 3.750E+00 4.000E+00 4.500E+00 5.000E+00 5.500E+00 6.000E+00 6.200E+00 6.500E+00 7.200E+00 7.900E+00 8.200E+00 8.500E+00 8.700E+00 9.000E+00 9.200E+00 9.500E+00 9.800E+00 1.000E+01 1.060E+01 1.100E+01 1.150E+01 1.250E+01 1.300E+01 1.400E+01 1.480E+01 1.500E+01 1.640E+01 1.720E+01 1.800E+01 1.850E+01 2.000E+01 2.130E+01 2.250E+01 2.500E+01 2.790E+01 3.000E+01 3.500E+01 4.000E+01
#
  0.000E+00  1.293E-01 9.174E-02 6.888E-02 5.411E-02 4.388E-02 3.633E-02 3.061E-02 2.639E-02 2.313E-02 2.043E-02 1.827E-02 1.651E-02 1.369E-02 1.168E-02 8.315E-03 6.286E-03 4.945E-03 3.937E-03 2.544E-03 1.214E-03 1.419E-03 1.444E-03 1.396E-03 1.204E-03 1.026E-03 7.419E-04 5.618E-04 4.016E-04 2.149E-04 2.991E-04 2.622E-04 1.805E-04 1.254E-04 1.101E-04 1.012E-04 1.036E-04 9.464E-05 8.285E-05 6.950E-05 5.790E-05 5.027E-05 3.162E-05 2.262E-05 1.661E-05 1.328E-05 1.367E-05 1.439E-05 1.430E-05 1.442E-05 1.431E-05 1.491E-05 1.412E-05 1.332E-05 1.096E-05 9.095E-06 7.796E-06 5.723E-06 4.088E-06 3.184E-06 1.835E-06 1.306E-06
  1.000E-01  1.283E-01 9.126E-02 6.861E-02 5.395E-02 4.378E-02 3.627E-02 3.056E-02 2.636E-02 2.311E-02 2.042E-02 1.826E-02 1.650E-02 1.368E-02 1.168E-02 8.313E-03 6.285E-03 4.945E-03 3.937E-03 2.544E-03 1.214E-03 1.419E-03 1.444E-03 1.396E-03 1.204E-03 1.026E-03 7.419E-04 5.618E-04 4.016E-04 2.149E-04 2.991E-04 2.622E-04 1.805E-04 1.254E-04 1.101E-04 1.012E-04 1.036E-04 9.464E-05 8.285E-05 6.950E-05 5.790E-05 5.027E-05 3.162E-05 2.262E-05 1.661E-05 1.328E-05 1.367E-05 1.439E-05 1.430E-05 1.442E-05 1.431E-05 1.491E-05 1.412E-05 1.332E-05 1.096E-05 9.095E-06 7.796E-06 5.723E-06 4.088E-06 3.184E-06 1.835E-06 1.306E-06
  2.000E-01  1.256E-01 8.988E-02 6.784E-02 5.349E-02 4.349E-02 3.607E-02 3.043E-02 2.626E-02 2.303E-02 2.036E-02 1.822E-02 1.646E-02 1.366E-02 1.166E-02 8.307E-03 6.282E-03 4.943E-03 3.936E-03 2.544E-03 1.214E-03 1.419E-03 1.444E-03 1.395E-03 1.204E-03 1.026E-03 7.418E-04 5.617E-04 4.016E-04 2.148E-04 2.991E-04 2.622E-04 1.805E-04 1.254E-04 1.101E-04 1.012E-04 1.036E-04 9.463E-05 8.285E-05 6.950E-05 5.789E-05 5.026E-05 3.162E-05 2.262E-05 1.661E-05 1.328E-05 1.367E-05 1.439E-05 1.430E-05 1.442E-05 1.431E-05 1.490E-05 1.412E-05 1.332E-05 1.096E-05 9.095E-06 7.795E-06 5.723E-06 4.088E-06 3.184E-06 1.835E-06 1.306E-06
  3.000E-01  1.215E-01 8.778E-02 6.665E-02 5.276E-02 4.302E-02 3.575E-02 3.021E-02 2.611E-02 2.292E-02 2.027E-02 1.815E-02 1.641E-02 1.363E-02 1.164E-02 8.297E-03 6.277E-03 4.940E-03 3.934E-03 2.543E-03 1.214E-03 1.418E-03 1.444E-03 1.395E-03 1.203E-03 1.026E-03 7.417E-04 5.617E-04 4.015E-04 2.148E-04 2.991E-04 2.621E-04 1.805E-04 1.254E-04 1.101E-04 1.012E-04 1.036E-04 9.462E-05 8.284E-05 6.949E-05 5.789E-05 5.026E-05 3.162E-05 2.261E-05 1.661E-05 1.328E-05 1.366E-05 1.439E-05 1.430E-05 1.442E-05 1.431E-05 1.490E-05 1.412E-05 1.332E-05 1.096E-05 9.095E-06 7.795E-06 5.723E-06 4.088E-06 3.184E-06 1.835E-06 1.306E-06
  4.000E-01  1.166E-01 8.515E-02 6.512E-02 5.181E-02 4.240E-02 3.533E-02 2.991E-02 2.589E-02 2.276E-02 2.015E-02 1.805E-02 1.634E-02 1.358E-02 1.161E-02 8.283E-03 6.269E-03 4.936E-03 3.931E-03 2.542E-03 1.213E-03 1.418E-03 1.443E-03 1.395E-03 1.203E-03 1.026E-03 7.415E-04 5.616E-04 4.014E-04 2.148E-04 2.991E-04 2.621E-04 1.804E-04 1.254E-04 1.100E-04 1.012E-04 1.035E-04 9.462E-05 8.283E-05 6.949E-05 5.788E-05 5.025E-05 3.161E-05 2.261E-05 1.661E-05 1.327E-05 1.366E-05 1.439E-05 1.430E-05 1.442E-05 1.431E-05 1.490E-05 1.412E-05 1.332E-05 1.096E-05 9.095E-06 7.795E-06 5.723E-06 4.088E-06 3.184E-06 1.835E-06 1.305E-06
  5.000E-01  1.111E-01 8.216E-02 6.334E-02 5.068E-02 4.166E-02 3.482E-02 2.955E-02 2.563E-02 2.256E-02 2.000E-02 1.794E-02 1.624E-02 1.352E-02 1.157E-02 8.265E-03 6.260E-03 4.930E-03 3.928E-03 2.540E-03 1.213E-03 1.417E-03 1.443E-03 1.394E-03 1.203E-03 1.025E-03 7.414E-04 5.614E-04 4.014E-04 2.147E-04 2.990E-04 2.621E-04 1.804E-04 1.253E-04 1.100E-04 1.011E-04 1.035E-04 9.460E-05 8.282E-05 6.948E-05 5.788E-05 5.025E-05 3.161E-05 2.261E-05 1.660E-05 1.327E-05 1.366E-05 1.439E-05 1.430E-05 1.442E-05 1.431E-05 1.490E-05 1.412E-05 1.332E-05 1.096E-05 9.094E-06 7.795E-06 5.723E-06 4.087E-06 3.183E-06 1.835E-06 1.305E-06
  6.000E-01  1.055E-01 7.895E-02 6.139E-02 4.943E-02 4.081E-02 3.424E-02 2.913E-02 2.533E-02 2.233E-02 1.982E-02 1.780E-02 1.614E-02 1.345E-02 1.152E-02 8.243E-03 6.249E-03 4.924E-03 3.924E-03 2.538E-03 1.212E-03 1.417E-03 1.442E-03 1.394E-03 1.202E-03 1.025E-03 7.411E-04 5.613E-04 4.012E-04 2.147E-04 2.989E-04 2.620E-04 1.804E-04 1.253E-04 1.100E-04 1.011E-04 1.035E-04 9.459E-05 8.281E-05 6.947E-05 5.787E-05 5.024E-05 3.161E-05 2.261E-05 1.660E-05 1.327E-05 1.366E-05 1.439E-05 1.429E-05 1.442E-05 1.431E-05 1.490E-05 1.412E-05 1.332E-05 1.096E-05 9.094E-06 7.794E-06 5.722E-06 4.087E-06 3.183E-06 1.835E-06 1.305E-06
  7.000E-01  9.972E-02 7.563E-02 5.932E-02 4.808E-02 3.990E-02 3.360E-02 2.867E-02 2.499E-02 2.206E-02 1.962E-02 1.764E-02 1.601E-02 1.337E-02 1.146E-02 8.218E-03 6.236E-03 4.916E-03 3.919E-03 2.536E-03 1.211E-03 1.416E-03 1.441E-03 1.393E-03 1.202E-03 1.025E-03 7.409E-04 5.611E-04 4.011E-04 2.146E-04 2.989E-04 2.619E-04 1.803E-04 1.253E-04 1.100E-04 1.011E-04 1.035E-04 9.457E-05 8.280E-05 6.946E-05 5.786E-05 5.023E-05 3.160E-05 2.260E-05 1.660E-05 1.327E-05 1.366E-05 1.439E-05 1.429E-05 1.441E-05 1.431E-05 1.490E-05 1.412E-05 1.332E-05 1.096E-05 9.093E-06 7.794E-06 5.722E-06 4.087E-06 3.183E-06 1.835E-06 1.305E-06
  8.000E-01  9.405E-02 7.226E-02 5.719E-02 4.666E-02 3.893E-02 3.292E-02 2.817E-02 2.462E-02 2.178E-02 1.940E-02 1.747E-02 1.587E-02 1.327E-02 1.140E-02 8.190E-03 6.221E-03 4.908E-03 3.914E-03 2.533E-03 1.210E-03 1.415E-03 1.441E-03 1.392E-03 1.201E-03 1.024E-03 7.406E-04 5.609E-04 4.010E-04 2.145E-04 2.988E-04 2.619E-04 1.803E-04 1.253E-04 1.100E-04 1.011E-04 1.035E-04 9.455E-05 8.278E-05 6.944E-05 5.785E-05 5.022E-05 3.159E-05 2.260E-05 1.660E-05 1.327E-05 1.366E-05 1.439E-05 1.429E-05 1.441E-05 1.431E-05 1.490E-05 1.412E-05 1.332E-05 1.096E-05 9.093E-06 7.794E-06 5.722E-06 4.087E-06 3.183E-06 1.835E-06 1.305E-06
  9.000E-01  8.854E-02 6.891E-02 5.504E-02 4.521E-02 3.791E-02 3.219E-02 2.765E-02 2.423E-02 2.147E-02 1.916E-02 1.728E-02 1.572E-02 1.317E-02 1.133E-02 8.159E-03 6.204E-03 4.898E-03 3.907E-03 2.530E-03 1.209E-03 1.414E-03 1.440E-03 1.392E-03 1.201E-03 1.024E-03 7.402E-04 5.606E-04 4.008E-04 2.144E-04 2.987E-04 2.618E-04 1.802E-04 1.252E-04 1.099E-04 1.011E-04 1.034E-04 9.453E-05 8.276E-05 6.943E-05 5.783E-05 5.021E-05 3.159E-05 2.259E-05 1.659E-05 1.327E-05 1.366E-05 1.438E-05 1.429E-05 1.441E-05 1.431E-05 1.490E-05 1.411E-05 1.332E-05 1.096E-05 9.092E-06 7.793E-06 5.721E-06 4.087E-06 3.183E-06 1.835E-06 1.305E-06
  1.000E+00  8.324E-02 6.563E-02 5.288E-02 4.374E-02 3.688E-02 3.145E-02 2.709E-02 2.381E-02 2.115E-02 1.891E-02 1.708E-02 1.556E-02 1.307E-02 1.125E-02 8.124E-03 6.186E-03 4.887E-03 3.901E-03 2.527E-03 1.207E-03 1.413E-03 1.439E-03 1.391E-03 1.200E-03 1.023E-03 7.398E-04 5.604E-04 4.006E-04 2.144E-04 2.986E-04 2.617E-04 1.802E-04 1.252E-04 1.099E-04 1.010E-04 1.034E-04 9.451E-05 8.274E-05 6.941E-05 5.782E-05 5.020E-05 3.158E-05 2.259E-05 1.659E-05 1.326E-05 1.365E-05 1.438E-05 1.429E-05 1.441E-05 1.430E-05 1.490E-05 1.411E-05 1.332E-05 1.096E-05 9.091E-06 7.792E-06 5.721E-06 4.086E-06 3.183E-06 1.834E-06 1.305E-06
  1.100E+00  7.820E-02 6.243E-02 5.075E-02 4.226E-02 3.583E-02 3.069E-02 2.653E-02 2.338E-02 2.081E-02 1.864E-02 1.687E-02 1.539E-02 1.295E-02 1.117E-02 8.087E-03 6.166E-03 4.876E-03 3.893E-03 2.524E-03 1.206E-03 1.411E-03 1.438E-03 1.390E-03 1.199E-03 1.022E-03 7.394E-04 5.601E-04 4.004E-04 2.142E-04 2.985E-04 2.616E-04 1.801E-04 1.251E-04 1.099E-04 1.010E-04 1.034E-04 9.448E-05 8.271E-05 6.939E-05 5.780E-05 5.018E-05 3.157E-05 2.258E-05 1.658E-05 1.326E-05 1.365E-05 1.438E-05 1.429E-05 1.441E-05 1.430E-05 1.490E-05 1.411E-05 1.332E-05 1.096E-05 9.091E-06 7.792E-06 5.721E-06 4.086E-06 3.183E-06 1.834E-06 1.305E-06
  1.200E+00  7.342E-02 5.935E-02 4.866E-02 4.080E-02 3.477E-02 2.991E-02 2.595E-02 2.294E-02 2.046E-02 1.837E-02 1.666E-02 1.522E-02 1.283E-02 1.109E-02 8.047E-03 6.144E-03 4.863E-03 3.885E-03 2.520E-03 1.204E-03 1.410E-03 1.436E-03 1.388E-03 1.198E-03 1.022E-03 7.389E-04 5.598E-04 4.002E-04 2.141E-04 2.983E-04 2.615E-04 1.800E-04 1.251E-04 1.098E-04 1.010E-04 1.034E-04 9.445E-05 8.269E-05 6.937E-05 5.778E-05 5.017E-05 3.156E-05 2.257E-05 1.658E-05 1.326E-05 1.365E-05 1.438E-05 1.428E-05 1.440E-05 1.430E-05 1.489E-05 1.411E-05 1.332E-05 1.095E-05 9.090E-06 7.791E-06 5.720E-06 4.086E-06 3.182E-06 1.834E-06 1.305E-06
  1.300E+00  6.891E-02 5.638E-02 4.663E-02 3.935E-02 3.372E-02 2.914E-02 2.536E-02 2.249E-02 2.011E-02 1.808E-02 1.643E-02 1.503E-02 1.270E-02 1.100E-02 8.005E-03 6.121E-03 4.849E-03 3.876E-03 2.516E-03 1.203E-03 1.408E-03 1.435E-03 1.387E-03 1.197E-03 1.021E-03 7.384E-04 5.594E-04 4.000E-04 2.140E-04 2.982E-04 2.614E-04 1.799E-04 1.250E-04 1.098E-04 1.009E-04 1.033E-04 9.442E-05 8.266E-05 6.934E-05 5.776E-05 5.015E-05 3.155E-05 2.257E-05 1.657E-05 1.325E-05 1.364E-05 1.438E-05 1.428E-05 1.440E-05 1.430E-05 1.489E-05 1.411E-05 1.331E-05 1.095E-05 9.089E-06 7.790E-06 5.720E-06 4.085E-06 3.182E-06 1.834E-06 1.305E-06
  1.400E+00  6.468E-02 5.355E-02 4.466E-02 3.793E-02 3.268E-02 2.836E-02 2.477E-02 2.204E-02 1.974E-02 1.779E-02 1.620E-02 1.484E-02 1.257E-02 1.091E-02 7.961E-03 6.097E-03 4.835E-03 3.867E-03 2.511E-03 1.201E-03 1.407E-03 1.433E-03 1.386E-03 1.196E-03 1.020E-03 7.378E-04 5.590E-04 3.997E-04 2.139E-04 2.981E-04 2.612E-04 1.799E-04 1.250E-04 1.097E-04 1.009E-04 1.033E-04 9.438E-05 8.263E-05 6.932E-05 5.774E-05 5.013E-05 3.154E-05 2.256E-05 1.657E-05 1.325E-05 1.364E-05 1.437E-05 1.428E-05 1.440E-05 1.430E-05 1.489E-05 1.411E-05 1.331E-05 1.095E-05 9.088E-06 7.789E-06 5.719E-06 4.085E-06 3.182E-06 1.834E-06 1.305E-06
  1.500E+00  6.072E-02 5.085E-02 4.275E-02 3.655E-02 3.165E-02 2.759E-02 2.418E-02 2.158E-02 1.937E-02 1.750E-02 1.596E-02 1.465E-02 1.244E-02 1.081E-02 7.914E-03 6.071E-03 4.820E-03 3.857E-03 2.507E-03 1.199E-03 1.405E-03 1.432E-03 1.384E-03 1.195E-03 1.019E-03 7.373E-04 5.586E-04 3.994E-04 2.137E-04 2.979E-04 2.611E-04 1.798E-04 1.249E-04 1.097E-04 1.008E-04 1.032E-04 9.435E-05 8.260E-05 6.929E-05 5.772E-05 5.011E-05 3.152E-05 2.255E-05 1.656E-05 1.325E-05 1.364E-05 1.437E-05 1.427E-05 1.440E-05 1.429E-05 1.489E-05 1.410E-05 1.331E-05 1.095E-05 9.087E-06 7.789E-06 5.718E-06 4.085E-06 3.181E-06 1.834E-06 1.305E-06
  1.600E+00  5.701E-02 4.828E-02 4.092E-02 3.520E-02 3.064E-02 2.682E-02 2.359E-02 2.112E-02 1.900E-02 1.720E-02 1.572E-02 1.445E-02 1.230E-02 1.071E-02 7.866E-03 6.044E-03 4.803E-03 3.847E-03 2.502E-03 1.197E-03 1.403E-03 1.430E-03 1.383E-03 1.194E-03 1.018E-03 7.366E-04 5.582E-04 3.991E-04 2.136E-04 2.977E-04 2.609E-04 1.797E-04 1.249E-04 1.096E-04 1.008E-04 1.032E-04 9.431E-05 8.256E-05 6.926E-05 5.770E-05 5.009E-05 3.151E-05 2.254E-05 1.656E-05 1.324E-05 1.363E-05 1.437E-05 1.427E-05 1.439E-05 1.429E-05 1.488E-05 1.410E-05 1.331E-05 1.095E-05 9.085E-06 7.788E-06 5.718E-06 4.084E-06 3.181E-06 1.834E-06 1.305E-06
  1.700E+00  5.355E-02 4.584E-02 3.916E-02 3.389E-02 2.965E-02 2.607E-02 2.301E-02 2.067E-02 1.863E-02 1.690E-02 1.547E-02 1.425E-02 1.216E-02 1.061E-02 7.816E-03 6.017E-03 4.787E-03 3.836E-03 2.496E-03 1.195E-03 1.401E-03 1.429E-03 1.381E-03 1.192E-03 1.017E-03 7.360E-04 5.577E-04 3.988E-04 2.134E-04 2.975E-04 2.608E-04 1.796E-04 1.248E-04 1.096E-04 1.007E-04 1.031E-04 9.426E-05 8.252E-05 6.923E-05 5.767E-05 5.007E-05 3.150E-05 2.253E-05 1.655E-05 1.324E-05 1.363E-05 1.436E-05 1.427E-05 1.439E-05 1.429E-05 1.488E-05 1.410E-05 1.331E-05 1.095E-05 9.084E-06 7.787E-06 5.717E-06 4.084E-06 3.181E-06 1.833E-06 1.305E-06
  1.800E+00  5.033E-02 4.353E-02 3.747E-02 3.262E-02 2.868E-02 2.532E-02 2.243E-02 2.021E-02 1.826E-02 1.660E-02 1.523E-02 1.405E-02 1.201E-02 1.050E-02 7.764E-03 5.988E-03 4.769E-03 3.825E-03 2.491E-03 1.192E-03 1.399E-03 1.427E-03 1.380E-03 1.191E-03 1.016E-03 7.352E-04 5.573E-04 3.985E-04 2.132E-04 2.973E-04 2.606E-04 1.794E-04 1.247E-04 1.095E-04 1.007E-04 1.031E-04 9.422E-05 8.249E-05 6.920E-05 5.764E-05 5.004E-05 3.148E-05 2.252E-05 1.654E-05 1.323E-05 1.363E-05 1.436E-05 1.427E-05 1.439E-05 1.429E-05 1.488E-05 1.410E-05 1.330E-05 1.095E-05 9.083E-06 7.785E-06 5.716E-06 4.083E-06 3.180E-06 1.833E-06 1.304E-06
  1.900E+00  4.732E-02 4.134E-02 3.586E-02 3.139E-02 2.774E-02 2.459E-02 2.186E-02 1.976E-02 1.789E-02 1.630E-02 1.498E-02 1.384E-02 1.187E-02 1.040E-02 7.711E-03 5.958E-03 4.751E-03 3.813E-03 2.485E-03 1.190E-03 1.397E-03 1.425E-03 1.378E-03 1.190E-03 1.015E-03 7.345E-04 5.567E-04 3.981E-04 2.130E-04 2.971E-04 2.604E-04 1.793E-04 1.246E-04 1.094E-04 1.006E-04 1.030E-04 9.417E-05 8.244E-05 6.916E-05 5.761E-05 5.002E-05 3.147E-05 2.251E-05 1.654E-05 1.323E-05 1.362E-05 1.435E-05 1.426E-05 1.438E-05 1.428E-05 1.488E-05 1.409E-05 1.330E-05 1.094E-05 9.081E-06 7.784E-06 5.715E-06 4.083E-06 3.180E-06 1.833E-06 1.304E-06
  2.000E+00  4.452E-02 3.927E-02 3.432E-02 3.021E-02 2.683E-02 2.388E-02 2.129E-02 1.931E-02 1.752E-02 1.600E-02 1.474E-02 1.364E-02 1.172E-02 1.029E-02 7.657E-03 5.927E-03 4.732E-03 3.801E-03 2.479E-03 1.187E-03 1.395E-03 1.423E-03 1.376E-03 1.188E-03 1.014E-03 7.337E-04 5.562E-04 3.978E-04 2.128E-04 2.969E-04 2.602E-04 1.792E-04 1.246E-04 1.094E-04 1.006E-04 1.030E-04 9.412E-05 8.240E-05 6.912E-05 5.758E-05 4.999E-05 3.145E-05 2.250E-05 1.653E-05 1.322E-05 1.362E-05 1.435E-05 1.426E-05 1.438E-05 1.428E-05 1.487E-05 1.409E-05 1.330E-05 1.094E-05 9.080E-06 7.783E-06 5.715E-06 4.082E-06 3.180E-06 1.833E-06 1.304E-06
  3.000E+00  2.508E-02 2.391E-02 2.237E-02 2.063E-02 1.916E-02 1.770E-02 1.631E-02 1.524E-02 1.411E-02 1.315E-02 1.235E-02 1.162E-02 1.023E-02 9.175E-03 7.065E-03 5.580E-03 4.514E-03 3.656E-03 2.406E-03 1.157E-03 1.367E-03 1.398E-03 1.353E-03 1.169E-03 9.986E-04 7.239E-04 5.495E-04 3.931E-04 2.104E-04 2.942E-04 2.578E-04 1.776E-04 1.235E-04 1.085E-04 9.981E-05 1.023E-04 9.349E-05 8.184E-05 6.866E-05 5.720E-05 4.966E-05 3.124E-05 2.235E-05 1.643E-05 1.316E-05 1.355E-05 1.429E-05 1.421E-05 1.433E-05 1.424E-05 1.483E-05 1.406E-05 1.327E-05 1.092E-05 9.061E-06 7.767E-06 5.704E-06 4.076E-06 3.175E-06 1.830E-06 1.303E-06
  4.000E+00  1.513E-02 1.518E-02 1.504E-02 1.440E-02 1.386E-02 1.320E-02 1.253E-02 1.201E-02 1.134E-02 1.077E-02 1.028E-02 9.819E-03 8.846E-03 8.091E-03 6.445E-03 5.199E-03 4.262E-03 3.484E-03 2.315E-03 1.118E-03 1.331E-03 1.366E-03 1.323E-03 1.145E-03 9.788E-04 7.109E-04 5.405E-04 3.868E-04 2.070E-04 2.906E-04 2.546E-04 1.755E-04 1.221E-04 1.073E-04 9.877E-05 1.013E-04 9.262E-05 8.108E-05 6.802E-05 5.667E-05 4.920E-05 3.095E-05 2.215E-05 1.629E-05 1.307E-05 1.347E-05 1.422E-05 1.414E-05 1.426E-05 1.418E-05 1.478E-05 1.401E-05 1.322E-05 1.088E-05 9.034E-06 7.745E-06 5.690E-06 4.066E-06 3.168E-06 1.827E-06 1.300E-06
  5.000E+00  9.677E-03 1.012E-02 1.046E-02 1.037E-02 1.026E-02 1.003E-02 9.773E-03 9.552E-03 9.180E-03 8.857E-03 8.571E-03 8.294E-03 7.642E-03 7.108E-03 5.844E-03 4.812E-03 3.996E-03 3.298E-03 2.213E-03 1.073E-03 1.289E-03 1.328E-03 1.288E-03 1.116E-03 9.551E-04 6.951E-04 5.294E-04 3.792E-04 2.030E-04 2.860E-04 2.506E-04 1.729E-04 1.204E-04 1.058E-04 9.747E-05 1.000E-04 9.153E-05 8.012E-05 6.722E-05 5.600E-05 4.862E-05 3.059E-05 2.190E-05 1.612E-05 1.295E-05 1.336E-05 1.412E-05 1.405E-05 1.418E-05 1.411E-05 1.471E-05 1.394E-05 1.316E-05 1.084E-05 8.999E-06 7.718E-06 5.671E-06 4.054E-06 3.159E-06 1.822E-06 1.297E-06
  6.000E+00  6.522E-03 7.085E-03 7.513E-03 7.711E-03 7.791E-03 7.796E-03 7.753E-03 7.684E-03 7.521E-03 7.356E-03 7.195E-03 7.036E-03 6.621E-03 6.246E-03 5.286E-03 4.437E-03 3.729E-03 3.106E-03 2.103E-03 1.026E-03 1.243E-03 1.285E-03 1.248E-03 1.083E-03 9.283E-04 6.771E-04 5.168E-04 3.703E-04 1.983E-04 2.808E-04 2.459E-04 1.697E-04 1.183E-04 1.041E-04 9.594E-05 9.856E-05 9.024E-05 7.899E-05 6.627E-05 5.522E-05 4.794E-05 3.016E-05 2.160E-05 1.591E-05 1.282E-05 1.324E-05 1.400E-05 1.395E-05 1.407E-05 1.402E-05 1.462E-05 1.387E-05 1.309E-05 1.079E-05 8.958E-06 7.684E-06 5.648E-06 4.039E-06 3.148E-06 1.816E-06 1.294E-06
  8.000E+00  3.427E-03 3.944E-03 4.277E-03 4.636E-03 4.844E-03 5.005E-03 5.127E-03 5.192E-03 5.236E-03 5.232E-03 5.205E-03 5.170E-03 5.039E-03 4.866E-03 4.322E-03 3.750E-03 3.218E-03 2.725E-03 1.876E-03 9.258E-04 1.145E-03 1.193E-03 1.161E-03 1.010E-03 8.679E-04 6.361E-04 4.876E-04 3.497E-04 1.875E-04 2.684E-04 2.348E-04 1.624E-04 1.134E-04 9.991E-05 9.229E-05 9.504E-05 8.714E-05 7.626E-05 6.399E-05 5.332E-05 4.629E-05 2.913E-05 2.089E-05 1.542E-05 1.249E-05 1.292E-05 1.372E-05 1.369E-05 1.382E-05 1.380E-05 1.441E-05 1.368E-05 1.292E-05 1.065E-05 8.854E-06 7.599E-06 5.591E-06 4.002E-06 3.120E-06 1.802E-06 1.285E-06
  1.000E+01  2.190E-03 2.492E-03 2.789E-03 3.054E-03 3.269E-03 3.438E-03 3.596E-03 3.719E-03 3.807E-03 3.864E-03 3.901E-03 3.922E-03 3.911E-03 3.853E-03 3.550E-03 3.159E-03 2.760E-03 2.369E-03 1.651E-03 8.266E-04 1.044E-03 1.096E-03 1.068E-03 9.315E-04 8.024E-04 5.910E-04 4.551E-04 3.267E-04 1.754E-04 2.543E-04 2.221E-04 1.539E-04 1.078E-04 9.508E-05 8.802E-05 9.090E-05 8.348E-05 7.305E-05 6.130E-05 5.109E-05 4.435E-05 2.792E-05 2.004E-05 1.484E-05 1.209E-05 1.255E-05 1.337E-05 1.337E-05 1.350E-05 1.353E-05 1.415E-05 1.344E-05 1.270E-05 1.049E-05 8.724E-06 7.492E-06 5.519E-06 3.955E-06 3.085E-06 1.784E-06 1.273E-06
  1.200E+01  1.567E-03 1.767E-03 1.985E-03 2.182E-03 2.361E-03 2.508E-03 2.659E-03 2.791E-03 2.881E-03 2.954E-03 3.017E-03 3.061E-03 3.097E-03 3.097E-03 2.934E-03 2.661E-03 2.359E-03 2.047E-03 1.440E-03 7.329E-04 9.450E-04 9.986E-04 9.753E-04 8.517E-04 7.354E-04 5.442E-04 4.210E-04 3.024E-04 1.627E-04 2.391E-04 2.085E-04 1.447E-04 1.016E-04 8.979E-05 8.334E-05 8.634E-05 7.943E-05 6.949E-05 5.832E-05 4.862E-05 4.221E-05 2.658E-05 1.911E-05 1.419E-05 1.165E-05 1.212E-05 1.297E-05 1.300E-05 1.314E-05 1.321E-05 1.384E-05 1.317E-05 1.245E-05 1.029E-05 8.569E-06 7.366E-06 5.434E-06 3.899E-06 3.044E-06 1.763E-06 1.260E-06
  1.400E+01  1.215E-03 1.358E-03 1.513E-03 1.664E-03 1.806E-03 1.928E-03 2.052E-03 2.173E-03 2.255E-03 2.327E-03 2.393E-03 2.446E-03 2.498E-03 2.524E-03 2.438E-03 2.244E-03 2.013E-03 1.762E-03 1.248E-03 6.468E-04 8.511E-04 9.048E-04 8.847E-04 7.734E-04 6.691E-04 4.974E-04 3.866E-04 2.778E-04 1.499E-04 2.235E-04 1.944E-04 1.352E-04 9.517E-05 8.426E-05 7.842E-05 8.150E-05 7.513E-05 6.571E-05 5.516E-05 4.600E-05 3.993E-05 2.517E-05 1.812E-05 1.350E-05 1.117E-05 1.165E-05 1.253E-05 1.260E-05 1.274E-05 1.285E-05 1.350E-05 1.286E-05 1.216E-05 1.007E-05 8.394E-06 7.221E-06 5.336E-06 3.834E-06 2.996E-06 1.738E-06 1.244E-06
  1.600E+01  1.004E-03 1.105E-03 1.218E-03 1.327E-03 1.445E-03 1.545E-03 1.641E-03 1.741E-03 1.814E-03 1.878E-03 1.937E-03 1.988E-03 2.046E-03 2.079E-03 2.036E-03 1.897E-03 1.716E-03 1.513E-03 1.076E-03 5.691E-04 7.638E-04 8.160E-04 7.985E-04 6.984E-04 6.054E-04 4.521E-04 3.529E-04 2.537E-04 1.374E-04 2.077E-04 1.802E-04 1.255E-04 8.865E-05 7.864E-05 7.339E-05 7.654E-05 7.070E-05 6.183E-05 5.191E-05 4.330E-05 3.759E-05 2.371E-05 1.711E-05 1.279E-05 1.066E-05 1.116E-05 1.206E-05 1.216E-05 1.231E-05 1.247E-05 1.312E-05 1.251E-05 1.185E-05 9.826E-06 8.199E-06 7.061E-06 5.227E-06 3.762E-06 2.942E-06 1.710E-06 1.226E-06
  1.800E+01  8.399E-04 9.358E-04 1.004E-03 1.106E-03 1.194E-03 1.279E-03 1.356E-03 1.425E-03 1.494E-03 1.548E-03 1.593E-03 1.638E-03 1.698E-03 1.726E-03 1.708E-03 1.607E-03 1.461E-03 1.297E-03 9.245E-04 4.998E-04 6.835E-04 7.332E-04 7.179E-04 6.280E-04 5.453E-04 4.089E-04 3.206E-04 2.305E-04 1.254E-04 1.922E-04 1.663E-04 1.160E-04 8.221E-05 7.307E-05 6.839E-05 7.157E-05 6.624E-05 5.792E-05 4.864E-05 4.059E-05 3.524E-05 2.225E-05 1.609E-05 1.207E-05 1.015E-05 1.066E-05 1.157E-05 1.170E-05 1.185E-05 1.206E-05 1.271E-05 1.215E-05 1.151E-05 9.562E-06 7.989E-06 6.888E-06 5.108E-06 3.683E-06 2.883E-06 1.679E-06 1.206E-06
  2.000E+01  7.166E-04 8.088E-04 8.472E-04 9.465E-04 1.008E-03 1.077E-03 1.140E-03 1.187E-03 1.252E-03 1.296E-03 1.329E-03 1.366E-03 1.421E-03 1.444E-03 1.439E-03 1.363E-03 1.245E-03 1.111E-03 7.925E-04 4.386E-04 6.105E-04 6.570E-04 6.434E-04 5.627E-04 4.893E-04 3.685E-04 2.901E-04 2.087E-04 1.140E-04 1.773E-04 1.528E-04 1.069E-04 7.594E-05 6.764E-05 6.348E-05 6.667E-05 6.183E-05 5.405E-05 4.540E-05 3.791E-05 3.292E-05 2.081E-05 1.508E-05 1.136E-05 9.623E-06 1.014E-05 1.107E-05 1.123E-05 1.138E-05 1.163E-05 1.229E-05 1.176E-05 1.115E-05 9.282E-06 7.765E-06 6.703E-06 4.981E-06 3.597E-06 2.819E-06 1.646E-06 1.184E-06
  2.200E+01  6.405E-04 7.030E-04 7.387E-04 8.095E-04 8.611E-04 9.149E-04 9.652E-04 1.008E-03 1.058E-03 1.095E-03 1.124E-03 1.152E-03 1.197E-03 1.218E-03 1.217E-03 1.157E-03 1.061E-03 9.509E-04 6.785E-04 3.847E-04 5.446E-04 5.874E-04 5.752E-04 5.028E-04 4.378E-04 3.310E-04 2.617E-04 1.883E-04 1.034E-04 1.630E-04 1.400E-04 9.810E-05 6.994E-05 6.242E-05 5.875E-05 6.190E-05 5.753E-05 5.029E-05 4.226E-05 3.530E-05 3.066E-05 1.941E-05 1.409E-05 1.065E-05 9.103E-06 9.625E-06 1.056E-05 1.074E-05 1.090E-05 1.119E-05 1.185E-05 1.136E-05 1.078E-05 8.989E-06 7.531E-06 6.508E-06 4.846E-06 3.507E-06 2.751E-06 1.610E-06 1.161E-06
  2.400E+01  5.729E-04 6.177E-04 6.531E-04 6.990E-04 7.413E-04 7.861E-04 8.243E-04 8.645E-04 9.002E-04 9.300E-04 9.558E-04 9.792E-04 1.014E-03 1.033E-03 1.033E-03 9.846E-04 9.056E-04 8.139E-04 5.805E-04 3.375E-04 4.854E-04 5.244E-04 5.133E-04 4.484E-04 3.909E-04 2.967E-04 2.355E-04 1.695E-04 9.361E-05 1.495E-04 1.280E-04 8.982E-05 6.425E-05 5.746E-05 5.423E-05 5.733E-05 5.339E-05 4.667E-05 3.923E-05 3.279E-05 2.849E-05 1.806E-05 1.314E-05 9.973E-06 8.590E-06 9.114E-06 1.005E-05 1.026E-05 1.041E-05 1.074E-05 1.140E-05 1.095E-05 1.040E-05 8.687E-06 7.288E-06 6.306E-06 4.706E-06 3.413E-06 2.680E-06 1.572E-06 1.136E-06
  2.600E+01  5.103E-04 5.443E-04 5.776E-04 6.107E-04 6.458E-04 6.819E-04 7.118E-04 7.444E-04 7.724E-04 7.964E-04 8.167E-04 8.377E-04 8.649E-04 8.802E-04 8.794E-04 8.394E-04 7.735E-04 6.971E-04 4.967E-04 2.962E-04 4.323E-04 4.675E-04 4.574E-04 3.992E-04 3.484E-04 2.655E-04 2.116E-04 1.523E-04 8.461E-05 1.368E-04 1.167E-04 8.207E-05 5.890E-05 5.278E-05 4.995E-05 5.297E-05 4.944E-05 4.321E-05 3.634E-05 3.039E-05 2.641E-05 1.677E-05 1.223E-05 9.317E-06 8.090E-06 8.612E-06 9.549E-06 9.773E-06 9.929E-06 1.028E-05 1.095E-05 1.053E-05 1.001E-05 8.378E-06 7.039E-06 6.098E-06 4.561E-06 3.314E-06 2.606E-06 1.532E-06 1.110E-06
  2.800E+01  4.554E-04 4.839E-04 5.108E-04 5.398E-04 5.641E-04 5.958E-04 6.206E-04 6.436E-04 6.661E-04 6.856E-04 7.015E-04 7.199E-04 7.410E-04 7.517E-04 7.502E-04 7.172E-04 6.615E-04 5.976E-04 4.252E-04 2.602E-04 3.850E-04 4.165E-04 4.072E-04 3.550E-04 3.102E-04 2.373E-04 1.898E-04 1.367E-04 7.639E-05 1.250E-04 1.062E-04 7.487E-05 5.391E-05 4.840E-05 4.593E-05 4.886E-05 4.569E-05 3.994E-05 3.360E-05 2.812E-05 2.444E-05 1.554E-05 1.137E-05 8.689E-06 7.606E-06 8.122E-06 9.053E-06 9.293E-06 9.449E-06 9.830E-06 1.049E-05 1.011E-05 9.614E-06 8.065E-06 6.786E-06 5.886E-06 4.412E-06 3.213E-06 2.530E-06 1.491E-06 1.083E-06
  3.000E+01  4.038E-04 4.340E-04 4.489E-04 4.810E-04 4.956E-04 5.238E-04 5.452E-04 5.577E-04 5.785E-04 5.941E-04 6.055E-04 6.198E-04 6.376E-04 6.434E-04 6.416E-04 6.142E-04 5.665E-04 5.131E-04 3.645E-04 2.288E-04 3.429E-04 3.709E-04 3.623E-04 3.155E-04 2.759E-04 2.119E-04 1.701E-04 1.226E-04 6.891E-05 1.141E-04 9.661E-05 6.822E-05 4.928E-05 4.433E-05 4.217E-05 4.500E-05 4.216E-05 3.685E-05 3.102E-05 2.598E-05 2.259E-05 1.439E-05 1.055E-05 8.093E-06 7.139E-06 7.648E-06 8.568E-06 8.822E-06 8.976E-06 9.381E-06 1.004E-05 9.684E-06 9.220E-06 7.751E-06 6.531E-06 5.672E-06 4.261E-06 3.110E-06 2.452E-06 1.449E-06 1.056E-06
  3.200E+01  3.598E-04 3.835E-04 3.962E-04 4.243E-04 4.393E-04 4.587E-04 4.775E-04 4.881E-04 5.060E-04 5.181E-04 5.261E-04 5.346E-04 5.500E-04 5.532E-04 5.508E-04 5.271E-04 4.861E-04 4.411E-04 3.129E-04 2.013E-04 3.054E-04 3.302E-04 3.223E-04 2.803E-04 2.454E-04 1.891E-04 1.524E-04 1.099E-04 6.214E-05 1.040E-04 8.776E-05 6.209E-05 4.500E-05 4.056E-05 3.868E-05 4.139E-05 3.885E-05 3.397E-05 2.860E-05 2.397E-05 2.085E-05 1.331E-05 9.775E-06 7.528E-06 6.692E-06 7.192E-06 8.097E-06 8.362E-06 8.514E-06 8.938E-06 9.585E-06 9.264E-06 8.828E-06 7.436E-06 6.275E-06 5.457E-06 4.109E-06 3.006E-06 2.372E-06 1.406E-06 1.027E-06
  3.400E+01  3.293E-04 3.409E-04 3.574E-04 3.730E-04 3.889E-04 4.028E-04 4.172E-04 4.299E-04 4.410E-04 4.508E-04 4.583E-04 4.641E-04 4.752E-04 4.784E-04 4.744E-04 4.532E-04 4.182E-04 3.799E-04 2.690E-04 1.774E-04 2.722E-04 2.940E-04 2.866E-04 2.490E-04 2.182E-04 1.687E-04 1.364E-04 9.845E-05 5.602E-05 9.471E-05 7.967E-05 5.648E-05 4.106E-05 3.708E-05 3.545E-05 3.804E-05 3.577E-05 3.127E-05 2.635E-05 2.210E-05 1.923E-05 1.229E-05 9.052E-06 6.996E-06 6.266E-06 6.754E-06 7.641E-06 7.915E-06 8.065E-06 8.504E-06 9.141E-06 8.850E-06 8.441E-06 7.124E-06 6.020E-06 5.242E-06 3.957E-06 2.901E-06 2.292E-06 1.362E-06 9.978E-07
  3.600E+01  2.944E-04 3.034E-04 3.204E-04 3.308E-04 3.436E-04 3.548E-04 3.667E-04 3.778E-04 3.850E-04 3.929E-04 4.000E-04 4.052E-04 4.116E-04 4.147E-04 4.097E-04 3.907E-04 3.606E-04 3.278E-04 2.318E-04 1.566E-04 2.427E-04 2.619E-04 2.550E-04 2.213E-04 1.941E-04 1.506E-04 1.222E-04 8.822E-05 5.049E-05 8.622E-05 7.229E-05 5.135E-05 3.745E-05 3.388E-05 3.247E-05 3.493E-05 3.291E-05 2.877E-05 2.426E-05 2.036E-05 1.772E-05 1.135E-05 8.376E-06 6.496E-06 5.861E-06 6.337E-06 7.203E-06 7.482E-06 7.630E-06 8.081E-06 8.706E-06 8.443E-06 8.059E-06 6.815E-06 5.767E-06 5.029E-06 3.804E-06 2.795E-06 2.212E-06 1.318E-06 9.682E-07
  3.800E+01  2.649E-04 2.718E-04 2.860E-04 2.933E-04 3.021E-04 3.139E-04 3.235E-04 3.320E-04 3.371E-04 3.435E-04 3.497E-04 3.545E-04 3.585E-04 3.600E-04 3.545E-04 3.377E-04 3.116E-04 2.836E-04 2.001E-04 1.384E-04 2.166E-04 2.334E-04 2.270E-04 1.968E-04 1.727E-04 1.344E-04 1.094E-04 7.907E-05 4.552E-05 7.847E-05 6.558E-05 4.668E-05 3.415E-05 3.094E-05 2.972E-05 3.206E-05 3.025E-05 2.646E-05 2.231E-05 1.874E-05 1.632E-05 1.047E-05 7.746E-06 6.027E-06 5.478E-06 5.940E-06 6.783E-06 7.066E-06 7.211E-06 7.669E-06 8.282E-06 8.044E-06 7.685E-06 6.511E-06 5.519E-06 4.818E-06 3.653E-06 2.690E-06 2.131E-06 1.274E-06 9.385E-07
  4.000E+01  2.354E-04 2.454E-04 2.532E-04 2.627E-04 2.681E-04 2.797E-04 2.874E-04 2.921E-04 2.975E-04 3.026E-04 3.062E-04 3.097E-04 3.136E-04 3.130E-04 3.075E-04 2.929E-04 2.699E-04 2.459E-04 1.732E-04 1.225E-04 1.935E-04 2.081E-04 2.023E-04 1.751E-04 1.538E-04 1.201E-04 9.802E-05 7.090E-05 4.105E-05 7.141E-05 5.949E-05 4.242E-05 3.113E-05 2.826E-05 2.720E-05 2.941E-05 2.780E-05 2.432E-05 2.052E-05 1.725E-05 1.503E-05 9.659E-06 7.161E-06 5.590E-06 5.116E-06 5.563E-06 6.382E-06 6.667E-06 6.808E-06 7.272E-06 7.870E-06 7.657E-06 7.320E-06 6.214E-06 5.274E-06 4.610E-06 3.504E-06 2.586E-06 2.051E-06 1.230E-06 9.086E-07
  4.200E+01  2.087E-04 2.172E-04 2.238E-04 2.345E-04 2.421E-04 2.480E-04 2.547E-04 2.582E-04 2.634E-04 2.673E-04 2.696E-04 2.708E-04 2.743E-04 2.731E-04 2.677E-04 2.547E-04 2.344E-04 2.138E-04 1.503E-04 1.086E-04 1.730E-04 1.858E-04 1.803E-04 1.559E-04 1.371E-04 1.073E-04 8.787E-05 6.361E-05 3.704E-05 6.497E-05 5.397E-05 3.856E-05 2.838E-05 2.580E-05 2.489E-05 2.697E-05 2.554E-05 2.234E-05 1.886E-05 1.587E-05 1.383E-05 8.906E-06 6.617E-06 5.182E-06 4.776E-06 5.208E-06 6.001E-06 6.285E-06 6.423E-06 6.888E-06 7.471E-06 7.280E-06 6.965E-06 5.924E-06 5.035E-06 4.407E-06 3.357E-06 2.483E-06 1.972E-06 1.186E-06 8.788E-07
  4.400E+01  1.886E-04 1.958E-04 2.015E-04 2.080E-04 2.154E-04 2.210E-04 2.253E-04 2.290E-04 2.324E-04 2.356E-04 2.382E-04 2.383E-04 2.403E-04 2.393E-04 2.338E-04 2.220E-04 2.042E-04 1.863E-04 1.307E-04 9.643E-05 1.549E-04 1.660E-04 1.610E-04 1.390E-04 1.223E-04 9.601E-05 7.883E-05 5.711E-05 3.343E-05 5.913E-05 4.897E-05 3.505E-05 2.587E-05 2.356E-05 2.277E-05 2.473E-05 2.346E-05 2.052E-05 1.734E-05 1.460E-05 1.273E-05 8.211E-06 6.113E-06 4.803E-06 4.456E-06 4.872E-06 5.639E-06 5.922E-06 6.055E-06 6.520E-06 7.087E-06 6.916E-06 6.622E-06 5.643E-06 4.803E-06 4.209E-06 3.213E-06 2.382E-06 1.895E-06 1.143E-06 8.491E-07
  4.600E+01  1.719E-04 1.729E-04 1.831E-04 1.844E-04 1.897E-04 1.950E-04 1.995E-04 2.038E-04 2.050E-04 2.077E-04 2.107E-04 2.111E-04 2.113E-04 2.105E-04 2.048E-04 1.940E-04 1.784E-04 1.627E-04 1.140E-04 8.579E-05 1.388E-04 1.485E-04 1.438E-04 1.241E-04 1.092E-04 8.597E-05 7.078E-05 5.132E-05 3.020E-05 5.382E-05 4.445E-05 3.188E-05 2.359E-05 2.152E-05 2.084E-05 2.268E-05 2.154E-05 1.885E-05 1.594E-05 1.343E-05 1.171E-05 7.570E-06 5.648E-06 4.451E-06 4.157E-06 4.557E-06 5.296E-06 5.576E-06 5.706E-06 6.168E-06 6.717E-06 6.566E-06 6.291E-06 5.370E-06 4.577E-06 4.016E-06 3.073E-06 2.283E-06 1.818E-06 1.100E-06 8.198E-07
  4.800E+01  1.520E-04 1.559E-04 1.627E-04 1.649E-04 1.694E-04 1.746E-04 1.774E-04 1.809E-04 1.817E-04 1.840E-04 1.861E-04 1.868E-04 1.868E-04 1.855E-04 1.799E-04 1.702E-04 1.563E-04 1.426E-04 9.969E-05 7.645E-05 1.245E-04 1.330E-04 1.287E-04 1.109E-04 9.764E-05 7.706E-05 6.361E-05 4.616E-05 2.730E-05 4.901E-05 4.037E-05 2.900E-05 2.152E-05 1.966E-05 1.907E-05 2.080E-05 1.979E-05 1.732E-05 1.465E-05 1.235E-05 1.078E-05 6.979E-06 5.218E-06 4.125E-06 3.877E-06 4.261E-06 4.973E-06 5.249E-06 5.374E-06 5.831E-06 6.364E-06 6.229E-06 5.973E-06 5.107E-06 4.359E-06 3.829E-06 2.936E-06 2.187E-06 1.743E-06 1.058E-06 7.910E-07
  5.000E+01  1.357E-04 1.406E-04 1.446E-04 1.492E-04 1.531E-04 1.571E-04 1.592E-04 1.605E-04 1.623E-04 1.641E-04 1.652E-04 1.648E-04 1.651E-04 1.635E-04 1.584E-04 1.497E-04 1.372E-04 1.253E-04 8.742E-05 6.826E-05 1.119E-04 1.193E-04 1.153E-04 9.921E-05 8.742E-05 6.916E-05 5.723E-05 4.156E-05 2.469E-05 4.465E-05 3.668E-05 2.640E-05 1.964E-05 1.797E-05 1.746E-05 1.908E-05 1.818E-05 1.592E-05 1.347E-05 1.136E-05 9.922E-06 6.436E-06 4.822E-06 3.823E-06 3.616E-06 3.984E-06 4.668E-06 4.939E-06 5.060E-06 5.511E-06 6.026E-06 5.906E-06 5.667E-06 4.855E-06 4.149E-06 3.649E-06 2.804E-06 2.093E-06 1.670E-06 1.017E-06 7.626E-07
  5.200E+01  1.203E-04 1.248E-04 1.292E-04 1.327E-04 1.377E-04 1.394E-04 1.419E-04 1.435E-04 1.450E-04 1.465E-04 1.477E-04 1.461E-04 1.461E-04 1.448E-04 1.400E-04 1.320E-04 1.209E-04 1.104E-04 7.688E-05 6.106E-05 1.007E-04 1.071E-04 1.034E-04 8.892E-05 7.839E-05 6.215E-05 5.154E-05 3.746E-05 2.236E-05 4.070E-05 3.336E-05 2.405E-05 1.794E-05 1.643E-05 1.600E-05 1.751E-05 1.670E-05 1.463E-05 1.239E-05 1.046E-05 9.136E-06 5.937E-06 4.457E-06 3.544E-06 3.373E-06 3.726E-06 4.382E-06 4.648E-06 4.764E-06 5.207E-06 5.704E-06 5.598E-06 5.376E-06 4.612E-06 3.946E-06 3.475E-06 2.676E-06 2.001E-06 1.600E-06 9.765E-07 7.349E-07
  5.400E+01  1.118E-04 1.104E-04 1.182E-04 1.175E-04 1.232E-04 1.239E-04 1.257E-04 1.292E-04 1.294E-04 1.306E-04 1.321E-04 1.305E-04 1.299E-04 1.289E-04 1.242E-04 1.167E-04 1.069E-04 9.754E-05 6.779E-05 5.472E-05 9.076E-05 9.635E-05 9.296E-05 7.982E-05 7.039E-05 5.593E-05 4.648E-05 3.380E-05 2.027E-05 3.713E-05 3.035E-05 2.192E-05 1.639E-05 1.504E-05 1.466E-05 1.608E-05 1.536E-05 1.345E-05 1.140E-05 9.629E-06 8.415E-06 5.478E-06 4.121E-06 3.286E-06 3.147E-06 3.485E-06 4.114E-06 4.373E-06 4.485E-06 4.919E-06 5.398E-06 5.305E-06 5.097E-06 4.380E-06 3.753E-06 3.308E-06 2.553E-06 1.913E-06 1.531E-06 9.376E-07 7.079E-07
  5.600E+01  9.827E-05 9.995E-05 1.054E-04 1.061E-04 1.097E-04 1.120E-04 1.131E-04 1.154E-04 1.150E-04 1.161E-04 1.175E-04 1.169E-04 1.160E-04 1.149E-04 1.103E-04 1.037E-04 9.478E-05 8.646E-05 5.995E-05 4.914E-05 8.193E-05 8.681E-05 8.368E-05 7.178E-05 6.332E-05 5.040E-05 4.197E-05 3.055E-05 1.839E-05 3.389E-05 2.765E-05 1.999E-05 1.499E-05 1.377E-05 1.345E-05 1.477E-05 1.412E-05 1.238E-05 1.049E-05 8.870E-06 7.755E-06 5.058E-06 3.812E-06 3.049E-06 2.937E-06 3.260E-06 3.864E-06 4.115E-06 4.223E-06 4.647E-06 5.108E-06 5.026E-06 4.833E-06 4.159E-06 3.568E-06 3.148E-06 2.435E-06 1.829E-06 1.465E-06 8.999E-07 6.818E-07
  5.800E+01  8.813E-05 9.120E-05 9.449E-05 9.567E-05 9.801E-05 1.018E-04 1.022E-04 1.028E-04 1.031E-04 1.041E-04 1.048E-04 1.045E-04 1.040E-04 1.023E-04 9.818E-05 9.236E-05 8.424E-05 7.687E-05 5.317E-05 4.422E-05 7.407E-05 7.835E-05 7.546E-05 6.466E-05 5.705E-05 4.549E-05 3.795E-05 2.764E-05 1.671E-05 3.097E-05 2.520E-05 1.826E-05 1.372E-05 1.262E-05 1.234E-05 1.358E-05 1.300E-05 1.139E-05 9.664E-06 8.176E-06 7.152E-06 4.673E-06 3.529E-06 2.830E-06 2.743E-06 3.052E-06 3.629E-06 3.874E-06 3.978E-06 4.391E-06 4.834E-06 4.762E-06 4.582E-06 3.949E-06 3.391E-06 2.996E-06 2.321E-06 1.747E-06 1.402E-06 8.636E-07 6.565E-07
  6.000E+01  7.897E-05 8.131E-05 8.474E-05 8.693E-05 8.968E-05 9.091E-05 9.209E-05 9.212E-05 9.343E-05 9.418E-05 9.434E-05 9.362E-05 9.321E-05 9.164E-05 8.777E-05 8.246E-05 7.512E-05 6.853E-05 4.730E-05 3.988E-05 6.709E-05 7.084E-05 6.817E-05 5.834E-05 5.150E-05 4.112E-05 3.437E-05 2.504E-05 1.520E-05 2.832E-05 2.300E-05 1.669E-05 1.257E-05 1.157E-05 1.134E-05 1.249E-05 1.197E-05 1.050E-05 8.909E-06 7.543E-06 6.601E-06 4.321E-06 3.270E-06 2.630E-06 2.564E-06 2.859E-06 3.411E-06 3.649E-06 3.748E-06 4.150E-06 4.576E-06 4.513E-06 4.344E-06 3.750E-06 3.224E-06 2.851E-06 2.214E-06 1.669E-06 1.341E-06 8.288E-07 6.322E-07
  6.200E+01  7.149E-05 7.137E-05 7.690E-05 7.664E-05 8.141E-05 8.101E-05 8.199E-05 8.418E-05 8.430E-05 8.494E-05 8.572E-05 8.410E-05 8.349E-05 8.255E-05 7.893E-05 7.379E-05 6.725E-05 6.127E-05 4.219E-05 3.604E-05 6.087E-05 6.417E-05 6.170E-05 5.275E-05 4.657E-05 3.724E-05 3.118E-05 2.273E-05 1.384E-05 2.593E-05 2.102E-05 1.527E-05 1.153E-05 1.063E-05 1.042E-05 1.150E-05 1.104E-05 9.678E-06 8.219E-06 6.964E-06 6.097E-06 3.999E-06 3.032E-06 2.445E-06 2.398E-06 2.680E-06 3.209E-06 3.439E-06 3.534E-06 3.924E-06 4.333E-06 4.278E-06 4.121E-06 3.561E-06 3.065E-06 2.714E-06 2.111E-06 1.595E-06 1.283E-06 7.954E-07 6.089E-07
  6.400E+01  6.505E-05 6.468E-05 7.001E-05 6.921E-05 7.270E-05 7.329E-05 7.416E-05 7.649E-05 7.567E-05 7.629E-05 7.747E-05 7.610E-05 7.512E-05 7.446E-05 7.111E-05 6.627E-05 6.039E-05 5.495E-05 3.776E-05 3.264E-05 5.533E-05 5.823E-05 5.596E-05 4.779E-05 4.219E-05 3.378E-05 2.833E-05 2.066E-05 1.263E-05 2.377E-05 1.923E-05 1.399E-05 1.058E-05 9.768E-06 9.594E-06 1.060E-05 1.018E-05 8.932E-06 7.591E-06 6.436E-06 5.638E-06 3.705E-06 2.815E-06 2.277E-06 2.245E-06 2.515E-06 3.021E-06 3.243E-06 3.335E-06 3.713E-06 4.105E-06 4.057E-06 3.910E-06 3.384E-06 2.916E-06 2.584E-06 2.014E-06 1.525E-06 1.228E-06 7.636E-07 5.866E-07
  6.600E+01  5.708E-05 5.941E-05 6.236E-05 6.330E-05 6.536E-05 6.674E-05 6.746E-05 6.862E-05 6.837E-05 6.896E-05 6.956E-05 6.894E-05 6.817E-05 6.724E-05 6.406E-05 5.977E-05 5.435E-05 4.945E-05 3.389E-05 2.962E-05 5.038E-05 5.296E-05 5.085E-05 4.338E-05 3.831E-05 3.070E-05 2.578E-05 1.881E-05 1.154E-05 2.182E-05 1.762E-05 1.284E-05 9.731E-06 8.991E-06 8.842E-06 9.781E-06 9.406E-06 8.254E-06 7.019E-06 5.956E-06 5.220E-06 3.437E-06 2.616E-06 2.122E-06 2.105E-06 2.362E-06 2.847E-06 3.062E-06 3.149E-06 3.516E-06 3.892E-06 3.850E-06 3.712E-06 3.216E-06 2.775E-06 2.461E-06 1.921E-06 1.458E-06 1.175E-06 7.334E-07 5.655E-07
  6.800E+01  5.315E-05 5.334E-05 5.705E-05 5.727E-05 6.011E-05 6.066E-05 6.139E-05 6.176E-05 6.252E-05 6.298E-05 6.316E-05 6.232E-05 6.204E-05 6.082E-05 5.790E-05 5.410E-05 4.906E-05 4.465E-05 3.051E-05 2.695E-05 4.597E-05 4.826E-05 4.631E-05 3.947E-05 3.485E-05 2.796E-05 2.351E-05 1.716E-05 1.056E-05 2.005E-05 1.617E-05 1.180E-05 8.960E-06 8.287E-06 8.160E-06 9.037E-06 8.700E-06 7.637E-06 6.498E-06 5.518E-06 4.839E-06 3.192E-06 2.435E-06 1.981E-06 1.976E-06 2.222E-06 2.686E-06 2.894E-06 2.978E-06 3.333E-06 3.693E-06 3.657E-06 3.527E-06 3.060E-06 2.642E-06 2.346E-06 1.835E-06 1.395E-06 1.126E-06 7.048E-07 5.455E-07
  7.000E+01  4.674E-05 4.758E-05 5.128E-05 5.180E-05 5.504E-05 5.486E-05 5.563E-05 5.668E-05 5.686E-05 5.730E-05 5.790E-05 5.682E-05 5.626E-05 5.525E-05 5.266E-05 4.906E-05 4.447E-05 4.043E-05 2.755E-05 2.458E-05 4.203E-05 4.407E-05 4.226E-05 3.599E-05 3.178E-05 2.551E-05 2.148E-05 1.569E-05 9.686E-06 1.846E-05 1.486E-05 1.086E-05 8.263E-06 7.651E-06 7.543E-06 8.362E-06 8.058E-06 7.076E-06 6.025E-06 5.120E-06 4.492E-06 2.970E-06 2.270E-06 1.852E-06 1.858E-06 2.094E-06 2.538E-06 2.739E-06 2.819E-06 3.163E-06 3.508E-06 3.476E-06 3.355E-06 2.913E-06 2.518E-06 2.238E-06 1.753E-06 1.335E-06 1.079E-06 6.779E-07 5.267E-07
  7.200E+01  4.313E-05 4.342E-05 4.705E-05 4.701E-05 4.919E-05 4.978E-05 5.058E-05 5.209E-05 5.164E-05 5.207E-05 5.259E-05 5.204E-05 5.125E-05 5.061E-05 4.804E-05 4.463E-05 4.046E-05 3.672E-05 2.496E-05 2.247E-05 3.851E-05 4.033E-05 3.866E-05 3.289E-05 2.904E-05 2.333E-05 1.967E-05 1.437E-05 8.900E-06 1.702E-05 1.368E-05 1.001E-05 7.634E-06 7.075E-06 6.983E-06 7.749E-06 7.475E-06 6.566E-06 5.594E-06 4.758E-06 4.177E-06 2.768E-06 2.120E-06 1.734E-06 1.750E-06 1.976E-06 2.402E-06 2.596E-06 2.673E-06 3.005E-06 3.336E-06 3.308E-06 3.194E-06 2.776E-06 2.402E-06 2.137E-06 1.677E-06 1.280E-06 1.035E-06 6.527E-07 5.090E-07
  7.400E+01  3.913E-05 3.983E-05 4.288E-05 4.295E-05 4.475E-05 4.581E-05 4.644E-05 4.725E-05 4.719E-05 4.761E-05 4.793E-05 4.754E-05 4.714E-05 4.632E-05 4.386E-05 4.078E-05 3.690E-05 3.347E-05 2.269E-05 2.059E-05 3.535E-05 3.699E-05 3.545E-05 3.013E-05 2.660E-05 2.138E-05 1.804E-05 1.319E-05 8.195E-06 1.572E-05 1.262E-05 9.247E-06 7.066E-06 6.555E-06 6.477E-06 7.194E-06 6.946E-06 6.104E-06 5.204E-06 4.430E-06 3.892E-06 2.584E-06 1.984E-06 1.627E-06 1.652E-06 1.869E-06 2.277E-06 2.465E-06 2.539E-06 2.860E-06 3.177E-06 3.153E-06 3.045E-06 2.649E-06 2.295E-06 2.043E-06 1.606E-06 1.228E-06 9.946E-07 6.291E-07 4.926E-07
  7.600E+01  3.574E-05 3.638E-05 3.920E-05 3.992E-05 4.146E-05 4.217E-05 4.291E-05 4.334E-05 4.347E-05 4.385E-05 4.434E-05 4.351E-05 4.326E-05 4.239E-05 4.025E-05 3.738E-05 3.376E-05 3.060E-05 2.069E-05 1.892E-05 3.253E-05 3.401E-05 3.258E-05 2.767E-05 2.443E-05 1.964E-05 1.659E-05 1.214E-05 7.564E-06 1.454E-05 1.166E-05 8.559E-06 6.553E-06 6.086E-06 6.019E-06 6.691E-06 6.466E-06 5.685E-06 4.851E-06 4.133E-06 3.633E-06 2.418E-06 1.860E-06 1.530E-06 1.562E-06 1.770E-06 2.163E-06 2.344E-06 2.415E-06 2.726E-06 3.030E-06 3.009E-06 2.907E-06 2.532E-06 2.195E-06 1.956E-06 1.540E-06 1.180E-06 9.567E-07 6.072E-07 4.774E-07
  7.800E+01  3.272E-05 3.225E-05 3.598E-05 3.589E-05 3.872E-05 3.802E-05 3.897E-05 4.038E-05 4.028E-05 4.062E-05 4.117E-05 4.011E-05 3.956E-05 3.910E-05 3.714E-05 3.433E-05 3.102E-05 2.807E-05 1.893E-05 1.743E-05 3.000E-05 3.135E-05 3.003E-05 2.548E-05 2.249E-05 1.809E-05 1.530E-05 1.119E-05 6.997E-06 1.348E-05 1.080E-05 7.940E-06 6.092E-06 5.663E-06 5.606E-06 6.236E-06 6.031E-06 5.306E-06 4.531E-06 3.864E-06 3.398E-06 2.267E-06 1.748E-06 1.442E-06 1.481E-06 1.681E-06 2.059E-06 2.234E-06 2.303E-06 2.604E-06 2.895E-06 2.877E-06 2.781E-06 2.423E-06 2.103E-06 1.875E-06 1.479E-06 1.135E-06 9.216E-07 5.871E-07 4.634E-07
  8.000E+01  2.923E-05 2.948E-05 3.261E-05 3.302E-05 3.527E-05 3.491E-05 3.595E-05 3.730E-05 3.717E-05 3.749E-05 3.789E-05 3.714E-05 3.667E-05 3.620E-05 3.429E-05 3.167E-05 2.859E-05 2.584E-05 1.738E-05 1.610E-05 2.773E-05 2.897E-05 2.774E-05 2.352E-05 2.076E-05 1.670E-05 1.414E-05 1.035E-05 6.490E-06 1.253E-05 1.003E-05 7.382E-06 5.676E-06 5.281E-06 5.233E-06 5.825E-06 5.639E-06 4.963E-06 4.241E-06 3.620E-06 3.186E-06 2.131E-06 1.647E-06 1.363E-06 1.407E-06 1.600E-06 1.965E-06 2.134E-06 2.200E-06 2.492E-06 2.772E-06 2.755E-06 2.664E-06 2.324E-06 2.018E-06 1.801E-06 1.423E-06 1.094E-06 8.893E-07 5.685E-07 4.507E-07
  8.200E+01  2.687E-05 2.826E-05 3.028E-05 3.095E-05 3.201E-05 3.329E-05 3.360E-05 3.398E-05 3.419E-05 3.455E-05 3.476E-05 3.456E-05 3.433E-05 3.351E-05 3.168E-05 2.939E-05 2.643E-05 2.389E-05 1.601E-05 1.491E-05 2.569E-05 2.684E-05 2.569E-05 2.178E-05 1.921E-05 1.546E-05 1.310E-05 9.597E-06 6.036E-06 1.167E-05 9.331E-06 6.882E-06 5.302E-06 4.938E-06 4.897E-06 5.454E-06 5.284E-06 4.653E-06 3.980E-06 3.401E-06 2.995E-06 2.009E-06 1.556E-06 1.291E-06 1.340E-06 1.527E-06 1.879E-06 2.044E-06 2.107E-06 2.390E-06 2.659E-06 2.644E-06 2.558E-06 2.232E-06 1.940E-06 1.733E-06 1.372E-06 1.057E-06 8.598E-07 5.517E-07 4.391E-07
  8.400E+01  2.532E-05 2.605E-05 2.823E-05 2.904E-05 2.952E-05 3.103E-05 3.152E-05 3.160E-05 3.184E-05 3.218E-05 3.229E-05 3.209E-05 3.199E-05 3.120E-05 2.945E-05 2.734E-05 2.453E-05 2.216E-05 1.481E-05 1.385E-05 2.387E-05 2.493E-05 2.387E-05 2.022E-05 1.783E-05 1.435E-05 1.217E-05 8.923E-06 5.629E-06 1.089E-05 8.706E-06 6.432E-06 4.966E-06 4.629E-06 4.595E-06 5.120E-06 4.964E-06 4.374E-06 3.745E-06 3.203E-06 2.823E-06 1.898E-06 1.474E-06 1.227E-06 1.280E-06 1.461E-06 1.802E-06 1.962E-06 2.023E-06 2.298E-06 2.557E-06 2.544E-06 2.461E-06 2.149E-06 1.870E-06 1.671E-06 1.325E-06 1.022E-06 8.329E-07 5.364E-07 4.288E-07
  8.600E+01  2.370E-05 2.317E-05 2.632E-05 2.629E-05 2.823E-05 2.825E-05 2.903E-05 2.986E-05 2.987E-05 3.018E-05 3.047E-05 2.997E-05 2.970E-05 2.917E-05 2.757E-05 2.546E-05 2.286E-05 2.061E-05 1.374E-05 1.290E-05 2.222E-05 2.322E-05 2.223E-05 1.883E-05 1.660E-05 1.336E-05 1.134E-05 8.321E-06 5.265E-06 1.019E-05 8.145E-06 6.028E-06 4.664E-06 4.352E-06 4.323E-06 4.819E-06 4.676E-06 4.123E-06 3.534E-06 3.025E-06 2.669E-06 1.799E-06 1.401E-06 1.169E-06 1.227E-06 1.402E-06 1.733E-06 1.888E-06 1.948E-06 2.214E-06 2.464E-06 2.452E-06 2.373E-06 2.074E-06 1.806E-06 1.615E-06 1.282E-06 9.914E-07 8.087E-07 5.227E-07 4.197E-07
  8.800E+01  2.144E-05 2.179E-05 2.423E-05 2.475E-05 2.623E-05 2.644E-05 2.712E-05 2.808E-05 2.800E-05 2.830E-05 2.865E-05 2.817E-05 2.784E-05 2.736E-05 2.586E-05 2.382E-05 2.139E-05 1.924E-05 1.280E-05 1.205E-05 2.075E-05 2.169E-05 2.077E-05 1.758E-05 1.550E-05 1.248E-05 1.060E-05 7.784E-06 4.940E-06 9.563E-06 7.642E-06 5.666E-06 4.394E-06 4.103E-06 4.080E-06 4.549E-06 4.417E-06 3.898E-06 3.344E-06 2.866E-06 2.530E-06 1.711E-06 1.335E-06 1.117E-06 1.179E-06 1.350E-06 1.671E-06 1.822E-06 1.880E-06 2.140E-06 2.381E-06 2.370E-06 2.294E-06 2.006E-06 1.748E-06 1.565E-06 1.244E-06 9.636E-07 7.870E-07 5.106E-07 4.117E-07
  9.000E+01  2.007E-05 2.120E-05 2.280E-05 2.309E-05 2.425E-05 2.544E-05 2.552E-05 2.607E-05 2.643E-05 2.672E-05 2.674E-05 2.647E-05 2.637E-05 2.579E-05 2.429E-05 2.240E-05 2.007E-05 1.804E-05 1.196E-05 1.129E-05 1.942E-05 2.032E-05 1.947E-05 1.647E-05 1.452E-05 1.169E-05 9.939E-06 7.305E-06 4.650E-06 8.998E-06 7.191E-06 5.343E-06 4.152E-06 3.881E-06 3.862E-06 4.307E-06 4.185E-06 3.696E-06 3.174E-06 2.723E-06 2.407E-06 1.632E-06 1.276E-06 1.071E-06 1.136E-06 1.303E-06 1.616E-06 1.763E-06 1.820E-06 2.073E-06 2.306E-06 2.296E-06 2.223E-06 1.945E-06 1.697E-06 1.520E-06 1.210E-06 9.390E-07 7.678E-07 5.000E-07 4.049E-07
  9.200E+01  1.912E-05 1.952E-05 2.165E-05 2.179E-05 2.322E-05 2.369E-05 2.420E-05 2.474E-05 2.498E-05 2.526E-05 2.538E-05 2.503E-05 2.483E-05 2.435E-05 2.295E-05 2.113E-05 1.891E-05 1.698E-05 1.123E-05 1.061E-05 1.822E-05 1.909E-05 1.830E-05 1.548E-05 1.365E-05 1.098E-05 9.348E-06 6.878E-06 4.392E-06 8.490E-06 6.787E-06 5.054E-06 3.937E-06 3.683E-06 3.668E-06 4.091E-06 3.978E-06 3.515E-06 3.022E-06 2.596E-06 2.296E-06 1.562E-06 1.224E-06 1.031E-06 1.098E-06 1.261E-06 1.567E-06 1.712E-06 1.766E-06 2.014E-06 2.240E-06 2.231E-06 2.160E-06 1.891E-06 1.651E-06 1.480E-06 1.180E-06 9.173E-07 7.510E-07 4.909E-07 3.991E-07
  9.400E+01  1.861E-05 1.802E-05 2.064E-05 2.060E-05 2.235E-05 2.212E-05 2.292E-05 2.364E-05 2.369E-05 2.396E-05 2.421E-05 2.373E-05 2.350E-05 2.308E-05 2.177E-05 2.001E-05 1.788E-05 1.604E-05 1.058E-05 9.997E-06 1.715E-05 1.799E-05 1.726E-05 1.460E-05 1.287E-05 1.036E-05 8.822E-06 6.499E-06 4.161E-06 8.035E-06 6.427E-06 4.797E-06 3.745E-06 3.507E-06 3.494E-06 3.898E-06 3.792E-06 3.354E-06 2.887E-06 2.483E-06 2.198E-06 1.499E-06 1.178E-06 9.946E-07 1.065E-06 1.225E-06 1.524E-06 1.666E-06 1.719E-06 1.962E-06 2.182E-06 2.173E-06 2.104E-06 1.843E-06 1.611E-06 1.445E-06 1.154E-06 8.985E-07 7.365E-07 4.832E-07 3.945E-07
  9.600E+01  1.701E-05 1.798E-05 1.923E-05 2.004E-05 2.092E-05 2.176E-05 2.214E-05 2.223E-05 2.269E-05 2.293E-05 2.280E-05 2.255E-05 2.258E-05 2.194E-05 2.066E-05 1.907E-05 1.697E-05 1.522E-05 1.001E-05 9.448E-06 1.619E-05 1.701E-05 1.633E-05 1.382E-05 1.217E-05 9.797E-06 8.353E-06 6.162E-06 3.956E-06 7.627E-06 6.106E-06 4.568E-06 3.575E-06 3.351E-06 3.341E-06 3.726E-06 3.628E-06 3.212E-06 2.768E-06 2.383E-06 2.112E-06 1.445E-06 1.138E-06 9.630E-07 1.036E-06 1.193E-06 1.487E-06 1.627E-06 1.679E-06 1.917E-06 2.131E-06 2.123E-06 2.056E-06 1.802E-06 1.576E-06 1.415E-06 1.131E-06 8.824E-07 7.241E-07 4.769E-07 3.910E-07
  9.800E+01  1.566E-05 1.781E-05 1.800E-05 1.915E-05 2.001E-05 2.119E-05 2.128E-05 2.090E-05 2.178E-05 2.200E-05 2.167E-05 2.163E-05 2.174E-05 2.090E-05 1.969E-05 1.822E-05 1.616E-05 1.449E-05 9.505E-06 8.956E-06 1.532E-05 1.614E-05 1.550E-05 1.312E-05 1.156E-05 9.300E-06 7.937E-06 5.863E-06 3.775E-06 7.263E-06 5.821E-06 4.365E-06 3.424E-06 3.212E-06 3.205E-06 3.574E-06 3.482E-06 3.086E-06 2.662E-06 2.295E-06 2.036E-06 1.397E-06 1.102E-06 9.354E-07 1.011E-06 1.166E-06 1.455E-06 1.593E-06 1.644E-06 1.878E-06 2.087E-06 2.079E-06 2.014E-06 1.766E-06 1.546E-06 1.389E-06 1.112E-06 8.690E-07 7.140E-07 4.719E-07 3.884E-07
  1.000E+02  1.497E-05 1.680E-05 1.732E-05 1.827E-05 1.941E-05 1.981E-05 2.027E-05 2.041E-05 2.081E-05 2.103E-05 2.107E-05 2.081E-05 2.073E-05 2.015E-05 1.897E-05 1.742E-05 1.549E-05 1.384E-05 9.062E-06 8.514E-06 1.454E-05 1.536E-05 1.477E-05 1.250E-05 1.101E-05 8.859E-06 7.569E-06 5.599E-06 3.614E-06 6.939E-06 5.568E-06 4.186E-06 3.291E-06 3.090E-06 3.085E-06 3.440E-06 3.354E-06 2.975E-06 2.569E-06 2.218E-06 1.969E-06 1.355E-06 1.072E-06 9.116E-07 9.895E-07 1.142E-06 1.428E-06 1.564E-06 1.614E-06 1.845E-06 2.050E-06 2.042E-06 1.979E-06 1.736E-06 1.520E-06 1.367E-06 1.096E-06 8.580E-07 7.058E-07 4.682E-07 3.868E-07
  1.020E+02  1.535E-05 1.543E-05 1.723E-05 1.754E-05 1.889E-05 1.869E-05 1.932E-05 2.002E-05 2.003E-05 2.026E-05 2.052E-05 2.007E-05 1.979E-05 1.954E-05 1.835E-05 1.673E-05 1.490E-05 1.327E-05 8.675E-06 8.118E-06 1.384E-05 1.466E-05 1.411E-05 1.195E-05 1.053E-05 8.470E-06 7.244E-06 5.366E-06 3.473E-06 6.650E-06 5.344E-06 4.028E-06 3.175E-06 2.984E-06 2.980E-06 3.323E-06 3.241E-06 2.877E-06 2.488E-06 2.151E-06 1.911E-06 1.319E-06 1.045E-06 8.912E-07 9.713E-07 1.122E-06 1.405E-06 1.539E-06 1.589E-06 1.818E-06 2.018E-06 2.011E-06 1.949E-06 1.711E-06 1.499E-06 1.349E-06 1.084E-06 8.494E-07 6.995E-07 4.656E-07 3.862E-07
  1.040E+02  1.471E-05 1.512E-05 1.660E-05 1.720E-05 1.838E-05 1.831E-05 1.892E-05 1.923E-05 1.960E-05 1.978E-05 1.981E-05 1.940E-05 1.926E-05 1.888E-05 1.772E-05 1.618E-05 1.438E-05 1.280E-05 8.341E-06 7.763E-06 1.321E-05 1.405E-05 1.354E-05 1.147E-05 1.010E-05 8.127E-06 6.957E-06 5.162E-06 3.348E-06 6.394E-06 5.147E-06 3.890E-06 3.073E-06 2.891E-06 2.889E-06 3.220E-06 3.143E-06 2.793E-06 2.418E-06 2.093E-06 1.861E-06 1.288E-06 1.023E-06 8.738E-07 9.560E-07 1.106E-06 1.386E-06 1.520E-06 1.569E-06 1.796E-06 1.993E-06 1.986E-06 1.925E-06 1.691E-06 1.483E-06 1.335E-06 1.074E-06 8.431E-07 6.951E-07 4.643E-07 3.864E-07
  1.060E+02  1.381E-05 1.480E-05 1.562E-05 1.675E-05 1.784E-05 1.794E-05 1.847E-05 1.860E-05 1.908E-05 1.925E-05 1.918E-05 1.880E-05 1.883E-05 1.834E-05 1.720E-05 1.572E-05 1.393E-05 1.239E-05 8.053E-06 7.444E-06 1.265E-05 1.350E-05 1.303E-05 1.105E-05 9.733E-06 7.826E-06 6.707E-06 4.984E-06 3.239E-06 6.167E-06 4.975E-06 3.770E-06 2.985E-06 2.810E-06 2.810E-06 3.131E-06 3.058E-06 2.720E-06 2.358E-06 2.043E-06 1.818E-06 1.261E-06 1.004E-06 8.594E-07 9.436E-07 1.093E-06 1.371E-06 1.504E-06 1.553E-06 1.778E-06 1.973E-06 1.966E-06 1.906E-06 1.675E-06 1.470E-06 1.324E-06 1.067E-06 8.389E-07 6.924E-07 4.640E-07 3.875E-07
  1.080E+02  1.334E-05 1.404E-05 1.531E-05 1.628E-05 1.723E-05 1.727E-05 1.785E-05 1.840E-05 1.844E-05 1.864E-05 1.883E-05 1.842E-05 1.829E-05 1.795E-05 1.682E-05 1.531E-05 1.357E-05 1.203E-05 7.804E-06 7.159E-06 1.215E-05 1.303E-05 1.259E-05 1.068E-05 9.410E-06 7.563E-06 6.488E-06 4.830E-06 3.144E-06 5.968E-06 4.825E-06 3.666E-06 2.910E-06 2.741E-06 2.742E-06 3.055E-06 2.985E-06 2.657E-06 2.306E-06 2.000E-06 1.782E-06 1.239E-06 9.879E-07 8.475E-07 9.336E-07 1.082E-06 1.360E-06 1.492E-06 1.541E-06 1.765E-06 1.958E-06 1.951E-06 1.892E-06 1.663E-06 1.461E-06 1.317E-06 1.062E-06 8.367E-07 6.913E-07 4.647E-07 3.894E-07
  1.100E+02  1.293E-05 1.315E-05 1.513E-05 1.554E-05 1.699E-05 1.677E-05 1.730E-05 1.806E-05 1.812E-05 1.831E-05 1.861E-05 1.816E-05 1.793E-05 1.759E-05 1.650E-05 1.497E-05 1.326E-05 1.174E-05 7.594E-06 6.903E-06 1.171E-05 1.261E-05 1.221E-05 1.037E-05 9.132E-06 7.336E-06 6.300E-06 4.697E-06 3.061E-06 5.794E-06 4.695E-06 3.577E-06 2.845E-06 2.682E-06 2.684E-06 2.990E-06 2.924E-06 2.605E-06 2.263E-06 1.965E-06 1.752E-06 1.221E-06 9.751E-07 8.379E-07 9.259E-07 1.074E-06 1.351E-06 1.484E-06 1.532E-06 1.756E-06 1.947E-06 1.941E-06 1.882E-06 1.655E-06 1.455E-06 1.313E-06 1.060E-06 8.363E-07 6.917E-07 4.664E-07 3.920E-07
  1.120E+02  1.273E-05 1.279E-05 1.495E-05 1.511E-05 1.694E-05 1.644E-05 1.706E-05 1.755E-05 1.800E-05 1.817E-05 1.820E-05 1.786E-05 1.772E-05 1.738E-05 1.622E-05 1.473E-05 1.302E-05 1.150E-05 7.421E-06 6.674E-06 1.131E-05 1.225E-05 1.189E-05 1.010E-05 8.894E-06 7.142E-06 6.139E-06 4.584E-06 2.990E-06 5.642E-06 4.584E-06 3.501E-06 2.791E-06 2.633E-06 2.636E-06 2.936E-06 2.872E-06 2.561E-06 2.227E-06 1.936E-06 1.727E-06 1.207E-06 9.649E-07 8.305E-07 9.203E-07 1.069E-06 1.346E-06 1.478E-06 1.527E-06 1.751E-06 1.941E-06 1.934E-06 1.876E-06 1.651E-06 1.453E-06 1.311E-06 1.060E-06 8.377E-07 6.936E-07 4.690E-07 3.954E-07
  1.140E+02  1.179E-05 1.275E-05 1.436E-05 1.502E-05 1.618E-05 1.640E-05 1.688E-05 1.746E-05 1.761E-05 1.781E-05 1.791E-05 1.774E-05 1.754E-05 1.730E-05 1.606E-05 1.455E-05 1.285E-05 1.132E-05 7.282E-06 6.470E-06 1.096E-05 1.195E-05 1.161E-05 9.876E-06 8.695E-06 6.977E-06 6.002E-06 4.489E-06 2.929E-06 5.511E-06 4.489E-06 3.438E-06 2.747E-06 2.593E-06 2.597E-06 2.891E-06 2.830E-06 2.525E-06 2.199E-06 1.913E-06 1.708E-06 1.195E-06 9.572E-07 8.251E-07 9.166E-07 1.065E-06 1.343E-06 1.476E-06 1.524E-06 1.749E-06 1.938E-06 1.932E-06 1.875E-06 1.651E-06 1.453E-06 1.313E-06 1.063E-06 8.407E-07 6.967E-07 4.724E-07 3.994E-07
  1.160E+02  1.179E-05 1.214E-05 1.447E-05 1.450E-05 1.564E-05 1.632E-05 1.663E-05 1.750E-05 1.729E-05 1.752E-05 1.792E-05 1.781E-05 1.749E-05 1.725E-05 1.600E-05 1.444E-05 1.274E-05 1.119E-05 7.172E-06 6.288E-06 1.065E-05 1.169E-05 1.138E-05 9.692E-06 8.532E-06 6.839E-06 5.889E-06 4.411E-06 2.878E-06 5.399E-06 4.411E-06 3.386E-06 2.710E-06 2.560E-06 2.565E-06 2.855E-06 2.796E-06 2.497E-06 2.176E-06 1.895E-06 1.693E-06 1.187E-06 9.517E-07 8.214E-07 9.146E-07 1.064E-06 1.342E-06 1.476E-06 1.525E-06 1.751E-06 1.939E-06 1.934E-06 1.876E-06 1.653E-06 1.456E-06 1.316E-06 1.067E-06 8.451E-07 7.011E-07 4.766E-07 4.040E-07
  1.180E+02  1.114E-05 1.221E-05 1.416E-05 1.433E-05 1.549E-05 1.632E-05 1.652E-05 1.740E-05 1.726E-05 1.750E-05 1.793E-05 1.788E-05 1.760E-05 1.728E-05 1.599E-05 1.439E-05 1.268E-05 1.110E-05 7.091E-06 6.126E-06 1.038E-05 1.148E-05 1.120E-05 9.548E-06 8.402E-06 6.728E-06 5.797E-06 4.347E-06 2.836E-06 5.304E-06 4.346E-06 3.345E-06 2.682E-06 2.535E-06 2.541E-06 2.827E-06 2.769E-06 2.475E-06 2.159E-06 1.882E-06 1.682E-06 1.181E-06 9.481E-07 8.192E-07 9.142E-07 1.064E-06 1.344E-06 1.479E-06 1.528E-06 1.755E-06 1.944E-06 1.938E-06 1.881E-06 1.658E-06 1.462E-06 1.322E-06 1.073E-06 8.509E-07 7.066E-07 4.815E-07 4.091E-07
  1.200E+02  1.054E-05 1.259E-05 1.378E-05 1.476E-05 1.547E-05 1.652E-05 1.685E-05 1.732E-05 1.752E-05 1.774E-05 1.799E-05 1.799E-05 1.773E-05 1.737E-05 1.604E-05 1.442E-05 1.267E-05 1.107E-05 7.039E-06 5.982E-06 1.015E-05 1.131E-05 1.107E-05 9.440E-06 8.303E-06 6.640E-06 5.725E-06 4.298E-06 2.801E-06 5.225E-06 4.295E-06 3.313E-06 2.661E-06 2.516E-06 2.522E-06 2.806E-06 2.750E-06 2.460E-06 2.147E-06 1.873E-06 1.675E-06 1.178E-06 9.463E-07 8.185E-07 9.151E-07 1.066E-06 1.347E-06 1.483E-06 1.533E-06 1.762E-06 1.951E-06 1.946E-06 1.889E-06 1.666E-06 1.470E-06 1.330E-06 1.080E-06 8.580E-07 7.130E-07 4.870E-07 4.147E-07
  1.220E+02  1.009E-05 1.231E-05 1.364E-05 1.462E-05 1.562E-05 1.674E-05 1.702E-05 1.763E-05 1.782E-05 1.804E-05 1.826E-05 1.826E-05 1.793E-05 1.757E-05 1.620E-05 1.452E-05 1.272E-05 1.108E-05 7.014E-06 5.855E-06 9.949E-06 1.118E-05 1.097E-05 9.366E-06 8.234E-06 6.575E-06 5.672E-06 4.262E-06 2.773E-06 5.160E-06 4.256E-06 3.289E-06 2.646E-06 2.503E-06 2.510E-06 2.792E-06 2.737E-06 2.450E-06 2.140E-06 1.868E-06 1.671E-06 1.177E-06 9.461E-07 8.190E-07 9.172E-07 1.069E-06 1.353E-06 1.490E-06 1.539E-06 1.771E-06 1.961E-06 1.956E-06 1.899E-06 1.676E-06 1.480E-06 1.339E-06 1.089E-06 8.661E-07 7.204E-07 4.931E-07 4.208E-07
  1.240E+02  1.021E-05 1.192E-05 1.388E-05 1.508E-05 1.628E-05 1.681E-05 1.741E-05 1.799E-05 1.830E-05 1.850E-05 1.865E-05 1.874E-05 1.830E-05 1.791E-05 1.645E-05 1.470E-05 1.284E-05 1.115E-05 7.015E-06 5.742E-06 9.779E-06 1.110E-05 1.091E-05 9.327E-06 8.193E-06 6.530E-06 5.635E-06 4.237E-06 2.751E-06 5.108E-06 4.228E-06 3.274E-06 2.637E-06 2.495E-06 2.503E-06 2.784E-06 2.730E-06 2.445E-06 2.137E-06 1.866E-06 1.671E-06 1.178E-06 9.473E-07 8.206E-07 9.203E-07 1.073E-06 1.359E-06 1.498E-06 1.548E-06 1.782E-06 1.973E-06 1.969E-06 1.912E-06 1.688E-06 1.491E-06 1.351E-06 1.099E-06 8.753E-07 7.286E-07 4.997E-07 4.272E-07
  1.260E+02  1.036E-05 1.226E-05 1.427E-05 1.587E-05 1.678E-05 1.735E-05 1.822E-05 1.850E-05 1.900E-05 1.918E-05 1.915E-05 1.921E-05 1.885E-05 1.836E-05 1.678E-05 1.497E-05 1.301E-05 1.127E-05 7.040E-06 5.644E-06 9.637E-06 1.105E-05 1.090E-05 9.319E-06 8.180E-06 6.506E-06 5.615E-06 4.224E-06 2.735E-06 5.069E-06 4.209E-06 3.266E-06 2.633E-06 2.493E-06 2.501E-06 2.781E-06 2.729E-06 2.444E-06 2.138E-06 1.868E-06 1.673E-06 1.180E-06 9.497E-07 8.232E-07 9.245E-07 1.078E-06 1.367E-06 1.508E-06 1.558E-06 1.795E-06 1.988E-06 1.983E-06 1.926E-06 1.702E-06 1.504E-06 1.363E-06 1.111E-06 8.853E-07 7.375E-07 5.068E-07 4.340E-07
  1.280E+02  1.043E-05 1.305E-05 1.455E-05 1.651E-05 1.736E-05 1.847E-05 1.917E-05 1.920E-05 1.974E-05 1.990E-05 1.983E-05 1.981E-05 1.961E-05 1.890E-05 1.721E-05 1.534E-05 1.324E-05 1.144E-05 7.086E-06 5.557E-06 9.522E-06 1.103E-05 1.092E-05 9.344E-06 8.194E-06 6.500E-06 5.610E-06 4.221E-06 2.725E-06 5.040E-06 4.201E-06 3.264E-06 2.634E-06 2.495E-06 2.504E-06 2.784E-06 2.732E-06 2.448E-06 2.143E-06 1.873E-06 1.677E-06 1.184E-06 9.532E-07 8.266E-07 9.294E-07 1.085E-06 1.377E-06 1.519E-06 1.570E-06 1.809E-06 2.004E-06 2.000E-06 1.943E-06 1.717E-06 1.519E-06 1.377E-06 1.123E-06 8.961E-07 7.470E-07 5.142E-07 4.411E-07
  1.300E+02  1.075E-05 1.345E-05 1.521E-05 1.738E-05 1.848E-05 1.941E-05 2.001E-05 2.023E-05 2.060E-05 2.077E-05 2.077E-05 2.081E-05 2.050E-05 1.963E-05 1.778E-05 1.576E-05 1.354E-05 1.164E-05 7.155E-06 5.482E-06 9.430E-06 1.106E-05 1.098E-05 9.399E-06 8.233E-06 6.512E-06 5.619E-06 4.228E-06 2.719E-06 5.021E-06 4.200E-06 3.269E-06 2.640E-06 2.501E-06 2.510E-06 2.791E-06 2.739E-06 2.455E-06 2.150E-06 1.880E-06 1.684E-06 1.190E-06 9.577E-07 8.308E-07 9.350E-07 1.092E-06 1.387E-06 1.531E-06 1.582E-06 1.825E-06 2.021E-06 2.018E-06 1.961E-06 1.734E-06 1.535E-06 1.392E-06 1.136E-06 9.075E-07 7.570E-07 5.219E-07 4.484E-07
  1.320E+02  1.150E-05 1.438E-05 1.641E-05 1.832E-05 1.983E-05 2.052E-05 2.116E-05 2.178E-05 2.186E-05 2.198E-05 2.214E-05 2.199E-05 2.143E-05 2.057E-05 1.852E-05 1.625E-05 1.392E-05 1.190E-05 7.243E-06 5.417E-06 9.360E-06 1.111E-05 1.107E-05 9.483E-06 8.295E-06 6.540E-06 5.641E-06 4.243E-06 2.717E-06 5.012E-06 4.208E-06 3.278E-06 2.649E-06 2.510E-06 2.520E-06 2.801E-06 2.750E-06 2.466E-06 2.160E-06 1.889E-06 1.693E-06 1.196E-06 9.630E-07 8.356E-07 9.412E-07 1.100E-06 1.398E-06 1.544E-06 1.596E-06 1.842E-06 2.040E-06 2.037E-06 1.980E-06 1.752E-06 1.551E-06 1.408E-06 1.150E-06 9.194E-07 7.674E-07 5.299E-07 4.559E-07
  1.340E+02  1.277E-05 1.578E-05 1.801E-05 1.978E-05 2.188E-05 2.219E-05 2.275E-05 2.370E-05 2.351E-05 2.355E-05 2.378E-05 2.325E-05 2.252E-05 2.171E-05 1.940E-05 1.684E-05 1.437E-05 1.220E-05 7.351E-06 5.361E-06 9.309E-06 1.120E-05 1.120E-05 9.597E-06 8.382E-06 6.585E-06 5.676E-06 4.267E-06 2.719E-06 5.010E-06 4.222E-06 3.293E-06 2.662E-06 2.523E-06 2.533E-06 2.816E-06 2.765E-06 2.480E-06 2.173E-06 1.901E-06 1.703E-06 1.204E-06 9.690E-07 8.410E-07 9.479E-07 1.108E-06 1.409E-06 1.557E-06 1.610E-06 1.860E-06 2.061E-06 2.058E-06 2.000E-06 1.771E-06 1.569E-06 1.424E-06 1.165E-06 9.318E-07 7.782E-07 5.381E-07 4.635E-07
  1.360E+02  1.469E-05 1.803E-05 2.039E-05 2.231E-05 2.388E-05 2.448E-05 2.498E-05 2.550E-05 2.540E-05 2.534E-05 2.542E-05 2.488E-05 2.407E-05 2.301E-05 2.032E-05 1.755E-05 1.487E-05 1.256E-05 7.477E-06 5.314E-06 9.276E-06 1.133E-05 1.136E-05 9.741E-06 8.491E-06 6.644E-06 5.723E-06 4.299E-06 2.725E-06 5.016E-06 4.243E-06 3.313E-06 2.679E-06 2.538E-06 2.549E-06 2.833E-06 2.783E-06 2.496E-06 2.188E-06 1.914E-06 1.715E-06 1.212E-06 9.756E-07 8.467E-07 9.549E-07 1.117E-06 1.421E-06 1.572E-06 1.625E-06 1.878E-06 2.082E-06 2.080E-06 2.022E-06 1.791E-06 1.587E-06 1.442E-06 1.180E-06 9.445E-07 7.892E-07 5.464E-07 4.712E-07
  1.380E+02  1.736E-05 2.129E-05 2.356E-05 2.554E-05 2.604E-05 2.742E-05 2.776E-05 2.769E-05 2.750E-05 2.734E-05 2.727E-05 2.697E-05 2.589E-05 2.447E-05 2.136E-05 1.836E-05 1.542E-05 1.296E-05 7.617E-06 5.274E-06 9.258E-06 1.148E-05 1.156E-05 9.912E-06 8.623E-06 6.718E-06 5.781E-06 4.337E-06 2.733E-06 5.029E-06 4.270E-06 3.336E-06 2.698E-06 2.556E-06 2.567E-06 2.854E-06 2.803E-06 2.515E-06 2.204E-06 1.928E-06 1.728E-06 1.221E-06 9.827E-07 8.529E-07 9.623E-07 1.126E-06 1.434E-06 1.586E-06 1.640E-06 1.897E-06 2.103E-06 2.102E-06 2.044E-06 1.811E-06 1.606E-06 1.459E-06 1.195E-06 9.574E-07 8.004E-07 5.548E-07 4.789E-07
  1.400E+02  2.067E-05 2.497E-05 2.698E-05 2.910E-05 2.955E-05 3.069E-05 3.064E-05 3.074E-05 3.004E-05 2.974E-05 2.966E-05 2.925E-05 2.773E-05 2.615E-05 2.260E-05 1.923E-05 1.605E-05 1.340E-05 7.768E-06 5.241E-06 9.252E-06 1.166E-05 1.179E-05 1.011E-05 8.775E-06 6.805E-06 5.849E-06 4.383E-06 2.745E-06 5.047E-06 4.303E-06 3.363E-06 2.719E-06 2.577E-06 2.587E-06 2.877E-06 2.826E-06 2.535E-06 2.222E-06 1.944E-06 1.742E-06 1.231E-06 9.901E-07 8.592E-07 9.698E-07 1.135E-06 1.447E-06 1.601E-06 1.656E-06 1.917E-06 2.125E-06 2.124E-06 2.066E-06 1.832E-06 1.625E-06 1.477E-06 1.210E-06 9.704E-07 8.116E-07 5.632E-07 4.867E-07
  1.420E+02  2.485E-05 2.969E-05 3.133E-05 3.330E-05 3.372E-05 3.423E-05 3.406E-05 3.427E-05 3.314E-05 3.263E-05 3.252E-05 3.145E-05 2.978E-05 2.811E-05 2.401E-05 2.017E-05 1.676E-05 1.387E-05 7.929E-06 5.213E-06 9.255E-06 1.187E-05 1.205E-05 1.033E-05 8.947E-06 6.904E-06 5.926E-06 4.434E-06 2.758E-06 5.070E-06 4.340E-06 3.393E-06 2.743E-06 2.599E-06 2.610E-06 2.902E-06 2.850E-06 2.557E-06 2.242E-06 1.961E-06 1.757E-06 1.241E-06 9.978E-07 8.658E-07 9.775E-07 1.144E-06 1.460E-06 1.616E-06 1.672E-06 1.936E-06 2.148E-06 2.147E-06 2.088E-06 1.853E-06 1.644E-06 1.495E-06 1.226E-06 9.835E-07 8.229E-07 5.715E-07 4.943E-07
  1.440E+02  3.200E-05 3.537E-05 3.817E-05 3.802E-05 3.802E-05 3.839E-05 3.786E-05 3.774E-05 3.640E-05 3.571E-05 3.556E-05 3.410E-05 3.202E-05 3.014E-05 2.546E-05 2.118E-05 1.748E-05 1.437E-05 8.099E-06 5.192E-06 9.263E-06 1.210E-05 1.234E-05 1.057E-05 9.136E-06 7.013E-06 6.012E-06 4.490E-06 2.774E-06 5.097E-06 4.380E-06 3.426E-06 2.768E-06 2.623E-06 2.634E-06 2.928E-06 2.877E-06 2.581E-06 2.262E-06 1.979E-06 1.773E-06 1.251E-06 1.006E-06 8.725E-07 9.852E-07 1.154E-06 1.473E-06 1.631E-06 1.688E-06 1.956E-06 2.170E-06 2.170E-06 2.111E-06 1.874E-06 1.663E-06 1.513E-06 1.241E-06 9.964E-07 8.341E-07 5.798E-07 5.019E-07
  1.460E+02  3.955E-05 4.202E-05 4.444E-05 4.381E-05 4.374E-05 4.287E-05 4.185E-05 4.153E-05 3.997E-05 3.901E-05 3.852E-05 3.721E-05 3.424E-05 3.210E-05 2.692E-05 2.223E-05 1.822E-05 1.490E-05 8.277E-06 5.174E-06 9.274E-06 1.235E-05 1.266E-05 1.084E-05 9.341E-06 7.133E-06 6.104E-06 4.551E-06 2.791E-06 5.128E-06 4.425E-06 3.462E-06 2.796E-06 2.648E-06 2.659E-06 2.957E-06 2.904E-06 2.605E-06 2.284E-06 1.997E-06 1.789E-06 1.262E-06 1.014E-06 8.792E-07 9.929E-07 1.163E-06 1.486E-06 1.646E-06 1.703E-06 1.975E-06 2.192E-06 2.193E-06 2.134E-06 1.894E-06 1.682E-06 1.530E-06 1.256E-06 1.009E-06 8.451E-07 5.879E-07 5.093E-07
  1.480E+02  4.817E-05 4.960E-05 5.006E-05 4.817E-05 4.846E-05 4.695E-05 4.547E-05 4.494E-05 4.302E-05 4.193E-05 4.120E-05 4.008E-05 3.678E-05 3.422E-05 2.836E-05 2.331E-05 1.897E-05 1.544E-05 8.461E-06 5.161E-06 9.283E-06 1.261E-05 1.299E-05 1.112E-05 9.559E-06 7.259E-06 6.203E-06 4.615E-06 2.810E-06 5.161E-06 4.472E-06 3.499E-06 2.824E-06 2.674E-06 2.685E-06 2.986E-06 2.933E-06 2.631E-06 2.306E-06 2.016E-06 1.806E-06 1.272E-06 1.022E-06 8.858E-07 1.001E-06 1.172E-06 1.498E-06 1.661E-06 1.719E-06 1.995E-06 2.214E-06 2.215E-06 2.156E-06 1.915E-06 1.701E-06 1.548E-06 1.271E-06 1.022E-06 8.559E-07 5.959E-07 5.165E-07
  1.500E+02  5.561E-05 5.587E-05 5.463E-05 5.271E-05 5.151E-05 5.137E-05 4.924E-05 4.755E-05 4.606E-05 4.488E-05 4.368E-05 4.246E-05 3.938E-05 3.620E-05 2.974E-05 2.447E-05 1.971E-05 1.600E-05 8.650E-06 5.152E-06 9.285E-06 1.287E-05 1.333E-05 1.141E-05 9.785E-06 7.392E-06 6.306E-06 4.683E-06 2.830E-06 5.197E-06 4.521E-06 3.537E-06 2.853E-06 2.701E-06 2.711E-06 3.016E-06 2.962E-06 2.657E-06 2.328E-06 2.035E-06 1.822E-06 1.283E-06 1.030E-06 8.924E-07 1.008E-06 1.181E-06 1.511E-06 1.676E-06 1.734E-06 2.013E-06 2.236E-06 2.237E-06 2.177E-06 1.935E-06 1.719E-06 1.565E-06 1.286E-06 1.034E-06 8.664E-07 6.036E-07 5.235E-07
  1.520E+02  6.161E-05 5.996E-05 5.846E-05 5.686E-05 5.552E-05 5.547E-05 5.281E-05 4.987E-05 4.905E-05 4.779E-05 4.608E-05 4.449E-05 4.162E-05 3.781E-05 3.111E-05 2.560E-05 2.044E-05 1.655E-05 8.844E-06 5.145E-06 9.277E-06 1.313E-05 1.367E-05 1.171E-05 1.001E-05 7.526E-06 6.411E-06 4.753E-06 2.851E-06 5.234E-06 4.572E-06 3.577E-06 2.883E-06 2.728E-06 2.739E-06 3.046E-06 2.992E-06 2.683E-06 2.350E-06 2.054E-06 1.839E-06 1.294E-06 1.038E-06 8.989E-07 1.015E-06 1.190E-06 1.523E-06 1.690E-06 1.749E-06 2.032E-06 2.257E-06 2.259E-06 2.199E-06 1.954E-06 1.737E-06 1.581E-06 1.300E-06 1.046E-06 8.766E-07 6.110E-07 5.302E-07
  1.540E+02  6.302E-05 5.987E-05 6.003E-05 5.806E-05 5.844E-05 5.675E-05 5.518E-05 5.264E-05 5.142E-05 5.021E-05 4.876E-05 4.662E-05 4.323E-05 3.958E-05 3.257E-05 2.660E-05 2.117E-05 1.708E-05 9.042E-06 5.142E-06 9.256E-06 1.337E-05 1.400E-05 1.199E-05 1.024E-05 7.660E-06 6.517E-06 4.824E-06 2.872E-06 5.271E-06 4.623E-06 3.617E-06 2.913E-06 2.756E-06 2.766E-06 3.077E-06 3.022E-06 2.709E-06 2.373E-06 2.073E-06 1.855E-06 1.304E-06 1.045E-06 9.051E-07 1.022E-06 1.199E-06 1.534E-06 1.703E-06 1.763E-06 2.049E-06 2.277E-06 2.279E-06 2.219E-06 1.973E-06 1.754E-06 1.597E-06 1.314E-06 1.057E-06 8.863E-07 6.181E-07 5.366E-07
  1.560E+02  6.273E-05 5.927E-05 6.131E-05 5.773E-05 5.922E-05 5.686E-05 5.604E-05 5.543E-05 5.337E-05 5.226E-05 5.123E-05 4.884E-05 4.469E-05 4.163E-05 3.408E-05 2.748E-05 2.191E-05 1.756E-05 9.244E-06 5.141E-06 9.219E-06 1.358E-05 1.430E-05 1.226E-05 1.045E-05 7.789E-06 6.621E-06 4.896E-06 2.893E-06 5.309E-06 4.674E-06 3.657E-06 2.942E-06 2.783E-06 2.793E-06 3.107E-06 3.051E-06 2.735E-06 2.395E-06 2.092E-06 1.871E-06 1.314E-06 1.053E-06 9.112E-07 1.029E-06 1.207E-06 1.545E-06 1.716E-06 1.776E-06 2.066E-06 2.296E-06 2.299E-06 2.238E-06 1.991E-06 1.770E-06 1.612E-06 1.326E-06 1.068E-06 8.956E-07 6.249E-07 5.427E-07
  1.580E+02  6.338E-05 5.793E-05 6.318E-05 5.834E-05 6.100E-05 5.827E-05 5.699E-05 5.799E-05 5.572E-05 5.455E-05 5.341E-05 5.056E-05 4.649E-05 4.340E-05 3.546E-05 2.834E-05 2.260E-05 1.802E-05 9.448E-06 5.142E-06 9.167E-06 1.374E-05 1.455E-05 1.250E-05 1.064E-05 7.910E-06 6.721E-06 4.966E-06 2.915E-06 5.346E-06 4.724E-06 3.696E-06 2.972E-06 2.810E-06 2.819E-06 3.136E-06 3.080E-06 2.760E-06 2.416E-06 2.110E-06 1.887E-06 1.324E-06 1.060E-06 9.169E-07 1.035E-06 1.214E-06 1.556E-06 1.728E-06 1.789E-06 2.082E-06 2.314E-06 2.318E-06 2.257E-06 2.008E-06 1.786E-06 1.627E-06 1.339E-06 1.078E-06 9.043E-07 6.312E-07 5.485E-07
  1.600E+02  6.604E-05 5.938E-05 6.570E-05 6.039E-05 6.328E-05 6.121E-05 5.982E-05 6.024E-05 5.782E-05 5.669E-05 5.591E-05 5.233E-05 4.834E-05 4.499E-05 3.662E-05 2.919E-05 2.317E-05 1.844E-05 9.648E-06 5.146E-06 9.107E-06 1.384E-05 1.474E-05 1.269E-05 1.080E-05 8.019E-06 6.813E-06 5.033E-06 2.936E-06 5.383E-06 4.773E-06 3.735E-06 3.001E-06 2.836E-06 2.845E-06 3.165E-06 3.108E-06 2.785E-06 2.437E-06 2.127E-06 1.902E-06 1.333E-06 1.066E-06 9.222E-07 1.041E-06 1.221E-06 1.565E-06 1.739E-06 1.801E-06 2.096E-06 2.331E-06 2.335E-06 2.274E-06 2.024E-06 1.800E-06 1.640E-06 1.350E-06 1.088E-06 9.124E-07 6.371E-07 5.538E-07
  1.620E+02  6.650E-05 6.344E-05 6.642E-05 6.455E-05 6.601E-05 6.489E-05 6.417E-05 6.267E-05 6.074E-05 5.945E-05 5.808E-05 5.455E-05 5.040E-05 4.630E-05 3.749E-05 2.993E-05 2.357E-05 1.878E-05 9.831E-06 5.153E-06 9.046E-06 1.388E-05 1.484E-05 1.282E-05 1.092E-05 8.111E-06 6.896E-06 5.097E-06 2.957E-06 5.420E-06 4.820E-06 3.772E-06 3.028E-06 2.861E-06 2.870E-06 3.193E-06 3.134E-06 2.808E-06 2.457E-06 2.144E-06 1.916E-06 1.342E-06 1.073E-06 9.272E-07 1.047E-06 1.228E-06 1.575E-06 1.750E-06 1.812E-06 2.110E-06 2.347E-06 2.351E-06 2.290E-06 2.038E-06 1.813E-06 1.652E-06 1.361E-06 1.096E-06 9.199E-07 6.426E-07 5.587E-07
  1.640E+02  6.754E-05 6.797E-05 6.973E-05 7.001E-05 7.020E-05 6.947E-05 6.821E-05 6.513E-05 6.392E-05 6.228E-05 5.961E-05 5.630E-05 5.250E-05 4.717E-05 3.794E-05 3.030E-05 2.373E-05 1.894E-05 9.976E-06 5.163E-06 8.998E-06 1.387E-05 1.486E-05 1.289E-05 1.100E-05 8.185E-06 6.969E-06 5.156E-06 2.977E-06 5.456E-06 4.864E-06 3.807E-06 3.054E-06 2.885E-06 2.893E-06 3.219E-06 3.160E-06 2.830E-06 2.476E-06 2.159E-06 1.930E-06 1.350E-06 1.078E-06 9.318E-07 1.052E-06 1.234E-06 1.583E-06 1.759E-06 1.822E-06 2.123E-06 2.361E-06 2.366E-06 2.305E-06 2.052E-06 1.826E-06 1.664E-06 1.370E-06 1.104E-06 9.268E-07 6.476E-07 5.631E-07
  1.660E+02  7.480E-05 7.168E-05 7.754E-05 7.335E-05 7.432E-05 7.253E-05 7.023E-05 6.830E-05 6.575E-05 6.368E-05 6.123E-05 5.759E-05 5.282E-05 4.782E-05 3.779E-05 2.993E-05 2.358E-05 1.881E-05 1.005E-05 5.174E-06 8.980E-06 1.383E-05 1.482E-05 1.289E-05 1.103E-05 8.244E-06 7.032E-06 5.211E-06 2.995E-06 5.491E-06 4.906E-06 3.841E-06 3.079E-06 2.908E-06 2.915E-06 3.244E-06 3.183E-06 2.851E-06 2.493E-06 2.174E-06 1.942E-06 1.357E-06 1.084E-06 9.360E-07 1.056E-06 1.239E-06 1.590E-06 1.768E-06 1.831E-06 2.134E-06 2.374E-06 2.379E-06 2.318E-06 2.064E-06 1.837E-06 1.674E-06 1.379E-06 1.112E-06 9.329E-07 6.520E-07 5.671E-07
  1.680E+02  8.227E-05 7.740E-05 8.255E-05 7.655E-05 7.710E-05 7.311E-05 7.039E-05 7.012E-05 6.533E-05 6.275E-05 6.148E-05 5.724E-05 5.072E-05 4.694E-05 3.660E-05 2.859E-05 2.292E-05 1.829E-05 1.002E-05 5.188E-06 9.005E-06 1.382E-05 1.478E-05 1.286E-05 1.105E-05 8.295E-06 7.089E-06 5.260E-06 3.012E-06 5.526E-06 4.947E-06 3.872E-06 3.102E-06 2.928E-06 2.936E-06 3.266E-06 3.205E-06 2.870E-06 2.509E-06 2.187E-06 1.953E-06 1.364E-06 1.088E-06 9.396E-07 1.060E-06 1.244E-06 1.597E-06 1.776E-06 1.839E-06 2.144E-06 2.386E-06 2.391E-06 2.329E-06 2.074E-06 1.846E-06 1.683E-06 1.386E-06 1.118E-06 9.383E-07 6.559E-07 5.706E-07
  1.700E+02  8.814E-05 7.984E-05 8.464E-05 7.555E-05 7.728E-05 7.036E-05 6.694E-05 6.896E-05 6.182E-05 5.884E-05 5.794E-05 5.317E-05 4.647E-05 4.340E-05 3.409E-05 2.650E-05 2.174E-05 1.749E-05 9.888E-06 5.204E-06 9.080E-06 1.391E-05 1.480E-05 1.286E-05 1.108E-05 8.352E-06 7.148E-06 5.307E-06 3.028E-06 5.559E-06 4.986E-06 3.901E-06 3.123E-06 2.947E-06 2.954E-06 3.287E-06 3.225E-06 2.887E-06 2.523E-06 2.199E-06 1.963E-06 1.370E-06 1.092E-06 9.428E-07 1.063E-06 1.248E-06 1.602E-06 1.782E-06 1.846E-06 2.152E-06 2.395E-06 2.401E-06 2.339E-06 2.083E-06 1.854E-06 1.690E-06 1.393E-06 1.123E-06 9.429E-07 6.592E-07 5.736E-07
  1.720E+02  9.778E-05 8.187E-05 8.703E-05 7.295E-05 7.455E-05 6.663E-05 6.151E-05 6.350E-05 5.672E-05 5.355E-05 5.199E-05 4.698E-05 4.170E-05 3.874E-05 3.087E-05 2.450E-05 2.044E-05 1.674E-05 9.725E-06 5.219E-06 9.199E-06 1.414E-05 1.497E-05 1.296E-05 1.117E-05 8.431E-06 7.216E-06 5.354E-06 3.042E-06 5.591E-06 5.023E-06 3.927E-06 3.141E-06 2.964E-06 2.970E-06 3.305E-06 3.242E-06 2.901E-06 2.536E-06 2.208E-06 1.972E-06 1.375E-06 1.096E-06 9.454E-07 1.066E-06 1.252E-06 1.607E-06 1.787E-06 1.851E-06 2.159E-06 2.403E-06 2.409E-06 2.347E-06 2.091E-06 1.861E-06 1.697E-06 1.398E-06 1.128E-06 9.467E-07 6.620E-07 5.761E-07
  1.740E+02  1.063E-04 8.701E-05 8.894E-05 7.300E-05 7.225E-05 6.547E-05 5.930E-05 5.806E-05 5.364E-05 5.053E-05 4.787E-05 4.437E-05 4.007E-05 3.622E-05 2.912E-05 2.389E-05 1.996E-05 1.660E-05 9.697E-06 5.234E-06 9.344E-06 1.450E-05 1.532E-05 1.320E-05 1.135E-05 8.537E-06 7.297E-06 5.403E-06 3.053E-06 5.619E-06 5.058E-06 3.951E-06 3.157E-06 2.977E-06 2.983E-06 3.320E-06 3.257E-06 2.914E-06 2.546E-06 2.217E-06 1.978E-06 1.378E-06 1.098E-06 9.474E-07 1.068E-06 1.254E-06 1.610E-06 1.792E-06 1.856E-06 2.164E-06 2.410E-06 2.416E-06 2.354E-06 2.097E-06 1.867E-06 1.702E-06 1.403E-06 1.131E-06 9.497E-07 6.641E-07 5.780E-07
  1.760E+02  1.150E-04 9.215E-05 9.268E-05 7.960E-05 7.697E-05 6.814E-05 6.399E-05 6.068E-05 5.719E-05 5.404E-05 5.112E-05 4.887E-05 4.326E-05 3.889E-05 3.108E-05 2.560E-05 2.101E-05 1.742E-05 9.948E-06 5.246E-06 9.485E-06 1.492E-05 1.577E-05 1.353E-05 1.159E-05 8.659E-06 7.383E-06 5.451E-06 3.061E-06 5.642E-06 5.086E-06 3.969E-06 3.169E-06 2.988E-06 2.994E-06 3.332E-06 3.268E-06 2.923E-06 2.553E-06 2.223E-06 1.983E-06 1.381E-06 1.100E-06 9.489E-07 1.070E-06 1.256E-06 1.613E-06 1.795E-06 1.859E-06 2.168E-06 2.414E-06 2.421E-06 2.358E-06 2.101E-06 1.870E-06 1.705E-06 1.406E-06 1.134E-06 9.519E-07 6.657E-07 5.794E-07
  1.780E+02  1.131E-04 1.069E-04 1.011E-04 9.886E-05 9.445E-05 8.477E-05 7.958E-05 7.203E-05 7.108E-05 6.697E-05 6.260E-05 6.019E-05 5.227E-05 4.659E-05 3.596E-05 2.898E-05 2.307E-05 1.878E-05 1.037E-05 5.254E-06 9.587E-06 1.526E-05 1.617E-05 1.385E-05 1.181E-05 8.761E-06 7.451E-06 5.488E-06 3.067E-06 5.656E-06 5.105E-06 3.982E-06 3.177E-06 2.995E-06 3.000E-06 3.339E-06 3.275E-06 2.929E-06 2.558E-06 2.226E-06 1.986E-06 1.383E-06 1.101E-06 9.498E-07 1.071E-06 1.257E-06 1.615E-06 1.797E-06 1.861E-06 2.171E-06 2.417E-06 2.423E-06 2.361E-06 2.103E-06 1.873E-06 1.707E-06 1.407E-06 1.135E-06 9.531E-07 6.666E-07 5.802E-07
  1.800E+02  1.486E-04 1.386E-04 1.244E-04 1.283E-04 1.178E-04 1.057E-04 9.690E-05 8.382E-05 8.505E-05 7.911E-05 7.179E-05 6.867E-05 5.936E-05 5.211E-05 3.898E-05 3.095E-05 2.423E-05 1.950E-05 1.060E-05 5.257E-06 9.625E-06 1.539E-05 1.634E-05 1.398E-05 1.190E-05 8.801E-06 7.477E-06 5.502E-06 3.068E-06 5.661E-06 5.112E-06 3.986E-06 3.179E-06 2.997E-06 3.002E-06 3.342E-06 3.277E-06 2.931E-06 2.559E-06 2.228E-06 1.987E-06 1.383E-06 1.102E-06 9.501E-07 1.071E-06 1.258E-06 1.615E-06 1.797E-06 1.861E-06 2.172E-06 2.418E-06 2.424E-06 2.362E-06 2.104E-06 1.874E-06 1.708E-06 1.408E-06 1.136E-06 9.536E-07 6.669E-07 5.805E-07
