# sea salt (acc., 98%)
#
# size distribution: lognormal
# ------------------
#
#   minimum radius, [um]:      1.150E-02
#   maximum radius, [um]:      7.830E+01
#                  sigma:      2.030E+00
#       Rmod (wet), [um]:      8.010E-01
#       Rmod (dry), [um]:      2.090E-01
#
# optical parameters:
# -------------------
#
# wavelength ext.coef  sca.coef  abs.coef  si.sc.alb  asym.par  ext.nor    ref.real  ref.imag
#     [um]     [1/km]    [1/km]    [1/km]
#
#  2.500E-01 1.186E-02 1.186E-02 1.958E-07 1.000E+00 0.838E+00 9.361E-01  1.365E+00 -1.217E-07
#  3.000E-01 1.201E-02 1.201E-02 6.727E-08 1.000E+00 0.836E+00 9.476E-01  1.352E+00 -5.124E-08
#  3.500E-01 1.212E-02 1.212E-02 1.300E-08 1.000E+00 0.830E+00 9.567E-01  1.346E+00 -1.214E-08
#  4.000E-01 1.225E-02 1.225E-02 1.460E-09 1.000E+00 0.828E+00 9.668E-01  1.342E+00 -2.360E-09
#  4.500E-01 1.237E-02 1.237E-02 7.371E-10 1.000E+00 0.821E+00 9.761E-01  1.340E+00 -1.434E-09
#  5.000E-01 1.255E-02 1.255E-02 1.496E-09 1.000E+00 0.816E+00 9.905E-01  1.338E+00 -1.258E-09
#  5.500E-01 1.267E-02 1.267E-02 1.510E-09 1.000E+00 0.814E+00 1.000E+00  1.336E+00 -2.103E-09
#  6.000E-01 1.280E-02 1.280E-02 7.627E-09 1.000E+00 0.809E+00 1.010E+00  1.335E+00 -1.099E-08
#  6.500E-01 1.291E-02 1.291E-02 1.077E-08 1.000E+00 0.809E+00 1.019E+00  1.334E+00 -1.686E-08
#  7.000E-01 1.305E-02 1.305E-02 1.944E-08 1.000E+00 0.806E+00 1.030E+00  1.334E+00 -3.646E-08
#  7.500E-01 1.319E-02 1.319E-02 9.119E-08 1.000E+00 0.804E+00 1.041E+00  1.333E+00 -1.724E-07
#  8.000E-01 1.331E-02 1.331E-02 7.301E-08 1.000E+00 0.804E+00 1.051E+00  1.332E+00 -1.574E-07
#  9.000E-01 1.361E-02 1.361E-02 6.094E-07 1.000E+00 0.799E+00 1.075E+00  1.331E+00 -1.231E-06
#  1.000E+00 1.381E-02 1.381E-02 2.432E-06 9.998E-01 0.800E+00 1.090E+00  1.330E+00 -5.343E-06
#  1.250E+00 1.427E-02 1.426E-02 5.402E-06 9.996E-01 0.801E+00 1.126E+00  1.326E+00 -1.490E-05
#  1.500E+00 1.449E-02 1.443E-02 5.868E-05 9.960E-01 0.805E+00 1.144E+00  1.323E+00 -2.066E-04
#  1.750E+00 1.446E-02 1.443E-02 2.718E-05 9.981E-01 0.812E+00 1.141E+00  1.315E+00 -1.118E-04
#  2.000E+00 1.421E-02 1.399E-02 2.212E-04 9.844E-01 0.821E+00 1.122E+00  1.309E+00 -1.098E-03
#  2.500E+00 1.253E-02 1.227E-02 2.660E-04 9.788E-01 0.853E+00 9.894E-01  1.264E+00 -1.780E-03
#  3.000E+00 1.237E-02 5.709E-03 6.658E-03 4.616E-01 0.862E+00 9.762E-01  1.375E+00 -2.673E-01
#  3.200E+00 1.386E-02 8.655E-03 5.205E-03 6.245E-01 0.807E+00 1.094E+00  1.478E+00 -9.081E-02
#  3.390E+00 1.366E-02 1.144E-02 2.224E-03 8.372E-01 0.775E+00 1.079E+00  1.424E+00 -2.277E-02
#  3.500E+00 1.333E-02 1.230E-02 1.028E-03 9.228E-01 0.769E+00 1.052E+00  1.401E+00 -9.261E-03
#  3.750E+00 1.243E-02 1.205E-02 3.801E-04 9.694E-01 0.777E+00 9.811E-01  1.371E+00 -3.463E-03
#  4.000E+00 1.159E-02 1.114E-02 4.499E-04 9.612E-01 0.788E+00 9.147E-01  1.353E+00 -4.543E-03
#  4.500E+00 1.018E-02 9.155E-03 1.029E-03 8.990E-01 0.802E+00 8.039E-01  1.335E+00 -1.319E-02
#  5.000E+00 9.146E-03 8.285E-03 8.611E-04 9.059E-01 0.799E+00 7.219E-01  1.328E+00 -1.222E-02
#  5.500E+00 7.636E-03 6.920E-03 7.156E-04 9.063E-01 0.807E+00 6.027E-01  1.300E+00 -1.146E-02
#  6.000E+00 7.049E-03 3.518E-03 3.530E-03 4.991E-01 0.820E+00 5.564E-01  1.268E+00 -1.053E-01
#  6.200E+00 8.573E-03 5.260E-03 3.313E-03 6.136E-01 0.785E+00 6.767E-01  1.367E+00 -8.683E-02
#  6.500E+00 7.446E-03 5.671E-03 1.775E-03 7.617E-01 0.782E+00 5.877E-01  1.341E+00 -3.859E-02
#  7.200E+00 6.042E-03 4.702E-03 1.340E-03 7.782E-01 0.781E+00 4.769E-01  1.314E+00 -3.165E-02
#  7.900E+00 5.057E-03 3.794E-03 1.263E-03 7.502E-01 0.777E+00 3.992E-01  1.296E+00 -3.353E-02
#  8.200E+00 4.693E-03 3.445E-03 1.249E-03 7.339E-01 0.775E+00 3.705E-01  1.288E+00 -3.483E-02
#  8.500E+00 4.375E-03 3.129E-03 1.247E-03 7.151E-01 0.773E+00 3.453E-01  1.282E+00 -3.651E-02
#  8.700E+00 4.192E-03 2.943E-03 1.249E-03 7.020E-01 0.771E+00 3.309E-01  1.278E+00 -3.776E-02
#  9.000E+00 3.884E-03 2.633E-03 1.251E-03 6.779E-01 0.769E+00 3.065E-01  1.269E+00 -3.969E-02
#  9.200E+00 3.671E-03 2.415E-03 1.256E-03 6.578E-01 0.768E+00 2.897E-01  1.261E+00 -4.123E-02
#  9.500E+00 3.369E-03 2.098E-03 1.272E-03 6.226E-01 0.766E+00 2.660E-01  1.249E+00 -4.393E-02
#  9.800E+00 3.086E-03 1.787E-03 1.299E-03 5.790E-01 0.764E+00 2.436E-01  1.235E+00 -4.733E-02
#  1.000E+01 2.904E-03 1.577E-03 1.327E-03 5.430E-01 0.763E+00 2.292E-01  1.224E+00 -5.016E-02
#  1.060E+01 2.537E-03 9.938E-04 1.544E-03 3.917E-01 0.756E+00 2.003E-01  1.185E+00 -6.645E-02
#  1.100E+01 2.698E-03 7.339E-04 1.964E-03 2.720E-01 0.743E+00 2.130E-01  1.159E+00 -9.533E-02
#  1.150E+01 3.122E-03 6.157E-04 2.506E-03 1.972E-01 0.719E+00 2.464E-01  1.132E+00 -1.397E-01
#  1.250E+01 4.460E-03 8.212E-04 3.638E-03 1.841E-01 0.660E+00 3.520E-01  1.128E+00 -2.547E-01
#  1.300E+01 4.959E-03 9.558E-04 4.003E-03 1.928E-01 0.636E+00 3.914E-01  1.151E+00 -2.999E-01
#  1.400E+01 5.601E-03 1.169E-03 4.431E-03 2.088E-01 0.599E+00 4.421E-01  1.214E+00 -3.638E-01
#  1.480E+01 5.783E-03 1.256E-03 4.527E-03 2.172E-01 0.579E+00 4.565E-01  1.261E+00 -3.895E-01
#  1.500E+01 5.821E-03 1.277E-03 4.544E-03 2.193E-01 0.574E+00 4.595E-01  1.273E+00 -3.955E-01
#  1.640E+01 5.883E-03 1.360E-03 4.523E-03 2.312E-01 0.544E+00 4.643E-01  1.350E+00 -4.210E-01
#  1.720E+01 5.799E-03 1.382E-03 4.416E-03 2.384E-01 0.531E+00 4.577E-01  1.392E+00 -4.235E-01
#  1.800E+01 5.656E-03 1.385E-03 4.271E-03 2.448E-01 0.520E+00 4.465E-01  1.429E+00 -4.207E-01
#  1.850E+01 5.535E-03 1.374E-03 4.161E-03 2.483E-01 0.514E+00 4.369E-01  1.449E+00 -4.159E-01
#  2.000E+01 5.036E-03 1.282E-03 3.754E-03 2.546E-01 0.501E+00 3.975E-01  1.485E+00 -3.887E-01
#  2.130E+01 4.656E-03 1.171E-03 3.485E-03 2.515E-01 0.489E+00 3.675E-01  1.496E+00 -3.752E-01
#  2.250E+01 4.368E-03 1.094E-03 3.275E-03 2.504E-01 0.478E+00 3.448E-01  1.511E+00 -3.666E-01
#  2.500E+01 3.848E-03 9.456E-04 2.902E-03 2.458E-01 0.457E+00 3.037E-01  1.535E+00 -3.533E-01
#  2.790E+01 3.316E-03 7.896E-04 2.527E-03 2.381E-01 0.435E+00 2.618E-01  1.553E+00 -3.379E-01
#  3.000E+01 2.976E-03 6.805E-04 2.296E-03 2.286E-01 0.422E+00 2.349E-01  1.555E+00 -3.275E-01
#  3.500E+01 2.500E-03 4.669E-04 2.033E-03 1.868E-01 0.384E+00 1.973E-01  1.536E+00 -3.389E-01
#  4.000E+01 2.386E-03 3.473E-04 2.039E-03 1.455E-01 0.342E+00 1.884E-01  1.523E+00 -3.959E-01
#
# volume phase function [1/km]:
# -----------------------------
#
# sca.ang. | wavelengths --->
# ---------|------------------
#          | 2.500E-01 3.000E-01 3.500E-01 4.000E-01 4.500E-01 5.000E-01 5.500E-01 6.000E-01 6.500E-01 7.000E-01 7.500E-01 8.000E-01 9.000E-01 1.000E+00 1.250E+00 1.500E+00 1.750E+00 2.000E+00 2.500E+00 3.000E+00 3.200E+00 3.390E+00 3.500E+00 3.750E+00 4.000E+00 4.500E+00 5.000E+00 5.500E+00 6.000E+00 6.200E+00 6.500E+00 7.200E+00 7.900E+00 8.200E+00 8.500E+00 8.700E+00 9.000E+00 9.200E+00 9.500E+00 9.800E+00 1.000E+01 1.060E+01 1.100E+01 1.150E+01 1.250E+01 1.300E+01 1.400E+01 1.480E+01 1.500E+01 1.640E+01 1.720E+01 1.800E+01 1.850E+01 2.000E+01 2.130E+01 2.250E+01 2.500E+01 2.790E+01 3.000E+01 3.500E+01 4.000E+01
#
  0.000E+00  3.888E+00 2.735E+00 2.027E+00 1.571E+00 1.252E+00 1.032E+00 8.583E-01 7.297E-01 6.225E-01 5.421E-01 4.776E-01 4.248E-01 3.453E-01 2.844E-01 1.928E-01 1.417E-01 1.108E-01 8.998E-02 6.567E-02 3.380E-02 3.457E-02 3.508E-02 3.491E-02 3.254E-02 2.943E-02 2.334E-02 1.945E-02 1.606E-02 8.879E-03 1.039E-02 1.066E-02 8.516E-03 6.612E-03 5.912E-03 5.282E-03 4.907E-03 4.342E-03 3.969E-03 3.436E-03 2.925E-03 2.586E-03 1.628E-03 1.149E-03 8.728E-04 8.982E-04 9.441E-04 9.837E-04 9.604E-04 9.543E-04 8.872E-04 8.456E-04 8.006E-04 7.703E-04 6.685E-04 5.789E-04 5.152E-04 4.077E-04 3.130E-04 2.567E-04 1.578E-04 1.047E-04
  1.000E-01  3.731E+00 2.656E+00 1.984E+00 1.545E+00 1.235E+00 1.021E+00 8.507E-01 7.242E-01 6.186E-01 5.391E-01 4.753E-01 4.230E-01 3.442E-01 2.837E-01 1.925E-01 1.416E-01 1.107E-01 8.993E-02 6.565E-02 3.379E-02 3.456E-02 3.507E-02 3.490E-02 3.253E-02 2.943E-02 2.334E-02 1.944E-02 1.606E-02 8.879E-03 1.039E-02 1.066E-02 8.516E-03 6.612E-03 5.912E-03 5.282E-03 4.907E-03 4.342E-03 3.968E-03 3.436E-03 2.924E-03 2.586E-03 1.628E-03 1.149E-03 8.728E-04 8.982E-04 9.441E-04 9.837E-04 9.604E-04 9.543E-04 8.872E-04 8.456E-04 8.006E-04 7.703E-04 6.685E-04 5.789E-04 5.152E-04 4.077E-04 3.130E-04 2.567E-04 1.578E-04 1.047E-04
  2.000E-01  3.374E+00 2.466E+00 1.873E+00 1.477E+00 1.191E+00 9.905E-01 8.296E-01 7.090E-01 6.074E-01 5.306E-01 4.688E-01 4.179E-01 3.409E-01 2.815E-01 1.915E-01 1.411E-01 1.105E-01 8.977E-02 6.558E-02 3.376E-02 3.453E-02 3.505E-02 3.489E-02 3.252E-02 2.941E-02 2.333E-02 1.944E-02 1.605E-02 8.876E-03 1.039E-02 1.066E-02 8.514E-03 6.611E-03 5.911E-03 5.281E-03 4.906E-03 4.341E-03 3.968E-03 3.435E-03 2.924E-03 2.585E-03 1.628E-03 1.149E-03 8.727E-04 8.981E-04 9.440E-04 9.836E-04 9.603E-04 9.542E-04 8.872E-04 8.456E-04 8.006E-04 7.703E-04 6.684E-04 5.789E-04 5.152E-04 4.076E-04 3.130E-04 2.567E-04 1.578E-04 1.047E-04
  3.000E-01  2.961E+00 2.230E+00 1.730E+00 1.384E+00 1.130E+00 9.476E-01 7.989E-01 6.864E-01 5.905E-01 5.178E-01 4.587E-01 4.100E-01 3.358E-01 2.780E-01 1.900E-01 1.404E-01 1.101E-01 8.952E-02 6.547E-02 3.370E-02 3.449E-02 3.502E-02 3.485E-02 3.249E-02 2.939E-02 2.332E-02 1.943E-02 1.605E-02 8.872E-03 1.039E-02 1.065E-02 8.512E-03 6.609E-03 5.910E-03 5.280E-03 4.905E-03 4.340E-03 3.967E-03 3.434E-03 2.923E-03 2.585E-03 1.628E-03 1.148E-03 8.725E-04 8.979E-04 9.439E-04 9.835E-04 9.602E-04 9.541E-04 8.871E-04 8.455E-04 8.005E-04 7.702E-04 6.684E-04 5.789E-04 5.152E-04 4.076E-04 3.130E-04 2.567E-04 1.578E-04 1.047E-04
  4.000E-01  2.563E+00 1.989E+00 1.577E+00 1.282E+00 1.059E+00 8.972E-01 7.622E-01 6.589E-01 5.698E-01 5.017E-01 4.461E-01 4.000E-01 3.292E-01 2.735E-01 1.880E-01 1.393E-01 1.095E-01 8.916E-02 6.531E-02 3.363E-02 3.443E-02 3.497E-02 3.481E-02 3.246E-02 2.937E-02 2.330E-02 1.942E-02 1.604E-02 8.867E-03 1.038E-02 1.065E-02 8.509E-03 6.607E-03 5.908E-03 5.279E-03 4.903E-03 4.339E-03 3.966E-03 3.433E-03 2.922E-03 2.584E-03 1.627E-03 1.148E-03 8.722E-04 8.977E-04 9.437E-04 9.833E-04 9.601E-04 9.540E-04 8.870E-04 8.454E-04 8.004E-04 7.701E-04 6.683E-04 5.788E-04 5.151E-04 4.076E-04 3.130E-04 2.567E-04 1.578E-04 1.047E-04
  5.000E-01  2.205E+00 1.761E+00 1.426E+00 1.178E+00 9.856E-01 8.436E-01 7.224E-01 6.285E-01 5.466E-01 4.835E-01 4.316E-01 3.883E-01 3.213E-01 2.681E-01 1.855E-01 1.381E-01 1.088E-01 8.872E-02 6.511E-02 3.354E-02 3.436E-02 3.490E-02 3.475E-02 3.241E-02 2.933E-02 2.328E-02 1.940E-02 1.603E-02 8.860E-03 1.037E-02 1.064E-02 8.505E-03 6.604E-03 5.905E-03 5.276E-03 4.901E-03 4.337E-03 3.964E-03 3.432E-03 2.921E-03 2.583E-03 1.626E-03 1.148E-03 8.719E-04 8.975E-04 9.434E-04 9.831E-04 9.599E-04 9.538E-04 8.868E-04 8.453E-04 8.003E-04 7.700E-04 6.683E-04 5.788E-04 5.151E-04 4.076E-04 3.129E-04 2.566E-04 1.578E-04 1.047E-04
  6.000E-01  1.894E+00 1.554E+00 1.283E+00 1.077E+00 9.126E-01 7.892E-01 6.813E-01 5.968E-01 5.220E-01 4.641E-01 4.159E-01 3.756E-01 3.127E-01 2.620E-01 1.827E-01 1.366E-01 1.079E-01 8.819E-02 6.488E-02 3.343E-02 3.427E-02 3.483E-02 3.469E-02 3.236E-02 2.929E-02 2.325E-02 1.938E-02 1.601E-02 8.852E-03 1.037E-02 1.064E-02 8.499E-03 6.600E-03 5.902E-03 5.274E-03 4.899E-03 4.335E-03 3.962E-03 3.430E-03 2.920E-03 2.582E-03 1.626E-03 1.147E-03 8.715E-04 8.972E-04 9.431E-04 9.829E-04 9.597E-04 9.536E-04 8.867E-04 8.451E-04 8.002E-04 7.699E-04 6.682E-04 5.787E-04 5.150E-04 4.075E-04 3.129E-04 2.566E-04 1.578E-04 1.047E-04
  7.000E-01  1.628E+00 1.370E+00 1.153E+00 9.815E-01 8.424E-01 7.358E-01 6.404E-01 5.647E-01 4.969E-01 4.440E-01 3.996E-01 3.623E-01 3.034E-01 2.555E-01 1.796E-01 1.349E-01 1.069E-01 8.759E-02 6.460E-02 3.330E-02 3.416E-02 3.474E-02 3.461E-02 3.230E-02 2.924E-02 2.322E-02 1.936E-02 1.600E-02 8.842E-03 1.036E-02 1.063E-02 8.493E-03 6.596E-03 5.899E-03 5.270E-03 4.896E-03 4.333E-03 3.960E-03 3.428E-03 2.918E-03 2.580E-03 1.625E-03 1.146E-03 8.710E-04 8.968E-04 9.428E-04 9.826E-04 9.594E-04 9.533E-04 8.865E-04 8.450E-04 8.001E-04 7.698E-04 6.681E-04 5.786E-04 5.150E-04 4.075E-04 3.129E-04 2.566E-04 1.578E-04 1.047E-04
  8.000E-01  1.402E+00 1.207E+00 1.035E+00 8.935E-01 7.760E-01 6.845E-01 6.005E-01 5.330E-01 4.718E-01 4.237E-01 3.830E-01 3.486E-01 2.938E-01 2.486E-01 1.763E-01 1.331E-01 1.059E-01 8.692E-02 6.430E-02 3.316E-02 3.404E-02 3.464E-02 3.452E-02 3.223E-02 2.918E-02 2.318E-02 1.933E-02 1.598E-02 8.830E-03 1.035E-02 1.062E-02 8.487E-03 6.591E-03 5.894E-03 5.267E-03 4.893E-03 4.330E-03 3.957E-03 3.426E-03 2.916E-03 2.579E-03 1.623E-03 1.145E-03 8.704E-04 8.963E-04 9.424E-04 9.822E-04 9.591E-04 9.530E-04 8.862E-04 8.448E-04 7.999E-04 7.696E-04 6.679E-04 5.785E-04 5.149E-04 4.074E-04 3.128E-04 2.566E-04 1.577E-04 1.047E-04
  9.000E-01  1.210E+00 1.065E+00 9.292E-01 8.129E-01 7.140E-01 6.358E-01 5.622E-01 5.021E-01 4.472E-01 4.036E-01 3.663E-01 3.348E-01 2.840E-01 2.415E-01 1.727E-01 1.312E-01 1.047E-01 8.619E-02 6.396E-02 3.300E-02 3.391E-02 3.453E-02 3.442E-02 3.215E-02 2.912E-02 2.314E-02 1.931E-02 1.596E-02 8.818E-03 1.033E-02 1.061E-02 8.479E-03 6.586E-03 5.890E-03 5.263E-03 4.889E-03 4.326E-03 3.954E-03 3.423E-03 2.914E-03 2.577E-03 1.622E-03 1.145E-03 8.698E-04 8.958E-04 9.419E-04 9.818E-04 9.588E-04 9.527E-04 8.860E-04 8.446E-04 7.997E-04 7.695E-04 6.678E-04 5.784E-04 5.148E-04 4.074E-04 3.128E-04 2.565E-04 1.577E-04 1.047E-04
  1.000E+00  1.048E+00 9.418E-01 8.348E-01 7.397E-01 6.567E-01 5.901E-01 5.257E-01 4.725E-01 4.233E-01 3.839E-01 3.499E-01 3.210E-01 2.740E-01 2.342E-01 1.691E-01 1.292E-01 1.035E-01 8.541E-02 6.359E-02 3.282E-02 3.376E-02 3.441E-02 3.431E-02 3.206E-02 2.905E-02 2.309E-02 1.927E-02 1.593E-02 8.803E-03 1.032E-02 1.059E-02 8.470E-03 6.580E-03 5.884E-03 5.258E-03 4.885E-03 4.323E-03 3.951E-03 3.421E-03 2.912E-03 2.574E-03 1.621E-03 1.144E-03 8.691E-04 8.953E-04 9.414E-04 9.814E-04 9.584E-04 9.523E-04 8.857E-04 8.443E-04 7.995E-04 7.693E-04 6.677E-04 5.783E-04 5.147E-04 4.073E-04 3.128E-04 2.565E-04 1.577E-04 1.047E-04
  1.100E+00  9.105E-01 8.341E-01 7.509E-01 6.733E-01 6.040E-01 5.475E-01 4.913E-01 4.442E-01 4.003E-01 3.648E-01 3.339E-01 3.075E-01 2.641E-01 2.269E-01 1.653E-01 1.270E-01 1.022E-01 8.458E-02 6.319E-02 3.263E-02 3.360E-02 3.428E-02 3.419E-02 3.197E-02 2.897E-02 2.304E-02 1.924E-02 1.591E-02 8.788E-03 1.030E-02 1.058E-02 8.461E-03 6.573E-03 5.878E-03 5.253E-03 4.880E-03 4.319E-03 3.947E-03 3.418E-03 2.909E-03 2.572E-03 1.619E-03 1.143E-03 8.683E-04 8.947E-04 9.408E-04 9.809E-04 9.579E-04 9.519E-04 8.854E-04 8.440E-04 7.992E-04 7.690E-04 6.675E-04 5.782E-04 5.146E-04 4.072E-04 3.127E-04 2.565E-04 1.577E-04 1.046E-04
  1.200E+00  7.937E-01 7.404E-01 6.763E-01 6.135E-01 5.556E-01 5.079E-01 4.590E-01 4.174E-01 3.783E-01 3.464E-01 3.183E-01 2.943E-01 2.544E-01 2.196E-01 1.615E-01 1.248E-01 1.008E-01 8.370E-02 6.277E-02 3.243E-02 3.343E-02 3.413E-02 3.406E-02 3.186E-02 2.889E-02 2.299E-02 1.920E-02 1.588E-02 8.771E-03 1.029E-02 1.057E-02 8.450E-03 6.566E-03 5.872E-03 5.247E-03 4.875E-03 4.314E-03 3.944E-03 3.414E-03 2.906E-03 2.570E-03 1.618E-03 1.141E-03 8.675E-04 8.940E-04 9.402E-04 9.803E-04 9.575E-04 9.515E-04 8.850E-04 8.437E-04 7.990E-04 7.688E-04 6.673E-04 5.780E-04 5.145E-04 4.071E-04 3.127E-04 2.564E-04 1.577E-04 1.046E-04
  1.300E+00  6.945E-01 6.588E-01 6.101E-01 5.595E-01 5.114E-01 4.712E-01 4.288E-01 3.921E-01 3.574E-01 3.288E-01 3.033E-01 2.815E-01 2.447E-01 2.124E-01 1.576E-01 1.226E-01 9.943E-02 8.279E-02 6.233E-02 3.221E-02 3.325E-02 3.398E-02 3.392E-02 3.175E-02 2.880E-02 2.293E-02 1.916E-02 1.585E-02 8.752E-03 1.027E-02 1.055E-02 8.439E-03 6.558E-03 5.865E-03 5.241E-03 4.869E-03 4.310E-03 3.939E-03 3.410E-03 2.903E-03 2.567E-03 1.616E-03 1.140E-03 8.666E-04 8.933E-04 9.395E-04 9.798E-04 9.570E-04 9.510E-04 8.847E-04 8.434E-04 7.987E-04 7.685E-04 6.671E-04 5.778E-04 5.143E-04 4.070E-04 3.126E-04 2.564E-04 1.576E-04 1.046E-04
  1.400E+00  6.098E-01 5.876E-01 5.514E-01 5.109E-01 4.710E-01 4.373E-01 4.007E-01 3.684E-01 3.376E-01 3.120E-01 2.889E-01 2.690E-01 2.353E-01 2.053E-01 1.537E-01 1.203E-01 9.800E-02 8.185E-02 6.187E-02 3.198E-02 3.306E-02 3.382E-02 3.378E-02 3.164E-02 2.871E-02 2.286E-02 1.911E-02 1.582E-02 8.733E-03 1.025E-02 1.053E-02 8.427E-03 6.549E-03 5.858E-03 5.235E-03 4.864E-03 4.305E-03 3.935E-03 3.406E-03 2.900E-03 2.564E-03 1.614E-03 1.139E-03 8.656E-04 8.925E-04 9.388E-04 9.791E-04 9.564E-04 9.505E-04 8.842E-04 8.430E-04 7.984E-04 7.682E-04 6.669E-04 5.777E-04 5.142E-04 4.069E-04 3.125E-04 2.563E-04 1.576E-04 1.046E-04
  1.500E+00  5.373E-01 5.253E-01 4.991E-01 4.671E-01 4.342E-01 4.060E-01 3.745E-01 3.461E-01 3.189E-01 2.959E-01 2.751E-01 2.571E-01 2.262E-01 1.983E-01 1.499E-01 1.180E-01 9.654E-02 8.089E-02 6.139E-02 3.175E-02 3.286E-02 3.365E-02 3.362E-02 3.151E-02 2.861E-02 2.280E-02 1.907E-02 1.578E-02 8.712E-03 1.023E-02 1.051E-02 8.414E-03 6.540E-03 5.850E-03 5.228E-03 4.857E-03 4.299E-03 3.930E-03 3.402E-03 2.896E-03 2.560E-03 1.612E-03 1.137E-03 8.645E-04 8.917E-04 9.380E-04 9.785E-04 9.559E-04 9.499E-04 8.838E-04 8.427E-04 7.980E-04 7.679E-04 6.666E-04 5.775E-04 5.140E-04 4.068E-04 3.125E-04 2.563E-04 1.576E-04 1.046E-04
  1.600E+00  4.751E-01 4.708E-01 4.526E-01 4.277E-01 4.006E-01 3.772E-01 3.502E-01 3.253E-01 3.012E-01 2.807E-01 2.619E-01 2.456E-01 2.173E-01 1.915E-01 1.460E-01 1.157E-01 9.506E-02 7.990E-02 6.089E-02 3.150E-02 3.265E-02 3.348E-02 3.347E-02 3.138E-02 2.850E-02 2.273E-02 1.902E-02 1.575E-02 8.690E-03 1.021E-02 1.049E-02 8.400E-03 6.530E-03 5.841E-03 5.221E-03 4.851E-03 4.293E-03 3.924E-03 3.398E-03 2.892E-03 2.557E-03 1.609E-03 1.136E-03 8.634E-04 8.908E-04 9.371E-04 9.777E-04 9.552E-04 9.493E-04 8.833E-04 8.423E-04 7.977E-04 7.676E-04 6.664E-04 5.773E-04 5.139E-04 4.067E-04 3.124E-04 2.562E-04 1.576E-04 1.046E-04
  1.700E+00  4.215E-01 4.230E-01 4.111E-01 3.921E-01 3.700E-01 3.507E-01 3.276E-01 3.058E-01 2.846E-01 2.663E-01 2.494E-01 2.346E-01 2.088E-01 1.848E-01 1.422E-01 1.134E-01 9.356E-02 7.890E-02 6.038E-02 3.125E-02 3.244E-02 3.330E-02 3.330E-02 3.125E-02 2.839E-02 2.265E-02 1.897E-02 1.571E-02 8.667E-03 1.019E-02 1.047E-02 8.386E-03 6.520E-03 5.832E-03 5.213E-03 4.843E-03 4.287E-03 3.919E-03 3.393E-03 2.888E-03 2.553E-03 1.607E-03 1.134E-03 8.622E-04 8.898E-04 9.363E-04 9.770E-04 9.546E-04 9.487E-04 8.828E-04 8.418E-04 7.973E-04 7.673E-04 6.661E-04 5.771E-04 5.137E-04 4.066E-04 3.123E-04 2.562E-04 1.575E-04 1.046E-04
  1.800E+00  3.751E-01 3.809E-01 3.741E-01 3.600E-01 3.421E-01 3.263E-01 3.066E-01 2.876E-01 2.690E-01 2.527E-01 2.375E-01 2.241E-01 2.005E-01 1.784E-01 1.385E-01 1.111E-01 9.206E-02 7.788E-02 5.985E-02 3.099E-02 3.222E-02 3.311E-02 3.313E-02 3.111E-02 2.828E-02 2.258E-02 1.891E-02 1.567E-02 8.642E-03 1.016E-02 1.045E-02 8.371E-03 6.509E-03 5.823E-03 5.205E-03 4.836E-03 4.281E-03 3.913E-03 3.388E-03 2.884E-03 2.549E-03 1.604E-03 1.132E-03 8.610E-04 8.888E-04 9.353E-04 9.762E-04 9.539E-04 9.480E-04 8.823E-04 8.414E-04 7.969E-04 7.669E-04 6.658E-04 5.769E-04 5.135E-04 4.065E-04 3.122E-04 2.561E-04 1.575E-04 1.045E-04
  1.900E+00  3.349E-01 3.438E-01 3.410E-01 3.310E-01 3.167E-01 3.038E-01 2.872E-01 2.706E-01 2.543E-01 2.398E-01 2.262E-01 2.141E-01 1.925E-01 1.721E-01 1.348E-01 1.088E-01 9.055E-02 7.685E-02 5.932E-02 3.072E-02 3.199E-02 3.291E-02 3.295E-02 3.097E-02 2.816E-02 2.250E-02 1.885E-02 1.563E-02 8.617E-03 1.014E-02 1.043E-02 8.355E-03 6.498E-03 5.813E-03 5.196E-03 4.828E-03 4.274E-03 3.907E-03 3.382E-03 2.879E-03 2.545E-03 1.602E-03 1.130E-03 8.596E-04 8.878E-04 9.343E-04 9.753E-04 9.531E-04 9.473E-04 8.818E-04 8.409E-04 7.965E-04 7.665E-04 6.655E-04 5.766E-04 5.133E-04 4.064E-04 3.121E-04 2.560E-04 1.575E-04 1.045E-04
  2.000E+00  2.999E-01 3.110E-01 3.114E-01 3.047E-01 2.934E-01 2.831E-01 2.692E-01 2.547E-01 2.405E-01 2.277E-01 2.155E-01 2.045E-01 1.849E-01 1.660E-01 1.312E-01 1.066E-01 8.903E-02 7.582E-02 5.877E-02 3.044E-02 3.175E-02 3.271E-02 3.277E-02 3.082E-02 2.804E-02 2.241E-02 1.879E-02 1.558E-02 8.590E-03 1.011E-02 1.041E-02 8.338E-03 6.486E-03 5.803E-03 5.187E-03 4.820E-03 4.267E-03 3.900E-03 3.377E-03 2.874E-03 2.541E-03 1.599E-03 1.128E-03 8.583E-04 8.867E-04 9.333E-04 9.744E-04 9.524E-04 9.465E-04 8.812E-04 8.404E-04 7.960E-04 7.661E-04 6.652E-04 5.764E-04 5.131E-04 4.062E-04 3.120E-04 2.559E-04 1.574E-04 1.045E-04
  3.000E+00  1.142E-01 1.283E-01 1.374E-01 1.434E-01 1.459E-01 1.473E-01 1.467E-01 1.444E-01 1.416E-01 1.384E-01 1.351E-01 1.311E-01 1.243E-01 1.161E-01 9.949E-02 8.558E-02 7.453E-02 6.551E-02 5.304E-02 2.749E-02 2.918E-02 3.049E-02 3.072E-02 2.913E-02 2.664E-02 2.145E-02 1.810E-02 1.506E-02 8.272E-03 9.805E-03 1.012E-02 8.134E-03 6.339E-03 5.675E-03 5.076E-03 4.718E-03 4.178E-03 3.820E-03 3.307E-03 2.815E-03 2.488E-03 1.564E-03 1.104E-03 8.411E-04 8.729E-04 9.204E-04 9.632E-04 9.426E-04 9.371E-04 8.738E-04 8.340E-04 7.904E-04 7.610E-04 6.613E-04 5.732E-04 5.105E-04 4.044E-04 3.108E-04 2.550E-04 1.569E-04 1.042E-04
  4.000E+00  5.372E-02 6.307E-02 7.003E-02 7.611E-02 8.074E-02 8.396E-02 8.623E-02 8.751E-02 8.838E-02 8.854E-02 8.837E-02 8.710E-02 8.576E-02 8.285E-02 7.594E-02 6.864E-02 6.208E-02 5.613E-02 4.732E-02 2.444E-02 2.647E-02 2.808E-02 2.849E-02 2.723E-02 2.505E-02 2.031E-02 1.726E-02 1.442E-02 7.884E-03 9.423E-03 9.769E-03 7.875E-03 6.150E-03 5.510E-03 4.931E-03 4.586E-03 4.063E-03 3.715E-03 3.217E-03 2.738E-03 2.419E-03 1.520E-03 1.073E-03 8.187E-04 8.547E-04 9.031E-04 9.481E-04 9.295E-04 9.244E-04 8.638E-04 8.252E-04 7.828E-04 7.539E-04 6.558E-04 5.689E-04 5.069E-04 4.019E-04 3.092E-04 2.538E-04 1.563E-04 1.038E-04
  5.000E+00  3.029E-02 3.573E-02 4.061E-02 4.505E-02 4.915E-02 5.180E-02 5.440E-02 5.648E-02 5.837E-02 5.952E-02 6.037E-02 6.041E-02 6.115E-02 6.081E-02 5.889E-02 5.549E-02 5.191E-02 4.808E-02 4.202E-02 2.155E-02 2.382E-02 2.569E-02 2.624E-02 2.529E-02 2.339E-02 1.910E-02 1.634E-02 1.371E-02 7.454E-03 8.994E-03 9.365E-03 7.575E-03 5.930E-03 5.317E-03 4.762E-03 4.431E-03 3.927E-03 3.591E-03 3.110E-03 2.646E-03 2.338E-03 1.467E-03 1.036E-03 7.922E-04 8.330E-04 8.824E-04 9.298E-04 9.134E-04 9.088E-04 8.515E-04 8.144E-04 7.733E-04 7.452E-04 6.490E-04 5.634E-04 5.024E-04 3.988E-04 3.070E-04 2.522E-04 1.554E-04 1.033E-04
  6.000E+00  1.968E-02 2.295E-02 2.622E-02 2.941E-02 3.216E-02 3.444E-02 3.674E-02 3.870E-02 4.046E-02 4.181E-02 4.295E-02 4.370E-02 4.513E-02 4.597E-02 4.652E-02 4.539E-02 4.374E-02 4.133E-02 3.725E-02 1.892E-02 2.136E-02 2.342E-02 2.408E-02 2.339E-02 2.174E-02 1.787E-02 1.539E-02 1.296E-02 7.004E-03 8.538E-03 8.931E-03 7.248E-03 5.687E-03 5.103E-03 4.574E-03 4.258E-03 3.776E-03 3.453E-03 2.990E-03 2.544E-03 2.247E-03 1.408E-03 9.946E-04 7.628E-04 8.084E-04 8.588E-04 9.088E-04 8.948E-04 8.908E-04 8.371E-04 8.017E-04 7.621E-04 7.349E-04 6.410E-04 5.570E-04 4.970E-04 3.951E-04 3.045E-04 2.502E-04 1.544E-04 1.028E-04
  8.000E+00  1.119E-02 1.271E-02 1.426E-02 1.571E-02 1.702E-02 1.852E-02 1.993E-02 2.110E-02 2.231E-02 2.339E-02 2.439E-02 2.550E-02 2.707E-02 2.846E-02 3.069E-02 3.154E-02 3.183E-02 3.104E-02 2.930E-02 1.453E-02 1.710E-02 1.938E-02 2.019E-02 1.987E-02 1.863E-02 1.548E-02 1.350E-02 1.143E-02 6.100E-03 7.603E-03 8.023E-03 6.553E-03 5.165E-03 4.642E-03 4.167E-03 3.883E-03 3.446E-03 3.152E-03 2.729E-03 2.321E-03 2.048E-03 1.280E-03 9.057E-04 6.989E-04 7.536E-04 8.058E-04 8.606E-04 8.519E-04 8.490E-04 8.034E-04 7.718E-04 7.357E-04 7.104E-04 6.217E-04 5.414E-04 4.840E-04 3.860E-04 2.983E-04 2.455E-04 1.519E-04 1.013E-04
  1.000E+01  8.025E-03 8.931E-03 9.562E-03 1.058E-02 1.117E-02 1.207E-02 1.295E-02 1.358E-02 1.437E-02 1.512E-02 1.586E-02 1.674E-02 1.806E-02 1.924E-02 2.163E-02 2.300E-02 2.391E-02 2.384E-02 2.316E-02 1.117E-02 1.371E-02 1.606E-02 1.692E-02 1.684E-02 1.588E-02 1.329E-02 1.171E-02 9.958E-03 5.249E-03 6.697E-03 7.123E-03 5.849E-03 4.629E-03 4.166E-03 3.745E-03 3.494E-03 3.103E-03 2.838E-03 2.457E-03 2.088E-03 1.842E-03 1.148E-03 8.143E-04 6.327E-04 6.951E-04 7.482E-04 8.074E-04 8.037E-04 8.021E-04 7.648E-04 7.373E-04 7.049E-04 6.818E-04 5.989E-04 5.229E-04 4.685E-04 3.750E-04 2.907E-04 2.397E-04 1.487E-04 9.947E-05
  1.200E+01  6.454E-03 7.077E-03 7.425E-03 8.001E-03 8.381E-03 8.950E-03 9.447E-03 9.783E-03 1.042E-02 1.093E-02 1.142E-02 1.207E-02 1.308E-02 1.400E-02 1.605E-02 1.745E-02 1.848E-02 1.869E-02 1.841E-02 8.649E-03 1.106E-02 1.335E-02 1.421E-02 1.427E-02 1.350E-02 1.136E-02 1.010E-02 8.604E-03 4.482E-03 5.856E-03 6.272E-03 5.173E-03 4.109E-03 3.702E-03 3.333E-03 3.112E-03 2.766E-03 2.530E-03 2.190E-03 1.860E-03 1.640E-03 1.020E-03 7.256E-04 5.680E-04 6.359E-04 6.894E-04 7.518E-04 7.529E-04 7.525E-04 7.233E-04 6.999E-04 6.713E-04 6.504E-04 5.738E-04 5.023E-04 4.511E-04 3.625E-04 2.821E-04 2.330E-04 1.451E-04 9.733E-05
  1.400E+01  5.567E-03 5.931E-03 6.221E-03 6.439E-03 6.737E-03 7.101E-03 7.443E-03 7.772E-03 8.107E-03 8.466E-03 8.894E-03 9.299E-03 1.004E-02 1.078E-02 1.245E-02 1.364E-02 1.460E-02 1.488E-02 1.471E-02 6.746E-03 8.987E-03 1.116E-02 1.198E-02 1.210E-02 1.147E-02 9.676E-03 8.670E-03 7.391E-03 3.811E-03 5.098E-03 5.491E-03 4.544E-03 3.620E-03 3.266E-03 2.944E-03 2.752E-03 2.447E-03 2.239E-03 1.938E-03 1.645E-03 1.449E-03 9.007E-04 6.426E-04 5.068E-04 5.784E-04 6.315E-04 6.959E-04 7.013E-04 7.019E-04 6.802E-04 6.608E-04 6.359E-04 6.173E-04 5.469E-04 4.802E-04 4.324E-04 3.490E-04 2.726E-04 2.256E-04 1.410E-04 9.493E-05
  1.600E+01  4.863E-03 5.174E-03 5.329E-03 5.524E-03 5.651E-03 5.983E-03 6.166E-03 6.405E-03 6.653E-03 6.911E-03 7.211E-03 7.499E-03 8.088E-03 8.632E-03 9.966E-03 1.094E-02 1.175E-02 1.201E-02 1.181E-02 5.307E-03 7.358E-03 9.381E-03 1.014E-02 1.028E-02 9.749E-03 8.231E-03 7.421E-03 6.323E-03 3.232E-03 4.425E-03 4.788E-03 3.972E-03 3.173E-03 2.866E-03 2.586E-03 2.420E-03 2.153E-03 1.970E-03 1.705E-03 1.447E-03 1.274E-03 7.915E-04 5.667E-04 4.505E-04 5.238E-04 5.758E-04 6.413E-04 6.502E-04 6.517E-04 6.369E-04 6.212E-04 5.998E-04 5.833E-04 5.191E-04 4.571E-04 4.127E-04 3.346E-04 2.624E-04 2.177E-04 1.367E-04 9.231E-05
  1.800E+01  4.305E-03 4.452E-03 4.642E-03 4.792E-03 4.970E-03 5.063E-03 5.235E-03 5.441E-03 5.636E-03 5.822E-03 6.032E-03 6.222E-03 6.672E-03 7.111E-03 8.168E-03 8.929E-03 9.592E-03 9.796E-03 9.523E-03 4.210E-03 6.070E-03 7.924E-03 8.613E-03 8.738E-03 8.287E-03 6.996E-03 6.340E-03 5.394E-03 2.739E-03 3.834E-03 4.162E-03 3.460E-03 2.771E-03 2.505E-03 2.263E-03 2.120E-03 1.887E-03 1.727E-03 1.495E-03 1.269E-03 1.117E-03 6.935E-04 4.985E-04 3.993E-04 4.728E-04 5.232E-04 5.888E-04 6.007E-04 6.029E-04 5.941E-04 5.818E-04 5.637E-04 5.492E-04 4.909E-04 4.336E-04 3.925E-04 3.197E-04 2.518E-04 2.094E-04 1.320E-04 8.950E-05
  2.000E+01  3.896E-03 3.865E-03 4.151E-03 4.111E-03 4.276E-03 4.347E-03 4.461E-03 4.741E-03 4.797E-03 4.942E-03 5.152E-03 5.310E-03 5.587E-03 6.008E-03 6.808E-03 7.372E-03 7.920E-03 8.049E-03 7.708E-03 3.367E-03 5.043E-03 6.726E-03 7.342E-03 7.444E-03 7.049E-03 5.945E-03 5.411E-03 4.595E-03 2.320E-03 3.319E-03 3.612E-03 3.007E-03 2.414E-03 2.184E-03 1.976E-03 1.852E-03 1.650E-03 1.510E-03 1.307E-03 1.109E-03 9.762E-04 6.066E-04 4.377E-04 3.533E-04 4.257E-04 4.743E-04 5.392E-04 5.533E-04 5.561E-04 5.525E-04 5.432E-04 5.281E-04 5.155E-04 4.628E-04 4.101E-04 3.722E-04 3.046E-04 2.409E-04 2.008E-04 1.271E-04 8.655E-05
  2.200E+01  3.382E-03 3.544E-03 3.618E-03 3.711E-03 3.743E-03 3.872E-03 3.984E-03 4.043E-03 4.160E-03 4.275E-03 4.403E-03 4.572E-03 4.808E-03 5.093E-03 5.700E-03 6.167E-03 6.584E-03 6.662E-03 6.264E-03 2.715E-03 4.219E-03 5.733E-03 6.276E-03 6.354E-03 6.003E-03 5.054E-03 4.617E-03 3.911E-03 1.967E-03 2.872E-03 3.131E-03 2.609E-03 2.099E-03 1.901E-03 1.721E-03 1.615E-03 1.440E-03 1.318E-03 1.142E-03 9.688E-04 8.524E-04 5.300E-04 3.841E-04 3.123E-04 3.827E-04 4.291E-04 4.926E-04 5.084E-04 5.117E-04 5.126E-04 5.058E-04 4.934E-04 4.825E-04 4.352E-04 3.867E-04 3.519E-04 2.894E-04 2.298E-04 1.920E-04 1.221E-04 8.350E-05
  2.400E+01  2.947E-03 3.113E-03 3.173E-03 3.266E-03 3.336E-03 3.383E-03 3.473E-03 3.562E-03 3.678E-03 3.766E-03 3.853E-03 3.925E-03 4.141E-03 4.341E-03 4.834E-03 5.205E-03 5.503E-03 5.549E-03 5.112E-03 2.206E-03 3.552E-03 4.906E-03 5.381E-03 5.434E-03 5.119E-03 4.300E-03 3.940E-03 3.328E-03 1.670E-03 2.486E-03 2.712E-03 2.262E-03 1.823E-03 1.653E-03 1.499E-03 1.407E-03 1.256E-03 1.150E-03 9.960E-04 8.454E-04 7.439E-04 4.631E-04 3.369E-04 2.759E-04 3.437E-04 3.877E-04 4.493E-04 4.664E-04 4.700E-04 4.745E-04 4.700E-04 4.600E-04 4.507E-04 4.082E-04 3.638E-04 3.320E-04 2.742E-04 2.188E-04 1.832E-04 1.171E-04 8.037E-05
  2.600E+01  2.713E-03 2.769E-03 2.813E-03 2.849E-03 2.945E-03 2.972E-03 3.030E-03 3.127E-03 3.199E-03 3.273E-03 3.337E-03 3.424E-03 3.582E-03 3.742E-03 4.139E-03 4.412E-03 4.628E-03 4.643E-03 4.189E-03 1.805E-03 3.008E-03 4.214E-03 4.626E-03 4.654E-03 4.371E-03 3.662E-03 3.365E-03 2.834E-03 1.420E-03 2.153E-03 2.350E-03 1.960E-03 1.584E-03 1.437E-03 1.304E-03 1.226E-03 1.095E-03 1.003E-03 8.688E-04 7.377E-04 6.491E-04 4.047E-04 2.956E-04 2.438E-04 3.084E-04 3.499E-04 4.093E-04 4.272E-04 4.310E-04 4.386E-04 4.360E-04 4.281E-04 4.202E-04 3.822E-04 3.416E-04 3.125E-04 2.594E-04 2.078E-04 1.744E-04 1.120E-04 7.721E-05
  2.800E+01  2.420E-03 2.477E-03 2.479E-03 2.581E-03 2.609E-03 2.621E-03 2.700E-03 2.725E-03 2.844E-03 2.903E-03 2.907E-03 2.968E-03 3.115E-03 3.239E-03 3.542E-03 3.764E-03 3.912E-03 3.903E-03 3.448E-03 1.487E-03 2.561E-03 3.631E-03 3.988E-03 3.994E-03 3.739E-03 3.124E-03 2.877E-03 2.416E-03 1.210E-03 1.867E-03 2.037E-03 1.700E-03 1.376E-03 1.250E-03 1.135E-03 1.068E-03 9.544E-04 8.744E-04 7.581E-04 6.439E-04 5.667E-04 3.538E-04 2.596E-04 2.154E-04 2.767E-04 3.157E-04 3.725E-04 3.908E-04 3.949E-04 4.048E-04 4.039E-04 3.978E-04 3.911E-04 3.572E-04 3.202E-04 2.937E-04 2.448E-04 1.970E-04 1.657E-04 1.069E-04 7.402E-05
  3.000E+01  2.150E-03 2.167E-03 2.233E-03 2.217E-03 2.272E-03 2.299E-03 2.342E-03 2.407E-03 2.464E-03 2.515E-03 2.571E-03 2.621E-03 2.704E-03 2.832E-03 3.054E-03 3.210E-03 3.326E-03 3.291E-03 2.850E-03 1.234E-03 2.192E-03 3.139E-03 3.447E-03 3.433E-03 3.203E-03 2.669E-03 2.463E-03 2.063E-03 1.033E-03 1.620E-03 1.767E-03 1.475E-03 1.196E-03 1.087E-03 9.886E-04 9.308E-04 8.326E-04 7.631E-04 6.618E-04 5.624E-04 4.951E-04 3.097E-04 2.280E-04 1.905E-04 2.482E-04 2.847E-04 3.388E-04 3.573E-04 3.614E-04 3.732E-04 3.737E-04 3.692E-04 3.636E-04 3.334E-04 2.997E-04 2.755E-04 2.307E-04 1.864E-04 1.572E-04 1.019E-04 7.085E-05
  3.200E+01  1.915E-03 1.945E-03 1.931E-03 1.987E-03 1.969E-03 2.057E-03 2.085E-03 2.120E-03 2.151E-03 2.194E-03 2.241E-03 2.307E-03 2.375E-03 2.462E-03 2.643E-03 2.755E-03 2.834E-03 2.787E-03 2.368E-03 1.030E-03 1.885E-03 2.722E-03 2.986E-03 2.959E-03 2.750E-03 2.286E-03 2.112E-03 1.764E-03 8.837E-04 1.408E-03 1.534E-03 1.280E-03 1.040E-03 9.466E-04 8.617E-04 8.120E-04 7.269E-04 6.665E-04 5.784E-04 4.918E-04 4.330E-04 2.713E-04 2.005E-04 1.685E-04 2.226E-04 2.567E-04 3.081E-04 3.265E-04 3.306E-04 3.438E-04 3.454E-04 3.423E-04 3.376E-04 3.108E-04 2.801E-04 2.581E-04 2.171E-04 1.761E-04 1.489E-04 9.691E-05 6.770E-05
  3.400E+01  1.676E-03 1.707E-03 1.706E-03 1.759E-03 1.778E-03 1.793E-03 1.827E-03 1.870E-03 1.911E-03 1.946E-03 1.968E-03 2.009E-03 2.076E-03 2.141E-03 2.290E-03 2.380E-03 2.422E-03 2.373E-03 1.976E-03 8.645E-04 1.628E-03 2.367E-03 2.592E-03 2.556E-03 2.367E-03 1.961E-03 1.815E-03 1.512E-03 7.580E-04 1.226E-03 1.334E-03 1.113E-03 9.060E-04 8.252E-04 7.520E-04 7.091E-04 6.354E-04 5.827E-04 5.060E-04 4.304E-04 3.792E-04 2.380E-04 1.766E-04 1.493E-04 1.998E-04 2.315E-04 2.800E-04 2.982E-04 3.023E-04 3.165E-04 3.190E-04 3.170E-04 3.132E-04 2.894E-04 2.615E-04 2.416E-04 2.041E-04 1.662E-04 1.408E-04 9.207E-05 6.460E-05
  3.600E+01  1.495E-03 1.492E-03 1.523E-03 1.518E-03 1.545E-03 1.599E-03 1.613E-03 1.619E-03 1.678E-03 1.710E-03 1.724E-03 1.771E-03 1.828E-03 1.876E-03 1.979E-03 2.057E-03 2.078E-03 2.027E-03 1.657E-03 7.301E-04 1.412E-03 2.064E-03 2.256E-03 2.214E-03 2.042E-03 1.687E-03 1.563E-03 1.298E-03 6.518E-04 1.069E-03 1.162E-03 9.695E-04 7.902E-04 7.203E-04 6.571E-04 6.201E-04 5.561E-04 5.102E-04 4.433E-04 3.773E-04 3.324E-04 2.091E-04 1.556E-04 1.323E-04 1.793E-04 2.089E-04 2.546E-04 2.723E-04 2.764E-04 2.912E-04 2.945E-04 2.935E-04 2.904E-04 2.693E-04 2.439E-04 2.259E-04 1.916E-04 1.566E-04 1.330E-04 8.736E-05 6.156E-05
  3.800E+01  1.330E-03 1.340E-03 1.309E-03 1.370E-03 1.390E-03 1.393E-03 1.429E-03 1.436E-03 1.489E-03 1.515E-03 1.533E-03 1.549E-03 1.595E-03 1.638E-03 1.723E-03 1.783E-03 1.786E-03 1.736E-03 1.395E-03 6.199E-04 1.230E-03 1.805E-03 1.969E-03 1.921E-03 1.766E-03 1.455E-03 1.349E-03 1.118E-03 5.619E-04 9.339E-04 1.013E-03 8.455E-04 6.903E-04 6.297E-04 5.750E-04 5.431E-04 4.873E-04 4.473E-04 3.888E-04 3.312E-04 2.919E-04 1.839E-04 1.374E-04 1.174E-04 1.611E-04 1.885E-04 2.315E-04 2.487E-04 2.526E-04 2.679E-04 2.717E-04 2.716E-04 2.691E-04 2.504E-04 2.274E-04 2.110E-04 1.797E-04 1.475E-04 1.255E-04 8.279E-05 5.859E-05
  4.000E+01  1.182E-03 1.142E-03 1.195E-03 1.191E-03 1.201E-03 1.220E-03 1.245E-03 1.279E-03 1.292E-03 1.316E-03 1.352E-03 1.372E-03 1.397E-03 1.441E-03 1.512E-03 1.546E-03 1.546E-03 1.491E-03 1.180E-03 5.292E-04 1.075E-03 1.583E-03 1.723E-03 1.671E-03 1.531E-03 1.258E-03 1.168E-03 9.651E-04 4.856E-04 8.173E-04 8.855E-04 7.387E-04 6.040E-04 5.515E-04 5.039E-04 4.763E-04 4.278E-04 3.928E-04 3.416E-04 2.911E-04 2.567E-04 1.620E-04 1.214E-04 1.043E-04 1.448E-04 1.702E-04 2.105E-04 2.271E-04 2.310E-04 2.465E-04 2.507E-04 2.512E-04 2.493E-04 2.327E-04 2.118E-04 1.970E-04 1.684E-04 1.387E-04 1.183E-04 7.837E-05 5.570E-05
  4.200E+01  1.027E-03 1.043E-03 1.029E-03 1.058E-03 1.065E-03 1.098E-03 1.113E-03 1.122E-03 1.141E-03 1.162E-03 1.181E-03 1.205E-03 1.244E-03 1.270E-03 1.324E-03 1.348E-03 1.340E-03 1.288E-03 1.004E-03 4.540E-04 9.433E-04 1.392E-03 1.511E-03 1.457E-03 1.331E-03 1.091E-03 1.013E-03 8.353E-04 4.208E-04 7.167E-04 7.752E-04 6.466E-04 5.295E-04 4.837E-04 4.425E-04 4.185E-04 3.761E-04 3.454E-04 3.006E-04 2.563E-04 2.261E-04 1.430E-04 1.075E-04 9.281E-05 1.303E-04 1.538E-04 1.915E-04 2.075E-04 2.112E-04 2.267E-04 2.313E-04 2.323E-04 2.309E-04 2.162E-04 1.972E-04 1.838E-04 1.577E-04 1.304E-04 1.114E-04 7.413E-05 5.291E-05
  4.400E+01  9.309E-04 9.081E-04 9.194E-04 9.283E-04 9.245E-04 9.578E-04 9.787E-04 9.803E-04 1.003E-03 1.023E-03 1.039E-03 1.069E-03 1.091E-03 1.124E-03 1.155E-03 1.177E-03 1.166E-03 1.115E-03 8.571E-04 3.914E-04 8.305E-04 1.227E-03 1.329E-03 1.275E-03 1.160E-03 9.481E-04 8.812E-04 7.249E-04 3.656E-04 6.298E-04 6.801E-04 5.671E-04 4.650E-04 4.251E-04 3.892E-04 3.683E-04 3.312E-04 3.043E-04 2.650E-04 2.261E-04 1.995E-04 1.264E-04 9.528E-05 8.267E-05 1.173E-04 1.391E-04 1.744E-04 1.897E-04 1.933E-04 2.086E-04 2.134E-04 2.148E-04 2.138E-04 2.008E-04 1.835E-04 1.714E-04 1.477E-04 1.225E-04 1.048E-04 7.006E-05 5.021E-05
  4.600E+01  7.896E-04 7.975E-04 7.952E-04 8.290E-04 8.390E-04 8.479E-04 8.734E-04 8.713E-04 8.926E-04 9.098E-04 9.238E-04 9.360E-04 9.649E-04 9.784E-04 1.013E-03 1.034E-03 1.014E-03 9.694E-04 7.351E-04 3.390E-04 7.336E-04 1.084E-03 1.171E-03 1.118E-03 1.014E-03 8.267E-04 7.687E-04 6.309E-04 3.184E-04 5.545E-04 5.978E-04 4.984E-04 4.091E-04 3.743E-04 3.429E-04 3.247E-04 2.922E-04 2.686E-04 2.340E-04 1.997E-04 1.763E-04 1.119E-04 8.460E-05 7.374E-05 1.058E-04 1.259E-04 1.589E-04 1.734E-04 1.769E-04 1.920E-04 1.969E-04 1.987E-04 1.980E-04 1.865E-04 1.708E-04 1.598E-04 1.382E-04 1.150E-04 9.862E-05 6.617E-05 4.762E-05
  4.800E+01  7.011E-04 7.049E-04 7.053E-04 7.221E-04 7.333E-04 7.520E-04 7.613E-04 7.771E-04 7.865E-04 8.024E-04 8.236E-04 8.211E-04 8.535E-04 8.660E-04 8.973E-04 9.062E-04 8.868E-04 8.450E-04 6.334E-04 2.950E-04 6.501E-04 9.608E-04 1.035E-03 9.833E-04 8.894E-04 7.229E-04 6.724E-04 5.506E-04 2.781E-04 4.893E-04 5.267E-04 4.389E-04 3.607E-04 3.302E-04 3.027E-04 2.869E-04 2.583E-04 2.375E-04 2.070E-04 1.768E-04 1.561E-04 9.920E-05 7.524E-05 6.588E-05 9.549E-05 1.141E-04 1.449E-04 1.587E-04 1.620E-04 1.768E-04 1.818E-04 1.838E-04 1.834E-04 1.732E-04 1.589E-04 1.490E-04 1.292E-04 1.079E-04 9.272E-05 6.246E-05 4.514E-05
  5.000E+01  6.323E-04 6.316E-04 6.269E-04 6.440E-04 6.466E-04 6.581E-04 6.809E-04 6.801E-04 6.919E-04 7.061E-04 7.229E-04 7.330E-04 7.509E-04 7.720E-04 7.899E-04 7.973E-04 7.807E-04 7.391E-04 5.482E-04 2.578E-04 5.778E-04 8.536E-04 9.175E-04 8.671E-04 7.820E-04 6.339E-04 5.898E-04 4.820E-04 2.435E-04 4.327E-04 4.650E-04 3.874E-04 3.187E-04 2.919E-04 2.678E-04 2.539E-04 2.287E-04 2.104E-04 1.835E-04 1.568E-04 1.385E-04 8.813E-05 6.702E-05 5.894E-05 8.630E-05 1.035E-04 1.322E-04 1.454E-04 1.485E-04 1.629E-04 1.679E-04 1.701E-04 1.699E-04 1.609E-04 1.479E-04 1.389E-04 1.209E-04 1.012E-04 8.714E-05 5.893E-05 4.276E-05
  5.200E+01  5.540E-04 5.320E-04 5.521E-04 5.536E-04 5.637E-04 5.854E-04 5.969E-04 6.132E-04 6.080E-04 6.212E-04 6.379E-04 6.542E-04 6.709E-04 6.856E-04 6.997E-04 7.038E-04 6.870E-04 6.487E-04 4.765E-04 2.263E-04 5.151E-04 7.603E-04 8.151E-04 7.669E-04 6.896E-04 5.576E-04 5.188E-04 4.231E-04 2.138E-04 3.835E-04 4.115E-04 3.427E-04 2.822E-04 2.586E-04 2.374E-04 2.252E-04 2.030E-04 1.867E-04 1.629E-04 1.393E-04 1.230E-04 7.844E-05 5.980E-05 5.282E-05 7.810E-05 9.404E-05 1.208E-04 1.333E-04 1.363E-04 1.502E-04 1.551E-04 1.575E-04 1.575E-04 1.495E-04 1.377E-04 1.295E-04 1.131E-04 9.494E-05 8.188E-05 5.559E-05 4.050E-05
  5.400E+01  4.662E-04 4.820E-04 4.800E-04 4.992E-04 5.101E-04 5.256E-04 5.324E-04 5.314E-04 5.457E-04 5.574E-04 5.656E-04 5.712E-04 6.015E-04 5.995E-04 6.162E-04 6.246E-04 6.040E-04 5.718E-04 4.159E-04 1.995E-04 4.606E-04 6.790E-04 7.261E-04 6.803E-04 6.100E-04 4.920E-04 4.578E-04 3.725E-04 1.883E-04 3.406E-04 3.649E-04 3.038E-04 2.504E-04 2.295E-04 2.108E-04 2.001E-04 1.804E-04 1.661E-04 1.449E-04 1.239E-04 1.095E-04 6.994E-05 5.346E-05 4.741E-05 7.078E-05 8.554E-05 1.105E-04 1.223E-04 1.252E-04 1.386E-04 1.434E-04 1.459E-04 1.460E-04 1.389E-04 1.282E-04 1.207E-04 1.057E-04 8.905E-05 7.693E-05 5.242E-05 3.835E-05
  5.600E+01  4.072E-04 4.223E-04 4.191E-04 4.388E-04 4.536E-04 4.576E-04 4.718E-04 4.755E-04 4.867E-04 4.972E-04 5.082E-04 5.058E-04 5.297E-04 5.364E-04 5.487E-04 5.539E-04 5.358E-04 5.054E-04 3.645E-04 1.765E-04 4.130E-04 6.079E-04 6.487E-04 6.050E-04 5.411E-04 4.353E-04 4.050E-04 3.290E-04 1.662E-04 3.032E-04 3.244E-04 2.699E-04 2.226E-04 2.042E-04 1.877E-04 1.782E-04 1.608E-04 1.480E-04 1.292E-04 1.105E-04 9.772E-05 6.248E-05 4.788E-05 4.264E-05 6.426E-05 7.793E-05 1.012E-04 1.124E-04 1.151E-04 1.280E-04 1.327E-04 1.353E-04 1.355E-04 1.292E-04 1.194E-04 1.126E-04 9.892E-05 8.353E-05 7.228E-05 4.944E-05 3.631E-05
  5.800E+01  3.633E-04 3.716E-04 3.739E-04 3.830E-04 3.963E-04 4.026E-04 4.173E-04 4.320E-04 4.277E-04 4.377E-04 4.499E-04 4.541E-04 4.667E-04 4.818E-04 4.923E-04 4.918E-04 4.767E-04 4.473E-04 3.207E-04 1.569E-04 3.714E-04 5.457E-04 5.812E-04 5.394E-04 4.813E-04 3.863E-04 3.595E-04 2.914E-04 1.471E-04 2.706E-04 2.891E-04 2.404E-04 1.984E-04 1.821E-04 1.674E-04 1.590E-04 1.435E-04 1.321E-04 1.154E-04 9.878E-05 8.735E-05 5.593E-05 4.296E-05 3.841E-05 5.843E-05 7.111E-05 9.284E-05 1.034E-04 1.060E-04 1.183E-04 1.230E-04 1.255E-04 1.258E-04 1.202E-04 1.113E-04 1.051E-04 9.257E-05 7.838E-05 6.793E-05 4.662E-05 3.438E-05
  6.000E+01  3.275E-04 3.288E-04 3.297E-04 3.353E-04 3.477E-04 3.661E-04 3.608E-04 3.792E-04 3.767E-04 3.861E-04 4.014E-04 4.059E-04 4.227E-04 4.280E-04 4.392E-04 4.371E-04 4.244E-04 3.976E-04 2.835E-04 1.400E-04 3.348E-04 4.911E-04 5.219E-04 4.826E-04 4.296E-04 3.440E-04 3.199E-04 2.588E-04 1.305E-04 2.420E-04 2.583E-04 2.146E-04 1.772E-04 1.627E-04 1.496E-04 1.422E-04 1.284E-04 1.182E-04 1.033E-04 8.846E-05 7.824E-05 5.016E-05 3.863E-05 3.468E-05 5.323E-05 6.501E-05 8.530E-05 9.527E-05 9.770E-05 1.095E-04 1.140E-04 1.166E-04 1.170E-04 1.119E-04 1.038E-04 9.817E-05 8.668E-05 7.357E-05 6.385E-05 4.398E-05 3.256E-05
  6.200E+01  2.764E-04 2.922E-04 2.917E-04 2.992E-04 3.088E-04 3.244E-04 3.346E-04 3.342E-04 3.389E-04 3.478E-04 3.545E-04 3.582E-04 3.815E-04 3.809E-04 3.884E-04 3.938E-04 3.783E-04 3.559E-04 2.517E-04 1.254E-04 3.027E-04 4.431E-04 4.699E-04 4.333E-04 3.847E-04 3.072E-04 2.856E-04 2.306E-04 1.162E-04 2.170E-04 2.313E-04 1.921E-04 1.587E-04 1.457E-04 1.341E-04 1.274E-04 1.151E-04 1.060E-04 9.269E-05 7.938E-05 7.023E-05 4.509E-05 3.481E-05 3.137E-05 4.859E-05 5.954E-05 7.851E-05 8.792E-05 9.022E-05 1.015E-04 1.059E-04 1.084E-04 1.089E-04 1.043E-04 9.684E-05 9.174E-05 8.120E-05 6.908E-05 6.004E-05 4.150E-05 3.084E-05
  6.400E+01  2.524E-04 2.531E-04 2.549E-04 2.650E-04 2.733E-04 2.876E-04 2.950E-04 2.999E-04 3.034E-04 3.118E-04 3.162E-04 3.219E-04 3.389E-04 3.413E-04 3.496E-04 3.548E-04 3.388E-04 3.190E-04 2.241E-04 1.127E-04 2.744E-04 4.009E-04 4.242E-04 3.901E-04 3.455E-04 2.751E-04 2.557E-04 2.061E-04 1.037E-04 1.950E-04 2.076E-04 1.724E-04 1.424E-04 1.308E-04 1.204E-04 1.145E-04 1.035E-04 9.531E-05 8.333E-05 7.140E-05 6.318E-05 4.062E-05 3.143E-05 2.844E-05 4.445E-05 5.464E-05 7.239E-05 8.128E-05 8.345E-05 9.425E-05 9.845E-05 1.009E-04 1.014E-04 9.736E-05 9.047E-05 8.581E-05 7.613E-05 6.491E-05 5.650E-05 3.918E-05 2.924E-05
  6.600E+01  2.223E-04 2.137E-04 2.286E-04 2.266E-04 2.413E-04 2.508E-04 2.503E-04 2.746E-04 2.706E-04 2.784E-04 2.898E-04 2.889E-04 2.994E-04 3.078E-04 3.169E-04 3.162E-04 3.053E-04 2.855E-04 2.004E-04 1.017E-04 2.494E-04 3.636E-04 3.842E-04 3.520E-04 3.112E-04 2.472E-04 2.297E-04 1.848E-04 9.279E-05 1.757E-04 1.869E-04 1.550E-04 1.281E-04 1.177E-04 1.084E-04 1.031E-04 9.319E-05 8.586E-05 7.510E-05 6.436E-05 5.697E-05 3.668E-05 2.845E-05 2.585E-05 4.075E-05 5.025E-05 6.688E-05 7.527E-05 7.734E-05 8.764E-05 9.167E-05 9.411E-05 9.463E-05 9.095E-05 8.461E-05 8.034E-05 7.143E-05 6.104E-05 5.320E-05 3.702E-05 2.773E-05
  6.800E+01  1.903E-04 1.954E-04 2.028E-04 2.002E-04 2.157E-04 2.267E-04 2.303E-04 2.418E-04 2.398E-04 2.470E-04 2.561E-04 2.581E-04 2.733E-04 2.772E-04 2.858E-04 2.849E-04 2.754E-04 2.574E-04 1.801E-04 9.214E-05 2.272E-04 3.307E-04 3.489E-04 3.186E-04 2.811E-04 2.228E-04 2.070E-04 1.662E-04 8.328E-05 1.586E-04 1.686E-04 1.398E-04 1.156E-04 1.062E-04 9.782E-05 9.306E-05 8.414E-05 7.754E-05 6.784E-05 5.816E-05 5.149E-05 3.320E-05 2.581E-05 2.354E-05 3.745E-05 4.632E-05 6.193E-05 6.986E-05 7.181E-05 8.163E-05 8.551E-05 8.788E-05 8.841E-05 8.507E-05 7.922E-05 7.531E-05 6.710E-05 5.745E-05 5.013E-05 3.500E-05 2.632E-05
  7.000E+01  1.667E-04 1.744E-04 1.799E-04 1.830E-04 1.857E-04 2.069E-04 2.091E-04 2.150E-04 2.140E-04 2.211E-04 2.278E-04 2.339E-04 2.495E-04 2.504E-04 2.571E-04 2.598E-04 2.492E-04 2.336E-04 1.624E-04 8.379E-05 2.076E-04 3.015E-04 3.178E-04 2.894E-04 2.548E-04 2.015E-04 1.870E-04 1.499E-04 7.496E-05 1.436E-04 1.525E-04 1.264E-04 1.045E-04 9.605E-05 8.850E-05 8.421E-05 7.616E-05 7.020E-05 6.143E-05 5.269E-05 4.666E-05 3.013E-05 2.348E-05 2.150E-05 3.450E-05 4.281E-05 5.747E-05 6.497E-05 6.682E-05 7.618E-05 7.989E-05 8.219E-05 8.274E-05 7.969E-05 7.428E-05 7.068E-05 6.310E-05 5.413E-05 4.729E-05 3.313E-05 2.501E-05
  7.200E+01  1.450E-04 1.466E-04 1.544E-04 1.612E-04 1.720E-04 1.784E-04 1.832E-04 1.917E-04 1.995E-04 2.058E-04 2.086E-04 2.091E-04 2.205E-04 2.240E-04 2.326E-04 2.357E-04 2.255E-04 2.117E-04 1.470E-04 7.647E-05 1.902E-04 2.756E-04 2.902E-04 2.637E-04 2.318E-04 1.827E-04 1.696E-04 1.357E-04 6.767E-05 1.304E-04 1.384E-04 1.146E-04 9.477E-05 8.711E-05 8.028E-05 7.640E-05 6.912E-05 6.371E-05 5.577E-05 4.785E-05 4.239E-05 2.741E-05 2.142E-05 1.969E-05 3.187E-05 3.966E-05 5.346E-05 6.056E-05 6.231E-05 7.124E-05 7.479E-05 7.702E-05 7.756E-05 7.477E-05 6.976E-05 6.643E-05 5.942E-05 5.107E-05 4.466E-05 3.139E-05 2.379E-05
  7.400E+01  1.236E-04 1.311E-04 1.392E-04 1.443E-04 1.527E-04 1.617E-04 1.635E-04 1.760E-04 1.770E-04 1.831E-04 1.893E-04 1.891E-04 1.999E-04 2.039E-04 2.124E-04 2.138E-04 2.055E-04 1.926E-04 1.336E-04 7.004E-05 1.746E-04 2.527E-04 2.658E-04 2.410E-04 2.114E-04 1.663E-04 1.542E-04 1.232E-04 6.128E-05 1.187E-04 1.259E-04 1.042E-04 8.617E-05 7.921E-05 7.301E-05 6.950E-05 6.289E-05 5.798E-05 5.077E-05 4.357E-05 3.861E-05 2.501E-05 1.959E-05 1.809E-05 2.953E-05 3.684E-05 4.986E-05 5.658E-05 5.825E-05 6.676E-05 7.016E-05 7.231E-05 7.284E-05 7.027E-05 6.562E-05 6.254E-05 5.603E-05 4.824E-05 4.224E-05 2.979E-05 2.267E-05
  7.600E+01  1.146E-04 1.166E-04 1.279E-04 1.265E-04 1.345E-04 1.451E-04 1.496E-04 1.582E-04 1.583E-04 1.640E-04 1.689E-04 1.727E-04 1.833E-04 1.870E-04 1.947E-04 1.958E-04 1.886E-04 1.765E-04 1.221E-04 6.439E-05 1.608E-04 2.322E-04 2.441E-04 2.210E-04 1.936E-04 1.518E-04 1.407E-04 1.122E-04 5.566E-05 1.083E-04 1.148E-04 9.499E-05 7.856E-05 7.223E-05 6.659E-05 6.340E-05 5.739E-05 5.292E-05 4.635E-05 3.979E-05 3.527E-05 2.289E-05 1.797E-05 1.666E-05 2.743E-05 3.432E-05 4.662E-05 5.300E-05 5.459E-05 6.271E-05 6.596E-05 6.802E-05 6.855E-05 6.617E-05 6.183E-05 5.898E-05 5.293E-05 4.564E-05 4.001E-05 2.830E-05 2.162E-05
  7.800E+01  9.679E-05 1.042E-04 1.097E-04 1.167E-04 1.214E-04 1.326E-04 1.371E-04 1.375E-04 1.460E-04 1.513E-04 1.526E-04 1.566E-04 1.690E-04 1.694E-04 1.755E-04 1.803E-04 1.724E-04 1.620E-04 1.120E-04 5.941E-05 1.484E-04 2.140E-04 2.248E-04 2.034E-04 1.778E-04 1.391E-04 1.288E-04 1.026E-04 5.071E-05 9.912E-05 1.051E-04 8.686E-05 7.184E-05 6.605E-05 6.091E-05 5.800E-05 5.251E-05 4.843E-05 4.243E-05 3.644E-05 3.232E-05 2.101E-05 1.654E-05 1.540E-05 2.556E-05 3.207E-05 4.371E-05 4.978E-05 5.129E-05 5.905E-05 6.215E-05 6.414E-05 6.465E-05 6.243E-05 5.838E-05 5.573E-05 5.008E-05 4.326E-05 3.795E-05 2.694E-05 2.067E-05
  8.000E+01  8.894E-05 9.247E-05 9.615E-05 1.045E-04 1.131E-04 1.200E-04 1.230E-04 1.298E-04 1.339E-04 1.389E-04 1.405E-04 1.420E-04 1.540E-04 1.531E-04 1.619E-04 1.656E-04 1.583E-04 1.490E-04 1.030E-04 5.502E-05 1.374E-04 1.978E-04 2.078E-04 1.877E-04 1.638E-04 1.278E-04 1.183E-04 9.406E-05 4.636E-05 9.096E-05 9.639E-05 7.966E-05 6.588E-05 6.058E-05 5.588E-05 5.322E-05 4.819E-05 4.445E-05 3.896E-05 3.348E-05 2.970E-05 1.934E-05 1.527E-05 1.427E-05 2.390E-05 3.006E-05 4.111E-05 4.689E-05 4.833E-05 5.574E-05 5.871E-05 6.061E-05 6.112E-05 5.903E-05 5.523E-05 5.276E-05 4.748E-05 4.107E-05 3.607E-05 2.569E-05 1.979E-05
  8.200E+01  7.965E-05 8.059E-05 9.234E-05 8.936E-05 9.805E-05 1.052E-04 1.103E-04 1.189E-04 1.202E-04 1.252E-04 1.310E-04 1.302E-04 1.379E-04 1.427E-04 1.515E-04 1.524E-04 1.471E-04 1.377E-04 9.518E-05 5.113E-05 1.274E-04 1.834E-04 1.926E-04 1.736E-04 1.514E-04 1.178E-04 1.090E-04 8.656E-05 4.251E-05 8.370E-05 8.871E-05 7.328E-05 6.060E-05 5.573E-05 5.142E-05 4.898E-05 4.437E-05 4.093E-05 3.589E-05 3.085E-05 2.738E-05 1.787E-05 1.414E-05 1.328E-05 2.241E-05 2.826E-05 3.877E-05 4.429E-05 4.566E-05 5.276E-05 5.560E-05 5.742E-05 5.791E-05 5.594E-05 5.237E-05 5.006E-05 4.511E-05 3.907E-05 3.435E-05 2.454E-05 1.898E-05
  8.400E+01  7.205E-05 7.064E-05 8.083E-05 8.197E-05 9.214E-05 9.393E-05 9.924E-05 1.082E-04 1.128E-04 1.173E-04 1.179E-04 1.213E-04 1.273E-04 1.334E-04 1.394E-04 1.411E-04 1.369E-04 1.279E-04 8.848E-05 4.768E-05 1.186E-04 1.704E-04 1.791E-04 1.613E-04 1.405E-04 1.090E-04 1.008E-04 7.994E-05 3.911E-05 7.725E-05 8.188E-05 6.762E-05 5.592E-05 5.144E-05 4.746E-05 4.522E-05 4.097E-05 3.781E-05 3.316E-05 2.852E-05 2.532E-05 1.656E-05 1.315E-05 1.239E-05 2.109E-05 2.666E-05 3.668E-05 4.195E-05 4.327E-05 5.007E-05 5.279E-05 5.454E-05 5.501E-05 5.314E-05 4.978E-05 4.760E-05 4.295E-05 3.725E-05 3.278E-05 2.350E-05 1.825E-05
  8.600E+01  5.835E-05 6.948E-05 7.016E-05 7.815E-05 8.480E-05 9.405E-05 9.554E-05 9.781E-05 1.024E-04 1.068E-04 1.078E-04 1.104E-04 1.228E-04 1.210E-04 1.288E-04 1.323E-04 1.269E-04 1.195E-04 8.257E-05 4.461E-05 1.106E-04 1.589E-04 1.671E-04 1.504E-04 1.308E-04 1.012E-04 9.356E-05 7.409E-05 3.610E-05 7.151E-05 7.582E-05 6.260E-05 5.177E-05 4.762E-05 4.395E-05 4.189E-05 3.796E-05 3.504E-05 3.074E-05 2.646E-05 2.350E-05 1.540E-05 1.226E-05 1.161E-05 1.991E-05 2.523E-05 3.481E-05 3.986E-05 4.112E-05 4.765E-05 5.026E-05 5.193E-05 5.238E-05 5.060E-05 4.742E-05 4.538E-05 4.099E-05 3.560E-05 3.136E-05 2.256E-05 1.759E-05
  8.800E+01  5.699E-05 6.004E-05 6.329E-05 7.079E-05 7.567E-05 8.275E-05 8.787E-05 9.061E-05 9.504E-05 9.930E-05 1.020E-04 1.025E-04 1.115E-04 1.122E-04 1.211E-04 1.239E-04 1.188E-04 1.119E-04 7.726E-05 4.189E-05 1.034E-04 1.485E-04 1.562E-04 1.408E-04 1.223E-04 9.432E-05 8.712E-05 6.891E-05 3.344E-05 6.638E-05 7.042E-05 5.814E-05 4.809E-05 4.424E-05 4.084E-05 3.893E-05 3.529E-05 3.258E-05 2.860E-05 2.463E-05 2.189E-05 1.438E-05 1.148E-05 1.091E-05 1.886E-05 2.395E-05 3.314E-05 3.799E-05 3.920E-05 4.548E-05 4.798E-05 4.959E-05 5.002E-05 4.831E-05 4.530E-05 4.336E-05 3.922E-05 3.410E-05 3.006E-05 2.170E-05 1.699E-05
  9.000E+01  5.471E-05 5.275E-05 6.369E-05 6.181E-05 7.255E-05 7.421E-05 7.641E-05 8.670E-05 8.977E-05 9.381E-05 9.532E-05 9.563E-05 1.022E-04 1.076E-04 1.145E-04 1.154E-04 1.125E-04 1.050E-04 7.274E-05 3.946E-05 9.695E-05 1.393E-04 1.466E-04 1.322E-04 1.147E-04 8.820E-05 8.142E-05 6.433E-05 3.109E-05 6.182E-05 6.562E-05 5.418E-05 4.481E-05 4.124E-05 3.807E-05 3.630E-05 3.292E-05 3.040E-05 2.670E-05 2.301E-05 2.046E-05 1.347E-05 1.079E-05 1.030E-05 1.793E-05 2.282E-05 3.165E-05 3.631E-05 3.748E-05 4.353E-05 4.593E-05 4.748E-05 4.789E-05 4.625E-05 4.338E-05 4.155E-05 3.761E-05 3.274E-05 2.890E-05 2.093E-05 1.646E-05
  9.200E+01  4.978E-05 4.868E-05 5.695E-05 5.770E-05 6.627E-05 7.128E-05 7.266E-05 7.892E-05 8.378E-05 8.757E-05 8.841E-05 9.004E-05 9.826E-05 9.995E-05 1.076E-04 1.095E-04 1.060E-04 9.945E-05 6.893E-05 3.730E-05 9.114E-05 1.310E-04 1.381E-04 1.245E-04 1.080E-04 8.277E-05 7.637E-05 6.028E-05 2.899E-05 5.774E-05 6.135E-05 5.066E-05 4.191E-05 3.857E-05 3.562E-05 3.397E-05 3.081E-05 2.846E-05 2.501E-05 2.157E-05 1.919E-05 1.267E-05 1.018E-05 9.750E-06 1.710E-05 2.181E-05 3.032E-05 3.482E-05 3.595E-05 4.179E-05 4.410E-05 4.559E-05 4.598E-05 4.440E-05 4.166E-05 3.991E-05 3.617E-05 3.152E-05 2.785E-05 2.024E-05 1.598E-05
  9.400E+01  4.208E-05 4.900E-05 5.076E-05 5.706E-05 6.132E-05 6.834E-05 7.292E-05 7.340E-05 7.720E-05 8.098E-05 8.324E-05 8.495E-05 9.454E-05 9.380E-05 1.012E-04 1.046E-04 1.007E-04 9.466E-05 6.555E-05 3.537E-05 8.591E-05 1.236E-04 1.305E-04 1.177E-04 1.020E-04 7.797E-05 7.190E-05 5.670E-05 2.714E-05 5.410E-05 5.755E-05 4.753E-05 3.933E-05 3.620E-05 3.344E-05 3.190E-05 2.895E-05 2.675E-05 2.352E-05 2.029E-05 1.807E-05 1.196E-05 9.633E-06 9.267E-06 1.636E-05 2.091E-05 2.914E-05 3.349E-05 3.458E-05 4.024E-05 4.247E-05 4.390E-05 4.428E-05 4.273E-05 4.012E-05 3.845E-05 3.488E-05 3.043E-05 2.691E-05 1.962E-05 1.556E-05
  9.600E+01  4.357E-05 4.349E-05 5.021E-05 5.192E-05 5.985E-05 6.154E-05 6.359E-05 7.052E-05 7.518E-05 7.856E-05 7.940E-05 8.188E-05 8.713E-05 9.210E-05 9.780E-05 9.864E-05 9.711E-05 8.985E-05 6.253E-05 3.365E-05 8.120E-05 1.170E-04 1.238E-04 1.116E-04 9.669E-05 7.371E-05 6.794E-05 5.354E-05 2.549E-05 5.084E-05 5.416E-05 4.475E-05 3.704E-05 3.410E-05 3.151E-05 3.006E-05 2.729E-05 2.523E-05 2.220E-05 1.917E-05 1.707E-05 1.133E-05 9.154E-06 8.841E-06 1.572E-05 2.012E-05 2.809E-05 3.231E-05 3.337E-05 3.885E-05 4.101E-05 4.239E-05 4.275E-05 4.125E-05 3.874E-05 3.714E-05 3.372E-05 2.945E-05 2.607E-05 1.908E-05 1.519E-05
  9.800E+01  4.237E-05 4.144E-05 5.001E-05 4.731E-05 5.385E-05 5.884E-05 5.925E-05 6.924E-05 6.854E-05 7.204E-05 7.754E-05 7.803E-05 8.255E-05 8.854E-05 9.562E-05 9.408E-05 9.333E-05 8.610E-05 6.005E-05 3.210E-05 7.695E-05 1.110E-04 1.178E-04 1.063E-04 9.203E-05 6.995E-05 6.445E-05 5.074E-05 2.403E-05 4.794E-05 5.115E-05 4.229E-05 3.501E-05 3.224E-05 2.980E-05 2.843E-05 2.583E-05 2.388E-05 2.102E-05 1.817E-05 1.620E-05 1.078E-05 8.732E-06 8.464E-06 1.514E-05 1.942E-05 2.717E-05 3.127E-05 3.229E-05 3.763E-05 3.971E-05 4.105E-05 4.139E-05 3.992E-05 3.751E-05 3.598E-05 3.269E-05 2.859E-05 2.533E-05 1.860E-05 1.488E-05
  1.000E+02  4.191E-05 4.150E-05 4.631E-05 4.620E-05 5.277E-05 5.719E-05 6.041E-05 6.575E-05 6.685E-05 7.030E-05 7.456E-05 7.502E-05 8.109E-05 8.335E-05 9.032E-05 9.208E-05 8.939E-05 8.360E-05 5.810E-05 3.072E-05 7.312E-05 1.058E-04 1.124E-04 1.017E-04 8.802E-05 6.664E-05 6.136E-05 4.828E-05 2.272E-05 4.534E-05 4.847E-05 4.010E-05 3.321E-05 3.059E-05 2.828E-05 2.699E-05 2.453E-05 2.269E-05 1.999E-05 1.729E-05 1.542E-05 1.029E-05 8.360E-06 8.133E-06 1.463E-05 1.880E-05 2.635E-05 3.034E-05 3.134E-05 3.654E-05 3.857E-05 3.986E-05 4.019E-05 3.875E-05 3.642E-05 3.495E-05 3.179E-05 2.783E-05 2.467E-05 1.819E-05 1.460E-05
  1.020E+02  4.080E-05 4.133E-05 4.412E-05 4.741E-05 5.133E-05 5.635E-05 5.984E-05 6.156E-05 6.683E-05 7.014E-05 7.036E-05 7.329E-05 8.019E-05 8.061E-05 8.610E-05 9.003E-05 8.663E-05 8.133E-05 5.648E-05 2.948E-05 6.967E-05 1.011E-04 1.076E-04 9.779E-05 8.454E-05 6.373E-05 5.864E-05 4.613E-05 2.157E-05 4.302E-05 4.609E-05 3.816E-05 3.162E-05 2.913E-05 2.694E-05 2.572E-05 2.338E-05 2.164E-05 1.908E-05 1.651E-05 1.474E-05 9.865E-06 8.033E-06 7.841E-06 1.419E-05 1.825E-05 2.562E-05 2.953E-05 3.050E-05 3.558E-05 3.755E-05 3.881E-05 3.913E-05 3.772E-05 3.546E-05 3.404E-05 3.099E-05 2.716E-05 2.411E-05 1.783E-05 1.437E-05
  1.040E+02  4.166E-05 3.931E-05 4.493E-05 4.376E-05 4.903E-05 5.640E-05 5.625E-05 6.031E-05 6.153E-05 6.489E-05 6.879E-05 7.349E-05 7.868E-05 8.093E-05 8.558E-05 8.694E-05 8.547E-05 7.893E-05 5.508E-05 2.837E-05 6.657E-05 9.697E-05 1.035E-04 9.428E-05 8.146E-05 6.119E-05 5.627E-05 4.424E-05 2.054E-05 4.095E-05 4.399E-05 3.645E-05 3.021E-05 2.784E-05 2.576E-05 2.460E-05 2.237E-05 2.071E-05 1.827E-05 1.583E-05 1.414E-05 9.489E-06 7.746E-06 7.585E-06 1.380E-05 1.777E-05 2.499E-05 2.881E-05 2.977E-05 3.474E-05 3.667E-05 3.789E-05 3.820E-05 3.681E-05 3.462E-05 3.324E-05 3.029E-05 2.658E-05 2.361E-05 1.753E-05 1.418E-05
  1.060E+02  4.089E-05 3.995E-05 4.741E-05 4.382E-05 4.752E-05 5.535E-05 5.580E-05 6.157E-05 6.061E-05 6.385E-05 6.784E-05 7.194E-05 7.642E-05 8.087E-05 8.538E-05 8.491E-05 8.437E-05 7.724E-05 5.402E-05 2.738E-05 6.378E-05 9.333E-05 9.993E-05 9.119E-05 7.879E-05 5.897E-05 5.420E-05 4.259E-05 1.963E-05 3.910E-05 4.212E-05 3.494E-05 2.897E-05 2.671E-05 2.472E-05 2.361E-05 2.148E-05 1.990E-05 1.757E-05 1.523E-05 1.361E-05 9.160E-06 7.494E-06 7.360E-06 1.345E-05 1.735E-05 2.444E-05 2.819E-05 2.913E-05 3.401E-05 3.589E-05 3.708E-05 3.738E-05 3.601E-05 3.389E-05 3.255E-05 2.969E-05 2.608E-05 2.319E-05 1.728E-05 1.403E-05
  1.080E+02  4.117E-05 4.105E-05 4.213E-05 4.514E-05 4.992E-05 5.458E-05 5.679E-05 6.047E-05 6.391E-05 6.693E-05 6.812E-05 7.013E-05 7.532E-05 7.756E-05 8.361E-05 8.486E-05 8.252E-05 7.659E-05 5.339E-05 2.648E-05 6.128E-05 9.017E-05 9.689E-05 8.861E-05 7.656E-05 5.706E-05 5.242E-05 4.117E-05 1.882E-05 3.745E-05 4.047E-05 3.361E-05 2.788E-05 2.571E-05 2.380E-05 2.274E-05 2.071E-05 1.918E-05 1.695E-05 1.471E-05 1.315E-05 8.872E-06 7.275E-06 7.164E-06 1.315E-05 1.699E-05 2.396E-05 2.765E-05 2.857E-05 3.338E-05 3.522E-05 3.639E-05 3.668E-05 3.533E-05 3.326E-05 3.196E-05 2.918E-05 2.566E-05 2.284E-05 1.707E-05 1.392E-05
  1.100E+02  4.008E-05 4.400E-05 4.240E-05 4.988E-05 5.117E-05 5.768E-05 5.950E-05 5.905E-05 6.379E-05 6.673E-05 6.788E-05 6.951E-05 7.825E-05 7.661E-05 8.154E-05 8.546E-05 8.162E-05 7.643E-05 5.308E-05 2.568E-05 5.903E-05 8.744E-05 9.431E-05 8.648E-05 7.471E-05 5.543E-05 5.089E-05 3.995E-05 1.811E-05 3.598E-05 3.903E-05 3.245E-05 2.693E-05 2.484E-05 2.300E-05 2.198E-05 2.002E-05 1.856E-05 1.641E-05 1.425E-05 1.275E-05 8.622E-06 7.084E-06 6.994E-06 1.289E-05 1.667E-05 2.354E-05 2.718E-05 2.809E-05 3.283E-05 3.465E-05 3.579E-05 3.607E-05 3.474E-05 3.272E-05 3.145E-05 2.874E-05 2.530E-05 2.255E-05 1.691E-05 1.383E-05
  1.120E+02  4.216E-05 4.859E-05 4.363E-05 4.853E-05 5.230E-05 6.071E-05 6.141E-05 5.889E-05 6.281E-05 6.572E-05 6.687E-05 7.030E-05 7.989E-05 7.778E-05 8.229E-05 8.479E-05 8.215E-05 7.611E-05 5.301E-05 2.496E-05 5.703E-05 8.511E-05 9.215E-05 8.477E-05 7.321E-05 5.406E-05 4.960E-05 3.892E-05 1.748E-05 3.468E-05 3.776E-05 3.144E-05 2.610E-05 2.408E-05 2.231E-05 2.132E-05 1.943E-05 1.802E-05 1.594E-05 1.385E-05 1.241E-05 8.406E-06 6.919E-06 6.846E-06 1.267E-05 1.640E-05 2.318E-05 2.678E-05 2.768E-05 3.237E-05 3.415E-05 3.528E-05 3.556E-05 3.424E-05 3.226E-05 3.103E-05 2.838E-05 2.501E-05 2.231E-05 1.679E-05 1.378E-05
  1.140E+02  4.688E-05 4.744E-05 4.686E-05 5.134E-05 5.510E-05 5.806E-05 5.822E-05 6.207E-05 6.604E-05 6.875E-05 6.791E-05 7.222E-05 7.745E-05 7.972E-05 8.416E-05 8.487E-05 8.316E-05 7.612E-05 5.315E-05 2.432E-05 5.525E-05 8.316E-05 9.043E-05 8.349E-05 7.205E-05 5.294E-05 4.854E-05 3.806E-05 1.692E-05 3.353E-05 3.666E-05 3.057E-05 2.539E-05 2.343E-05 2.171E-05 2.075E-05 1.892E-05 1.755E-05 1.553E-05 1.351E-05 1.211E-05 8.220E-06 6.776E-06 6.718E-06 1.247E-05 1.616E-05 2.288E-05 2.644E-05 2.733E-05 3.197E-05 3.374E-05 3.485E-05 3.512E-05 3.382E-05 3.189E-05 3.068E-05 2.809E-05 2.478E-05 2.213E-05 1.670E-05 1.376E-05
  1.160E+02  4.809E-05 5.057E-05 4.898E-05 5.363E-05 5.580E-05 5.943E-05 6.276E-05 6.610E-05 6.706E-05 6.986E-05 7.210E-05 7.164E-05 7.833E-05 8.009E-05 8.559E-05 8.685E-05 8.375E-05 7.709E-05 5.353E-05 2.374E-05 5.368E-05 8.160E-05 8.913E-05 8.261E-05 7.124E-05 5.204E-05 4.769E-05 3.736E-05 1.643E-05 3.252E-05 3.572E-05 2.982E-05 2.478E-05 2.287E-05 2.120E-05 2.027E-05 1.848E-05 1.715E-05 1.519E-05 1.322E-05 1.185E-05 8.061E-06 6.654E-06 6.609E-06 1.231E-05 1.596E-05 2.262E-05 2.616E-05 2.704E-05 3.165E-05 3.340E-05 3.450E-05 3.477E-05 3.348E-05 3.158E-05 3.039E-05 2.785E-05 2.461E-05 2.199E-05 1.665E-05 1.376E-05
  1.180E+02  4.511E-05 4.842E-05 5.267E-05 5.487E-05 6.131E-05 5.858E-05 6.370E-05 6.750E-05 7.001E-05 7.268E-05 7.569E-05 7.137E-05 8.029E-05 8.179E-05 8.749E-05 8.866E-05 8.495E-05 7.857E-05 5.432E-05 2.322E-05 5.230E-05 8.039E-05 8.827E-05 8.207E-05 7.074E-05 5.136E-05 4.704E-05 3.681E-05 1.600E-05 3.163E-05 3.491E-05 2.919E-05 2.426E-05 2.239E-05 2.076E-05 1.985E-05 1.811E-05 1.681E-05 1.490E-05 1.297E-05 1.163E-05 7.926E-06 6.550E-06 6.516E-06 1.217E-05 1.579E-05 2.240E-05 2.592E-05 2.680E-05 3.138E-05 3.312E-05 3.421E-05 3.448E-05 3.320E-05 3.133E-05 3.017E-05 2.768E-05 2.448E-05 2.190E-05 1.663E-05 1.378E-05
  1.200E+02  4.638E-05 4.740E-05 5.277E-05 5.491E-05 6.144E-05 6.239E-05 6.292E-05 6.822E-05 7.155E-05 7.431E-05 7.612E-05 7.731E-05 8.333E-05 8.445E-05 8.989E-05 9.112E-05 8.714E-05 8.038E-05 5.545E-05 2.275E-05 5.110E-05 7.954E-05 8.782E-05 8.190E-05 7.056E-05 5.090E-05 4.657E-05 3.641E-05 1.562E-05 3.085E-05 3.424E-05 2.867E-05 2.382E-05 2.200E-05 2.040E-05 1.951E-05 1.780E-05 1.653E-05 1.465E-05 1.277E-05 1.145E-05 7.812E-06 6.463E-06 6.437E-06 1.205E-05 1.565E-05 2.223E-05 2.573E-05 2.660E-05 3.117E-05 3.290E-05 3.398E-05 3.425E-05 3.299E-05 3.115E-05 3.001E-05 2.755E-05 2.440E-05 2.185E-05 1.664E-05 1.382E-05
  1.220E+02  4.129E-05 4.622E-05 5.340E-05 5.510E-05 6.124E-05 6.220E-05 6.890E-05 7.263E-05 7.360E-05 7.647E-05 7.898E-05 8.120E-05 8.564E-05 8.987E-05 9.343E-05 9.398E-05 9.039E-05 8.248E-05 5.667E-05 2.233E-05 5.007E-05 7.903E-05 8.779E-05 8.215E-05 7.070E-05 5.065E-05 4.629E-05 3.613E-05 1.529E-05 3.017E-05 3.369E-05 2.824E-05 2.347E-05 2.167E-05 2.010E-05 1.922E-05 1.755E-05 1.629E-05 1.445E-05 1.260E-05 1.130E-05 7.718E-06 6.390E-06 6.371E-06 1.195E-05 1.554E-05 2.209E-05 2.558E-05 2.645E-05 3.101E-05 3.273E-05 3.381E-05 3.408E-05 3.283E-05 3.102E-05 2.989E-05 2.748E-05 2.435E-05 2.183E-05 1.667E-05 1.389E-05
  1.240E+02  3.760E-05 4.822E-05 5.491E-05 5.694E-05 5.893E-05 6.760E-05 7.066E-05 7.627E-05 7.467E-05 7.789E-05 8.568E-05 8.524E-05 9.084E-05 9.457E-05 9.840E-05 9.695E-05 9.428E-05 8.498E-05 5.796E-05 2.196E-05 4.920E-05 7.886E-05 8.818E-05 8.281E-05 7.115E-05 5.058E-05 4.618E-05 3.598E-05 1.501E-05 2.960E-05 3.324E-05 2.791E-05 2.319E-05 2.141E-05 1.986E-05 1.900E-05 1.734E-05 1.611E-05 1.429E-05 1.246E-05 1.118E-05 7.642E-06 6.330E-06 6.316E-06 1.187E-05 1.544E-05 2.197E-05 2.546E-05 2.633E-05 3.089E-05 3.261E-05 3.369E-05 3.396E-05 3.272E-05 3.093E-05 2.983E-05 2.744E-05 2.435E-05 2.184E-05 1.673E-05 1.397E-05
  1.260E+02  3.744E-05 4.518E-05 5.428E-05 5.906E-05 6.382E-05 7.145E-05 7.358E-05 7.972E-05 8.065E-05 8.385E-05 8.844E-05 9.377E-05 9.581E-05 1.005E-04 1.047E-04 1.018E-04 9.861E-05 8.817E-05 5.952E-05 2.163E-05 4.849E-05 7.905E-05 8.905E-05 8.385E-05 7.191E-05 5.071E-05 4.624E-05 3.594E-05 1.477E-05 2.911E-05 3.291E-05 2.766E-05 2.298E-05 2.121E-05 1.967E-05 1.882E-05 1.719E-05 1.596E-05 1.416E-05 1.235E-05 1.109E-05 7.582E-06 6.282E-06 6.271E-06 1.181E-05 1.537E-05 2.189E-05 2.538E-05 2.625E-05 3.081E-05 3.253E-05 3.361E-05 3.388E-05 3.266E-05 3.089E-05 2.980E-05 2.744E-05 2.438E-05 2.189E-05 1.680E-05 1.406E-05
  1.280E+02  3.905E-05 4.496E-05 5.888E-05 6.419E-05 6.745E-05 7.400E-05 8.100E-05 8.679E-05 8.699E-05 9.035E-05 9.529E-05 1.009E-04 1.012E-04 1.085E-04 1.114E-04 1.075E-04 1.042E-04 9.207E-05 6.130E-05 2.133E-05 4.791E-05 7.962E-05 9.039E-05 8.531E-05 7.302E-05 5.102E-05 4.647E-05 3.602E-05 1.457E-05 2.870E-05 3.267E-05 2.749E-05 2.282E-05 2.107E-05 1.954E-05 1.869E-05 1.707E-05 1.585E-05 1.407E-05 1.227E-05 1.102E-05 7.535E-06 6.243E-06 6.236E-06 1.176E-05 1.532E-05 2.183E-05 2.532E-05 2.619E-05 3.076E-05 3.249E-05 3.358E-05 3.385E-05 3.263E-05 3.089E-05 2.981E-05 2.748E-05 2.444E-05 2.196E-05 1.689E-05 1.417E-05
  1.300E+02  3.424E-05 5.407E-05 5.705E-05 7.029E-05 7.513E-05 8.766E-05 9.149E-05 9.492E-05 9.617E-05 9.948E-05 1.066E-04 1.079E-04 1.137E-04 1.156E-04 1.193E-04 1.145E-04 1.096E-04 9.681E-05 6.307E-05 2.107E-05 4.748E-05 8.056E-05 9.220E-05 8.727E-05 7.450E-05 5.153E-05 4.684E-05 3.620E-05 1.440E-05 2.836E-05 3.253E-05 2.739E-05 2.273E-05 2.098E-05 1.945E-05 1.861E-05 1.699E-05 1.578E-05 1.400E-05 1.222E-05 1.097E-05 7.501E-06 6.215E-06 6.208E-06 1.172E-05 1.527E-05 2.179E-05 2.529E-05 2.616E-05 3.075E-05 3.248E-05 3.358E-05 3.385E-05 3.265E-05 3.092E-05 2.985E-05 2.754E-05 2.452E-05 2.205E-05 1.700E-05 1.429E-05
  1.320E+02  3.721E-05 5.469E-05 7.043E-05 8.003E-05 8.566E-05 9.581E-05 1.015E-04 1.079E-04 1.075E-04 1.109E-04 1.194E-04 1.197E-04 1.254E-04 1.264E-04 1.293E-04 1.232E-04 1.165E-04 1.020E-04 6.469E-05 2.083E-05 4.717E-05 8.188E-05 9.449E-05 8.976E-05 7.637E-05 5.222E-05 4.737E-05 3.649E-05 1.426E-05 2.810E-05 3.248E-05 2.737E-05 2.269E-05 2.094E-05 1.941E-05 1.857E-05 1.695E-05 1.574E-05 1.397E-05 1.218E-05 1.094E-05 7.479E-06 6.194E-06 6.188E-06 1.169E-05 1.525E-05 2.177E-05 2.528E-05 2.616E-05 3.076E-05 3.251E-05 3.361E-05 3.389E-05 3.270E-05 3.098E-05 2.993E-05 2.763E-05 2.463E-05 2.217E-05 1.713E-05 1.442E-05
  1.340E+02  4.478E-05 7.156E-05 7.803E-05 1.034E-04 9.953E-05 1.139E-04 1.231E-04 1.213E-04 1.259E-04 1.285E-04 1.318E-04 1.361E-04 1.407E-04 1.390E-04 1.389E-04 1.333E-04 1.241E-04 1.076E-04 6.627E-05 2.062E-05 4.699E-05 8.362E-05 9.731E-05 9.277E-05 7.860E-05 5.309E-05 4.805E-05 3.686E-05 1.415E-05 2.790E-05 3.251E-05 2.741E-05 2.271E-05 2.095E-05 1.941E-05 1.856E-05 1.695E-05 1.574E-05 1.396E-05 1.217E-05 1.093E-05 7.466E-06 6.180E-06 6.174E-06 1.167E-05 1.523E-05 2.177E-05 2.529E-05 2.617E-05 3.080E-05 3.256E-05 3.367E-05 3.395E-05 3.277E-05 3.107E-05 3.002E-05 2.775E-05 2.475E-05 2.230E-05 1.726E-05 1.455E-05
  1.360E+02  6.069E-05 8.784E-05 1.075E-04 1.132E-04 1.230E-04 1.362E-04 1.420E-04 1.485E-04 1.410E-04 1.433E-04 1.509E-04 1.554E-04 1.569E-04 1.583E-04 1.541E-04 1.423E-04 1.329E-04 1.131E-04 6.738E-05 2.044E-05 4.693E-05 8.577E-05 1.007E-04 9.625E-05 8.115E-05 5.411E-05 4.886E-05 3.732E-05 1.407E-05 2.777E-05 3.262E-05 2.751E-05 2.277E-05 2.099E-05 1.945E-05 1.860E-05 1.697E-05 1.575E-05 1.397E-05 1.218E-05 1.093E-05 7.463E-06 6.173E-06 6.165E-06 1.166E-05 1.523E-05 2.179E-05 2.532E-05 2.621E-05 3.086E-05 3.263E-05 3.375E-05 3.404E-05 3.287E-05 3.118E-05 3.014E-05 2.789E-05 2.490E-05 2.244E-05 1.740E-05 1.470E-05
  1.380E+02  8.103E-05 1.118E-04 1.447E-04 1.520E-04 1.558E-04 1.601E-04 1.672E-04 1.757E-04 1.680E-04 1.685E-04 1.758E-04 1.760E-04 1.730E-04 1.759E-04 1.698E-04 1.527E-04 1.416E-04 1.184E-04 6.813E-05 2.028E-05 4.697E-05 8.838E-05 1.047E-04 1.002E-04 8.403E-05 5.530E-05 4.982E-05 3.785E-05 1.401E-05 2.768E-05 3.281E-05 2.768E-05 2.287E-05 2.108E-05 1.952E-05 1.866E-05 1.702E-05 1.580E-05 1.400E-05 1.221E-05 1.095E-05 7.467E-06 6.172E-06 6.161E-06 1.166E-05 1.523E-05 2.181E-05 2.536E-05 2.625E-05 3.094E-05 3.273E-05 3.386E-05 3.416E-05 3.300E-05 3.131E-05 3.028E-05 2.804E-05 2.506E-05 2.260E-05 1.756E-05 1.485E-05
  1.400E+02  1.219E-04 1.709E-04 1.819E-04 1.932E-04 1.899E-04 2.009E-04 2.015E-04 2.029E-04 1.941E-04 1.932E-04 2.021E-04 1.987E-04 1.953E-04 1.921E-04 1.819E-04 1.633E-04 1.487E-04 1.239E-04 6.884E-05 2.014E-05 4.710E-05 9.145E-05 1.094E-04 1.048E-04 8.729E-05 5.663E-05 5.089E-05 3.845E-05 1.398E-05 2.765E-05 3.306E-05 2.789E-05 2.301E-05 2.120E-05 1.962E-05 1.875E-05 1.710E-05 1.587E-05 1.406E-05 1.225E-05 1.098E-05 7.479E-06 6.175E-06 6.160E-06 1.167E-05 1.525E-05 2.185E-05 2.542E-05 2.632E-05 3.104E-05 3.284E-05 3.398E-05 3.429E-05 3.314E-05 3.146E-05 3.044E-05 2.820E-05 2.523E-05 2.277E-05 1.771E-05 1.500E-05
  1.420E+02  1.833E-04 2.251E-04 2.338E-04 2.302E-04 2.247E-04 2.326E-04 2.326E-04 2.270E-04 2.158E-04 2.145E-04 2.187E-04 2.172E-04 2.155E-04 2.067E-04 1.930E-04 1.759E-04 1.549E-04 1.299E-04 6.926E-05 2.001E-05 4.730E-05 9.500E-05 1.148E-04 1.099E-04 9.090E-05 5.811E-05 5.207E-05 3.912E-05 1.397E-05 2.766E-05 3.339E-05 2.816E-05 2.320E-05 2.136E-05 1.976E-05 1.888E-05 1.720E-05 1.596E-05 1.413E-05 1.230E-05 1.103E-05 7.497E-06 6.183E-06 6.164E-06 1.168E-05 1.527E-05 2.189E-05 2.549E-05 2.639E-05 3.114E-05 3.296E-05 3.412E-05 3.443E-05 3.329E-05 3.163E-05 3.061E-05 2.838E-05 2.541E-05 2.295E-05 1.788E-05 1.515E-05
  1.440E+02  2.574E-04 2.652E-04 2.668E-04 2.558E-04 2.570E-04 2.440E-04 2.481E-04 2.455E-04 2.345E-04 2.330E-04 2.300E-04 2.267E-04 2.258E-04 2.190E-04 2.032E-04 1.854E-04 1.611E-04 1.339E-04 6.923E-05 1.990E-05 4.755E-05 9.903E-05 1.208E-04 1.154E-04 9.476E-05 5.971E-05 5.334E-05 3.984E-05 1.397E-05 2.771E-05 3.376E-05 2.847E-05 2.342E-05 2.154E-05 1.992E-05 1.902E-05 1.733E-05 1.606E-05 1.422E-05 1.237E-05 1.108E-05 7.520E-06 6.194E-06 6.170E-06 1.169E-05 1.529E-05 2.195E-05 2.556E-05 2.647E-05 3.126E-05 3.310E-05 3.427E-05 3.459E-05 3.346E-05 3.180E-05 3.079E-05 2.857E-05 2.560E-05 2.313E-05 1.804E-05 1.531E-05
  1.460E+02  2.982E-04 2.716E-04 2.463E-04 2.554E-04 2.521E-04 2.503E-04 2.441E-04 2.407E-04 2.411E-04 2.405E-04 2.390E-04 2.349E-04 2.358E-04 2.271E-04 2.059E-04 1.887E-04 1.646E-04 1.361E-04 6.907E-05 1.981E-05 4.780E-05 1.035E-04 1.274E-04 1.214E-04 9.878E-05 6.140E-05 5.470E-05 4.060E-05 1.399E-05 2.780E-05 3.420E-05 2.883E-05 2.367E-05 2.176E-05 2.010E-05 1.920E-05 1.747E-05 1.619E-05 1.432E-05 1.245E-05 1.115E-05 7.548E-06 6.208E-06 6.179E-06 1.171E-05 1.532E-05 2.201E-05 2.565E-05 2.656E-05 3.139E-05 3.324E-05 3.444E-05 3.476E-05 3.364E-05 3.198E-05 3.098E-05 2.876E-05 2.579E-05 2.331E-05 1.820E-05 1.546E-05
  1.480E+02  2.899E-04 2.584E-04 2.428E-04 2.396E-04 2.386E-04 2.504E-04 2.446E-04 2.440E-04 2.323E-04 2.340E-04 2.402E-04 2.328E-04 2.400E-04 2.253E-04 2.115E-04 1.926E-04 1.668E-04 1.381E-04 6.888E-05 1.973E-05 4.801E-05 1.085E-04 1.347E-04 1.276E-04 1.029E-04 6.316E-05 5.614E-05 4.140E-05 1.403E-05 2.790E-05 3.467E-05 2.922E-05 2.394E-05 2.200E-05 2.031E-05 1.939E-05 1.764E-05 1.633E-05 1.443E-05 1.254E-05 1.122E-05 7.580E-06 6.225E-06 6.190E-06 1.173E-05 1.536E-05 2.207E-05 2.573E-05 2.665E-05 3.152E-05 3.340E-05 3.460E-05 3.493E-05 3.382E-05 3.217E-05 3.117E-05 2.896E-05 2.598E-05 2.350E-05 1.837E-05 1.561E-05
  1.500E+02  2.632E-04 2.163E-04 2.253E-04 2.180E-04 2.301E-04 2.201E-04 2.248E-04 2.437E-04 2.296E-04 2.323E-04 2.378E-04 2.243E-04 2.279E-04 2.268E-04 2.157E-04 1.944E-04 1.688E-04 1.392E-04 6.887E-05 1.965E-05 4.812E-05 1.137E-04 1.425E-04 1.339E-04 1.071E-04 6.498E-05 5.762E-05 4.224E-05 1.409E-05 2.803E-05 3.518E-05 2.964E-05 2.425E-05 2.226E-05 2.054E-05 1.960E-05 1.781E-05 1.649E-05 1.456E-05 1.263E-05 1.130E-05 7.615E-06 6.244E-06 6.203E-06 1.176E-05 1.539E-05 2.214E-05 2.583E-05 2.675E-05 3.166E-05 3.356E-05 3.478E-05 3.511E-05 3.401E-05 3.236E-05 3.137E-05 2.916E-05 2.618E-05 2.368E-05 1.853E-05 1.576E-05
  1.520E+02  2.262E-04 2.054E-04 2.157E-04 1.981E-04 2.132E-04 2.158E-04 2.076E-04 2.337E-04 2.172E-04 2.212E-04 2.305E-04 2.211E-04 2.270E-04 2.294E-04 2.163E-04 1.928E-04 1.711E-04 1.399E-04 6.929E-05 1.959E-05 4.804E-05 1.192E-04 1.507E-04 1.403E-04 1.113E-04 6.683E-05 5.912E-05 4.312E-05 1.415E-05 2.816E-05 3.570E-05 3.009E-05 2.457E-05 2.254E-05 2.079E-05 1.982E-05 1.801E-05 1.666E-05 1.469E-05 1.274E-05 1.138E-05 7.653E-06 6.264E-06 6.217E-06 1.178E-05 1.543E-05 2.221E-05 2.592E-05 2.685E-05 3.180E-05 3.372E-05 3.495E-05 3.530E-05 3.421E-05 3.256E-05 3.156E-05 2.936E-05 2.637E-05 2.387E-05 1.869E-05 1.591E-05
  1.540E+02  2.052E-04 2.017E-04 1.922E-04 1.937E-04 2.041E-04 2.139E-04 2.110E-04 2.099E-04 2.166E-04 2.205E-04 2.222E-04 2.196E-04 2.274E-04 2.246E-04 2.091E-04 1.960E-04 1.734E-04 1.422E-04 7.032E-05 1.953E-05 4.771E-05 1.246E-04 1.588E-04 1.468E-04 1.155E-04 6.869E-05 6.062E-05 4.403E-05 1.422E-05 2.830E-05 3.623E-05 3.054E-05 2.491E-05 2.284E-05 2.104E-05 2.006E-05 1.821E-05 1.683E-05 1.484E-05 1.285E-05 1.147E-05 7.692E-06 6.286E-06 6.232E-06 1.181E-05 1.547E-05 2.228E-05 2.601E-05 2.695E-05 3.194E-05 3.388E-05 3.513E-05 3.548E-05 3.440E-05 3.275E-05 3.176E-05 2.955E-05 2.656E-05 2.405E-05 1.885E-05 1.605E-05
  1.560E+02  1.928E-04 1.912E-04 1.809E-04 1.985E-04 2.099E-04 2.035E-04 2.095E-04 2.073E-04 2.153E-04 2.197E-04 2.208E-04 2.153E-04 2.243E-04 2.211E-04 2.100E-04 2.005E-04 1.743E-04 1.453E-04 7.197E-05 1.948E-05 4.703E-05 1.295E-04 1.665E-04 1.533E-04 1.196E-04 7.051E-05 6.209E-05 4.496E-05 1.431E-05 2.842E-05 3.674E-05 3.100E-05 2.525E-05 2.314E-05 2.131E-05 2.030E-05 1.842E-05 1.702E-05 1.498E-05 1.296E-05 1.157E-05 7.734E-06 6.308E-06 6.247E-06 1.183E-05 1.551E-05 2.235E-05 2.611E-05 2.705E-05 3.208E-05 3.403E-05 3.530E-05 3.566E-05 3.459E-05 3.294E-05 3.195E-05 2.975E-05 2.674E-05 2.422E-05 1.899E-05 1.618E-05
  1.580E+02  1.943E-04 1.872E-04 1.870E-04 1.890E-04 1.998E-04 2.116E-04 2.041E-04 2.124E-04 2.142E-04 2.192E-04 2.180E-04 2.159E-04 2.308E-04 2.208E-04 2.164E-04 2.053E-04 1.784E-04 1.495E-04 7.404E-05 1.944E-05 4.595E-05 1.335E-04 1.732E-04 1.591E-04 1.234E-04 7.221E-05 6.347E-05 4.589E-05 1.439E-05 2.852E-05 3.720E-05 3.145E-05 2.559E-05 2.344E-05 2.158E-05 2.055E-05 1.863E-05 1.721E-05 1.514E-05 1.308E-05 1.166E-05 7.776E-06 6.331E-06 6.262E-06 1.186E-05 1.555E-05 2.242E-05 2.620E-05 2.715E-05 3.222E-05 3.419E-05 3.547E-05 3.584E-05 3.477E-05 3.312E-05 3.213E-05 2.993E-05 2.692E-05 2.439E-05 1.914E-05 1.631E-05
  1.600E+02  2.002E-04 1.900E-04 1.963E-04 1.900E-04 1.935E-04 2.113E-04 2.142E-04 2.104E-04 2.145E-04 2.206E-04 2.196E-04 2.264E-04 2.377E-04 2.335E-04 2.252E-04 2.135E-04 1.876E-04 1.556E-04 7.680E-05 1.940E-05 4.448E-05 1.357E-04 1.782E-04 1.635E-04 1.266E-04 7.367E-05 6.468E-05 4.678E-05 1.449E-05 2.859E-05 3.758E-05 3.186E-05 2.593E-05 2.374E-05 2.184E-05 2.080E-05 1.884E-05 1.739E-05 1.529E-05 1.320E-05 1.176E-05 7.818E-06 6.354E-06 6.278E-06 1.189E-05 1.558E-05 2.249E-05 2.629E-05 2.725E-05 3.235E-05 3.434E-05 3.564E-05 3.601E-05 3.495E-05 3.330E-05 3.231E-05 3.011E-05 2.709E-05 2.455E-05 1.927E-05 1.643E-05
  1.620E+02  1.986E-04 1.805E-04 1.943E-04 1.999E-04 2.057E-04 2.162E-04 2.189E-04 2.317E-04 2.289E-04 2.351E-04 2.376E-04 2.419E-04 2.498E-04 2.504E-04 2.396E-04 2.262E-04 1.984E-04 1.640E-04 8.041E-05 1.938E-05 4.270E-05 1.353E-04 1.805E-04 1.659E-04 1.286E-04 7.468E-05 6.560E-05 4.757E-05 1.458E-05 2.863E-05 3.785E-05 3.222E-05 2.624E-05 2.402E-05 2.210E-05 2.104E-05 1.905E-05 1.758E-05 1.544E-05 1.332E-05 1.185E-05 7.859E-06 6.376E-06 6.293E-06 1.191E-05 1.562E-05 2.255E-05 2.638E-05 2.734E-05 3.248E-05 3.448E-05 3.579E-05 3.617E-05 3.511E-05 3.347E-05 3.248E-05 3.027E-05 2.725E-05 2.470E-05 1.939E-05 1.654E-05
  1.640E+02  2.094E-04 2.018E-04 2.210E-04 2.045E-04 2.167E-04 2.384E-04 2.386E-04 2.554E-04 2.429E-04 2.503E-04 2.615E-04 2.671E-04 2.777E-04 2.741E-04 2.661E-04 2.424E-04 2.145E-04 1.744E-04 8.481E-05 1.937E-05 4.081E-05 1.317E-04 1.785E-04 1.657E-04 1.289E-04 7.496E-05 6.601E-05 4.814E-05 1.468E-05 2.864E-05 3.800E-05 3.250E-05 2.651E-05 2.428E-05 2.233E-05 2.126E-05 1.925E-05 1.776E-05 1.559E-05 1.343E-05 1.195E-05 7.900E-06 6.398E-06 6.307E-06 1.194E-05 1.566E-05 2.261E-05 2.646E-05 2.742E-05 3.259E-05 3.461E-05 3.594E-05 3.632E-05 3.527E-05 3.362E-05 3.264E-05 3.043E-05 2.739E-05 2.483E-05 1.951E-05 1.664E-05
  1.660E+02  2.073E-04 2.037E-04 2.329E-04 2.283E-04 2.601E-04 2.608E-04 2.632E-04 2.806E-04 2.916E-04 2.992E-04 2.954E-04 2.931E-04 3.086E-04 3.052E-04 2.911E-04 2.631E-04 2.293E-04 1.854E-04 8.958E-05 1.937E-05 3.909E-05 1.250E-04 1.713E-04 1.620E-04 1.270E-04 7.421E-05 6.568E-05 4.837E-05 1.477E-05 2.865E-05 3.801E-05 3.271E-05 2.675E-05 2.451E-05 2.255E-05 2.147E-05 1.943E-05 1.792E-05 1.572E-05 1.354E-05 1.204E-05 7.938E-06 6.418E-06 6.320E-06 1.196E-05 1.569E-05 2.267E-05 2.653E-05 2.750E-05 3.270E-05 3.473E-05 3.607E-05 3.646E-05 3.541E-05 3.376E-05 3.278E-05 3.057E-05 2.753E-05 2.496E-05 1.961E-05 1.673E-05
  1.680E+02  2.311E-04 2.339E-04 2.486E-04 2.576E-04 2.930E-04 2.949E-04 3.096E-04 3.278E-04 3.373E-04 3.451E-04 3.427E-04 3.300E-04 3.433E-04 3.312E-04 3.129E-04 2.819E-04 2.382E-04 1.928E-04 9.334E-05 1.938E-05 3.789E-05 1.164E-04 1.594E-04 1.542E-04 1.222E-04 7.225E-05 6.450E-05 4.815E-05 1.486E-05 2.868E-05 3.795E-05 3.284E-05 2.695E-05 2.471E-05 2.275E-05 2.166E-05 1.961E-05 1.808E-05 1.585E-05 1.364E-05 1.212E-05 7.974E-06 6.437E-06 6.332E-06 1.198E-05 1.572E-05 2.272E-05 2.659E-05 2.757E-05 3.280E-05 3.484E-05 3.619E-05 3.658E-05 3.554E-05 3.389E-05 3.290E-05 3.069E-05 2.764E-05 2.507E-05 1.970E-05 1.681E-05
  1.700E+02  2.506E-04 2.678E-04 2.866E-04 2.996E-04 3.260E-04 3.443E-04 3.494E-04 3.583E-04 3.664E-04 3.723E-04 3.727E-04 3.532E-04 3.733E-04 3.448E-04 3.166E-04 2.841E-04 2.347E-04 1.893E-04 9.368E-05 1.941E-05 3.747E-05 1.085E-04 1.460E-04 1.432E-04 1.149E-04 6.941E-05 6.267E-05 4.750E-05 1.495E-05 2.875E-05 3.790E-05 3.295E-05 2.713E-05 2.489E-05 2.292E-05 2.183E-05 1.976E-05 1.822E-05 1.597E-05 1.374E-05 1.220E-05 8.007E-06 6.454E-06 6.343E-06 1.199E-05 1.574E-05 2.276E-05 2.665E-05 2.763E-05 3.288E-05 3.494E-05 3.629E-05 3.669E-05 3.565E-05 3.400E-05 3.302E-05 3.080E-05 2.775E-05 2.516E-05 1.978E-05 1.688E-05
  1.720E+02  2.814E-04 3.031E-04 3.015E-04 3.365E-04 3.595E-04 3.829E-04 3.751E-04 3.670E-04 3.826E-04 3.837E-04 3.641E-04 3.486E-04 3.733E-04 3.269E-04 2.922E-04 2.594E-04 2.088E-04 1.706E-04 8.754E-05 1.945E-05 3.791E-05 1.045E-04 1.364E-04 1.330E-04 1.078E-04 6.681E-05 6.100E-05 4.675E-05 1.503E-05 2.887E-05 3.800E-05 3.311E-05 2.731E-05 2.507E-05 2.309E-05 2.199E-05 1.991E-05 1.836E-05 1.608E-05 1.382E-05 1.227E-05 8.035E-06 6.468E-06 6.352E-06 1.201E-05 1.576E-05 2.280E-05 2.670E-05 2.768E-05 3.295E-05 3.502E-05 3.638E-05 3.678E-05 3.575E-05 3.409E-05 3.311E-05 3.089E-05 2.783E-05 2.524E-05 1.984E-05 1.694E-05
  1.740E+02  3.719E-04 3.498E-04 4.054E-04 3.693E-04 3.850E-04 3.931E-04 3.789E-04 3.954E-04 3.820E-04 3.775E-04 3.602E-04 3.323E-04 3.415E-04 3.052E-04 2.672E-04 2.246E-04 1.867E-04 1.471E-04 7.607E-05 1.950E-05 3.905E-05 1.065E-04 1.354E-04 1.300E-04 1.054E-04 6.607E-05 6.067E-05 4.656E-05 1.511E-05 2.905E-05 3.832E-05 3.338E-05 2.753E-05 2.527E-05 2.327E-05 2.216E-05 2.005E-05 1.848E-05 1.618E-05 1.390E-05 1.233E-05 8.059E-06 6.480E-06 6.360E-06 1.202E-05 1.578E-05 2.283E-05 2.674E-05 2.772E-05 3.300E-05 3.508E-05 3.645E-05 3.685E-05 3.582E-05 3.417E-05 3.318E-05 3.096E-05 2.790E-05 2.531E-05 1.989E-05 1.698E-05
  1.760E+02  4.707E-04 4.379E-04 4.782E-04 4.029E-04 4.458E-04 4.131E-04 3.981E-04 4.275E-04 4.102E-04 4.004E-04 3.768E-04 3.553E-04 3.393E-04 3.192E-04 2.878E-04 2.264E-04 1.976E-04 1.481E-04 7.346E-05 1.954E-05 4.046E-05 1.136E-04 1.438E-04 1.376E-04 1.105E-04 6.807E-05 6.229E-05 4.743E-05 1.517E-05 2.925E-05 3.882E-05 3.376E-05 2.778E-05 2.548E-05 2.345E-05 2.231E-05 2.018E-05 1.859E-05 1.626E-05 1.396E-05 1.237E-05 8.077E-06 6.488E-06 6.365E-06 1.203E-05 1.579E-05 2.285E-05 2.677E-05 2.775E-05 3.305E-05 3.513E-05 3.650E-05 3.690E-05 3.588E-05 3.422E-05 3.323E-05 3.101E-05 2.795E-05 2.535E-05 1.993E-05 1.702E-05
  1.780E+02  6.126E-04 5.078E-04 4.837E-04 4.532E-04 4.592E-04 5.117E-04 4.747E-04 4.932E-04 4.333E-04 4.304E-04 4.461E-04 4.361E-04 4.440E-04 4.133E-04 3.768E-04 2.896E-04 2.522E-04 1.849E-04 8.848E-05 1.957E-05 4.161E-05 1.218E-04 1.565E-04 1.513E-04 1.200E-04 7.146E-05 6.489E-05 4.892E-05 1.522E-05 2.940E-05 3.929E-05 3.411E-05 2.800E-05 2.565E-05 2.358E-05 2.243E-05 2.027E-05 1.866E-05 1.632E-05 1.400E-05 1.240E-05 8.088E-06 6.494E-06 6.368E-06 1.203E-05 1.580E-05 2.286E-05 2.678E-05 2.777E-05 3.307E-05 3.515E-05 3.653E-05 3.694E-05 3.591E-05 3.425E-05 3.327E-05 3.104E-05 2.798E-05 2.538E-05 1.995E-05 1.704E-05
  1.800E+02  8.075E-04 6.649E-04 6.331E-04 6.529E-04 6.268E-04 7.395E-04 6.608E-04 6.555E-04 5.564E-04 5.494E-04 5.828E-04 5.716E-04 5.881E-04 5.373E-04 4.723E-04 3.506E-04 3.010E-04 2.143E-04 1.005E-04 1.958E-05 4.206E-05 1.254E-04 1.628E-04 1.587E-04 1.250E-04 7.318E-05 6.618E-05 4.968E-05 1.523E-05 2.946E-05 3.949E-05 3.426E-05 2.808E-05 2.572E-05 2.364E-05 2.248E-05 2.031E-05 1.869E-05 1.634E-05 1.401E-05 1.242E-05 8.092E-06 6.495E-06 6.369E-06 1.204E-05 1.580E-05 2.287E-05 2.679E-05 2.778E-05 3.308E-05 3.516E-05 3.654E-05 3.695E-05 3.592E-05 3.426E-05 3.328E-05 3.105E-05 2.799E-05 2.539E-05 1.996E-05 1.704E-05
