# sea salt (acc., 99%)
#
# size distribution: lognormal
# ------------------
#
#   minimum radius, [um]:      1.180E-02
#   maximum radius, [um]:      9.860E+01
#                  sigma:      2.030E+00
#       Rmod (wet), [um]:      9.950E-01
#       Rmod (dry), [um]:      2.090E-01
#
# optical parameters:
# -------------------
#
# wavelength ext.coef  sca.coef  abs.coef  si.sc.alb  asym.par  ext.nor    ref.real  ref.imag
#     [um]     [1/km]    [1/km]    [1/km]
#
#  2.500E-01 1.812E-02 1.812E-02 2.679E-07 1.000E+00 0.845E+00 9.487E-01  1.363E+00 -7.953E-08
#  3.000E-01 1.829E-02 1.829E-02 7.088E-08 1.000E+00 0.844E+00 9.578E-01  1.350E+00 -3.439E-08
#  3.500E-01 1.844E-02 1.844E-02 2.418E-08 1.000E+00 0.840E+00 9.655E-01  1.345E+00 -9.442E-09
#  4.000E-01 1.858E-02 1.858E-02 2.215E-09 1.000E+00 0.838E+00 9.729E-01  1.340E+00 -2.121E-09
#  4.500E-01 1.873E-02 1.873E-02 0.000E+00 1.000E+00 0.832E+00 9.804E-01  1.339E+00 -1.236E-09
#  5.000E-01 1.897E-02 1.897E-02 3.393E-09 1.000E+00 0.827E+00 9.933E-01  1.337E+00 -1.134E-09
#  5.500E-01 1.910E-02 1.910E-02 3.416E-09 1.000E+00 0.825E+00 1.000E+00  1.335E+00 -2.035E-09
#  6.000E-01 1.925E-02 1.925E-02 6.884E-09 1.000E+00 0.819E+00 1.008E+00  1.333E+00 -1.095E-08
#  6.500E-01 1.938E-02 1.938E-02 2.310E-08 1.000E+00 0.819E+00 1.014E+00  1.332E+00 -1.664E-08
#  7.000E-01 1.955E-02 1.955E-02 4.195E-08 1.000E+00 0.815E+00 1.023E+00  1.332E+00 -3.504E-08
#  7.500E-01 1.973E-02 1.973E-02 1.670E-07 1.000E+00 0.812E+00 1.033E+00  1.331E+00 -1.646E-07
#  8.000E-01 1.990E-02 1.990E-02 1.399E-07 1.000E+00 0.812E+00 1.042E+00  1.330E+00 -1.419E-07
#  9.000E-01 2.032E-02 2.032E-02 8.078E-07 1.000E+00 0.805E+00 1.064E+00  1.329E+00 -8.744E-07
#  1.000E+00 2.060E-02 2.060E-02 3.473E-06 9.998E-01 0.804E+00 1.079E+00  1.328E+00 -4.170E-06
#  1.250E+00 2.137E-02 2.136E-02 7.940E-06 9.996E-01 0.802E+00 1.119E+00  1.324E+00 -1.194E-05
#  1.500E+00 2.193E-02 2.182E-02 1.095E-04 9.950E-01 0.805E+00 1.148E+00  1.322E+00 -2.034E-04
#  1.750E+00 2.224E-02 2.219E-02 4.955E-05 9.978E-01 0.811E+00 1.164E+00  1.314E+00 -1.061E-04
#  2.000E+00 2.227E-02 2.185E-02 4.210E-04 9.811E-01 0.820E+00 1.166E+00  1.307E+00 -1.099E-03
#  2.500E+00 2.084E-02 2.034E-02 5.025E-04 9.759E-01 0.856E+00 1.091E+00  1.263E+00 -1.761E-03
#  3.000E+00 1.958E-02 9.202E-03 1.038E-02 4.699E-01 0.881E+00 1.025E+00  1.373E+00 -2.696E-01
#  3.200E+00 2.193E-02 1.329E-02 8.640E-03 6.060E-01 0.825E+00 1.148E+00  1.478E+00 -9.157E-02
#  3.390E+00 2.219E-02 1.815E-02 4.034E-03 8.182E-01 0.784E+00 1.162E+00  1.423E+00 -2.295E-02
#  3.500E+00 2.197E-02 2.003E-02 1.934E-03 9.119E-01 0.774E+00 1.150E+00  1.401E+00 -9.328E-03
#  3.750E+00 2.105E-02 2.032E-02 7.323E-04 9.652E-01 0.782E+00 1.102E+00  1.370E+00 -3.481E-03
#  4.000E+00 2.004E-02 1.918E-02 8.670E-04 9.567E-01 0.794E+00 1.049E+00  1.352E+00 -4.570E-03
#  4.500E+00 1.815E-02 1.620E-02 1.954E-03 8.924E-01 0.814E+00 9.502E-01  1.333E+00 -1.329E-02
#  5.000E+00 1.673E-02 1.508E-02 1.648E-03 9.015E-01 0.812E+00 8.758E-01  1.326E+00 -1.231E-02
#  5.500E+00 1.447E-02 1.309E-02 1.377E-03 9.048E-01 0.822E+00 7.573E-01  1.299E+00 -1.153E-02
#  6.000E+00 1.284E-02 6.627E-03 6.209E-03 5.163E-01 0.846E+00 6.721E-01  1.266E+00 -1.061E-01
#  6.200E+00 1.548E-02 9.567E-03 5.910E-03 6.181E-01 0.809E+00 8.103E-01  1.365E+00 -8.739E-02
#  6.500E+00 1.405E-02 1.073E-02 3.325E-03 7.634E-01 0.803E+00 7.355E-01  1.340E+00 -3.888E-02
#  7.200E+00 1.180E-02 9.256E-03 2.546E-03 7.842E-01 0.804E+00 6.179E-01  1.313E+00 -3.187E-02
#  7.900E+00 1.009E-02 7.684E-03 2.404E-03 7.617E-01 0.803E+00 5.281E-01  1.295E+00 -3.371E-02
#  8.200E+00 9.421E-03 7.047E-03 2.374E-03 7.480E-01 0.802E+00 4.932E-01  1.287E+00 -3.496E-02
#  8.500E+00 8.813E-03 6.447E-03 2.366E-03 7.315E-01 0.801E+00 4.614E-01  1.280E+00 -3.660E-02
#  8.700E+00 8.434E-03 6.067E-03 2.367E-03 7.193E-01 0.801E+00 4.416E-01  1.275E+00 -3.783E-02
#  9.000E+00 7.831E-03 5.462E-03 2.369E-03 6.975E-01 0.800E+00 4.100E-01  1.266E+00 -3.979E-02
#  9.200E+00 7.427E-03 5.048E-03 2.379E-03 6.797E-01 0.800E+00 3.888E-01  1.258E+00 -4.136E-02
#  9.500E+00 6.837E-03 4.428E-03 2.409E-03 6.477E-01 0.800E+00 3.579E-01  1.246E+00 -4.416E-02
#  9.800E+00 6.263E-03 3.806E-03 2.457E-03 6.077E-01 0.799E+00 3.279E-01  1.232E+00 -4.760E-02
#  1.000E+01 5.883E-03 3.379E-03 2.504E-03 5.744E-01 0.799E+00 3.080E-01  1.221E+00 -5.047E-02
#  1.060E+01 5.035E-03 2.155E-03 2.879E-03 4.281E-01 0.796E+00 2.636E-01  1.182E+00 -6.691E-02
#  1.100E+01 5.192E-03 1.589E-03 3.603E-03 3.060E-01 0.786E+00 2.718E-01  1.156E+00 -9.603E-02
#  1.150E+01 5.834E-03 1.327E-03 4.507E-03 2.275E-01 0.766E+00 3.054E-01  1.129E+00 -1.408E-01
#  1.250E+01 8.082E-03 1.739E-03 6.343E-03 2.152E-01 0.710E+00 4.231E-01  1.126E+00 -2.567E-01
#  1.300E+01 8.940E-03 2.007E-03 6.933E-03 2.245E-01 0.687E+00 4.681E-01  1.148E+00 -3.023E-01
#  1.400E+01 1.008E-02 2.434E-03 7.648E-03 2.414E-01 0.651E+00 5.278E-01  1.212E+00 -3.668E-01
#  1.480E+01 1.045E-02 2.613E-03 7.835E-03 2.501E-01 0.630E+00 5.470E-01  1.260E+00 -3.926E-01
#  1.500E+01 1.053E-02 2.656E-03 7.872E-03 2.523E-01 0.625E+00 5.512E-01  1.272E+00 -3.986E-01
#  1.640E+01 1.074E-02 2.837E-03 7.899E-03 2.643E-01 0.595E+00 5.621E-01  1.348E+00 -4.239E-01
#  1.720E+01 1.065E-02 2.890E-03 7.764E-03 2.713E-01 0.582E+00 5.578E-01  1.389E+00 -4.261E-01
#  1.800E+01 1.048E-02 2.912E-03 7.567E-03 2.779E-01 0.570E+00 5.486E-01  1.426E+00 -4.233E-01
#  1.850E+01 1.031E-02 2.904E-03 7.408E-03 2.817E-01 0.564E+00 5.399E-01  1.446E+00 -4.183E-01
#  2.000E+01 9.545E-03 2.758E-03 6.787E-03 2.890E-01 0.550E+00 4.997E-01  1.483E+00 -3.908E-01
#  2.130E+01 8.915E-03 2.557E-03 6.359E-03 2.868E-01 0.539E+00 4.667E-01  1.493E+00 -3.770E-01
#  2.250E+01 8.439E-03 2.417E-03 6.022E-03 2.865E-01 0.527E+00 4.418E-01  1.508E+00 -3.682E-01
#  2.500E+01 7.551E-03 2.141E-03 5.410E-03 2.836E-01 0.506E+00 3.953E-01  1.533E+00 -3.546E-01
#  2.790E+01 6.603E-03 1.836E-03 4.767E-03 2.780E-01 0.484E+00 3.457E-01  1.551E+00 -3.384E-01
#  3.000E+01 5.972E-03 1.611E-03 4.361E-03 2.698E-01 0.470E+00 3.127E-01  1.553E+00 -3.277E-01
#  3.500E+01 5.012E-03 1.143E-03 3.869E-03 2.281E-01 0.433E+00 2.624E-01  1.534E+00 -3.375E-01
#  4.000E+01 4.711E-03 8.663E-04 3.845E-03 1.839E-01 0.391E+00 2.466E-01  1.521E+00 -3.907E-01
#
# volume phase function [1/km]:
# -----------------------------
#
# sca.ang. | wavelengths --->
# ---------|------------------
#          | 2.500E-01 3.000E-01 3.500E-01 4.000E-01 4.500E-01 5.000E-01 5.500E-01 6.000E-01 6.500E-01 7.000E-01 7.500E-01 8.000E-01 9.000E-01 1.000E+00 1.250E+00 1.500E+00 1.750E+00 2.000E+00 2.500E+00 3.000E+00 3.200E+00 3.390E+00 3.500E+00 3.750E+00 4.000E+00 4.500E+00 5.000E+00 5.500E+00 6.000E+00 6.200E+00 6.500E+00 7.200E+00 7.900E+00 8.200E+00 8.500E+00 8.700E+00 9.000E+00 9.200E+00 9.500E+00 9.800E+00 1.000E+01 1.060E+01 1.100E+01 1.150E+01 1.250E+01 1.300E+01 1.400E+01 1.480E+01 1.500E+01 1.640E+01 1.720E+01 1.800E+01 1.850E+01 2.000E+01 2.130E+01 2.250E+01 2.500E+01 2.790E+01 3.000E+01 3.500E+01 4.000E+01
#
  0.000E+00  9.155E+00 6.420E+00 4.753E+00 3.680E+00 2.924E+00 2.407E+00 1.999E+00 1.695E+00 1.447E+00 1.257E+00 1.106E+00 9.808E-01 7.936E-01 6.508E-01 4.350E-01 3.153E-01 2.439E-01 1.961E-01 1.421E-01 7.816E-02 7.681E-02 7.592E-02 7.508E-02 7.010E-02 6.386E-02 5.164E-02 4.367E-02 3.708E-02 2.162E-02 2.416E-02 2.492E-02 2.053E-02 1.641E-02 1.485E-02 1.341E-02 1.251E-02 1.119E-02 1.032E-02 9.061E-03 7.825E-03 6.993E-03 4.536E-03 3.231E-03 2.458E-03 2.466E-03 2.558E-03 2.616E-03 2.535E-03 2.514E-03 2.319E-03 2.202E-03 2.083E-03 2.007E-03 1.755E-03 1.534E-03 1.374E-03 1.103E-03 8.617E-04 7.164E-04 4.528E-04 3.045E-04
  1.000E-01  8.607E+00 6.142E+00 4.599E+00 3.586E+00 2.866E+00 2.367E+00 1.972E+00 1.675E+00 1.432E+00 1.246E+00 1.098E+00 9.745E-01 7.895E-01 6.481E-01 4.339E-01 3.148E-01 2.436E-01 1.959E-01 1.420E-01 7.813E-02 7.678E-02 7.589E-02 7.506E-02 7.009E-02 6.385E-02 5.163E-02 4.366E-02 3.707E-02 2.162E-02 2.416E-02 2.492E-02 2.053E-02 1.641E-02 1.485E-02 1.341E-02 1.251E-02 1.119E-02 1.032E-02 9.060E-03 7.824E-03 6.992E-03 4.536E-03 3.231E-03 2.458E-03 2.466E-03 2.558E-03 2.616E-03 2.535E-03 2.514E-03 2.319E-03 2.202E-03 2.083E-03 2.007E-03 1.755E-03 1.534E-03 1.374E-03 1.103E-03 8.617E-04 7.163E-04 4.528E-04 3.045E-04
  2.000E-01  7.474E+00 5.523E+00 4.234E+00 3.357E+00 2.716E+00 2.264E+00 1.899E+00 1.623E+00 1.393E+00 1.217E+00 1.075E+00 9.565E-01 7.780E-01 6.404E-01 4.306E-01 3.131E-01 2.426E-01 1.953E-01 1.418E-01 7.802E-02 7.669E-02 7.582E-02 7.499E-02 7.004E-02 6.381E-02 5.161E-02 4.364E-02 3.706E-02 2.161E-02 2.415E-02 2.491E-02 2.053E-02 1.641E-02 1.485E-02 1.340E-02 1.251E-02 1.118E-02 1.032E-02 9.059E-03 7.823E-03 6.991E-03 4.535E-03 3.230E-03 2.458E-03 2.466E-03 2.557E-03 2.615E-03 2.535E-03 2.514E-03 2.318E-03 2.201E-03 2.083E-03 2.007E-03 1.755E-03 1.534E-03 1.374E-03 1.103E-03 8.617E-04 7.163E-04 4.528E-04 3.045E-04
  3.000E-01  6.279E+00 4.817E+00 3.792E+00 3.066E+00 2.519E+00 2.125E+00 1.798E+00 1.548E+00 1.337E+00 1.173E+00 1.041E+00 9.296E-01 7.603E-01 6.284E-01 4.253E-01 3.105E-01 2.412E-01 1.944E-01 1.414E-01 7.783E-02 7.655E-02 7.570E-02 7.489E-02 6.995E-02 6.374E-02 5.156E-02 4.361E-02 3.704E-02 2.160E-02 2.414E-02 2.490E-02 2.052E-02 1.640E-02 1.484E-02 1.340E-02 1.250E-02 1.118E-02 1.032E-02 9.056E-03 7.821E-03 6.989E-03 4.533E-03 3.229E-03 2.457E-03 2.465E-03 2.557E-03 2.615E-03 2.534E-03 2.513E-03 2.318E-03 2.201E-03 2.083E-03 2.006E-03 1.755E-03 1.533E-03 1.374E-03 1.103E-03 8.616E-04 7.163E-04 4.528E-04 3.045E-04
  4.000E-01  5.212E+00 4.145E+00 3.350E+00 2.762E+00 2.306E+00 1.970E+00 1.683E+00 1.461E+00 1.270E+00 1.121E+00 9.998E-01 8.965E-01 7.382E-01 6.132E-01 4.184E-01 3.070E-01 2.392E-01 1.932E-01 1.409E-01 7.758E-02 7.634E-02 7.553E-02 7.474E-02 6.983E-02 6.365E-02 5.150E-02 4.357E-02 3.701E-02 2.158E-02 2.412E-02 2.488E-02 2.051E-02 1.639E-02 1.484E-02 1.339E-02 1.250E-02 1.118E-02 1.031E-02 9.052E-03 7.817E-03 6.986E-03 4.531E-03 3.228E-03 2.456E-03 2.465E-03 2.556E-03 2.614E-03 2.534E-03 2.513E-03 2.318E-03 2.201E-03 2.083E-03 2.006E-03 1.755E-03 1.533E-03 1.374E-03 1.103E-03 8.616E-04 7.162E-04 4.528E-04 3.045E-04
  5.000E-01  4.315E+00 3.547E+00 2.938E+00 2.469E+00 2.094E+00 1.811E+00 1.564E+00 1.369E+00 1.199E+00 1.065E+00 9.540E-01 8.595E-01 7.130E-01 5.956E-01 4.103E-01 3.027E-01 2.367E-01 1.917E-01 1.402E-01 7.726E-02 7.608E-02 7.532E-02 7.454E-02 6.969E-02 6.353E-02 5.143E-02 4.352E-02 3.697E-02 2.156E-02 2.410E-02 2.486E-02 2.050E-02 1.638E-02 1.483E-02 1.339E-02 1.249E-02 1.117E-02 1.031E-02 9.047E-03 7.813E-03 6.982E-03 4.529E-03 3.226E-03 2.455E-03 2.464E-03 2.555E-03 2.613E-03 2.533E-03 2.512E-03 2.317E-03 2.200E-03 2.082E-03 2.006E-03 1.754E-03 1.533E-03 1.374E-03 1.103E-03 8.615E-04 7.162E-04 4.527E-04 3.044E-04
  6.000E-01  3.577E+00 3.031E+00 2.569E+00 2.199E+00 1.893E+00 1.658E+00 1.446E+00 1.276E+00 1.126E+00 1.006E+00 9.061E-01 8.204E-01 6.859E-01 5.763E-01 4.011E-01 2.978E-01 2.339E-01 1.899E-01 1.394E-01 7.688E-02 7.577E-02 7.506E-02 7.432E-02 6.951E-02 6.339E-02 5.133E-02 4.345E-02 3.693E-02 2.153E-02 2.407E-02 2.484E-02 2.048E-02 1.637E-02 1.482E-02 1.338E-02 1.248E-02 1.116E-02 1.030E-02 9.041E-03 7.808E-03 6.978E-03 4.526E-03 3.224E-03 2.453E-03 2.462E-03 2.554E-03 2.613E-03 2.532E-03 2.512E-03 2.317E-03 2.200E-03 2.082E-03 2.005E-03 1.754E-03 1.533E-03 1.374E-03 1.103E-03 8.614E-04 7.161E-04 4.527E-04 3.044E-04
  7.000E-01  2.976E+00 2.593E+00 2.246E+00 1.955E+00 1.708E+00 1.513E+00 1.332E+00 1.186E+00 1.053E+00 9.474E-01 8.577E-01 7.804E-01 6.577E-01 5.560E-01 3.912E-01 2.924E-01 2.307E-01 1.879E-01 1.385E-01 7.643E-02 7.541E-02 7.477E-02 7.405E-02 6.930E-02 6.322E-02 5.122E-02 4.338E-02 3.687E-02 2.149E-02 2.404E-02 2.481E-02 2.046E-02 1.636E-02 1.480E-02 1.337E-02 1.247E-02 1.115E-02 1.029E-02 9.035E-03 7.802E-03 6.972E-03 4.522E-03 3.221E-03 2.451E-03 2.461E-03 2.553E-03 2.611E-03 2.531E-03 2.511E-03 2.316E-03 2.199E-03 2.081E-03 2.005E-03 1.754E-03 1.533E-03 1.373E-03 1.102E-03 8.613E-04 7.160E-04 4.526E-04 3.044E-04
  8.000E-01  2.487E+00 2.223E+00 1.965E+00 1.737E+00 1.538E+00 1.379E+00 1.225E+00 1.099E+00 9.837E-01 8.901E-01 8.098E-01 7.406E-01 6.291E-01 5.352E-01 3.807E-01 2.867E-01 2.272E-01 1.858E-01 1.375E-01 7.594E-02 7.500E-02 7.443E-02 7.375E-02 6.906E-02 6.303E-02 5.110E-02 4.329E-02 3.681E-02 2.145E-02 2.400E-02 2.478E-02 2.044E-02 1.634E-02 1.479E-02 1.335E-02 1.246E-02 1.114E-02 1.028E-02 9.027E-03 7.795E-03 6.966E-03 4.518E-03 3.218E-03 2.449E-03 2.459E-03 2.551E-03 2.610E-03 2.530E-03 2.510E-03 2.315E-03 2.199E-03 2.081E-03 2.004E-03 1.753E-03 1.532E-03 1.373E-03 1.102E-03 8.611E-04 7.159E-04 4.526E-04 3.044E-04
  9.000E-01  2.088E+00 1.911E+00 1.721E+00 1.545E+00 1.386E+00 1.256E+00 1.126E+00 1.018E+00 9.171E-01 8.348E-01 7.633E-01 7.015E-01 6.006E-01 5.141E-01 3.699E-01 2.806E-01 2.235E-01 1.834E-01 1.364E-01 7.539E-02 7.455E-02 7.406E-02 7.342E-02 6.880E-02 6.282E-02 5.096E-02 4.320E-02 3.674E-02 2.141E-02 2.396E-02 2.474E-02 2.041E-02 1.632E-02 1.477E-02 1.334E-02 1.245E-02 1.113E-02 1.027E-02 9.018E-03 7.788E-03 6.959E-03 4.513E-03 3.215E-03 2.447E-03 2.457E-03 2.550E-03 2.609E-03 2.529E-03 2.508E-03 2.314E-03 2.198E-03 2.080E-03 2.004E-03 1.753E-03 1.532E-03 1.373E-03 1.102E-03 8.610E-04 7.158E-04 4.525E-04 3.043E-04
  1.000E+00  1.763E+00 1.649E+00 1.512E+00 1.376E+00 1.249E+00 1.144E+00 1.034E+00 9.415E-01 8.543E-01 7.822E-01 7.185E-01 6.636E-01 5.725E-01 4.932E-01 3.589E-01 2.743E-01 2.197E-01 1.809E-01 1.352E-01 7.480E-02 7.407E-02 7.366E-02 7.305E-02 6.851E-02 6.259E-02 5.081E-02 4.309E-02 3.666E-02 2.136E-02 2.391E-02 2.470E-02 2.038E-02 1.630E-02 1.476E-02 1.332E-02 1.243E-02 1.112E-02 1.026E-02 9.008E-03 7.779E-03 6.952E-03 4.508E-03 3.211E-03 2.444E-03 2.455E-03 2.548E-03 2.607E-03 2.528E-03 2.507E-03 2.313E-03 2.197E-03 2.079E-03 2.003E-03 1.752E-03 1.531E-03 1.372E-03 1.102E-03 8.608E-04 7.157E-04 4.525E-04 3.043E-04
  1.100E+00  1.495E+00 1.428E+00 1.331E+00 1.227E+00 1.127E+00 1.042E+00 9.499E-01 8.707E-01 7.954E-01 7.323E-01 6.759E-01 6.272E-01 5.452E-01 4.725E-01 3.478E-01 2.679E-01 2.157E-01 1.783E-01 1.339E-01 7.417E-02 7.355E-02 7.322E-02 7.266E-02 6.820E-02 6.234E-02 5.064E-02 4.297E-02 3.658E-02 2.131E-02 2.386E-02 2.466E-02 2.035E-02 1.628E-02 1.474E-02 1.331E-02 1.242E-02 1.111E-02 1.025E-02 8.997E-03 7.770E-03 6.943E-03 4.502E-03 3.207E-03 2.441E-03 2.453E-03 2.545E-03 2.605E-03 2.526E-03 2.506E-03 2.312E-03 2.196E-03 2.079E-03 2.002E-03 1.752E-03 1.531E-03 1.372E-03 1.101E-03 8.606E-04 7.156E-04 4.524E-04 3.042E-04
  1.200E+00  1.275E+00 1.241E+00 1.175E+00 1.096E+00 1.018E+00 9.496E-01 8.728E-01 8.053E-01 7.404E-01 6.854E-01 6.354E-01 5.924E-01 5.187E-01 4.524E-01 3.367E-01 2.614E-01 2.115E-01 1.756E-01 1.326E-01 7.350E-02 7.299E-02 7.276E-02 7.224E-02 6.786E-02 6.207E-02 5.046E-02 4.285E-02 3.649E-02 2.125E-02 2.381E-02 2.461E-02 2.031E-02 1.626E-02 1.471E-02 1.329E-02 1.240E-02 1.109E-02 1.024E-02 8.985E-03 7.759E-03 6.934E-03 4.496E-03 3.202E-03 2.438E-03 2.450E-03 2.543E-03 2.603E-03 2.524E-03 2.504E-03 2.311E-03 2.195E-03 2.078E-03 2.001E-03 1.751E-03 1.530E-03 1.372E-03 1.101E-03 8.604E-04 7.154E-04 4.523E-04 3.042E-04
  1.300E+00  1.093E+00 1.082E+00 1.040E+00 9.817E-01 9.207E-01 8.664E-01 8.024E-01 7.451E-01 6.893E-01 6.414E-01 5.973E-01 5.593E-01 4.932E-01 4.327E-01 3.257E-01 2.549E-01 2.073E-01 1.728E-01 1.312E-01 7.280E-02 7.241E-02 7.227E-02 7.180E-02 6.751E-02 6.179E-02 5.027E-02 4.272E-02 3.639E-02 2.119E-02 2.375E-02 2.456E-02 2.028E-02 1.623E-02 1.469E-02 1.327E-02 1.238E-02 1.108E-02 1.022E-02 8.972E-03 7.748E-03 6.924E-03 4.489E-03 3.197E-03 2.434E-03 2.448E-03 2.541E-03 2.601E-03 2.523E-03 2.502E-03 2.310E-03 2.194E-03 2.077E-03 2.000E-03 1.750E-03 1.530E-03 1.371E-03 1.101E-03 8.602E-04 7.152E-04 4.522E-04 3.042E-04
  1.400E+00  9.415E-01 9.476E-01 9.228E-01 8.810E-01 8.340E-01 7.912E-01 7.383E-01 6.897E-01 6.420E-01 6.004E-01 5.614E-01 5.280E-01 4.688E-01 4.138E-01 3.149E-01 2.483E-01 2.031E-01 1.700E-01 1.298E-01 7.207E-02 7.179E-02 7.176E-02 7.133E-02 6.714E-02 6.149E-02 5.007E-02 4.257E-02 3.628E-02 2.112E-02 2.369E-02 2.450E-02 2.024E-02 1.620E-02 1.467E-02 1.325E-02 1.236E-02 1.106E-02 1.020E-02 8.958E-03 7.736E-03 6.913E-03 4.482E-03 3.192E-03 2.430E-03 2.445E-03 2.538E-03 2.599E-03 2.521E-03 2.500E-03 2.308E-03 2.192E-03 2.076E-03 1.999E-03 1.749E-03 1.529E-03 1.371E-03 1.100E-03 8.600E-04 7.151E-04 4.521E-04 3.041E-04
  1.500E+00  8.151E-01 8.327E-01 8.214E-01 7.923E-01 7.567E-01 7.234E-01 6.799E-01 6.389E-01 5.981E-01 5.620E-01 5.277E-01 4.985E-01 4.455E-01 3.955E-01 3.043E-01 2.418E-01 1.988E-01 1.671E-01 1.283E-01 7.131E-02 7.116E-02 7.122E-02 7.085E-02 6.675E-02 6.117E-02 4.986E-02 4.242E-02 3.617E-02 2.105E-02 2.362E-02 2.444E-02 2.020E-02 1.617E-02 1.464E-02 1.322E-02 1.234E-02 1.104E-02 1.019E-02 8.943E-03 7.723E-03 6.901E-03 4.474E-03 3.186E-03 2.426E-03 2.442E-03 2.535E-03 2.596E-03 2.519E-03 2.498E-03 2.306E-03 2.191E-03 2.074E-03 1.998E-03 1.749E-03 1.529E-03 1.370E-03 1.100E-03 8.597E-04 7.149E-04 4.520E-04 3.040E-04
  1.600E+00  7.090E-01 7.343E-01 7.331E-01 7.141E-01 6.876E-01 6.622E-01 6.268E-01 5.922E-01 5.575E-01 5.264E-01 4.962E-01 4.706E-01 4.233E-01 3.779E-01 2.939E-01 2.353E-01 1.946E-01 1.642E-01 1.268E-01 7.053E-02 7.050E-02 7.067E-02 7.035E-02 6.634E-02 6.084E-02 4.963E-02 4.226E-02 3.606E-02 2.097E-02 2.355E-02 2.438E-02 2.015E-02 1.614E-02 1.461E-02 1.320E-02 1.232E-02 1.102E-02 1.017E-02 8.927E-03 7.710E-03 6.889E-03 4.466E-03 3.181E-03 2.422E-03 2.438E-03 2.532E-03 2.594E-03 2.516E-03 2.496E-03 2.305E-03 2.190E-03 2.073E-03 1.997E-03 1.748E-03 1.528E-03 1.369E-03 1.100E-03 8.595E-04 7.147E-04 4.519E-04 3.040E-04
  1.700E+00  6.195E-01 6.498E-01 6.559E-01 6.451E-01 6.259E-01 6.070E-01 5.784E-01 5.495E-01 5.200E-01 4.932E-01 4.668E-01 4.444E-01 4.021E-01 3.611E-01 2.838E-01 2.289E-01 1.903E-01 1.612E-01 1.253E-01 6.973E-02 6.983E-02 7.010E-02 6.983E-02 6.592E-02 6.050E-02 4.940E-02 4.210E-02 3.594E-02 2.090E-02 2.348E-02 2.431E-02 2.010E-02 1.610E-02 1.458E-02 1.317E-02 1.229E-02 1.100E-02 1.015E-02 8.911E-03 7.695E-03 6.876E-03 4.457E-03 3.174E-03 2.418E-03 2.435E-03 2.529E-03 2.591E-03 2.514E-03 2.494E-03 2.303E-03 2.188E-03 2.072E-03 1.996E-03 1.747E-03 1.527E-03 1.369E-03 1.099E-03 8.592E-04 7.144E-04 4.518E-04 3.039E-04
  1.800E+00  5.437E-01 5.768E-01 5.884E-01 5.839E-01 5.707E-01 5.571E-01 5.343E-01 5.102E-01 4.854E-01 4.624E-01 4.393E-01 4.197E-01 3.821E-01 3.450E-01 2.740E-01 2.227E-01 1.861E-01 1.583E-01 1.237E-01 6.892E-02 6.914E-02 6.951E-02 6.929E-02 6.549E-02 6.015E-02 4.916E-02 4.193E-02 3.581E-02 2.081E-02 2.340E-02 2.424E-02 2.005E-02 1.607E-02 1.455E-02 1.314E-02 1.227E-02 1.098E-02 1.013E-02 8.893E-03 7.680E-03 6.862E-03 4.448E-03 3.168E-03 2.413E-03 2.431E-03 2.525E-03 2.588E-03 2.511E-03 2.491E-03 2.301E-03 2.186E-03 2.070E-03 1.995E-03 1.746E-03 1.526E-03 1.368E-03 1.099E-03 8.589E-04 7.142E-04 4.517E-04 3.038E-04
  1.900E+00  4.791E-01 5.136E-01 5.291E-01 5.296E-01 5.213E-01 5.119E-01 4.942E-01 4.742E-01 4.534E-01 4.337E-01 4.136E-01 3.966E-01 3.632E-01 3.296E-01 2.644E-01 2.165E-01 1.819E-01 1.554E-01 1.222E-01 6.809E-02 6.843E-02 6.891E-02 6.875E-02 6.505E-02 5.978E-02 4.891E-02 4.175E-02 3.568E-02 2.073E-02 2.332E-02 2.417E-02 2.000E-02 1.603E-02 1.452E-02 1.312E-02 1.224E-02 1.095E-02 1.011E-02 8.875E-03 7.664E-03 6.848E-03 4.438E-03 3.161E-03 2.408E-03 2.427E-03 2.521E-03 2.585E-03 2.509E-03 2.489E-03 2.299E-03 2.185E-03 2.069E-03 1.993E-03 1.745E-03 1.526E-03 1.368E-03 1.098E-03 8.586E-04 7.140E-04 4.515E-04 3.038E-04
  2.000E+00  4.238E-01 4.587E-01 4.769E-01 4.814E-01 4.769E-01 4.711E-01 4.576E-01 4.412E-01 4.238E-01 4.071E-01 3.897E-01 3.748E-01 3.452E-01 3.150E-01 2.552E-01 2.105E-01 1.777E-01 1.525E-01 1.206E-01 6.725E-02 6.771E-02 6.830E-02 6.819E-02 6.459E-02 5.941E-02 4.865E-02 4.156E-02 3.554E-02 2.064E-02 2.324E-02 2.410E-02 1.995E-02 1.599E-02 1.448E-02 1.309E-02 1.221E-02 1.093E-02 1.009E-02 8.855E-03 7.647E-03 6.833E-03 4.428E-03 3.153E-03 2.402E-03 2.423E-03 2.518E-03 2.582E-03 2.506E-03 2.486E-03 2.297E-03 2.183E-03 2.067E-03 1.992E-03 1.744E-03 1.525E-03 1.367E-03 1.098E-03 8.582E-04 7.137E-04 4.514E-04 3.037E-04
  3.000E+00  1.489E-01 1.726E-01 1.912E-01 2.050E-01 2.143E-01 2.217E-01 2.258E-01 2.267E-01 2.262E-01 2.247E-01 2.223E-01 2.191E-01 2.123E-01 2.023E-01 1.794E-01 1.580E-01 1.401E-01 1.251E-01 1.048E-01 5.857E-02 6.018E-02 6.178E-02 6.220E-02 5.962E-02 5.527E-02 4.575E-02 3.945E-02 3.394E-02 1.962E-02 2.226E-02 2.321E-02 1.930E-02 1.552E-02 1.407E-02 1.272E-02 1.188E-02 1.063E-02 9.817E-03 8.620E-03 7.443E-03 6.649E-03 4.303E-03 3.064E-03 2.338E-03 2.372E-03 2.470E-03 2.541E-03 2.471E-03 2.452E-03 2.271E-03 2.160E-03 2.048E-03 1.974E-03 1.730E-03 1.514E-03 1.358E-03 1.091E-03 8.539E-04 7.105E-04 4.497E-04 3.027E-04
  4.000E+00  6.797E-02 8.133E-02 9.231E-02 1.026E-01 1.113E-01 1.185E-01 1.239E-01 1.282E-01 1.316E-01 1.340E-01 1.356E-01 1.355E-01 1.367E-01 1.347E-01 1.284E-01 1.196E-01 1.107E-01 1.022E-01 9.027E-02 5.026E-02 5.275E-02 5.520E-02 5.607E-02 5.440E-02 5.084E-02 4.254E-02 3.704E-02 3.207E-02 1.842E-02 2.110E-02 2.214E-02 1.850E-02 1.492E-02 1.354E-02 1.226E-02 1.146E-02 1.026E-02 9.474E-03 8.319E-03 7.183E-03 6.415E-03 4.144E-03 2.950E-03 2.256E-03 2.306E-03 2.408E-03 2.488E-03 2.425E-03 2.408E-03 2.236E-03 2.130E-03 2.021E-03 1.950E-03 1.711E-03 1.498E-03 1.345E-03 1.083E-03 8.481E-04 7.060E-04 4.472E-04 3.013E-04
  5.000E+00  3.856E-02 4.563E-02 5.243E-02 5.907E-02 6.546E-02 7.006E-02 7.475E-02 7.878E-02 8.277E-02 8.561E-02 8.794E-02 8.902E-02 9.225E-02 9.354E-02 9.443E-02 9.205E-02 8.844E-02 8.402E-02 7.768E-02 4.284E-02 4.595E-02 4.904E-02 5.027E-02 4.934E-02 4.647E-02 3.927E-02 3.452E-02 3.007E-02 1.714E-02 1.985E-02 2.096E-02 1.761E-02 1.425E-02 1.295E-02 1.173E-02 1.097E-02 9.830E-03 9.078E-03 7.973E-03 6.882E-03 6.143E-03 3.962E-03 2.820E-03 2.162E-03 2.229E-03 2.336E-03 2.424E-03 2.369E-03 2.354E-03 2.194E-03 2.093E-03 1.989E-03 1.920E-03 1.688E-03 1.480E-03 1.330E-03 1.072E-03 8.407E-04 7.003E-04 4.442E-04 2.995E-04
  6.000E+00  2.576E-02 2.973E-02 3.389E-02 3.835E-02 4.214E-02 4.555E-02 4.920E-02 5.239E-02 5.544E-02 5.797E-02 6.023E-02 6.191E-02 6.523E-02 6.768E-02 7.142E-02 7.223E-02 7.172E-02 6.971E-02 6.701E-02 3.644E-02 3.994E-02 4.349E-02 4.499E-02 4.462E-02 4.233E-02 3.609E-02 3.201E-02 2.804E-02 1.584E-02 1.857E-02 1.974E-02 1.667E-02 1.354E-02 1.231E-02 1.116E-02 1.044E-02 9.362E-03 8.648E-03 7.595E-03 6.554E-03 5.848E-03 3.763E-03 2.679E-03 2.059E-03 2.144E-03 2.255E-03 2.353E-03 2.306E-03 2.293E-03 2.146E-03 2.050E-03 1.951E-03 1.885E-03 1.660E-03 1.458E-03 1.311E-03 1.059E-03 8.318E-04 6.935E-04 4.405E-04 2.974E-04
  8.000E+00  1.535E-02 1.725E-02 1.916E-02 2.088E-02 2.257E-02 2.448E-02 2.640E-02 2.800E-02 2.970E-02 3.129E-02 3.278E-02 3.454E-02 3.715E-02 3.964E-02 4.429E-02 4.712E-02 4.922E-02 4.952E-02 5.048E-02 2.643E-02 3.025E-02 3.428E-02 3.609E-02 3.647E-02 3.500E-02 3.027E-02 2.728E-02 2.411E-02 1.337E-02 1.606E-02 1.731E-02 1.475E-02 1.204E-02 1.098E-02 9.969E-03 9.335E-03 8.377E-03 7.739E-03 6.795E-03 5.859E-03 5.222E-03 3.346E-03 2.384E-03 1.844E-03 1.960E-03 2.078E-03 2.194E-03 2.164E-03 2.155E-03 2.034E-03 1.952E-03 1.864E-03 1.804E-03 1.596E-03 1.406E-03 1.268E-03 1.028E-03 8.105E-04 6.770E-04 4.315E-04 2.921E-04
  1.000E+01  1.163E-02 1.261E-02 1.338E-02 1.468E-02 1.528E-02 1.642E-02 1.751E-02 1.821E-02 1.918E-02 2.015E-02 2.117E-02 2.238E-02 2.428E-02 2.605E-02 3.008E-02 3.299E-02 3.553E-02 3.660E-02 3.869E-02 1.937E-02 2.312E-02 2.726E-02 2.916E-02 2.994E-02 2.897E-02 2.528E-02 2.309E-02 2.053E-02 1.117E-02 1.377E-02 1.501E-02 1.289E-02 1.058E-02 9.656E-03 8.783E-03 8.232E-03 7.392E-03 6.829E-03 5.994E-03 5.164E-03 4.597E-03 2.934E-03 2.093E-03 1.631E-03 1.772E-03 1.893E-03 2.024E-03 2.011E-03 2.006E-03 1.911E-03 1.842E-03 1.766E-03 1.713E-03 1.523E-03 1.345E-03 1.217E-03 9.917E-04 7.850E-04 6.573E-04 4.206E-04 2.856E-04
  1.200E+01  9.478E-03 1.030E-02 1.074E-02 1.142E-02 1.186E-02 1.253E-02 1.307E-02 1.342E-02 1.419E-02 1.478E-02 1.535E-02 1.622E-02 1.754E-02 1.875E-02 2.188E-02 2.445E-02 2.678E-02 2.796E-02 3.008E-02 1.437E-02 1.790E-02 2.193E-02 2.378E-02 2.474E-02 2.405E-02 2.111E-02 1.948E-02 1.738E-02 9.284E-03 1.175E-02 1.294E-02 1.118E-02 9.211E-03 8.418E-03 7.666E-03 7.190E-03 6.459E-03 5.967E-03 5.235E-03 4.505E-03 4.006E-03 2.548E-03 1.822E-03 1.431E-03 1.589E-03 1.712E-03 1.852E-03 1.854E-03 1.852E-03 1.783E-03 1.726E-03 1.661E-03 1.615E-03 1.444E-03 1.280E-03 1.161E-03 9.511E-04 7.564E-04 6.348E-04 4.080E-04 2.782E-04
  1.400E+01  8.349E-03 8.789E-03 9.194E-03 9.424E-03 9.760E-03 1.012E-02 1.052E-02 1.089E-02 1.124E-02 1.164E-02 1.216E-02 1.263E-02 1.351E-02 1.450E-02 1.688E-02 1.888E-02 2.087E-02 2.192E-02 2.367E-02 1.081E-02 1.405E-02 1.784E-02 1.959E-02 2.057E-02 2.005E-02 1.763E-02 1.641E-02 1.466E-02 7.698E-03 9.995E-03 1.111E-02 9.641E-03 7.969E-03 7.290E-03 6.646E-03 6.237E-03 5.605E-03 5.178E-03 4.540E-03 3.904E-03 3.468E-03 2.199E-03 1.577E-03 1.249E-03 1.417E-03 1.539E-03 1.686E-03 1.700E-03 1.701E-03 1.653E-03 1.608E-03 1.554E-03 1.514E-03 1.361E-03 1.211E-03 1.102E-03 9.077E-04 7.254E-04 6.105E-04 3.943E-04 2.699E-04
  1.600E+01  7.369E-03 7.723E-03 7.957E-03 8.189E-03 8.269E-03 8.704E-03 8.874E-03 9.144E-03 9.370E-03 9.648E-03 9.995E-03 1.033E-02 1.103E-02 1.171E-02 1.354E-02 1.508E-02 1.668E-02 1.753E-02 1.880E-02 8.242E-03 1.116E-02 1.468E-02 1.628E-02 1.719E-02 1.677E-02 1.475E-02 1.382E-02 1.233E-02 6.380E-03 8.497E-03 9.520E-03 8.283E-03 6.865E-03 6.285E-03 5.735E-03 5.385E-03 4.840E-03 4.471E-03 3.919E-03 3.367E-03 2.988E-03 1.891E-03 1.360E-03 1.086E-03 1.258E-03 1.377E-03 1.528E-03 1.551E-03 1.555E-03 1.526E-03 1.491E-03 1.447E-03 1.413E-03 1.277E-03 1.141E-03 1.041E-03 8.627E-04 6.929E-04 5.847E-04 3.795E-04 2.609E-04
  1.800E+01  6.540E-03 6.697E-03 6.964E-03 7.165E-03 7.374E-03 7.458E-03 7.638E-03 7.826E-03 8.079E-03 8.271E-03 8.482E-03 8.663E-03 9.203E-03 9.709E-03 1.115E-02 1.235E-02 1.361E-02 1.425E-02 1.504E-02 6.362E-03 8.979E-03 1.219E-02 1.364E-02 1.443E-02 1.407E-02 1.236E-02 1.164E-02 1.037E-02 5.292E-03 7.224E-03 8.143E-03 7.100E-03 5.896E-03 5.403E-03 4.933E-03 4.635E-03 4.167E-03 3.849E-03 3.373E-03 2.895E-03 2.568E-03 1.623E-03 1.172E-03 9.429E-04 1.115E-03 1.230E-03 1.380E-03 1.411E-03 1.417E-03 1.404E-03 1.378E-03 1.343E-03 1.314E-03 1.194E-03 1.071E-03 9.805E-04 8.169E-04 6.595E-04 5.581E-04 3.641E-04 2.515E-04
  2.000E+01  5.893E-03 5.851E-03 6.277E-03 6.191E-03 6.376E-03 6.418E-03 6.544E-03 6.907E-03 6.920E-03 7.070E-03 7.332E-03 7.469E-03 7.752E-03 8.311E-03 9.393E-03 1.023E-02 1.127E-02 1.170E-02 1.212E-02 4.969E-03 7.304E-03 1.021E-02 1.150E-02 1.217E-02 1.185E-02 1.038E-02 9.806E-03 8.710E-03 4.396E-03 6.146E-03 6.962E-03 6.077E-03 5.056E-03 4.635E-03 4.236E-03 3.982E-03 3.581E-03 3.307E-03 2.897E-03 2.486E-03 2.204E-03 1.392E-03 1.008E-03 8.181E-04 9.861E-04 1.096E-03 1.244E-03 1.280E-03 1.287E-03 1.288E-03 1.270E-03 1.243E-03 1.219E-03 1.114E-03 1.002E-03 9.203E-04 7.712E-04 6.257E-04 5.311E-04 3.483E-04 2.417E-04
  2.200E+01  5.109E-03 5.376E-03 5.490E-03 5.583E-03 5.593E-03 5.754E-03 5.901E-03 5.917E-03 6.037E-03 6.155E-03 6.283E-03 6.500E-03 6.757E-03 7.115E-03 7.909E-03 8.617E-03 9.411E-03 9.702E-03 9.818E-03 3.925E-03 6.003E-03 8.611E-03 9.753E-03 1.031E-02 1.001E-02 8.727E-03 8.272E-03 7.322E-03 3.660E-03 5.235E-03 5.952E-03 5.199E-03 4.331E-03 3.974E-03 3.634E-03 3.418E-03 3.074E-03 2.839E-03 2.487E-03 2.133E-03 1.890E-03 1.194E-03 8.681E-04 7.097E-04 8.715E-04 9.752E-04 1.119E-03 1.160E-03 1.168E-03 1.179E-03 1.168E-03 1.147E-03 1.128E-03 1.036E-03 9.348E-04 8.616E-04 7.260E-04 5.921E-04 5.040E-04 3.323E-04 2.317E-04
  2.400E+01  4.460E-03 4.749E-03 4.799E-03 4.954E-03 5.012E-03 5.045E-03 5.144E-03 5.215E-03 5.382E-03 5.472E-03 5.548E-03 5.603E-03 5.862E-03 6.088E-03 6.750E-03 7.337E-03 7.901E-03 8.109E-03 7.999E-03 3.132E-03 4.980E-03 7.312E-03 8.311E-03 8.769E-03 8.475E-03 7.356E-03 6.988E-03 6.161E-03 3.056E-03 4.466E-03 5.091E-03 4.447E-03 3.710E-03 3.406E-03 3.116E-03 2.933E-03 2.639E-03 2.437E-03 2.135E-03 1.831E-03 1.622E-03 1.024E-03 7.479E-04 6.160E-04 7.700E-04 8.674E-04 1.006E-03 1.049E-03 1.058E-03 1.078E-03 1.072E-03 1.057E-03 1.041E-03 9.610E-04 8.705E-04 8.048E-04 6.819E-04 5.589E-04 4.771E-04 3.163E-04 2.216E-04
  2.600E+01  4.185E-03 4.227E-03 4.253E-03 4.299E-03 4.421E-03 4.423E-03 4.478E-03 4.609E-03 4.686E-03 4.763E-03 4.819E-03 4.932E-03 5.097E-03 5.306E-03 5.844E-03 6.259E-03 6.683E-03 6.812E-03 6.551E-03 2.524E-03 4.167E-03 6.245E-03 7.114E-03 7.479E-03 7.197E-03 6.215E-03 5.914E-03 5.191E-03 2.558E-03 3.817E-03 4.359E-03 3.807E-03 3.180E-03 2.920E-03 2.674E-03 2.518E-03 2.266E-03 2.093E-03 1.833E-03 1.572E-03 1.392E-03 8.798E-04 6.450E-04 5.351E-04 6.803E-04 7.712E-04 9.034E-04 9.477E-04 9.573E-04 9.835E-04 9.825E-04 9.721E-04 9.597E-04 8.902E-04 8.091E-04 7.503E-04 6.392E-04 5.265E-04 4.507E-04 3.004E-04 2.115E-04
  2.800E+01  3.742E-03 3.794E-03 3.764E-03 3.896E-03 3.912E-03 3.911E-03 4.016E-03 4.000E-03 4.175E-03 4.240E-03 4.199E-03 4.280E-03 4.465E-03 4.598E-03 5.024E-03 5.389E-03 5.679E-03 5.756E-03 5.390E-03 2.052E-03 3.514E-03 5.360E-03 6.116E-03 6.395E-03 6.127E-03 5.264E-03 5.015E-03 4.382E-03 2.148E-03 3.269E-03 3.737E-03 3.262E-03 2.727E-03 2.506E-03 2.296E-03 2.163E-03 1.948E-03 1.799E-03 1.576E-03 1.351E-03 1.197E-03 7.569E-04 5.571E-04 4.653E-04 6.012E-04 6.858E-04 8.112E-04 8.559E-04 8.657E-04 8.969E-04 8.995E-04 8.932E-04 8.835E-04 8.235E-04 7.509E-04 6.984E-04 5.981E-04 4.951E-04 4.249E-04 2.847E-04 2.015E-04
  3.000E+01  3.274E-03 3.298E-03 3.408E-03 3.357E-03 3.405E-03 3.452E-03 3.478E-03 3.549E-03 3.617E-03 3.675E-03 3.736E-03 3.795E-03 3.893E-03 4.061E-03 4.367E-03 4.618E-03 4.863E-03 4.872E-03 4.457E-03 1.683E-03 2.984E-03 4.621E-03 5.277E-03 5.483E-03 5.229E-03 4.470E-03 4.262E-03 3.708E-03 1.810E-03 2.805E-03 3.209E-03 2.799E-03 2.342E-03 2.154E-03 1.974E-03 1.861E-03 1.676E-03 1.549E-03 1.357E-03 1.163E-03 1.030E-03 6.523E-04 4.819E-04 4.052E-04 5.316E-04 6.100E-04 7.283E-04 7.728E-04 7.826E-04 8.173E-04 8.229E-04 8.200E-04 8.127E-04 7.609E-04 6.960E-04 6.492E-04 5.588E-04 4.648E-04 4.000E-04 2.694E-04 1.916E-04
  3.200E+01  2.942E-03 2.972E-03 2.928E-03 3.000E-03 2.951E-03 3.083E-03 3.107E-03 3.112E-03 3.153E-03 3.204E-03 3.264E-03 3.355E-03 3.433E-03 3.540E-03 3.800E-03 3.987E-03 4.166E-03 4.145E-03 3.705E-03 1.391E-03 2.551E-03 4.001E-03 4.566E-03 4.716E-03 4.476E-03 3.807E-03 3.631E-03 3.144E-03 1.529E-03 2.413E-03 2.760E-03 2.405E-03 2.015E-03 1.853E-03 1.700E-03 1.603E-03 1.445E-03 1.335E-03 1.170E-03 1.003E-03 8.886E-04 5.632E-04 4.176E-04 3.533E-04 4.705E-04 5.429E-04 6.540E-04 6.977E-04 7.075E-04 7.445E-04 7.524E-04 7.523E-04 7.469E-04 7.024E-04 6.445E-04 6.028E-04 5.215E-04 4.357E-04 3.760E-04 2.545E-04 1.819E-04
  3.400E+01  2.553E-03 2.599E-03 2.570E-03 2.654E-03 2.675E-03 2.673E-03 2.705E-03 2.761E-03 2.809E-03 2.850E-03 2.879E-03 2.923E-03 3.006E-03 3.082E-03 3.314E-03 3.469E-03 3.575E-03 3.546E-03 3.095E-03 1.159E-03 2.193E-03 3.477E-03 3.963E-03 4.071E-03 3.844E-03 3.251E-03 3.101E-03 2.674E-03 1.297E-03 2.080E-03 2.379E-03 2.071E-03 1.736E-03 1.598E-03 1.467E-03 1.384E-03 1.247E-03 1.153E-03 1.011E-03 8.669E-04 7.678E-04 4.872E-04 3.625E-04 3.086E-04 4.168E-04 4.835E-04 5.874E-04 6.299E-04 6.396E-04 6.781E-04 6.878E-04 6.898E-04 6.862E-04 6.480E-04 5.963E-04 5.592E-04 4.861E-04 4.080E-04 3.530E-04 2.402E-04 1.724E-04
  3.600E+01  2.284E-03 2.247E-03 2.315E-03 2.277E-03 2.308E-03 2.385E-03 2.383E-03 2.378E-03 2.455E-03 2.496E-03 2.512E-03 2.588E-03 2.661E-03 2.724E-03 2.876E-03 3.014E-03 3.087E-03 3.042E-03 2.597E-03 9.721E-04 1.896E-03 3.032E-03 3.450E-03 3.523E-03 3.310E-03 2.784E-03 2.656E-03 2.281E-03 1.103E-03 1.798E-03 2.055E-03 1.787E-03 1.499E-03 1.380E-03 1.268E-03 1.196E-03 1.079E-03 9.976E-04 8.747E-04 7.505E-04 6.648E-04 4.223E-04 3.153E-04 2.700E-04 3.696E-04 4.310E-04 5.280E-04 5.690E-04 5.784E-04 6.176E-04 6.286E-04 6.324E-04 6.301E-04 5.975E-04 5.513E-04 5.183E-04 4.527E-04 3.817E-04 3.310E-04 2.263E-04 1.633E-04
  3.800E+01  2.027E-03 2.042E-03 1.972E-03 2.061E-03 2.084E-03 2.072E-03 2.119E-03 2.105E-03 2.191E-03 2.223E-03 2.240E-03 2.258E-03 2.321E-03 2.377E-03 2.511E-03 2.625E-03 2.663E-03 2.617E-03 2.189E-03 8.208E-04 1.647E-03 2.653E-03 3.012E-03 3.056E-03 2.858E-03 2.392E-03 2.282E-03 1.951E-03 9.417E-04 1.558E-03 1.779E-03 1.545E-03 1.297E-03 1.195E-03 1.098E-03 1.037E-03 9.354E-04 8.650E-04 7.586E-04 6.510E-04 5.768E-04 3.669E-04 2.748E-04 2.366E-04 3.281E-04 3.846E-04 4.748E-04 5.141E-04 5.232E-04 5.626E-04 5.745E-04 5.797E-04 5.785E-04 5.507E-04 5.095E-04 4.802E-04 4.214E-04 3.567E-04 3.101E-04 2.131E-04 1.545E-04
  4.000E+01  1.801E-03 1.718E-03 1.808E-03 1.782E-03 1.787E-03 1.809E-03 1.840E-03 1.880E-03 1.890E-03 1.921E-03 1.973E-03 2.008E-03 2.031E-03 2.103E-03 2.215E-03 2.283E-03 2.315E-03 2.254E-03 1.854E-03 6.975E-04 1.438E-03 2.328E-03 2.638E-03 2.658E-03 2.474E-03 2.062E-03 1.966E-03 1.674E-03 8.064E-04 1.353E-03 1.544E-03 1.339E-03 1.125E-03 1.037E-03 9.532E-04 9.003E-04 8.126E-04 7.516E-04 6.593E-04 5.660E-04 5.015E-04 3.194E-04 2.400E-04 2.077E-04 2.917E-04 3.435E-04 4.274E-04 4.649E-04 4.736E-04 5.126E-04 5.251E-04 5.314E-04 5.312E-04 5.075E-04 4.708E-04 4.447E-04 3.919E-04 3.332E-04 2.903E-04 2.004E-04 1.459E-04
  4.200E+01  1.551E-03 1.576E-03 1.535E-03 1.586E-03 1.589E-03 1.628E-03 1.646E-03 1.651E-03 1.673E-03 1.699E-03 1.724E-03 1.757E-03 1.820E-03 1.849E-03 1.946E-03 1.998E-03 2.016E-03 1.954E-03 1.579E-03 5.964E-04 1.261E-03 2.049E-03 2.317E-03 2.318E-03 2.149E-03 1.782E-03 1.699E-03 1.441E-03 6.928E-04 1.178E-03 1.343E-03 1.164E-03 9.779E-04 9.014E-04 8.293E-04 7.835E-04 7.075E-04 6.545E-04 5.743E-04 4.931E-04 4.370E-04 2.786E-04 2.100E-04 1.827E-04 2.596E-04 3.072E-04 3.850E-04 4.207E-04 4.290E-04 4.673E-04 4.802E-04 4.872E-04 4.878E-04 4.677E-04 4.349E-04 4.118E-04 3.644E-04 3.110E-04 2.716E-04 1.883E-04 1.378E-04
  4.400E+01  1.417E-03 1.366E-03 1.383E-03 1.380E-03 1.361E-03 1.417E-03 1.441E-03 1.440E-03 1.465E-03 1.491E-03 1.515E-03 1.563E-03 1.591E-03 1.652E-03 1.701E-03 1.750E-03 1.762E-03 1.697E-03 1.350E-03 5.128E-04 1.110E-03 1.809E-03 2.040E-03 2.028E-03 1.872E-03 1.546E-03 1.472E-03 1.245E-03 5.972E-04 1.029E-03 1.171E-03 1.013E-03 8.521E-04 7.857E-04 7.231E-04 6.835E-04 6.174E-04 5.712E-04 5.013E-04 4.306E-04 3.816E-04 2.436E-04 1.841E-04 1.610E-04 2.314E-04 2.751E-04 3.472E-04 3.810E-04 3.889E-04 4.262E-04 4.392E-04 4.469E-04 4.480E-04 4.310E-04 4.017E-04 3.812E-04 3.387E-04 2.902E-04 2.540E-04 1.769E-04 1.300E-04
  4.600E+01  1.185E-03 1.194E-03 1.195E-03 1.225E-03 1.242E-03 1.248E-03 1.284E-03 1.280E-03 1.303E-03 1.326E-03 1.343E-03 1.364E-03 1.409E-03 1.433E-03 1.490E-03 1.542E-03 1.533E-03 1.480E-03 1.158E-03 4.433E-04 9.805E-04 1.601E-03 1.800E-03 1.780E-03 1.636E-03 1.345E-03 1.280E-03 1.078E-03 5.164E-04 9.007E-04 1.024E-03 8.848E-04 7.443E-04 6.865E-04 6.321E-04 5.976E-04 5.400E-04 4.997E-04 4.387E-04 3.768E-04 3.340E-04 2.135E-04 1.618E-04 1.421E-04 2.066E-04 2.467E-04 3.135E-04 3.453E-04 3.529E-04 3.890E-04 4.020E-04 4.101E-04 4.117E-04 3.972E-04 3.711E-04 3.529E-04 3.148E-04 2.706E-04 2.374E-04 1.661E-04 1.226E-04
  4.800E+01  1.046E-03 1.061E-03 1.046E-03 1.074E-03 1.080E-03 1.105E-03 1.116E-03 1.142E-03 1.143E-03 1.165E-03 1.198E-03 1.195E-03 1.247E-03 1.267E-03 1.328E-03 1.354E-03 1.344E-03 1.292E-03 9.990E-04 3.853E-04 8.695E-04 1.421E-03 1.594E-03 1.567E-03 1.434E-03 1.174E-03 1.117E-03 9.373E-04 4.480E-04 7.905E-04 8.974E-04 7.746E-04 6.517E-04 6.013E-04 5.538E-04 5.238E-04 4.734E-04 4.381E-04 3.847E-04 3.306E-04 2.931E-04 1.875E-04 1.425E-04 1.257E-04 1.848E-04 2.215E-04 2.834E-04 3.134E-04 3.206E-04 3.554E-04 3.682E-04 3.765E-04 3.784E-04 3.663E-04 3.429E-04 3.267E-04 2.925E-04 2.524E-04 2.218E-04 1.558E-04 1.156E-04
  5.000E+01  9.501E-04 9.481E-04 9.332E-04 9.480E-04 9.472E-04 9.696E-04 9.980E-04 9.877E-04 1.006E-03 1.025E-03 1.050E-03 1.065E-03 1.096E-03 1.135E-03 1.168E-03 1.193E-03 1.187E-03 1.132E-03 8.655E-04 3.365E-04 7.737E-04 1.265E-03 1.414E-03 1.382E-03 1.260E-03 1.028E-03 9.773E-04 8.175E-04 3.899E-04 6.956E-04 7.887E-04 6.799E-04 5.721E-04 5.279E-04 4.865E-04 4.602E-04 4.160E-04 3.851E-04 3.382E-04 2.907E-04 2.577E-04 1.650E-04 1.257E-04 1.114E-04 1.655E-04 1.992E-04 2.565E-04 2.848E-04 2.915E-04 3.249E-04 3.375E-04 3.459E-04 3.481E-04 3.379E-04 3.169E-04 3.025E-04 2.718E-04 2.353E-04 2.072E-04 1.462E-04 1.089E-04
  5.200E+01  8.318E-04 7.841E-04 8.218E-04 8.112E-04 8.232E-04 8.505E-04 8.654E-04 9.003E-04 8.786E-04 8.974E-04 9.260E-04 9.511E-04 9.754E-04 1.008E-03 1.037E-03 1.052E-03 1.048E-03 9.952E-04 7.528E-04 2.953E-04 6.907E-04 1.129E-03 1.258E-03 1.223E-03 1.112E-03 9.030E-04 8.579E-04 7.154E-04 3.404E-04 6.138E-04 6.950E-04 5.983E-04 5.036E-04 4.647E-04 4.283E-04 4.053E-04 3.665E-04 3.393E-04 2.980E-04 2.562E-04 2.271E-04 1.456E-04 1.112E-04 9.893E-05 1.485E-04 1.795E-04 2.326E-04 2.591E-04 2.655E-04 2.974E-04 3.097E-04 3.180E-04 3.205E-04 3.118E-04 2.930E-04 2.803E-04 2.527E-04 2.194E-04 1.936E-04 1.371E-04 1.026E-04
  5.400E+01  6.938E-04 7.091E-04 7.064E-04 7.283E-04 7.450E-04 7.612E-04 7.701E-04 7.726E-04 7.894E-04 8.060E-04 8.159E-04 8.258E-04 8.769E-04 8.756E-04 9.113E-04 9.370E-04 9.195E-04 8.788E-04 6.576E-04 2.604E-04 6.185E-04 1.010E-03 1.122E-03 1.086E-03 9.836E-04 7.958E-04 7.555E-04 6.281E-04 2.981E-04 5.430E-04 6.140E-04 5.279E-04 4.443E-04 4.101E-04 3.781E-04 3.578E-04 3.236E-04 2.996E-04 2.632E-04 2.263E-04 2.007E-04 1.288E-04 9.853E-05 8.805E-05 1.335E-04 1.620E-04 2.112E-04 2.361E-04 2.421E-04 2.725E-04 2.845E-04 2.927E-04 2.953E-04 2.880E-04 2.711E-04 2.598E-04 2.349E-04 2.047E-04 1.809E-04 1.286E-04 9.660E-05
  5.600E+01  6.018E-04 6.226E-04 6.093E-04 6.391E-04 6.596E-04 6.607E-04 6.790E-04 6.873E-04 7.025E-04 7.180E-04 7.351E-04 7.291E-04 7.702E-04 7.846E-04 8.117E-04 8.306E-04 8.174E-04 7.777E-04 5.766E-04 2.307E-04 5.555E-04 9.059E-04 1.004E-03 9.668E-04 8.726E-04 7.036E-04 6.675E-04 5.532E-04 2.619E-04 4.816E-04 5.440E-04 4.671E-04 3.931E-04 3.629E-04 3.346E-04 3.167E-04 2.865E-04 2.652E-04 2.331E-04 2.004E-04 1.777E-04 1.141E-04 8.752E-05 7.853E-05 1.203E-04 1.465E-04 1.921E-04 2.154E-04 2.211E-04 2.501E-04 2.616E-04 2.697E-04 2.723E-04 2.662E-04 2.510E-04 2.409E-04 2.185E-04 1.909E-04 1.690E-04 1.206E-04 9.099E-05
  5.800E+01  5.370E-04 5.494E-04 5.407E-04 5.595E-04 5.729E-04 5.825E-04 6.032E-04 6.181E-04 6.144E-04 6.290E-04 6.455E-04 6.530E-04 6.769E-04 7.051E-04 7.285E-04 7.372E-04 7.287E-04 6.885E-04 5.073E-04 2.053E-04 5.004E-04 8.146E-04 9.010E-04 8.624E-04 7.763E-04 6.241E-04 5.917E-04 4.889E-04 2.308E-04 4.283E-04 4.833E-04 4.144E-04 3.487E-04 3.219E-04 2.969E-04 2.811E-04 2.542E-04 2.354E-04 2.069E-04 1.779E-04 1.578E-04 1.014E-04 7.793E-05 7.020E-05 1.086E-04 1.328E-04 1.750E-04 1.969E-04 2.022E-04 2.298E-04 2.408E-04 2.487E-04 2.514E-04 2.463E-04 2.326E-04 2.235E-04 2.034E-04 1.782E-04 1.580E-04 1.132E-04 8.573E-05
  6.000E+01  4.830E-04 4.806E-04 4.758E-04 4.821E-04 4.995E-04 5.242E-04 5.137E-04 5.442E-04 5.382E-04 5.521E-04 5.748E-04 5.838E-04 6.116E-04 6.226E-04 6.497E-04 6.541E-04 6.477E-04 6.118E-04 4.489E-04 1.834E-04 4.521E-04 7.344E-04 8.102E-04 7.721E-04 6.931E-04 5.554E-04 5.261E-04 4.335E-04 2.040E-04 3.820E-04 4.305E-04 3.686E-04 3.101E-04 2.863E-04 2.641E-04 2.500E-04 2.262E-04 2.095E-04 1.841E-04 1.583E-04 1.404E-04 9.029E-05 6.955E-05 6.290E-05 9.826E-05 1.205E-04 1.598E-04 1.803E-04 1.853E-04 2.114E-04 2.220E-04 2.297E-04 2.324E-04 2.281E-04 2.157E-04 2.076E-04 1.894E-04 1.664E-04 1.478E-04 1.062E-04 8.080E-05
  6.200E+01  4.098E-04 4.242E-04 4.196E-04 4.320E-04 4.377E-04 4.617E-04 4.747E-04 4.741E-04 4.813E-04 4.948E-04 5.076E-04 5.122E-04 5.511E-04 5.537E-04 5.739E-04 5.893E-04 5.774E-04 5.485E-04 3.988E-04 1.646E-04 4.095E-04 6.636E-04 7.303E-04 6.941E-04 6.212E-04 4.959E-04 4.692E-04 3.857E-04 1.809E-04 3.416E-04 3.846E-04 3.289E-04 2.766E-04 2.553E-04 2.355E-04 2.230E-04 2.018E-04 1.868E-04 1.642E-04 1.412E-04 1.252E-04 8.061E-05 6.222E-05 5.650E-05 8.911E-05 1.097E-04 1.462E-04 1.654E-04 1.701E-04 1.949E-04 2.050E-04 2.124E-04 2.151E-04 2.115E-04 2.003E-04 1.930E-04 1.766E-04 1.555E-04 1.383E-04 9.977E-05 7.618E-05
  6.400E+01  3.735E-04 3.637E-04 3.631E-04 3.709E-04 3.855E-04 4.114E-04 4.165E-04 4.255E-04 4.284E-04 4.413E-04 4.487E-04 4.596E-04 4.893E-04 4.952E-04 5.140E-04 5.318E-04 5.169E-04 4.919E-04 3.549E-04 1.483E-04 3.719E-04 6.013E-04 6.602E-04 6.255E-04 5.582E-04 4.441E-04 4.199E-04 3.443E-04 1.609E-04 3.062E-04 3.445E-04 2.942E-04 2.474E-04 2.283E-04 2.106E-04 1.995E-04 1.805E-04 1.671E-04 1.468E-04 1.263E-04 1.120E-04 7.215E-05 5.581E-05 5.088E-05 8.101E-05 1.001E-04 1.340E-04 1.521E-04 1.565E-04 1.799E-04 1.896E-04 1.968E-04 1.994E-04 1.963E-04 1.862E-04 1.796E-04 1.647E-04 1.454E-04 1.295E-04 9.375E-05 7.187E-05
  6.600E+01  3.239E-04 3.049E-04 3.252E-04 3.212E-04 3.380E-04 3.537E-04 3.491E-04 3.897E-04 3.802E-04 3.924E-04 4.120E-04 4.108E-04 4.282E-04 4.445E-04 4.680E-04 4.720E-04 4.656E-04 4.392E-04 3.176E-04 1.341E-04 3.387E-04 5.462E-04 5.986E-04 5.648E-04 5.028E-04 3.990E-04 3.770E-04 3.084E-04 1.435E-04 2.753E-04 3.095E-04 2.639E-04 2.218E-04 2.047E-04 1.889E-04 1.789E-04 1.618E-04 1.498E-04 1.317E-04 1.132E-04 1.004E-04 6.475E-05 5.019E-05 4.593E-05 7.383E-05 9.151E-05 1.231E-04 1.401E-04 1.443E-04 1.665E-04 1.757E-04 1.825E-04 1.851E-04 1.825E-04 1.733E-04 1.674E-04 1.539E-04 1.361E-04 1.214E-04 8.816E-05 6.786E-05
  6.800E+01  2.745E-04 2.772E-04 2.829E-04 2.780E-04 3.016E-04 3.165E-04 3.206E-04 3.369E-04 3.369E-04 3.477E-04 3.625E-04 3.646E-04 3.892E-04 3.996E-04 4.203E-04 4.239E-04 4.196E-04 3.959E-04 2.856E-04 1.218E-04 3.093E-04 4.974E-04 5.443E-04 5.114E-04 4.544E-04 3.597E-04 3.396E-04 2.771E-04 1.285E-04 2.482E-04 2.788E-04 2.375E-04 1.995E-04 1.841E-04 1.698E-04 1.608E-04 1.455E-04 1.347E-04 1.184E-04 1.018E-04 9.032E-05 5.826E-05 4.526E-05 4.158E-05 6.746E-05 8.390E-05 1.134E-04 1.294E-04 1.333E-04 1.543E-04 1.631E-04 1.696E-04 1.721E-04 1.699E-04 1.615E-04 1.562E-04 1.439E-04 1.275E-04 1.139E-04 8.298E-05 6.413E-05
  7.000E+01  2.448E-04 2.441E-04 2.523E-04 2.520E-04 2.560E-04 2.890E-04 2.884E-04 3.023E-04 2.969E-04 3.077E-04 3.194E-04 3.308E-04 3.575E-04 3.593E-04 3.774E-04 3.871E-04 3.790E-04 3.596E-04 2.576E-04 1.111E-04 2.832E-04 4.542E-04 4.961E-04 4.649E-04 4.123E-04 3.253E-04 3.069E-04 2.499E-04 1.154E-04 2.243E-04 2.519E-04 2.143E-04 1.799E-04 1.660E-04 1.531E-04 1.450E-04 1.312E-04 1.215E-04 1.067E-04 9.180E-05 8.144E-05 5.258E-05 4.093E-05 3.775E-05 6.182E-05 7.713E-05 1.048E-04 1.197E-04 1.234E-04 1.434E-04 1.517E-04 1.580E-04 1.604E-04 1.585E-04 1.507E-04 1.459E-04 1.347E-04 1.196E-04 1.069E-04 7.819E-05 6.068E-05
  7.200E+01  2.082E-04 2.051E-04 2.156E-04 2.211E-04 2.362E-04 2.460E-04 2.517E-04 2.639E-04 2.773E-04 2.871E-04 2.916E-04 2.933E-04 3.120E-04 3.210E-04 3.399E-04 3.507E-04 3.427E-04 3.254E-04 2.330E-04 1.017E-04 2.599E-04 4.158E-04 4.535E-04 4.242E-04 3.753E-04 2.952E-04 2.783E-04 2.261E-04 1.039E-04 2.034E-04 2.282E-04 1.939E-04 1.627E-04 1.501E-04 1.385E-04 1.311E-04 1.186E-04 1.098E-04 9.651E-05 8.300E-05 7.364E-05 4.758E-05 3.712E-05 3.438E-05 5.682E-05 7.111E-05 9.700E-05 1.111E-04 1.146E-04 1.335E-04 1.414E-04 1.474E-04 1.497E-04 1.480E-04 1.409E-04 1.366E-04 1.263E-04 1.124E-04 1.006E-04 7.377E-05 5.748E-05
  7.400E+01  1.736E-04 1.813E-04 1.885E-04 1.976E-04 2.079E-04 2.226E-04 2.239E-04 2.419E-04 2.443E-04 2.537E-04 2.640E-04 2.646E-04 2.818E-04 2.901E-04 3.100E-04 3.173E-04 3.111E-04 2.955E-04 2.120E-04 9.344E-05 2.392E-04 3.815E-04 4.157E-04 3.880E-04 3.426E-04 2.687E-04 2.532E-04 2.053E-04 9.389E-05 1.849E-04 2.074E-04 1.760E-04 1.476E-04 1.362E-04 1.256E-04 1.189E-04 1.076E-04 9.959E-05 8.751E-05 7.527E-05 6.678E-05 4.319E-05 3.377E-05 3.140E-05 5.237E-05 6.575E-05 9.006E-05 1.034E-04 1.067E-04 1.246E-04 1.321E-04 1.378E-04 1.400E-04 1.386E-04 1.320E-04 1.281E-04 1.186E-04 1.057E-04 9.471E-05 6.970E-05 5.452E-05
  7.600E+01  1.595E-04 1.590E-04 1.745E-04 1.701E-04 1.822E-04 1.989E-04 2.028E-04 2.160E-04 2.173E-04 2.260E-04 2.331E-04 2.405E-04 2.583E-04 2.661E-04 2.845E-04 2.897E-04 2.858E-04 2.710E-04 1.938E-04 8.619E-05 2.206E-04 3.510E-04 3.822E-04 3.559E-04 3.138E-04 2.455E-04 2.311E-04 1.870E-04 8.512E-05 1.685E-04 1.890E-04 1.603E-04 1.343E-04 1.239E-04 1.142E-04 1.082E-04 9.784E-05 9.058E-05 7.959E-05 6.846E-05 6.074E-05 3.932E-05 3.082E-05 2.878E-05 4.843E-05 6.099E-05 8.386E-05 9.643E-05 9.956E-05 1.165E-04 1.237E-04 1.291E-04 1.313E-04 1.300E-04 1.239E-04 1.203E-04 1.116E-04 9.961E-05 8.933E-05 6.596E-05 5.180E-05
  7.800E+01  1.357E-04 1.410E-04 1.484E-04 1.579E-04 1.636E-04 1.801E-04 1.848E-04 1.866E-04 2.000E-04 2.082E-04 2.099E-04 2.173E-04 2.370E-04 2.396E-04 2.542E-04 2.667E-04 2.608E-04 2.485E-04 1.778E-04 7.979E-05 2.041E-04 3.238E-04 3.523E-04 3.278E-04 2.885E-04 2.250E-04 2.116E-04 1.710E-04 7.742E-05 1.541E-04 1.728E-04 1.464E-04 1.226E-04 1.130E-04 1.042E-04 9.870E-05 8.926E-05 8.263E-05 7.261E-05 6.246E-05 5.542E-05 3.592E-05 2.821E-05 2.646E-05 4.493E-05 5.674E-05 7.832E-05 9.022E-05 9.318E-05 1.093E-04 1.161E-04 1.213E-04 1.233E-04 1.222E-04 1.166E-04 1.132E-04 1.052E-04 9.403E-05 8.441E-05 6.252E-05 4.931E-05
  8.000E+01  1.240E-04 1.243E-04 1.289E-04 1.379E-04 1.518E-04 1.617E-04 1.655E-04 1.735E-04 1.832E-04 1.908E-04 1.927E-04 1.959E-04 2.150E-04 2.155E-04 2.336E-04 2.446E-04 2.381E-04 2.282E-04 1.635E-04 7.415E-05 1.892E-04 2.996E-04 3.258E-04 3.028E-04 2.661E-04 2.070E-04 1.945E-04 1.569E-04 7.065E-05 1.413E-04 1.585E-04 1.341E-04 1.122E-04 1.035E-04 9.540E-05 9.034E-05 8.169E-05 7.562E-05 6.645E-05 5.716E-05 5.073E-05 3.292E-05 2.592E-05 2.441E-05 4.182E-05 5.297E-05 7.338E-05 8.465E-05 8.747E-05 1.028E-04 1.093E-04 1.142E-04 1.162E-04 1.151E-04 1.099E-04 1.068E-04 9.934E-05 8.893E-05 7.991E-05 5.937E-05 4.702E-05
  8.200E+01  1.108E-04 1.079E-04 1.242E-04 1.184E-04 1.293E-04 1.410E-04 1.472E-04 1.594E-04 1.619E-04 1.696E-04 1.790E-04 1.785E-04 1.912E-04 1.995E-04 2.192E-04 2.243E-04 2.214E-04 2.106E-04 1.511E-04 6.915E-05 1.759E-04 2.779E-04 3.023E-04 2.803E-04 2.461E-04 1.910E-04 1.794E-04 1.445E-04 6.469E-05 1.299E-04 1.458E-04 1.232E-04 1.031E-04 9.502E-05 8.760E-05 8.294E-05 7.500E-05 6.943E-05 6.101E-05 5.249E-05 4.659E-05 3.027E-05 2.390E-05 2.260E-05 3.906E-05 4.960E-05 6.895E-05 7.967E-05 8.235E-05 9.697E-05 1.031E-04 1.078E-04 1.097E-04 1.087E-04 1.038E-04 1.009E-04 9.402E-05 8.428E-05 7.580E-05 5.650E-05 4.493E-05
  8.400E+01  9.769E-05 9.452E-05 1.066E-04 1.066E-04 1.218E-04 1.232E-04 1.310E-04 1.445E-04 1.528E-04 1.598E-04 1.599E-04 1.661E-04 1.749E-04 1.872E-04 2.005E-04 2.072E-04 2.059E-04 1.954E-04 1.407E-04 6.472E-05 1.640E-04 2.585E-04 2.813E-04 2.606E-04 2.285E-04 1.769E-04 1.661E-04 1.335E-04 5.943E-05 1.198E-04 1.345E-04 1.136E-04 9.498E-05 8.755E-05 8.069E-05 7.641E-05 6.909E-05 6.395E-05 5.620E-05 4.836E-05 4.294E-05 2.794E-05 2.211E-05 2.100E-05 3.661E-05 4.661E-05 6.501E-05 7.521E-05 7.776E-05 9.172E-05 9.759E-05 1.021E-04 1.038E-04 1.029E-04 9.829E-05 9.563E-05 8.919E-05 8.005E-05 7.206E-05 5.388E-05 4.303E-05
  8.600E+01  7.716E-05 9.183E-05 9.242E-05 1.017E-04 1.123E-04 1.241E-04 1.268E-04 1.293E-04 1.378E-04 1.444E-04 1.452E-04 1.499E-04 1.704E-04 1.673E-04 1.841E-04 1.939E-04 1.900E-04 1.823E-04 1.314E-04 6.078E-05 1.532E-04 2.411E-04 2.624E-04 2.433E-04 2.131E-04 1.644E-04 1.542E-04 1.238E-04 5.479E-05 1.108E-04 1.245E-04 1.051E-04 8.782E-05 8.093E-05 7.458E-05 7.062E-05 6.385E-05 5.911E-05 5.194E-05 4.471E-05 3.970E-05 2.587E-05 2.053E-05 1.958E-05 3.443E-05 4.395E-05 6.148E-05 7.122E-05 7.366E-05 8.700E-05 9.261E-05 9.688E-05 9.855E-05 9.762E-05 9.331E-05 9.083E-05 8.480E-05 7.620E-05 6.866E-05 5.151E-05 4.130E-05
  8.800E+01  7.622E-05 7.930E-05 8.201E-05 9.258E-05 9.890E-05 1.087E-04 1.162E-04 1.189E-04 1.264E-04 1.329E-04 1.369E-04 1.392E-04 1.535E-04 1.545E-04 1.728E-04 1.813E-04 1.776E-04 1.707E-04 1.229E-04 5.728E-05 1.435E-04 2.255E-04 2.456E-04 2.279E-04 1.994E-04 1.533E-04 1.438E-04 1.153E-04 5.068E-05 1.028E-04 1.156E-04 9.758E-05 8.146E-05 7.506E-05 6.917E-05 6.549E-05 5.922E-05 5.482E-05 4.818E-05 4.148E-05 3.684E-05 2.405E-05 1.914E-05 1.833E-05 3.249E-05 4.158E-05 5.834E-05 6.765E-05 6.998E-05 8.276E-05 8.813E-05 9.221E-05 9.379E-05 9.289E-05 8.882E-05 8.650E-05 8.084E-05 7.272E-05 6.557E-05 4.936E-05 3.975E-05
  9.000E+01  7.318E-05 6.976E-05 8.255E-05 7.952E-05 9.429E-05 9.711E-05 9.984E-05 1.148E-04 1.200E-04 1.261E-04 1.276E-04 1.287E-04 1.389E-04 1.485E-04 1.636E-04 1.683E-04 1.683E-04 1.598E-04 1.158E-04 5.417E-05 1.348E-04 2.115E-04 2.306E-04 2.141E-04 1.872E-04 1.435E-04 1.345E-04 1.078E-04 4.705E-05 9.572E-05 1.077E-04 9.088E-05 7.583E-05 6.986E-05 6.437E-05 6.095E-05 5.511E-05 5.102E-05 4.485E-05 3.862E-05 3.432E-05 2.244E-05 1.791E-05 1.722E-05 3.078E-05 3.948E-05 5.553E-05 6.446E-05 6.670E-05 7.897E-05 8.410E-05 8.800E-05 8.952E-05 8.862E-05 8.477E-05 8.258E-05 7.725E-05 6.956E-05 6.278E-05 4.741E-05 3.835E-05
  9.200E+01  6.790E-05 6.262E-05 7.436E-05 7.312E-05 8.587E-05 9.221E-05 9.401E-05 1.048E-04 1.117E-04 1.175E-04 1.176E-04 1.206E-04 1.341E-04 1.373E-04 1.530E-04 1.594E-04 1.583E-04 1.514E-04 1.101E-04 5.139E-05 1.269E-04 1.990E-04 2.173E-04 2.019E-04 1.764E-04 1.349E-04 1.263E-04 1.011E-04 4.383E-05 8.936E-05 1.007E-04 8.493E-05 7.083E-05 6.524E-05 6.012E-05 5.692E-05 5.147E-05 4.765E-05 4.190E-05 3.609E-05 3.208E-05 2.102E-05 1.682E-05 1.624E-05 2.925E-05 3.761E-05 5.303E-05 6.162E-05 6.377E-05 7.558E-05 8.050E-05 8.423E-05 8.567E-05 8.478E-05 8.112E-05 7.906E-05 7.402E-05 6.672E-05 6.027E-05 4.567E-05 3.709E-05
  9.400E+01  5.487E-05 6.352E-05 6.552E-05 7.248E-05 7.957E-05 8.915E-05 9.566E-05 9.695E-05 1.014E-04 1.070E-04 1.104E-04 1.132E-04 1.298E-04 1.276E-04 1.433E-04 1.523E-04 1.501E-04 1.443E-04 1.049E-04 4.891E-05 1.199E-04 1.879E-04 2.054E-04 1.911E-04 1.669E-04 1.272E-04 1.191E-04 9.524E-05 4.097E-05 8.367E-05 9.445E-05 7.965E-05 6.640E-05 6.115E-05 5.634E-05 5.335E-05 4.824E-05 4.467E-05 3.928E-05 3.385E-05 3.010E-05 1.977E-05 1.586E-05 1.538E-05 2.790E-05 3.595E-05 5.081E-05 5.909E-05 6.116E-05 7.254E-05 7.727E-05 8.085E-05 8.223E-05 8.134E-05 7.785E-05 7.589E-05 7.111E-05 6.417E-05 5.801E-05 4.411E-05 3.598E-05
  9.600E+01  5.890E-05 5.665E-05 6.432E-05 6.669E-05 7.796E-05 7.909E-05 8.225E-05 9.162E-05 1.007E-04 1.057E-04 1.054E-04 1.089E-04 1.176E-04 1.269E-04 1.388E-04 1.431E-04 1.454E-04 1.366E-04 1.001E-04 4.669E-05 1.135E-04 1.779E-04 1.950E-04 1.813E-04 1.584E-04 1.204E-04 1.127E-04 9.004E-05 3.843E-05 7.860E-05 8.888E-05 7.496E-05 6.246E-05 5.752E-05 5.300E-05 5.018E-05 4.538E-05 4.202E-05 3.697E-05 3.187E-05 2.835E-05 1.866E-05 1.501E-05 1.462E-05 2.671E-05 3.447E-05 4.883E-05 5.683E-05 5.884E-05 6.983E-05 7.438E-05 7.783E-05 7.914E-05 7.825E-05 7.491E-05 7.305E-05 6.851E-05 6.188E-05 5.599E-05 4.272E-05 3.499E-05
  9.800E+01  5.662E-05 5.390E-05 6.428E-05 5.972E-05 6.961E-05 7.629E-05 7.618E-05 9.128E-05 9.015E-05 9.522E-05 1.026E-04 1.034E-04 1.111E-04 1.214E-04 1.369E-04 1.360E-04 1.397E-04 1.309E-04 9.639E-05 4.471E-05 1.077E-04 1.690E-04 1.857E-04 1.727E-04 1.509E-04 1.144E-04 1.071E-04 8.547E-05 3.617E-05 7.406E-05 8.393E-05 7.080E-05 5.897E-05 5.430E-05 5.003E-05 4.737E-05 4.285E-05 3.968E-05 3.492E-05 3.012E-05 2.680E-05 1.768E-05 1.426E-05 1.394E-05 2.565E-05 3.316E-05 4.708E-05 5.482E-05 5.677E-05 6.742E-05 7.181E-05 7.513E-05 7.639E-05 7.549E-05 7.229E-05 7.051E-05 6.618E-05 5.983E-05 5.419E-05 4.148E-05 3.412E-05
  1.000E+02  5.514E-05 5.396E-05 5.951E-05 5.871E-05 6.798E-05 7.360E-05 7.800E-05 8.510E-05 8.771E-05 9.272E-05 9.881E-05 9.988E-05 1.094E-04 1.135E-04 1.279E-04 1.337E-04 1.333E-04 1.276E-04 9.367E-05 4.293E-05 1.025E-04 1.610E-04 1.773E-04 1.656E-04 1.446E-04 1.092E-04 1.021E-04 8.147E-05 3.416E-05 7.000E-05 7.952E-05 6.710E-05 5.587E-05 5.145E-05 4.740E-05 4.488E-05 4.060E-05 3.761E-05 3.310E-05 2.857E-05 2.544E-05 1.681E-05 1.360E-05 1.335E-05 2.471E-05 3.201E-05 4.552E-05 5.304E-05 5.493E-05 6.527E-05 6.952E-05 7.272E-05 7.393E-05 7.302E-05 6.995E-05 6.825E-05 6.411E-05 5.802E-05 5.258E-05 4.040E-05 3.337E-05
  1.020E+02  5.574E-05 5.369E-05 5.756E-05 5.987E-05 6.532E-05 7.246E-05 7.661E-05 8.000E-05 8.763E-05 9.264E-05 9.271E-05 9.784E-05 1.087E-04 1.101E-04 1.213E-04 1.312E-04 1.295E-04 1.245E-04 9.145E-05 4.134E-05 9.780E-05 1.539E-04 1.697E-04 1.595E-04 1.392E-04 1.046E-04 9.773E-05 7.797E-05 3.238E-05 6.637E-05 7.561E-05 6.383E-05 5.313E-05 4.892E-05 4.507E-05 4.268E-05 3.862E-05 3.577E-05 3.150E-05 2.720E-05 2.423E-05 1.605E-05 1.302E-05 1.282E-05 2.388E-05 3.098E-05 4.414E-05 5.147E-05 5.331E-05 6.337E-05 6.749E-05 7.059E-05 7.175E-05 7.083E-05 6.787E-05 6.624E-05 6.227E-05 5.641E-05 5.117E-05 3.945E-05 3.272E-05
  1.040E+02  5.575E-05 5.068E-05 5.896E-05 5.477E-05 6.336E-05 7.185E-05 7.152E-05 8.000E-05 7.980E-05 8.465E-05 9.074E-05 9.861E-05 1.059E-04 1.119E-04 1.217E-04 1.261E-04 1.287E-04 1.206E-04 8.948E-05 3.991E-05 9.357E-05 1.476E-04 1.632E-04 1.540E-04 1.343E-04 1.006E-04 9.393E-05 7.491E-05 3.079E-05 6.313E-05 7.214E-05 6.094E-05 5.071E-05 4.669E-05 4.302E-05 4.074E-05 3.686E-05 3.415E-05 3.009E-05 2.599E-05 2.317E-05 1.538E-05 1.251E-05 1.236E-05 2.315E-05 3.008E-05 4.293E-05 5.007E-05 5.187E-05 6.169E-05 6.570E-05 6.869E-05 6.982E-05 6.889E-05 6.603E-05 6.446E-05 6.065E-05 5.499E-05 4.993E-05 3.863E-05 3.217E-05
  1.060E+02  5.366E-05 5.240E-05 6.252E-05 5.767E-05 6.139E-05 7.135E-05 7.210E-05 8.089E-05 7.899E-05 8.367E-05 9.021E-05 9.617E-05 1.026E-04 1.113E-04 1.223E-04 1.231E-04 1.274E-04 1.182E-04 8.817E-05 3.863E-05 8.977E-05 1.421E-04 1.577E-04 1.491E-04 1.301E-04 9.714E-05 9.066E-05 7.226E-05 2.938E-05 6.023E-05 6.907E-05 5.838E-05 4.857E-05 4.472E-05 4.120E-05 3.902E-05 3.532E-05 3.273E-05 2.884E-05 2.493E-05 2.223E-05 1.480E-05 1.206E-05 1.195E-05 2.250E-05 2.928E-05 4.185E-05 4.885E-05 5.060E-05 6.021E-05 6.411E-05 6.703E-05 6.811E-05 6.718E-05 6.441E-05 6.290E-05 5.923E-05 5.376E-05 4.886E-05 3.793E-05 3.171E-05
  1.080E+02  5.741E-05 5.433E-05 5.624E-05 5.819E-05 6.473E-05 7.188E-05 7.321E-05 8.126E-05 8.468E-05 8.918E-05 9.047E-05 9.417E-05 1.022E-04 1.065E-04 1.189E-04 1.241E-04 1.244E-04 1.180E-04 8.772E-05 3.749E-05 8.635E-05 1.373E-04 1.530E-04 1.451E-04 1.267E-04 9.417E-05 8.785E-05 7.000E-05 2.812E-05 5.764E-05 6.635E-05 5.614E-05 4.669E-05 4.299E-05 3.961E-05 3.751E-05 3.396E-05 3.147E-05 2.775E-05 2.400E-05 2.141E-05 1.428E-05 1.166E-05 1.160E-05 2.194E-05 2.859E-05 4.091E-05 4.777E-05 4.949E-05 5.891E-05 6.272E-05 6.556E-05 6.662E-05 6.568E-05 6.300E-05 6.153E-05 5.799E-05 5.268E-05 4.793E-05 3.733E-05 3.133E-05
  1.100E+02  5.722E-05 5.840E-05 5.596E-05 6.402E-05 6.707E-05 7.625E-05 7.790E-05 7.683E-05 8.480E-05 8.916E-05 9.025E-05 9.378E-05 1.080E-04 1.052E-04 1.153E-04 1.259E-04 1.232E-04 1.185E-04 8.784E-05 3.646E-05 8.329E-05 1.332E-04 1.490E-04 1.418E-04 1.240E-04 9.168E-05 8.546E-05 6.808E-05 2.701E-05 5.533E-05 6.397E-05 5.417E-05 4.504E-05 4.147E-05 3.821E-05 3.619E-05 3.276E-05 3.037E-05 2.679E-05 2.318E-05 2.069E-05 1.383E-05 1.132E-05 1.128E-05 2.144E-05 2.797E-05 4.009E-05 4.683E-05 4.852E-05 5.777E-05 6.151E-05 6.428E-05 6.531E-05 6.437E-05 6.176E-05 6.035E-05 5.691E-05 5.176E-05 4.713E-05 3.684E-05 3.103E-05
  1.120E+02  6.112E-05 6.627E-05 5.817E-05 6.442E-05 6.924E-05 8.063E-05 8.197E-05 7.871E-05 8.373E-05 8.798E-05 8.978E-05 9.492E-05 1.106E-04 1.082E-04 1.177E-04 1.246E-04 1.251E-04 1.183E-04 8.838E-05 3.553E-05 8.056E-05 1.297E-04 1.457E-04 1.393E-04 1.218E-04 8.962E-05 8.349E-05 6.648E-05 2.602E-05 5.328E-05 6.189E-05 5.246E-05 4.361E-05 4.014E-05 3.699E-05 3.503E-05 3.172E-05 2.941E-05 2.595E-05 2.247E-05 2.006E-05 1.344E-05 1.102E-05 1.101E-05 2.101E-05 2.744E-05 3.937E-05 4.600E-05 4.767E-05 5.678E-05 6.045E-05 6.317E-05 6.417E-05 6.323E-05 6.069E-05 5.932E-05 5.599E-05 5.098E-05 4.646E-05 3.644E-05 3.081E-05
  1.140E+02  6.976E-05 6.589E-05 6.454E-05 6.888E-05 7.385E-05 7.709E-05 7.711E-05 8.367E-05 8.958E-05 9.360E-05 9.141E-05 9.842E-05 1.065E-04 1.114E-04 1.215E-04 1.255E-04 1.275E-04 1.188E-04 8.927E-05 3.470E-05 7.813E-05 1.268E-04 1.430E-04 1.375E-04 1.202E-04 8.796E-05 8.190E-05 6.517E-05 2.514E-05 5.145E-05 6.008E-05 5.098E-05 4.236E-05 3.899E-05 3.593E-05 3.403E-05 3.082E-05 2.858E-05 2.522E-05 2.185E-05 1.952E-05 1.310E-05 1.076E-05 1.077E-05 2.063E-05 2.697E-05 3.874E-05 4.529E-05 4.694E-05 5.593E-05 5.954E-05 6.221E-05 6.319E-05 6.225E-05 5.978E-05 5.845E-05 5.522E-05 5.032E-05 4.591E-05 3.612E-05 3.065E-05
  1.160E+02  7.456E-05 7.265E-05 6.742E-05 7.196E-05 7.543E-05 8.237E-05 8.549E-05 8.967E-05 9.091E-05 9.502E-05 9.838E-05 9.753E-05 1.099E-04 1.121E-04 1.237E-04 1.295E-04 1.287E-04 1.213E-04 9.061E-05 3.396E-05 7.599E-05 1.245E-04 1.411E-04 1.364E-04 1.192E-04 8.668E-05 8.068E-05 6.413E-05 2.437E-05 4.984E-05 5.852E-05 4.971E-05 4.129E-05 3.800E-05 3.501E-05 3.316E-05 3.004E-05 2.786E-05 2.459E-05 2.131E-05 1.905E-05 1.280E-05 1.053E-05 1.057E-05 2.030E-05 2.656E-05 3.820E-05 4.468E-05 4.630E-05 5.519E-05 5.876E-05 6.139E-05 6.235E-05 6.142E-05 5.900E-05 5.771E-05 5.456E-05 4.978E-05 4.546E-05 3.589E-05 3.054E-05
  1.180E+02  6.929E-05 7.050E-05 7.578E-05 7.812E-05 8.567E-05 8.106E-05 8.625E-05 9.246E-05 9.638E-05 1.002E-04 1.051E-04 9.684E-05 1.123E-04 1.141E-04 1.274E-04 1.329E-04 1.312E-04 1.246E-04 9.287E-05 3.329E-05 7.411E-05 1.227E-04 1.399E-04 1.358E-04 1.187E-04 8.578E-05 7.980E-05 6.336E-05 2.368E-05 4.842E-05 5.719E-05 4.864E-05 4.038E-05 3.716E-05 3.423E-05 3.242E-05 2.937E-05 2.724E-05 2.406E-05 2.086E-05 1.865E-05 1.255E-05 1.033E-05 1.039E-05 2.001E-05 2.621E-05 3.774E-05 4.415E-05 4.576E-05 5.457E-05 5.809E-05 6.069E-05 6.164E-05 6.071E-05 5.835E-05 5.709E-05 5.403E-05 4.935E-05 4.511E-05 3.572E-05 3.050E-05
  1.200E+02  7.069E-05 7.009E-05 7.663E-05 7.418E-05 8.665E-05 8.748E-05 8.542E-05 9.505E-05 9.873E-05 1.027E-04 1.052E-04 1.076E-04 1.174E-04 1.201E-04 1.315E-04 1.378E-04 1.357E-04 1.285E-04 9.587E-05 3.270E-05 7.248E-05 1.215E-04 1.394E-04 1.359E-04 1.188E-04 8.527E-05 7.924E-05 6.285E-05 2.308E-05 4.717E-05 5.609E-05 4.775E-05 3.962E-05 3.645E-05 3.358E-05 3.180E-05 2.881E-05 2.672E-05 2.360E-05 2.047E-05 1.830E-05 1.233E-05 1.017E-05 1.023E-05 1.977E-05 2.591E-05 3.734E-05 4.371E-05 4.531E-05 5.405E-05 5.754E-05 6.011E-05 6.105E-05 6.013E-05 5.782E-05 5.659E-05 5.361E-05 4.901E-05 4.484E-05 3.562E-05 3.050E-05
  1.220E+02  6.022E-05 6.914E-05 7.708E-05 8.035E-05 8.611E-05 8.662E-05 9.460E-05 1.008E-04 1.015E-04 1.056E-04 1.095E-04 1.132E-04 1.201E-04 1.277E-04 1.377E-04 1.426E-04 1.423E-04 1.328E-04 9.893E-05 3.216E-05 7.108E-05 1.209E-04 1.397E-04 1.368E-04 1.195E-04 8.512E-05 7.900E-05 6.257E-05 2.255E-05 4.609E-05 5.518E-05 4.703E-05 3.899E-05 3.587E-05 3.303E-05 3.128E-05 2.834E-05 2.629E-05 2.322E-05 2.014E-05 1.802E-05 1.215E-05 1.002E-05 1.010E-05 1.956E-05 2.566E-05 3.701E-05 4.334E-05 4.493E-05 5.362E-05 5.708E-05 5.964E-05 6.056E-05 5.965E-05 5.739E-05 5.620E-05 5.328E-05 4.877E-05 4.466E-05 3.557E-05 3.055E-05
  1.240E+02  5.517E-05 6.936E-05 7.945E-05 7.828E-05 8.138E-05 9.551E-05 9.627E-05 1.059E-04 1.016E-04 1.063E-04 1.207E-04 1.196E-04 1.296E-04 1.368E-04 1.462E-04 1.477E-04 1.499E-04 1.377E-04 1.021E-04 3.168E-05 6.991E-05 1.208E-04 1.406E-04 1.383E-04 1.208E-04 8.532E-05 7.908E-05 6.249E-05 2.209E-05 4.515E-05 5.446E-05 4.647E-05 3.849E-05 3.540E-05 3.259E-05 3.086E-05 2.795E-05 2.593E-05 2.291E-05 1.987E-05 1.778E-05 1.200E-05 9.905E-06 9.989E-06 1.938E-05 2.544E-05 3.673E-05 4.303E-05 4.461E-05 5.327E-05 5.672E-05 5.925E-05 6.018E-05 5.927E-05 5.705E-05 5.589E-05 5.304E-05 4.860E-05 4.454E-05 3.558E-05 3.064E-05
  1.260E+02  4.978E-05 6.364E-05 7.623E-05 8.248E-05 8.792E-05 9.944E-05 1.027E-04 1.101E-04 1.114E-04 1.161E-04 1.230E-04 1.336E-04 1.368E-04 1.458E-04 1.578E-04 1.568E-04 1.582E-04 1.443E-04 1.058E-04 3.126E-05 6.896E-05 1.213E-04 1.425E-04 1.406E-04 1.226E-04 8.583E-05 7.949E-05 6.262E-05 2.170E-05 4.435E-05 5.393E-05 4.605E-05 3.811E-05 3.503E-05 3.224E-05 3.053E-05 2.765E-05 2.565E-05 2.265E-05 1.966E-05 1.759E-05 1.188E-05 9.805E-06 9.894E-06 1.923E-05 2.526E-05 3.650E-05 4.278E-05 4.436E-05 5.299E-05 5.643E-05 5.896E-05 5.988E-05 5.899E-05 5.681E-05 5.567E-05 5.287E-05 4.850E-05 4.449E-05 3.564E-05 3.076E-05
  1.280E+02  5.400E-05 6.227E-05 8.244E-05 8.867E-05 9.249E-05 1.021E-04 1.127E-04 1.196E-04 1.207E-04 1.258E-04 1.336E-04 1.432E-04 1.450E-04 1.599E-04 1.689E-04 1.673E-04 1.690E-04 1.523E-04 1.100E-04 3.088E-05 6.822E-05 1.224E-04 1.451E-04 1.437E-04 1.251E-04 8.669E-05 8.018E-05 6.296E-05 2.136E-05 4.368E-05 5.356E-05 4.577E-05 3.783E-05 3.476E-05 3.199E-05 3.028E-05 2.742E-05 2.543E-05 2.246E-05 1.949E-05 1.744E-05 1.177E-05 9.723E-06 9.816E-06 1.910E-05 2.511E-05 3.632E-05 4.258E-05 4.416E-05 5.278E-05 5.621E-05 5.873E-05 5.965E-05 5.878E-05 5.664E-05 5.553E-05 5.279E-05 4.847E-05 4.451E-05 3.574E-05 3.092E-05
  1.300E+02  4.726E-05 7.235E-05 7.575E-05 9.673E-05 1.020E-04 1.235E-04 1.282E-04 1.309E-04 1.348E-04 1.401E-04 1.514E-04 1.558E-04 1.678E-04 1.709E-04 1.823E-04 1.803E-04 1.796E-04 1.621E-04 1.141E-04 3.054E-05 6.767E-05 1.241E-04 1.486E-04 1.478E-04 1.284E-04 8.791E-05 8.115E-05 6.350E-05 2.107E-05 4.313E-05 5.336E-05 4.563E-05 3.766E-05 3.459E-05 3.181E-05 3.011E-05 2.725E-05 2.527E-05 2.232E-05 1.936E-05 1.732E-05 1.170E-05 9.657E-06 9.751E-06 1.900E-05 2.499E-05 3.617E-05 4.243E-05 4.401E-05 5.263E-05 5.606E-05 5.858E-05 5.950E-05 5.865E-05 5.654E-05 5.545E-05 5.276E-05 4.850E-05 4.457E-05 3.587E-05 3.110E-05
  1.320E+02  4.835E-05 7.208E-05 9.693E-05 1.094E-04 1.188E-04 1.334E-04 1.436E-04 1.534E-04 1.519E-04 1.575E-04 1.727E-04 1.748E-04 1.859E-04 1.894E-04 2.013E-04 1.966E-04 1.934E-04 1.725E-04 1.176E-04 3.024E-05 6.732E-05 1.265E-04 1.529E-04 1.530E-04 1.324E-04 8.947E-05 8.238E-05 6.421E-05 2.083E-05 4.269E-05 5.330E-05 4.560E-05 3.758E-05 3.450E-05 3.171E-05 3.001E-05 2.715E-05 2.517E-05 2.222E-05 1.928E-05 1.724E-05 1.164E-05 9.605E-06 9.699E-06 1.892E-05 2.490E-05 3.606E-05 4.233E-05 4.390E-05 5.253E-05 5.596E-05 5.849E-05 5.942E-05 5.858E-05 5.650E-05 5.544E-05 5.279E-05 4.858E-05 4.468E-05 3.604E-05 3.131E-05
  1.340E+02  5.523E-05 9.708E-05 1.087E-04 1.481E-04 1.390E-04 1.644E-04 1.793E-04 1.755E-04 1.839E-04 1.884E-04 1.945E-04 2.019E-04 2.135E-04 2.128E-04 2.181E-04 2.165E-04 2.082E-04 1.839E-04 1.209E-04 2.997E-05 6.716E-05 1.296E-04 1.583E-04 1.592E-04 1.372E-04 9.136E-05 8.389E-05 6.507E-05 2.064E-05 4.235E-05 5.340E-05 4.569E-05 3.759E-05 3.449E-05 3.169E-05 2.997E-05 2.711E-05 2.513E-05 2.217E-05 1.923E-05 1.720E-05 1.160E-05 9.565E-06 9.657E-06 1.885E-05 2.482E-05 3.599E-05 4.225E-05 4.383E-05 5.247E-05 5.592E-05 5.846E-05 5.939E-05 5.856E-05 5.652E-05 5.548E-05 5.288E-05 4.870E-05 4.483E-05 3.624E-05 3.154E-05
  1.360E+02  8.254E-05 1.216E-04 1.539E-04 1.629E-04 1.807E-04 2.020E-04 2.100E-04 2.222E-04 2.094E-04 2.132E-04 2.288E-04 2.368E-04 2.422E-04 2.466E-04 2.483E-04 2.323E-04 2.265E-04 1.948E-04 1.229E-04 2.973E-05 6.718E-05 1.335E-04 1.647E-04 1.664E-04 1.426E-04 9.354E-05 8.567E-05 6.606E-05 2.049E-05 4.211E-05 5.363E-05 4.589E-05 3.769E-05 3.455E-05 3.172E-05 3.000E-05 2.712E-05 2.513E-05 2.216E-05 1.921E-05 1.718E-05 1.157E-05 9.537E-06 9.625E-06 1.880E-05 2.477E-05 3.594E-05 4.222E-05 4.380E-05 5.247E-05 5.592E-05 5.847E-05 5.941E-05 5.860E-05 5.658E-05 5.557E-05 5.300E-05 4.887E-05 4.501E-05 3.646E-05 3.179E-05
  1.380E+02  1.123E-04 1.651E-04 2.175E-04 2.380E-04 2.390E-04 2.481E-04 2.591E-04 2.753E-04 2.607E-04 2.613E-04 2.732E-04 2.731E-04 2.720E-04 2.815E-04 2.778E-04 2.527E-04 2.430E-04 2.050E-04 1.238E-04 2.953E-05 6.737E-05 1.382E-04 1.724E-04 1.746E-04 1.486E-04 9.598E-05 8.770E-05 6.717E-05 2.037E-05 4.196E-05 5.400E-05 4.620E-05 3.786E-05 3.468E-05 3.183E-05 3.008E-05 2.718E-05 2.517E-05 2.219E-05 1.923E-05 1.718E-05 1.156E-05 9.519E-06 9.602E-06 1.877E-05 2.473E-05 3.591E-05 4.221E-05 4.379E-05 5.249E-05 5.597E-05 5.853E-05 5.947E-05 5.869E-05 5.669E-05 5.570E-05 5.317E-05 4.907E-05 4.523E-05 3.670E-05 3.205E-05
  1.400E+02  1.824E-04 2.699E-04 2.924E-04 3.073E-04 3.038E-04 3.217E-04 3.205E-04 3.175E-04 3.072E-04 3.054E-04 3.195E-04 3.145E-04 3.129E-04 3.111E-04 2.988E-04 2.724E-04 2.567E-04 2.154E-04 1.246E-04 2.934E-05 6.772E-05 1.437E-04 1.813E-04 1.839E-04 1.555E-04 9.870E-05 8.993E-05 6.840E-05 2.029E-05 4.189E-05 5.449E-05 4.660E-05 3.811E-05 3.488E-05 3.199E-05 3.022E-05 2.729E-05 2.526E-05 2.226E-05 1.927E-05 1.722E-05 1.156E-05 9.510E-06 9.587E-06 1.874E-05 2.471E-05 3.591E-05 4.223E-05 4.381E-05 5.255E-05 5.605E-05 5.863E-05 5.958E-05 5.882E-05 5.684E-05 5.586E-05 5.337E-05 4.929E-05 4.547E-05 3.696E-05 3.232E-05
  1.420E+02  2.944E-04 3.696E-04 3.807E-04 3.726E-04 3.620E-04 3.718E-04 3.667E-04 3.594E-04 3.393E-04 3.373E-04 3.463E-04 3.477E-04 3.471E-04 3.348E-04 3.174E-04 2.943E-04 2.668E-04 2.265E-04 1.248E-04 2.918E-05 6.820E-05 1.501E-04 1.916E-04 1.945E-04 1.630E-04 1.017E-04 9.232E-05 6.971E-05 2.024E-05 4.189E-05 5.511E-05 4.709E-05 3.843E-05 3.514E-05 3.220E-05 3.041E-05 2.744E-05 2.539E-05 2.235E-05 1.934E-05 1.727E-05 1.158E-05 9.509E-06 9.578E-06 1.873E-05 2.470E-05 3.593E-05 4.226E-05 4.386E-05 5.264E-05 5.616E-05 5.876E-05 5.972E-05 5.898E-05 5.703E-05 5.606E-05 5.360E-05 4.955E-05 4.573E-05 3.723E-05 3.260E-05
  1.440E+02  4.276E-04 4.321E-04 4.220E-04 3.993E-04 4.029E-04 3.818E-04 3.855E-04 3.807E-04 3.655E-04 3.643E-04 3.607E-04 3.562E-04 3.593E-04 3.534E-04 3.336E-04 3.104E-04 2.768E-04 2.329E-04 1.237E-04 2.904E-05 6.878E-05 1.575E-04 2.032E-04 2.059E-04 1.710E-04 1.048E-04 9.487E-05 7.109E-05 2.023E-05 4.195E-05 5.582E-05 4.767E-05 3.881E-05 3.546E-05 3.246E-05 3.065E-05 2.763E-05 2.555E-05 2.248E-05 1.943E-05 1.734E-05 1.160E-05 9.515E-06 9.575E-06 1.872E-05 2.471E-05 3.596E-05 4.232E-05 4.393E-05 5.276E-05 5.630E-05 5.891E-05 5.988E-05 5.917E-05 5.723E-05 5.629E-05 5.386E-05 4.982E-05 4.601E-05 3.751E-05 3.288E-05
  1.460E+02  4.736E-04 4.118E-04 3.703E-04 3.832E-04 3.797E-04 3.750E-04 3.668E-04 3.609E-04 3.679E-04 3.690E-04 3.669E-04 3.625E-04 3.681E-04 3.603E-04 3.332E-04 3.131E-04 2.817E-04 2.346E-04 1.224E-04 2.891E-05 6.940E-05 1.658E-04 2.161E-04 2.180E-04 1.792E-04 1.081E-04 9.756E-05 7.252E-05 2.023E-05 4.207E-05 5.664E-05 4.833E-05 3.924E-05 3.583E-05 3.278E-05 3.092E-05 2.786E-05 2.575E-05 2.264E-05 1.955E-05 1.743E-05 1.164E-05 9.526E-06 9.576E-06 1.873E-05 2.472E-05 3.600E-05 4.240E-05 4.401E-05 5.289E-05 5.646E-05 5.910E-05 6.008E-05 5.938E-05 5.747E-05 5.654E-05 5.413E-05 5.011E-05 4.630E-05 3.780E-05 3.316E-05
  1.480E+02  4.330E-04 3.749E-04 3.511E-04 3.464E-04 3.456E-04 3.691E-04 3.569E-04 3.543E-04 3.432E-04 3.481E-04 3.600E-04 3.520E-04 3.732E-04 3.507E-04 3.367E-04 3.160E-04 2.813E-04 2.362E-04 1.211E-04 2.880E-05 6.999E-05 1.750E-04 2.303E-04 2.306E-04 1.874E-04 1.115E-04 1.004E-04 7.398E-05 2.027E-05 4.223E-05 5.754E-05 4.905E-05 3.974E-05 3.625E-05 3.313E-05 3.124E-05 2.812E-05 2.598E-05 2.281E-05 1.968E-05 1.754E-05 1.168E-05 9.543E-06 9.582E-06 1.874E-05 2.474E-05 3.606E-05 4.249E-05 4.410E-05 5.304E-05 5.664E-05 5.930E-05 6.029E-05 5.962E-05 5.772E-05 5.680E-05 5.441E-05 5.041E-05 4.660E-05 3.809E-05 3.345E-05
  1.500E+02  3.757E-04 3.055E-04 3.202E-04 3.045E-04 3.279E-04 3.140E-04 3.213E-04 3.521E-04 3.341E-04 3.405E-04 3.513E-04 3.325E-04 3.422E-04 3.470E-04 3.412E-04 3.166E-04 2.822E-04 2.362E-04 1.203E-04 2.870E-05 7.046E-05 1.851E-04 2.459E-04 2.433E-04 1.956E-04 1.150E-04 1.033E-04 7.550E-05 2.033E-05 4.241E-05 5.849E-05 4.983E-05 4.028E-05 3.670E-05 3.352E-05 3.159E-05 2.841E-05 2.623E-05 2.302E-05 1.984E-05 1.766E-05 1.172E-05 9.564E-06 9.592E-06 1.875E-05 2.477E-05 3.613E-05 4.259E-05 4.421E-05 5.320E-05 5.683E-05 5.951E-05 6.052E-05 5.987E-05 5.798E-05 5.708E-05 5.471E-05 5.072E-05 4.691E-05 3.838E-05 3.373E-05
  1.520E+02  3.228E-04 2.954E-04 3.050E-04 2.779E-04 3.004E-04 3.068E-04 2.924E-04 3.364E-04 3.108E-04 3.185E-04 3.361E-04 3.214E-04 3.358E-04 3.480E-04 3.394E-04 3.082E-04 2.835E-04 2.344E-04 1.205E-04 2.860E-05 7.066E-05 1.957E-04 2.622E-04 2.559E-04 2.038E-04 1.185E-04 1.062E-04 7.710E-05 2.040E-05 4.260E-05 5.948E-05 5.065E-05 4.085E-05 3.720E-05 3.395E-05 3.198E-05 2.873E-05 2.651E-05 2.324E-05 2.000E-05 1.780E-05 1.178E-05 9.588E-06 9.604E-06 1.877E-05 2.481E-05 3.620E-05 4.269E-05 4.433E-05 5.338E-05 5.703E-05 5.974E-05 6.076E-05 6.013E-05 5.825E-05 5.736E-05 5.501E-05 5.103E-05 4.721E-05 3.866E-05 3.401E-05
  1.540E+02  2.962E-04 2.842E-04 2.711E-04 2.753E-04 2.857E-04 3.010E-04 2.951E-04 2.953E-04 3.107E-04 3.179E-04 3.201E-04 3.174E-04 3.361E-04 3.354E-04 3.223E-04 3.114E-04 2.857E-04 2.372E-04 1.222E-04 2.852E-05 7.044E-05 2.066E-04 2.786E-04 2.690E-04 2.121E-04 1.221E-04 1.091E-04 7.880E-05 2.049E-05 4.278E-05 6.047E-05 5.149E-05 4.146E-05 3.772E-05 3.439E-05 3.238E-05 2.907E-05 2.681E-05 2.347E-05 2.018E-05 1.794E-05 1.184E-05 9.616E-06 9.619E-06 1.880E-05 2.484E-05 3.628E-05 4.281E-05 4.445E-05 5.356E-05 5.724E-05 5.998E-05 6.101E-05 6.040E-05 5.853E-05 5.765E-05 5.532E-05 5.134E-05 4.752E-05 3.894E-05 3.427E-05
  1.560E+02  2.835E-04 2.721E-04 2.568E-04 2.799E-04 2.969E-04 2.864E-04 2.965E-04 2.894E-04 3.077E-04 3.154E-04 3.153E-04 3.103E-04 3.284E-04 3.279E-04 3.197E-04 3.171E-04 2.851E-04 2.416E-04 1.252E-04 2.844E-05 6.964E-05 2.170E-04 2.944E-04 2.823E-04 2.204E-04 1.257E-04 1.119E-04 8.058E-05 2.060E-05 4.291E-05 6.141E-05 5.233E-05 4.207E-05 3.826E-05 3.486E-05 3.281E-05 2.943E-05 2.712E-05 2.372E-05 2.037E-05 1.809E-05 1.190E-05 9.645E-06 9.635E-06 1.882E-05 2.489E-05 3.636E-05 4.292E-05 4.457E-05 5.374E-05 5.745E-05 6.022E-05 6.126E-05 6.067E-05 5.881E-05 5.794E-05 5.562E-05 5.164E-05 4.782E-05 3.922E-05 3.453E-05
  1.580E+02  2.842E-04 2.657E-04 2.637E-04 2.637E-04 2.778E-04 3.006E-04 2.860E-04 2.963E-04 3.038E-04 3.120E-04 3.093E-04 3.109E-04 3.382E-04 3.239E-04 3.313E-04 3.230E-04 2.890E-04 2.481E-04 1.291E-04 2.837E-05 6.812E-05 2.258E-04 3.088E-04 2.945E-04 2.283E-04 1.292E-04 1.147E-04 8.241E-05 2.071E-05 4.298E-05 6.223E-05 5.313E-05 4.268E-05 3.879E-05 3.533E-05 3.323E-05 2.979E-05 2.744E-05 2.398E-05 2.057E-05 1.825E-05 1.196E-05 9.677E-06 9.653E-06 1.885E-05 2.493E-05 3.645E-05 4.304E-05 4.470E-05 5.393E-05 5.767E-05 6.046E-05 6.151E-05 6.094E-05 5.909E-05 5.823E-05 5.592E-05 5.194E-05 4.811E-05 3.948E-05 3.478E-05
  1.600E+02  2.995E-04 2.667E-04 2.799E-04 2.635E-04 2.675E-04 2.971E-04 2.982E-04 3.014E-04 2.980E-04 3.081E-04 3.128E-04 3.254E-04 3.462E-04 3.440E-04 3.444E-04 3.349E-04 3.068E-04 2.591E-04 1.344E-04 2.830E-05 6.583E-05 2.316E-04 3.206E-04 3.044E-04 2.352E-04 1.323E-04 1.173E-04 8.423E-05 2.083E-05 4.297E-05 6.285E-05 5.385E-05 4.326E-05 3.931E-05 3.579E-05 3.366E-05 3.016E-05 2.776E-05 2.424E-05 2.077E-05 1.841E-05 1.203E-05 9.709E-06 9.671E-06 1.888E-05 2.497E-05 3.653E-05 4.316E-05 4.483E-05 5.411E-05 5.788E-05 6.069E-05 6.176E-05 6.120E-05 5.936E-05 5.850E-05 5.621E-05 5.223E-05 4.839E-05 3.973E-05 3.501E-05
  1.620E+02  2.846E-04 2.479E-04 2.688E-04 2.690E-04 2.841E-04 2.995E-04 3.001E-04 3.217E-04 3.209E-04 3.311E-04 3.347E-04 3.445E-04 3.601E-04 3.703E-04 3.669E-04 3.565E-04 3.265E-04 2.752E-04 1.418E-04 2.825E-05 6.287E-05 2.325E-04 3.273E-04 3.107E-04 2.402E-04 1.347E-04 1.194E-04 8.589E-05 2.095E-05 4.286E-05 6.318E-05 5.442E-05 4.378E-05 3.979E-05 3.622E-05 3.406E-05 3.051E-05 2.808E-05 2.449E-05 2.097E-05 1.857E-05 1.210E-05 9.741E-06 9.690E-06 1.891E-05 2.501E-05 3.661E-05 4.327E-05 4.495E-05 5.429E-05 5.808E-05 6.092E-05 6.200E-05 6.146E-05 5.962E-05 5.877E-05 5.648E-05 5.250E-05 4.865E-05 3.996E-05 3.522E-05
  1.640E+02  2.980E-04 2.813E-04 3.044E-04 2.738E-04 2.945E-04 3.266E-04 3.243E-04 3.572E-04 3.359E-04 3.484E-04 3.693E-04 3.798E-04 4.015E-04 4.036E-04 4.128E-04 3.867E-04 3.573E-04 2.968E-04 1.516E-04 2.821E-05 5.956E-05 2.266E-04 3.254E-04 3.121E-04 2.423E-04 1.356E-04 1.204E-04 8.710E-05 2.107E-05 4.267E-05 6.314E-05 5.479E-05 4.420E-05 4.019E-05 3.660E-05 3.442E-05 3.084E-05 2.837E-05 2.474E-05 2.116E-05 1.873E-05 1.216E-05 9.773E-06 9.708E-06 1.894E-05 2.506E-05 3.669E-05 4.338E-05 4.507E-05 5.445E-05 5.828E-05 6.114E-05 6.223E-05 6.170E-05 5.987E-05 5.902E-05 5.674E-05 5.275E-05 4.889E-05 4.017E-05 3.542E-05
  1.660E+02  2.880E-04 2.728E-04 3.123E-04 3.003E-04 3.491E-04 3.519E-04 3.541E-04 3.844E-04 4.058E-04 4.205E-04 4.160E-04 4.149E-04 4.505E-04 4.551E-04 4.583E-04 4.288E-04 3.900E-04 3.227E-04 1.632E-04 2.819E-05 5.641E-05 2.134E-04 3.120E-04 3.067E-04 2.398E-04 1.342E-04 1.196E-04 8.747E-05 2.119E-05 4.243E-05 6.271E-05 5.489E-05 4.449E-05 4.051E-05 3.693E-05 3.474E-05 3.113E-05 2.865E-05 2.497E-05 2.135E-05 1.888E-05 1.223E-05 9.804E-06 9.725E-06 1.896E-05 2.510E-05 3.677E-05 4.348E-05 4.517E-05 5.461E-05 5.846E-05 6.134E-05 6.244E-05 6.193E-05 6.010E-05 5.926E-05 5.698E-05 5.299E-05 4.912E-05 4.037E-05 3.560E-05
  1.680E+02  3.177E-04 3.110E-04 3.265E-04 3.415E-04 3.860E-04 3.916E-04 4.165E-04 4.549E-04 4.716E-04 4.889E-04 4.890E-04 4.766E-04 5.076E-04 5.025E-04 5.030E-04 4.726E-04 4.149E-04 3.449E-04 1.740E-04 2.819E-05 5.406E-05 1.950E-04 2.871E-04 2.912E-04 2.302E-04 1.295E-04 1.163E-04 8.654E-05 2.130E-05 4.222E-05 6.199E-05 5.476E-05 4.466E-05 4.074E-05 3.718E-05 3.500E-05 3.139E-05 2.889E-05 2.519E-05 2.152E-05 1.903E-05 1.229E-05 9.833E-06 9.742E-06 1.899E-05 2.513E-05 3.684E-05 4.357E-05 4.527E-05 5.475E-05 5.862E-05 6.152E-05 6.263E-05 6.214E-05 6.030E-05 5.947E-05 5.719E-05 5.320E-05 4.932E-05 4.054E-05 3.576E-05
  1.700E+02  3.396E-04 3.465E-04 3.798E-04 3.871E-04 4.361E-04 4.612E-04 4.740E-04 5.010E-04 5.203E-04 5.368E-04 5.442E-04 5.224E-04 5.682E-04 5.388E-04 5.266E-04 4.908E-04 4.217E-04 3.471E-04 1.787E-04 2.822E-05 5.307E-05 1.767E-04 2.566E-04 2.662E-04 2.132E-04 1.220E-04 1.109E-04 8.416E-05 2.141E-05 4.211E-05 6.124E-05 5.450E-05 4.475E-05 4.090E-05 3.739E-05 3.522E-05 3.161E-05 2.911E-05 2.538E-05 2.169E-05 1.916E-05 1.234E-05 9.860E-06 9.757E-06 1.901E-05 2.516E-05 3.690E-05 4.366E-05 4.536E-05 5.488E-05 5.877E-05 6.168E-05 6.280E-05 6.232E-05 6.048E-05 5.965E-05 5.738E-05 5.338E-05 4.949E-05 4.069E-05 3.589E-05
  1.720E+02  3.844E-04 3.949E-04 3.929E-04 4.402E-04 4.903E-04 5.292E-04 5.260E-04 5.329E-04 5.632E-04 5.743E-04 5.481E-04 5.381E-04 5.913E-04 5.280E-04 4.987E-04 4.583E-04 3.796E-04 3.160E-04 1.685E-04 2.826E-05 5.367E-05 1.656E-04 2.323E-04 2.405E-04 1.944E-04 1.142E-04 1.053E-04 8.111E-05 2.153E-05 4.217E-05 6.086E-05 5.438E-05 4.487E-05 4.108E-05 3.759E-05 3.544E-05 3.183E-05 2.931E-05 2.556E-05 2.183E-05 1.929E-05 1.239E-05 9.883E-06 9.770E-06 1.903E-05 2.519E-05 3.695E-05 4.372E-05 4.544E-05 5.498E-05 5.889E-05 6.182E-05 6.294E-05 6.247E-05 6.064E-05 5.981E-05 5.754E-05 5.353E-05 4.964E-05 4.082E-05 3.601E-05
  1.740E+02  4.958E-04 4.643E-04 5.514E-04 5.013E-04 5.418E-04 5.659E-04 5.582E-04 5.882E-04 5.863E-04 5.893E-04 5.654E-04 5.306E-04 5.581E-04 5.072E-04 4.692E-04 3.982E-04 3.368E-04 2.673E-04 1.416E-04 2.832E-05 5.561E-05 1.668E-04 2.258E-04 2.297E-04 1.854E-04 1.106E-04 1.028E-04 7.939E-05 2.164E-05 4.240E-05 6.116E-05 5.466E-05 4.516E-05 4.136E-05 3.786E-05 3.569E-05 3.205E-05 2.952E-05 2.573E-05 2.197E-05 1.939E-05 1.244E-05 9.902E-06 9.780E-06 1.904E-05 2.521E-05 3.699E-05 4.378E-05 4.550E-05 5.507E-05 5.899E-05 6.193E-05 6.306E-05 6.259E-05 6.076E-05 5.993E-05 5.766E-05 5.365E-05 4.975E-05 4.092E-05 3.610E-05
  1.760E+02  6.607E-04 6.085E-04 6.774E-04 5.766E-04 6.611E-04 6.118E-04 6.084E-04 6.725E-04 6.588E-04 6.505E-04 5.994E-04 5.781E-04 5.563E-04 5.387E-04 5.082E-04 3.969E-04 3.543E-04 2.643E-04 1.325E-04 2.837E-05 5.813E-05 1.799E-04 2.411E-04 2.445E-04 1.953E-04 1.143E-04 1.060E-04 8.091E-05 2.174E-05 4.272E-05 6.212E-05 5.538E-05 4.564E-05 4.176E-05 3.819E-05 3.599E-05 3.229E-05 2.972E-05 2.589E-05 2.208E-05 1.948E-05 1.247E-05 9.917E-06 9.788E-06 1.905E-05 2.523E-05 3.702E-05 4.382E-05 4.554E-05 5.513E-05 5.906E-05 6.201E-05 6.314E-05 6.268E-05 6.085E-05 6.002E-05 5.775E-05 5.374E-05 4.984E-05 4.099E-05 3.616E-05
  1.780E+02  9.051E-04 7.564E-04 7.096E-04 6.611E-04 6.864E-04 7.479E-04 7.034E-04 7.545E-04 6.677E-04 6.687E-04 6.852E-04 6.862E-04 7.120E-04 6.731E-04 6.451E-04 5.067E-04 4.620E-04 3.398E-04 1.682E-04 2.841E-05 6.022E-05 1.965E-04 2.684E-04 2.765E-04 2.181E-04 1.225E-04 1.125E-04 8.474E-05 2.181E-05 4.300E-05 6.319E-05 5.622E-05 4.613E-05 4.215E-05 3.850E-05 3.625E-05 3.249E-05 2.989E-05 2.601E-05 2.217E-05 1.955E-05 1.249E-05 9.926E-06 9.793E-06 1.906E-05 2.524E-05 3.704E-05 4.385E-05 4.557E-05 5.517E-05 5.910E-05 6.205E-05 6.319E-05 6.273E-05 6.090E-05 6.008E-05 5.781E-05 5.380E-05 4.989E-05 4.103E-05 3.620E-05
  1.800E+02  1.200E-03 9.897E-04 9.315E-04 9.317E-04 9.550E-04 1.158E-03 9.960E-04 1.063E-03 8.764E-04 8.720E-04 9.605E-04 9.323E-04 9.888E-04 8.824E-04 8.267E-04 6.305E-04 5.707E-04 4.068E-04 1.989E-04 2.842E-05 6.103E-05 2.043E-04 2.831E-04 2.950E-04 2.312E-04 1.269E-04 1.160E-04 8.687E-05 2.184E-05 4.312E-05 6.366E-05 5.659E-05 4.634E-05 4.231E-05 3.862E-05 3.635E-05 3.257E-05 2.995E-05 2.606E-05 2.220E-05 1.957E-05 1.250E-05 9.929E-06 9.794E-06 1.906E-05 2.524E-05 3.704E-05 4.385E-05 4.557E-05 5.518E-05 5.912E-05 6.207E-05 6.321E-05 6.275E-05 6.092E-05 6.010E-05 5.783E-05 5.381E-05 4.991E-05 4.104E-05 3.621E-05
