# sea salt (acc., 90%)
#
# size distribution: lognormal
# ------------------
#
#   minimum radius, [um]:      9.900E-03
#   maximum radius, [um]:      4.780E+01
#                  sigma:      2.030E+00
#       Rmod (wet), [um]:      4.970E-01
#       Rmod (dry), [um]:      2.090E-01
#
# optical parameters:
# -------------------
#
# wavelength ext.coef  sca.coef  abs.coef  si.sc.alb  asym.par  ext.nor    ref.real  ref.imag
#     [um]     [1/km]    [1/km]    [1/km]
#
#  2.500E-01 4.709E-03 4.709E-03 1.527E-07 1.000E+00 0.816E+00 9.051E-01  1.373E+00 -4.028E-07
#  3.000E-01 4.777E-03 4.777E-03 5.239E-08 1.000E+00 0.812E+00 9.182E-01  1.361E+00 -1.635E-07
#  3.500E-01 4.867E-03 4.867E-03 1.044E-08 1.000E+00 0.806E+00 9.355E-01  1.355E+00 -3.011E-08
#  4.000E-01 4.957E-03 4.957E-03 5.909E-10 1.000E+00 0.800E+00 9.528E-01  1.351E+00 -3.953E-09
#  4.500E-01 5.037E-03 5.037E-03 1.501E-09 1.000E+00 0.797E+00 9.682E-01  1.349E+00 -2.751E-09
#  5.000E-01 5.121E-03 5.121E-03 1.831E-09 1.000E+00 0.795E+00 9.843E-01  1.347E+00 -2.078E-09
#  5.500E-01 5.203E-03 5.203E-03 9.303E-10 1.000E+00 0.793E+00 1.000E+00  1.345E+00 -2.558E-09
#  6.000E-01 5.276E-03 5.276E-03 2.830E-09 1.000E+00 0.792E+00 1.014E+00  1.344E+00 -1.128E-08
#  6.500E-01 5.349E-03 5.349E-03 9.564E-10 1.000E+00 0.791E+00 1.028E+00  1.343E+00 -1.833E-08
#  7.000E-01 5.410E-03 5.410E-03 7.416E-09 1.000E+00 0.790E+00 1.040E+00  1.343E+00 -4.588E-08
#  7.500E-01 5.460E-03 5.460E-03 3.124E-08 1.000E+00 0.790E+00 1.050E+00  1.342E+00 -2.247E-07
#  8.000E-01 5.508E-03 5.508E-03 3.447E-08 1.000E+00 0.791E+00 1.059E+00  1.340E+00 -2.607E-07
#  9.000E-01 5.578E-03 5.577E-03 4.435E-07 9.999E-01 0.792E+00 1.072E+00  1.339E+00 -3.603E-06
#  1.000E+00 5.604E-03 5.603E-03 1.358E-06 9.998E-01 0.795E+00 1.077E+00  1.338E+00 -1.316E-05
#  1.250E+00 5.565E-03 5.562E-03 2.875E-06 9.995E-01 0.799E+00 1.070E+00  1.334E+00 -3.468E-05
#  1.500E+00 5.390E-03 5.375E-03 1.537E-05 9.971E-01 0.802E+00 1.036E+00  1.331E+00 -2.275E-04
#  1.750E+00 5.085E-03 5.077E-03 8.478E-06 9.983E-01 0.808E+00 9.774E-01  1.323E+00 -1.492E-04
#  2.000E+00 4.729E-03 4.676E-03 5.260E-05 9.889E-01 0.812E+00 9.089E-01  1.317E+00 -1.093E-03
#  2.500E+00 3.621E-03 3.554E-03 6.774E-05 9.813E-01 0.834E+00 6.961E-01  1.274E+00 -1.908E-03
#  3.000E+00 4.223E-03 1.872E-03 2.351E-03 4.433E-01 0.808E+00 8.117E-01  1.389E+00 -2.525E-01
#  3.200E+00 4.522E-03 2.978E-03 1.543E-03 6.587E-01 0.763E+00 8.691E-01  1.479E+00 -8.575E-02
#  3.390E+00 4.094E-03 3.548E-03 5.469E-04 8.664E-01 0.748E+00 7.870E-01  1.427E+00 -2.158E-02
#  3.500E+00 3.838E-03 3.601E-03 2.373E-04 9.382E-01 0.746E+00 7.377E-01  1.406E+00 -8.820E-03
#  3.750E+00 3.357E-03 3.271E-03 8.511E-05 9.746E-01 0.753E+00 6.452E-01  1.377E+00 -3.344E-03
#  4.000E+00 2.999E-03 2.898E-03 1.004E-04 9.665E-01 0.758E+00 5.764E-01  1.361E+00 -4.362E-03
#  4.500E+00 2.491E-03 2.258E-03 2.336E-04 9.062E-01 0.761E+00 4.788E-01  1.344E+00 -1.251E-02
#  5.000E+00 2.111E-03 1.918E-03 1.934E-04 9.084E-01 0.754E+00 4.058E-01  1.336E+00 -1.166E-02
#  5.500E+00 1.638E-03 1.478E-03 1.600E-04 9.023E-01 0.755E+00 3.148E-01  1.307E+00 -1.101E-02
#  6.000E+00 1.718E-03 7.826E-04 9.353E-04 4.556E-01 0.747E+00 3.302E-01  1.276E+00 -9.986E-02
#  6.200E+00 2.099E-03 1.249E-03 8.506E-04 5.948E-01 0.716E+00 4.035E-01  1.381E+00 -8.309E-02
#  6.500E+00 1.619E-03 1.208E-03 4.112E-04 7.460E-01 0.719E+00 3.112E-01  1.348E+00 -3.666E-02
#  7.200E+00 1.225E-03 9.210E-04 3.043E-04 7.517E-01 0.711E+00 2.355E-01  1.320E+00 -3.023E-02
#  7.900E+00 9.911E-04 7.028E-04 2.883E-04 7.091E-01 0.700E+00 1.905E-01  1.302E+00 -3.235E-02
#  8.200E+00 9.184E-04 6.302E-04 2.883E-04 6.861E-01 0.694E+00 1.765E-01  1.296E+00 -3.398E-02
#  8.500E+00 8.655E-04 5.746E-04 2.908E-04 6.639E-01 0.688E+00 1.664E-01  1.293E+00 -3.590E-02
#  8.700E+00 8.521E-04 5.579E-04 2.942E-04 6.547E-01 0.682E+00 1.638E-01  1.296E+00 -3.731E-02
#  9.000E+00 7.968E-04 5.026E-04 2.943E-04 6.307E-01 0.676E+00 1.532E-01  1.291E+00 -3.902E-02
#  9.200E+00 7.467E-04 4.520E-04 2.947E-04 6.053E-01 0.673E+00 1.435E-01  1.281E+00 -4.036E-02
#  9.500E+00 6.820E-04 3.863E-04 2.958E-04 5.663E-01 0.668E+00 1.311E-01  1.268E+00 -4.244E-02
#  9.800E+00 6.280E-04 3.252E-04 3.027E-04 5.179E-01 0.663E+00 1.207E-01  1.254E+00 -4.553E-02
#  1.000E+01 5.944E-04 2.845E-04 3.099E-04 4.786E-01 0.660E+00 1.143E-01  1.242E+00 -4.814E-02
#  1.060E+01 5.465E-04 1.786E-04 3.680E-04 3.267E-01 0.645E+00 1.051E-01  1.203E+00 -6.343E-02
#  1.100E+01 6.148E-04 1.323E-04 4.824E-04 2.153E-01 0.627E+00 1.182E-01  1.177E+00 -9.064E-02
#  1.150E+01 7.474E-04 1.092E-04 6.383E-04 1.461E-01 0.600E+00 1.437E-01  1.152E+00 -1.325E-01
#  1.250E+01 1.119E-03 1.385E-04 9.803E-04 1.238E-01 0.539E+00 2.150E-01  1.145E+00 -2.409E-01
#  1.300E+01 1.251E-03 1.616E-04 1.090E-03 1.291E-01 0.516E+00 2.405E-01  1.166E+00 -2.837E-01
#  1.400E+01 1.408E-03 1.987E-04 1.209E-03 1.411E-01 0.482E+00 2.706E-01  1.225E+00 -3.442E-01
#  1.480E+01 1.437E-03 2.126E-04 1.225E-03 1.479E-01 0.463E+00 2.763E-01  1.271E+00 -3.688E-01
#  1.500E+01 1.444E-03 2.164E-04 1.227E-03 1.499E-01 0.458E+00 2.775E-01  1.283E+00 -3.747E-01
#  1.640E+01 1.431E-03 2.298E-04 1.201E-03 1.606E-01 0.432E+00 2.750E-01  1.362E+00 -4.019E-01
#  1.720E+01 1.391E-03 2.355E-04 1.156E-03 1.693E-01 0.420E+00 2.674E-01  1.412E+00 -4.060E-01
#  1.800E+01 1.333E-03 2.328E-04 1.100E-03 1.746E-01 0.411E+00 2.562E-01  1.450E+00 -4.040E-01
#  1.850E+01 1.289E-03 2.278E-04 1.061E-03 1.768E-01 0.406E+00 2.477E-01  1.467E+00 -3.997E-01
#  2.000E+01 1.135E-03 2.037E-04 9.309E-04 1.795E-01 0.394E+00 2.181E-01  1.501E+00 -3.751E-01
#  2.130E+01 1.031E-03 1.799E-04 8.507E-04 1.745E-01 0.383E+00 1.981E-01  1.511E+00 -3.631E-01
#  2.250E+01 9.527E-04 1.633E-04 7.895E-04 1.714E-01 0.372E+00 1.831E-01  1.525E+00 -3.559E-01
#  2.500E+01 8.188E-04 1.335E-04 6.853E-04 1.630E-01 0.352E+00 1.574E-01  1.548E+00 -3.448E-01
#  2.790E+01 6.958E-04 1.053E-04 5.905E-04 1.514E-01 0.331E+00 1.337E-01  1.565E+00 -3.342E-01
#  3.000E+01 6.209E-04 8.736E-05 5.335E-04 1.407E-01 0.318E+00 1.193E-01  1.567E+00 -3.259E-01
#  3.500E+01 5.403E-04 5.631E-05 4.840E-04 1.042E-01 0.280E+00 1.039E-01  1.549E+00 -3.482E-01
#  4.000E+01 5.567E-04 4.127E-05 5.154E-04 7.413E-02 0.240E+00 1.070E-01  1.535E+00 -4.307E-01
#
# volume phase function [1/km]:
# -----------------------------
#
# sca.ang. | wavelengths --->
# ---------|------------------
#          | 2.500E-01 3.000E-01 3.500E-01 4.000E-01 4.500E-01 5.000E-01 5.500E-01 6.000E-01 6.500E-01 7.000E-01 7.500E-01 8.000E-01 9.000E-01 1.000E+00 1.250E+00 1.500E+00 1.750E+00 2.000E+00 2.500E+00 3.000E+00 3.200E+00 3.390E+00 3.500E+00 3.750E+00 4.000E+00 4.500E+00 5.000E+00 5.500E+00 6.000E+00 6.200E+00 6.500E+00 7.200E+00 7.900E+00 8.200E+00 8.500E+00 8.700E+00 9.000E+00 9.200E+00 9.500E+00 9.800E+00 1.000E+01 1.060E+01 1.100E+01 1.150E+01 1.250E+01 1.300E+01 1.400E+01 1.480E+01 1.500E+01 1.640E+01 1.720E+01 1.800E+01 1.850E+01 2.000E+01 2.130E+01 2.250E+01 2.500E+01 2.790E+01 3.000E+01 3.500E+01 4.000E+01
#
  0.000E+00  5.957E-01 4.184E-01 3.148E-01 2.440E-01 1.960E-01 1.607E-01 1.351E-01 1.160E-01 1.002E-01 8.788E-02 7.818E-02 6.994E-02 5.726E-02 4.800E-02 3.369E-02 2.546E-02 2.020E-02 1.646E-02 1.148E-02 5.336E-03 6.036E-03 6.316E-03 6.251E-03 5.638E-03 4.935E-03 3.692E-03 2.929E-03 2.239E-03 1.159E-03 1.501E-03 1.461E-03 1.077E-03 7.838E-04 6.864E-04 6.081E-04 5.738E-04 5.051E-04 4.517E-04 3.818E-04 3.180E-04 2.766E-04 1.686E-04 1.181E-04 8.850E-05 8.975E-05 9.608E-05 1.033E-04 1.023E-04 1.021E-04 9.706E-05 9.441E-05 8.934E-05 8.544E-05 7.238E-05 6.129E-05 5.355E-05 4.082E-05 3.009E-05 2.394E-05 1.398E-05 9.234E-06
  1.000E-01  5.859E-01 4.136E-01 3.121E-01 2.424E-01 1.950E-01 1.601E-01 1.346E-01 1.157E-01 9.996E-02 8.770E-02 7.804E-02 6.983E-02 5.719E-02 4.796E-02 3.367E-02 2.545E-02 2.020E-02 1.646E-02 1.148E-02 5.335E-03 6.035E-03 6.315E-03 6.251E-03 5.637E-03 4.934E-03 3.692E-03 2.929E-03 2.239E-03 1.159E-03 1.501E-03 1.461E-03 1.077E-03 7.838E-04 6.863E-04 6.080E-04 5.738E-04 5.051E-04 4.517E-04 3.818E-04 3.180E-04 2.765E-04 1.686E-04 1.181E-04 8.849E-05 8.975E-05 9.608E-05 1.033E-04 1.023E-04 1.021E-04 9.706E-05 9.441E-05 8.934E-05 8.544E-05 7.238E-05 6.129E-05 5.355E-05 4.082E-05 3.009E-05 2.394E-05 1.398E-05 9.234E-06
  2.000E-01  5.604E-01 4.005E-01 3.047E-01 2.379E-01 1.921E-01 1.582E-01 1.333E-01 1.147E-01 9.926E-02 8.717E-02 7.763E-02 6.951E-02 5.699E-02 4.782E-02 3.361E-02 2.542E-02 2.018E-02 1.645E-02 1.148E-02 5.333E-03 6.033E-03 6.314E-03 6.250E-03 5.636E-03 4.934E-03 3.691E-03 2.928E-03 2.239E-03 1.159E-03 1.501E-03 1.461E-03 1.077E-03 7.837E-04 6.863E-04 6.080E-04 5.738E-04 5.051E-04 4.517E-04 3.818E-04 3.179E-04 2.765E-04 1.686E-04 1.181E-04 8.849E-05 8.975E-05 9.607E-05 1.033E-04 1.022E-04 1.021E-04 9.706E-05 9.440E-05 8.934E-05 8.544E-05 7.238E-05 6.129E-05 5.355E-05 4.082E-05 3.009E-05 2.394E-05 1.398E-05 9.234E-06
  3.000E-01  5.258E-01 3.820E-01 2.939E-01 2.312E-01 1.877E-01 1.552E-01 1.312E-01 1.132E-01 9.813E-02 8.632E-02 7.697E-02 6.900E-02 5.666E-02 4.760E-02 3.351E-02 2.537E-02 2.015E-02 1.643E-02 1.147E-02 5.330E-03 6.031E-03 6.311E-03 6.248E-03 5.634E-03 4.932E-03 3.690E-03 2.928E-03 2.238E-03 1.159E-03 1.501E-03 1.461E-03 1.077E-03 7.836E-04 6.862E-04 6.079E-04 5.737E-04 5.050E-04 4.516E-04 3.817E-04 3.179E-04 2.765E-04 1.685E-04 1.181E-04 8.848E-05 8.974E-05 9.606E-05 1.033E-04 1.022E-04 1.021E-04 9.705E-05 9.440E-05 8.933E-05 8.544E-05 7.238E-05 6.128E-05 5.355E-05 4.082E-05 3.009E-05 2.394E-05 1.398E-05 9.234E-06
  4.000E-01  4.874E-01 3.605E-01 2.809E-01 2.230E-01 1.822E-01 1.514E-01 1.285E-01 1.113E-01 9.666E-02 8.519E-02 7.610E-02 6.831E-02 5.621E-02 4.729E-02 3.338E-02 2.531E-02 2.012E-02 1.641E-02 1.146E-02 5.326E-03 6.027E-03 6.308E-03 6.245E-03 5.632E-03 4.930E-03 3.689E-03 2.927E-03 2.238E-03 1.158E-03 1.500E-03 1.460E-03 1.077E-03 7.835E-04 6.861E-04 6.078E-04 5.736E-04 5.049E-04 4.515E-04 3.817E-04 3.178E-04 2.764E-04 1.685E-04 1.181E-04 8.846E-05 8.973E-05 9.605E-05 1.033E-04 1.022E-04 1.021E-04 9.705E-05 9.439E-05 8.933E-05 8.543E-05 7.237E-05 6.128E-05 5.354E-05 4.082E-05 3.009E-05 2.394E-05 1.398E-05 9.234E-06
  5.000E-01  4.483E-01 3.377E-01 2.667E-01 2.138E-01 1.760E-01 1.471E-01 1.254E-01 1.089E-01 9.489E-02 8.384E-02 7.503E-02 6.747E-02 5.566E-02 4.692E-02 3.322E-02 2.522E-02 2.007E-02 1.638E-02 1.144E-02 5.320E-03 6.022E-03 6.304E-03 6.241E-03 5.629E-03 4.928E-03 3.687E-03 2.926E-03 2.237E-03 1.158E-03 1.500E-03 1.460E-03 1.077E-03 7.833E-04 6.859E-04 6.077E-04 5.735E-04 5.048E-04 4.514E-04 3.816E-04 3.178E-04 2.764E-04 1.685E-04 1.180E-04 8.845E-05 8.971E-05 9.604E-05 1.033E-04 1.022E-04 1.021E-04 9.704E-05 9.439E-05 8.932E-05 8.543E-05 7.237E-05 6.128E-05 5.354E-05 4.082E-05 3.008E-05 2.394E-05 1.398E-05 9.234E-06
  6.000E-01  4.103E-01 3.149E-01 2.520E-01 2.041E-01 1.692E-01 1.423E-01 1.219E-01 1.063E-01 9.290E-02 8.229E-02 7.382E-02 6.650E-02 5.502E-02 4.648E-02 3.302E-02 2.512E-02 2.001E-02 1.634E-02 1.143E-02 5.313E-03 6.016E-03 6.299E-03 6.236E-03 5.625E-03 4.925E-03 3.685E-03 2.924E-03 2.236E-03 1.157E-03 1.499E-03 1.460E-03 1.076E-03 7.831E-04 6.857E-04 6.075E-04 5.733E-04 5.047E-04 4.513E-04 3.815E-04 3.177E-04 2.763E-04 1.684E-04 1.180E-04 8.843E-05 8.970E-05 9.603E-05 1.033E-04 1.022E-04 1.021E-04 9.703E-05 9.438E-05 8.932E-05 8.542E-05 7.236E-05 6.127E-05 5.354E-05 4.081E-05 3.008E-05 2.393E-05 1.398E-05 9.233E-06
  7.000E-01  3.745E-01 2.926E-01 2.373E-01 1.942E-01 1.622E-01 1.373E-01 1.182E-01 1.035E-01 9.074E-02 8.061E-02 7.248E-02 6.542E-02 5.431E-02 4.598E-02 3.279E-02 2.500E-02 1.994E-02 1.630E-02 1.141E-02 5.304E-03 6.008E-03 6.292E-03 6.230E-03 5.621E-03 4.921E-03 3.683E-03 2.923E-03 2.235E-03 1.157E-03 1.499E-03 1.459E-03 1.076E-03 7.828E-04 6.855E-04 6.073E-04 5.731E-04 5.045E-04 4.512E-04 3.814E-04 3.176E-04 2.762E-04 1.684E-04 1.180E-04 8.840E-05 8.968E-05 9.601E-05 1.033E-04 1.022E-04 1.021E-04 9.702E-05 9.437E-05 8.931E-05 8.541E-05 7.236E-05 6.127E-05 5.353E-05 4.081E-05 3.008E-05 2.393E-05 1.398E-05 9.233E-06
  8.000E-01  3.413E-01 2.713E-01 2.229E-01 1.843E-01 1.551E-01 1.321E-01 1.143E-01 1.005E-01 8.845E-02 7.881E-02 7.104E-02 6.426E-02 5.353E-02 4.544E-02 3.254E-02 2.487E-02 1.987E-02 1.626E-02 1.139E-02 5.295E-03 6.000E-03 6.285E-03 6.224E-03 5.615E-03 4.917E-03 3.680E-03 2.921E-03 2.233E-03 1.156E-03 1.498E-03 1.458E-03 1.075E-03 7.825E-04 6.852E-04 6.071E-04 5.729E-04 5.044E-04 4.510E-04 3.812E-04 3.175E-04 2.761E-04 1.683E-04 1.179E-04 8.837E-05 8.966E-05 9.599E-05 1.032E-04 1.022E-04 1.021E-04 9.701E-05 9.436E-05 8.930E-05 8.540E-05 7.235E-05 6.126E-05 5.353E-05 4.081E-05 3.008E-05 2.393E-05 1.398E-05 9.232E-06
  9.000E-01  3.108E-01 2.512E-01 2.090E-01 1.745E-01 1.480E-01 1.269E-01 1.104E-01 9.749E-02 8.608E-02 7.694E-02 6.952E-02 6.304E-02 5.270E-02 4.485E-02 3.227E-02 2.473E-02 1.978E-02 1.620E-02 1.136E-02 5.284E-03 5.991E-03 6.277E-03 6.217E-03 5.610E-03 4.912E-03 3.677E-03 2.919E-03 2.232E-03 1.155E-03 1.497E-03 1.457E-03 1.075E-03 7.821E-04 6.849E-04 6.068E-04 5.727E-04 5.042E-04 4.508E-04 3.811E-04 3.174E-04 2.760E-04 1.682E-04 1.179E-04 8.834E-05 8.963E-05 9.596E-05 1.032E-04 1.022E-04 1.020E-04 9.699E-05 9.434E-05 8.928E-05 8.539E-05 7.234E-05 6.126E-05 5.352E-05 4.080E-05 3.008E-05 2.393E-05 1.397E-05 9.232E-06
  1.000E+00  2.831E-01 2.325E-01 1.958E-01 1.651E-01 1.411E-01 1.217E-01 1.065E-01 9.441E-02 8.366E-02 7.500E-02 6.795E-02 6.176E-02 5.183E-02 4.423E-02 3.197E-02 2.457E-02 1.969E-02 1.614E-02 1.133E-02 5.272E-03 5.981E-03 6.269E-03 6.209E-03 5.603E-03 4.907E-03 3.674E-03 2.917E-03 2.230E-03 1.154E-03 1.496E-03 1.457E-03 1.074E-03 7.817E-04 6.846E-04 6.065E-04 5.724E-04 5.039E-04 4.506E-04 3.809E-04 3.172E-04 2.759E-04 1.682E-04 1.178E-04 8.831E-05 8.960E-05 9.593E-05 1.032E-04 1.021E-04 1.020E-04 9.697E-05 9.433E-05 8.927E-05 8.538E-05 7.233E-05 6.125E-05 5.352E-05 4.080E-05 3.007E-05 2.393E-05 1.397E-05 9.231E-06
  1.100E+00  2.579E-01 2.151E-01 1.833E-01 1.560E-01 1.343E-01 1.166E-01 1.025E-01 9.131E-02 8.121E-02 7.304E-02 6.635E-02 6.045E-02 5.092E-02 4.358E-02 3.166E-02 2.441E-02 1.959E-02 1.608E-02 1.130E-02 5.259E-03 5.970E-03 6.259E-03 6.200E-03 5.596E-03 4.901E-03 3.670E-03 2.914E-03 2.228E-03 1.153E-03 1.495E-03 1.456E-03 1.074E-03 7.813E-04 6.842E-04 6.062E-04 5.721E-04 5.037E-04 4.504E-04 3.807E-04 3.171E-04 2.758E-04 1.681E-04 1.178E-04 8.827E-05 8.957E-05 9.590E-05 1.032E-04 1.021E-04 1.020E-04 9.696E-05 9.431E-05 8.926E-05 8.537E-05 7.232E-05 6.124E-05 5.351E-05 4.080E-05 3.007E-05 2.393E-05 1.397E-05 9.231E-06
  1.200E+00  2.351E-01 1.990E-01 1.715E-01 1.474E-01 1.277E-01 1.117E-01 9.867E-02 8.823E-02 7.876E-02 7.106E-02 6.472E-02 5.911E-02 4.999E-02 4.291E-02 3.133E-02 2.423E-02 1.948E-02 1.601E-02 1.127E-02 5.245E-03 5.957E-03 6.249E-03 6.190E-03 5.588E-03 4.895E-03 3.666E-03 2.911E-03 2.226E-03 1.152E-03 1.494E-03 1.455E-03 1.073E-03 7.808E-04 6.838E-04 6.059E-04 5.718E-04 5.034E-04 4.502E-04 3.805E-04 3.169E-04 2.756E-04 1.680E-04 1.177E-04 8.822E-05 8.954E-05 9.587E-05 1.031E-04 1.021E-04 1.020E-04 9.694E-05 9.429E-05 8.924E-05 8.535E-05 7.231E-05 6.123E-05 5.350E-05 4.079E-05 3.007E-05 2.392E-05 1.397E-05 9.230E-06
  1.300E+00  2.145E-01 1.842E-01 1.605E-01 1.391E-01 1.214E-01 1.068E-01 9.487E-02 8.518E-02 7.632E-02 6.908E-02 6.308E-02 5.775E-02 4.904E-02 4.222E-02 3.099E-02 2.404E-02 1.937E-02 1.594E-02 1.124E-02 5.230E-03 5.944E-03 6.237E-03 6.180E-03 5.580E-03 4.889E-03 3.662E-03 2.908E-03 2.224E-03 1.151E-03 1.493E-03 1.454E-03 1.072E-03 7.803E-04 6.833E-04 6.055E-04 5.714E-04 5.031E-04 4.499E-04 3.803E-04 3.167E-04 2.754E-04 1.679E-04 1.176E-04 8.818E-05 8.950E-05 9.584E-05 1.031E-04 1.021E-04 1.019E-04 9.691E-05 9.427E-05 8.922E-05 8.533E-05 7.230E-05 6.122E-05 5.350E-05 4.079E-05 3.006E-05 2.392E-05 1.397E-05 9.229E-06
  1.400E+00  1.960E-01 1.706E-01 1.501E-01 1.313E-01 1.153E-01 1.022E-01 9.117E-02 8.219E-02 7.391E-02 6.711E-02 6.144E-02 5.639E-02 4.808E-02 4.151E-02 3.064E-02 2.385E-02 1.925E-02 1.587E-02 1.120E-02 5.213E-03 5.930E-03 6.225E-03 6.169E-03 5.571E-03 4.881E-03 3.657E-03 2.905E-03 2.222E-03 1.150E-03 1.491E-03 1.452E-03 1.071E-03 7.797E-04 6.829E-04 6.051E-04 5.711E-04 5.028E-04 4.496E-04 3.801E-04 3.165E-04 2.753E-04 1.678E-04 1.176E-04 8.812E-05 8.946E-05 9.580E-05 1.031E-04 1.020E-04 1.019E-04 9.689E-05 9.425E-05 8.920E-05 8.532E-05 7.228E-05 6.121E-05 5.349E-05 4.078E-05 3.006E-05 2.392E-05 1.397E-05 9.228E-06
  1.500E+00  1.792E-01 1.581E-01 1.405E-01 1.239E-01 1.096E-01 9.767E-02 8.757E-02 7.926E-02 7.154E-02 6.516E-02 5.981E-02 5.502E-02 4.711E-02 4.080E-02 3.028E-02 2.365E-02 1.913E-02 1.579E-02 1.116E-02 5.196E-03 5.915E-03 6.213E-03 6.157E-03 5.562E-03 4.874E-03 3.652E-03 2.901E-03 2.219E-03 1.148E-03 1.490E-03 1.451E-03 1.071E-03 7.791E-04 6.823E-04 6.046E-04 5.707E-04 5.024E-04 4.493E-04 3.798E-04 3.163E-04 2.751E-04 1.677E-04 1.175E-04 8.807E-05 8.942E-05 9.576E-05 1.030E-04 1.020E-04 1.019E-04 9.686E-05 9.423E-05 8.918E-05 8.530E-05 7.227E-05 6.120E-05 5.348E-05 4.077E-05 3.006E-05 2.391E-05 1.397E-05 9.227E-06
  1.600E+00  1.641E-01 1.466E-01 1.315E-01 1.170E-01 1.041E-01 9.335E-02 8.408E-02 7.640E-02 6.922E-02 6.324E-02 5.819E-02 5.367E-02 4.614E-02 4.008E-02 2.991E-02 2.344E-02 1.900E-02 1.570E-02 1.112E-02 5.178E-03 5.900E-03 6.199E-03 6.145E-03 5.551E-03 4.866E-03 3.646E-03 2.897E-03 2.217E-03 1.147E-03 1.488E-03 1.450E-03 1.070E-03 7.785E-04 6.818E-04 6.041E-04 5.702E-04 5.021E-04 4.490E-04 3.795E-04 3.161E-04 2.749E-04 1.675E-04 1.174E-04 8.801E-05 8.937E-05 9.571E-05 1.030E-04 1.020E-04 1.019E-04 9.684E-05 9.420E-05 8.916E-05 8.528E-05 7.226E-05 6.119E-05 5.347E-05 4.077E-05 3.005E-05 2.391E-05 1.396E-05 9.226E-06
  1.700E+00  1.504E-01 1.360E-01 1.232E-01 1.105E-01 9.890E-02 8.921E-02 8.072E-02 7.362E-02 6.695E-02 6.136E-02 5.659E-02 5.232E-02 4.517E-02 3.935E-02 2.953E-02 2.323E-02 1.887E-02 1.562E-02 1.108E-02 5.159E-03 5.883E-03 6.185E-03 6.132E-03 5.541E-03 4.857E-03 3.641E-03 2.894E-03 2.214E-03 1.145E-03 1.487E-03 1.448E-03 1.069E-03 7.778E-04 6.812E-04 6.036E-04 5.698E-04 5.017E-04 4.486E-04 3.792E-04 3.158E-04 2.747E-04 1.674E-04 1.173E-04 8.795E-05 8.932E-05 9.567E-05 1.030E-04 1.019E-04 1.018E-04 9.681E-05 9.418E-05 8.914E-05 8.526E-05 7.224E-05 6.118E-05 5.346E-05 4.076E-05 3.005E-05 2.391E-05 1.396E-05 9.225E-06
  1.800E+00  1.381E-01 1.263E-01 1.155E-01 1.043E-01 9.397E-02 8.525E-02 7.748E-02 7.093E-02 6.474E-02 5.951E-02 5.502E-02 5.099E-02 4.420E-02 3.862E-02 2.915E-02 2.301E-02 1.874E-02 1.553E-02 1.103E-02 5.140E-03 5.866E-03 6.170E-03 6.118E-03 5.530E-03 4.848E-03 3.635E-03 2.889E-03 2.211E-03 1.144E-03 1.485E-03 1.447E-03 1.067E-03 7.771E-04 6.806E-04 6.031E-04 5.693E-04 5.013E-04 4.483E-04 3.789E-04 3.156E-04 2.744E-04 1.673E-04 1.172E-04 8.789E-05 8.927E-05 9.562E-05 1.029E-04 1.019E-04 1.018E-04 9.678E-05 9.415E-05 8.912E-05 8.524E-05 7.222E-05 6.116E-05 5.345E-05 4.075E-05 3.004E-05 2.390E-05 1.396E-05 9.224E-06
  1.900E+00  1.269E-01 1.175E-01 1.083E-01 9.854E-02 8.930E-02 8.147E-02 7.437E-02 6.833E-02 6.260E-02 5.771E-02 5.348E-02 4.968E-02 4.324E-02 3.790E-02 2.876E-02 2.279E-02 1.860E-02 1.544E-02 1.098E-02 5.119E-03 5.848E-03 6.154E-03 6.104E-03 5.518E-03 4.838E-03 3.628E-03 2.885E-03 2.208E-03 1.142E-03 1.483E-03 1.445E-03 1.066E-03 7.763E-04 6.799E-04 6.026E-04 5.688E-04 5.008E-04 4.479E-04 3.786E-04 3.153E-04 2.742E-04 1.671E-04 1.171E-04 8.782E-05 8.922E-05 9.556E-05 1.029E-04 1.018E-04 1.017E-04 9.674E-05 9.412E-05 8.909E-05 8.521E-05 7.220E-05 6.115E-05 5.343E-05 4.074E-05 3.004E-05 2.390E-05 1.396E-05 9.223E-06
  2.000E+00  1.168E-01 1.093E-01 1.016E-01 9.313E-02 8.490E-02 7.787E-02 7.138E-02 6.581E-02 6.051E-02 5.595E-02 5.197E-02 4.839E-02 4.229E-02 3.718E-02 2.837E-02 2.256E-02 1.845E-02 1.534E-02 1.094E-02 5.098E-03 5.829E-03 6.138E-03 6.089E-03 5.506E-03 4.828E-03 3.622E-03 2.880E-03 2.204E-03 1.140E-03 1.482E-03 1.443E-03 1.065E-03 7.755E-04 6.793E-04 6.020E-04 5.682E-04 5.004E-04 4.475E-04 3.782E-04 3.150E-04 2.740E-04 1.670E-04 1.170E-04 8.774E-05 8.916E-05 9.551E-05 1.028E-04 1.018E-04 1.017E-04 9.671E-05 9.409E-05 8.906E-05 8.519E-05 7.218E-05 6.113E-05 5.342E-05 4.074E-05 3.003E-05 2.390E-05 1.396E-05 9.222E-06
  3.000E+00  5.486E-02 5.612E-02 5.574E-02 5.447E-02 5.233E-02 5.020E-02 4.779E-02 4.537E-02 4.321E-02 4.102E-02 3.886E-02 3.700E-02 3.358E-02 3.039E-02 2.451E-02 2.021E-02 1.692E-02 1.430E-02 1.038E-02 4.849E-03 5.609E-03 5.944E-03 5.910E-03 5.358E-03 4.708E-03 3.541E-03 2.823E-03 2.163E-03 1.118E-03 1.458E-03 1.422E-03 1.051E-03 7.654E-04 6.707E-04 5.946E-04 5.615E-04 4.946E-04 4.423E-04 3.739E-04 3.114E-04 2.708E-04 1.650E-04 1.157E-04 8.683E-05 8.844E-05 9.482E-05 1.022E-04 1.012E-04 1.012E-04 9.627E-05 9.370E-05 8.872E-05 8.487E-05 7.194E-05 6.094E-05 5.326E-05 4.063E-05 2.996E-05 2.384E-05 1.393E-05 9.206E-06
  4.000E+00  2.906E-02 3.169E-02 3.285E-02 3.380E-02 3.383E-02 3.349E-02 3.291E-02 3.196E-02 3.135E-02 3.041E-02 2.931E-02 2.841E-02 2.664E-02 2.478E-02 2.099E-02 1.790E-02 1.535E-02 1.317E-02 9.750E-03 4.559E-03 5.345E-03 5.709E-03 5.691E-03 5.175E-03 4.557E-03 3.438E-03 2.750E-03 2.110E-03 1.089E-03 1.428E-03 1.394E-03 1.031E-03 7.519E-04 6.591E-04 5.847E-04 5.524E-04 4.868E-04 4.353E-04 3.680E-04 3.065E-04 2.665E-04 1.624E-04 1.139E-04 8.559E-05 8.745E-05 9.387E-05 1.013E-04 1.005E-04 1.004E-04 9.567E-05 9.316E-05 8.824E-05 8.443E-05 7.160E-05 6.067E-05 5.305E-05 4.048E-05 2.986E-05 2.377E-05 1.389E-05 9.185E-06
  5.000E+00  1.705E-02 1.947E-02 2.082E-02 2.218E-02 2.286E-02 2.321E-02 2.342E-02 2.319E-02 2.323E-02 2.296E-02 2.250E-02 2.213E-02 2.134E-02 2.033E-02 1.799E-02 1.580E-02 1.385E-02 1.205E-02 9.082E-03 4.251E-03 5.059E-03 5.448E-03 5.446E-03 4.967E-03 4.384E-03 3.319E-03 2.663E-03 2.046E-03 1.055E-03 1.392E-03 1.360E-03 1.007E-03 7.355E-04 6.451E-04 5.725E-04 5.413E-04 4.772E-04 4.267E-04 3.608E-04 3.005E-04 2.613E-04 1.592E-04 1.117E-04 8.407E-05 8.623E-05 9.269E-05 1.003E-04 9.953E-05 9.948E-05 9.491E-05 9.248E-05 8.764E-05 8.388E-05 7.118E-05 6.034E-05 5.277E-05 4.029E-05 2.974E-05 2.368E-05 1.384E-05 9.157E-06
  6.000E+00  1.109E-02 1.281E-02 1.414E-02 1.526E-02 1.612E-02 1.671E-02 1.717E-02 1.736E-02 1.763E-02 1.768E-02 1.762E-02 1.755E-02 1.730E-02 1.685E-02 1.547E-02 1.394E-02 1.246E-02 1.099E-02 8.414E-03 3.941E-03 4.764E-03 5.174E-03 5.188E-03 4.745E-03 4.197E-03 3.188E-03 2.567E-03 1.975E-03 1.016E-03 1.351E-03 1.321E-03 9.800E-04 7.166E-04 6.288E-04 5.585E-04 5.285E-04 4.661E-04 4.168E-04 3.524E-04 2.935E-04 2.552E-04 1.554E-04 1.092E-04 8.231E-05 8.481E-05 9.130E-05 9.898E-05 9.839E-05 9.837E-05 9.401E-05 9.167E-05 8.692E-05 8.322E-05 7.066E-05 5.993E-05 5.243E-05 4.006E-05 2.958E-05 2.356E-05 1.379E-05 9.123E-06
  8.000E+00  5.902E-03 6.736E-03 7.664E-03 8.335E-03 8.993E-03 9.623E-03 1.013E-02 1.060E-02 1.091E-02 1.119E-02 1.145E-02 1.164E-02 1.186E-02 1.195E-02 1.165E-02 1.092E-02 1.009E-02 9.094E-03 7.140E-03 3.347E-03 4.181E-03 4.621E-03 4.658E-03 4.284E-03 3.803E-03 2.907E-03 2.358E-03 1.817E-03 9.326E-04 1.259E-03 1.234E-03 9.181E-04 6.733E-04 5.916E-04 5.263E-04 4.988E-04 4.404E-04 3.939E-04 3.331E-04 2.774E-04 2.412E-04 1.468E-04 1.033E-04 7.823E-05 8.144E-05 8.800E-05 9.593E-05 9.564E-05 9.568E-05 9.180E-05 8.967E-05 8.515E-05 8.158E-05 6.939E-05 5.892E-05 5.160E-05 3.949E-05 2.920E-05 2.328E-05 1.364E-05 9.038E-06
  1.000E+01  3.830E-03 4.412E-03 4.882E-03 5.369E-03 5.801E-03 6.306E-03 6.689E-03 7.081E-03 7.387E-03 7.679E-03 7.967E-03 8.227E-03 8.566E-03 8.811E-03 8.963E-03 8.662E-03 8.205E-03 7.517E-03 6.002E-03 2.820E-03 3.641E-03 4.091E-03 4.143E-03 3.827E-03 3.408E-03 2.618E-03 2.138E-03 1.651E-03 8.452E-04 1.161E-03 1.140E-03 8.502E-04 6.253E-04 5.502E-04 4.904E-04 4.656E-04 4.116E-04 3.682E-04 3.114E-04 2.594E-04 2.254E-04 1.373E-04 9.679E-05 7.365E-05 7.757E-05 8.418E-05 9.233E-05 9.237E-05 9.249E-05 8.914E-05 8.726E-05 8.300E-05 7.959E-05 6.784E-05 5.768E-05 5.057E-05 3.878E-05 2.873E-05 2.292E-05 1.346E-05 8.931E-06
  1.200E+01  2.857E-03 3.237E-03 3.542E-03 3.853E-03 4.165E-03 4.528E-03 4.817E-03 5.114E-03 5.381E-03 5.631E-03 5.872E-03 6.124E-03 6.468E-03 6.733E-03 7.043E-03 6.964E-03 6.707E-03 6.223E-03 5.015E-03 2.366E-03 3.158E-03 3.603E-03 3.663E-03 3.395E-03 3.029E-03 2.338E-03 1.921E-03 1.485E-03 7.590E-04 1.061E-03 1.043E-03 7.800E-04 5.755E-04 5.071E-04 4.528E-04 4.307E-04 3.813E-04 3.411E-04 2.886E-04 2.404E-04 2.089E-04 1.272E-04 8.996E-05 6.882E-05 7.339E-05 8.001E-05 8.835E-05 8.872E-05 8.891E-05 8.612E-05 8.451E-05 8.053E-05 7.730E-05 6.604E-05 5.624E-05 4.938E-05 3.795E-05 2.817E-05 2.250E-05 1.324E-05 8.803E-06
  1.400E+01  2.358E-03 2.564E-03 2.801E-03 2.990E-03 3.227E-03 3.471E-03 3.695E-03 3.931E-03 4.155E-03 4.355E-03 4.541E-03 4.746E-03 5.045E-03 5.293E-03 5.638E-03 5.662E-03 5.512E-03 5.162E-03 4.174E-03 1.984E-03 2.734E-03 3.163E-03 3.226E-03 2.995E-03 2.677E-03 2.073E-03 1.714E-03 1.325E-03 6.771E-04 9.633E-04 9.475E-04 7.103E-04 5.257E-04 4.639E-04 4.150E-04 3.956E-04 3.507E-04 3.137E-04 2.655E-04 2.212E-04 1.923E-04 1.172E-04 8.310E-05 6.393E-05 6.906E-05 7.564E-05 8.412E-05 8.481E-05 8.507E-05 8.284E-05 8.150E-05 7.782E-05 7.478E-05 6.405E-05 5.463E-05 4.804E-05 3.702E-05 2.754E-05 2.202E-05 1.299E-05 8.656E-06
  1.600E+01  1.992E-03 2.171E-03 2.293E-03 2.451E-03 2.617E-03 2.804E-03 2.976E-03 3.152E-03 3.326E-03 3.484E-03 3.639E-03 3.799E-03 4.045E-03 4.257E-03 4.581E-03 4.644E-03 4.553E-03 4.291E-03 3.467E-03 1.665E-03 2.367E-03 2.771E-03 2.832E-03 2.632E-03 2.354E-03 1.829E-03 1.520E-03 1.175E-03 6.011E-04 8.704E-04 8.560E-04 6.431E-04 4.774E-04 4.219E-04 3.782E-04 3.613E-04 3.207E-04 2.870E-04 2.429E-04 2.025E-04 1.760E-04 1.074E-04 7.638E-05 5.910E-05 6.468E-05 7.119E-05 7.974E-05 8.073E-05 8.106E-05 7.938E-05 7.830E-05 7.493E-05 7.208E-05 6.190E-05 5.289E-05 4.658E-05 3.599E-05 2.685E-05 2.150E-05 1.271E-05 8.491E-06
  1.800E+01  1.748E-03 1.849E-03 1.955E-03 2.086E-03 2.209E-03 2.330E-03 2.463E-03 2.613E-03 2.739E-03 2.862E-03 2.996E-03 3.109E-03 3.312E-03 3.488E-03 3.768E-03 3.836E-03 3.778E-03 3.573E-03 2.877E-03 1.400E-03 2.049E-03 2.425E-03 2.483E-03 2.306E-03 2.063E-03 1.607E-03 1.342E-03 1.038E-03 5.318E-04 7.833E-04 7.699E-04 5.795E-04 4.315E-04 3.820E-04 3.431E-04 3.284E-04 2.920E-04 2.613E-04 2.213E-04 1.845E-04 1.604E-04 9.797E-05 6.994E-05 5.444E-05 6.036E-05 6.675E-05 7.532E-05 7.657E-05 7.696E-05 7.580E-05 7.497E-05 7.190E-05 6.925E-05 5.963E-05 5.106E-05 4.504E-05 3.490E-05 2.610E-05 2.093E-05 1.241E-05 8.311E-06
  2.000E+01  1.562E-03 1.598E-03 1.718E-03 1.780E-03 1.895E-03 1.964E-03 2.071E-03 2.220E-03 2.300E-03 2.397E-03 2.511E-03 2.591E-03 2.744E-03 2.901E-03 3.131E-03 3.188E-03 3.148E-03 2.982E-03 2.386E-03 1.179E-03 1.776E-03 2.120E-03 2.173E-03 2.016E-03 1.804E-03 1.408E-03 1.182E-03 9.133E-04 4.693E-04 7.028E-04 6.900E-04 5.203E-04 3.886E-04 3.446E-04 3.101E-04 2.974E-04 2.649E-04 2.371E-04 2.009E-04 1.676E-04 1.457E-04 8.914E-05 6.386E-05 5.000E-05 5.615E-05 6.239E-05 7.092E-05 7.240E-05 7.284E-05 7.216E-05 7.157E-05 6.880E-05 6.634E-05 5.729E-05 4.914E-05 4.342E-05 3.375E-05 2.531E-05 2.032E-05 1.209E-05 8.118E-06
  2.200E+01  1.381E-03 1.422E-03 1.496E-03 1.550E-03 1.624E-03 1.704E-03 1.783E-03 1.887E-03 1.954E-03 2.031E-03 2.115E-03 2.191E-03 2.310E-03 2.435E-03 2.615E-03 2.664E-03 2.631E-03 2.495E-03 1.981E-03 9.961E-04 1.542E-03 1.854E-03 1.900E-03 1.760E-03 1.574E-03 1.231E-03 1.038E-03 8.019E-04 4.136E-04 6.292E-04 6.168E-04 4.659E-04 3.491E-04 3.100E-04 2.795E-04 2.687E-04 2.396E-04 2.145E-04 1.819E-04 1.518E-04 1.321E-04 8.092E-05 5.818E-05 4.581E-05 5.210E-05 5.816E-05 6.659E-05 6.827E-05 6.875E-05 6.851E-05 6.814E-05 6.565E-05 6.338E-05 5.489E-05 4.718E-05 4.176E-05 3.256E-05 2.448E-05 1.969E-05 1.175E-05 7.913E-06
  2.400E+01  1.217E-03 1.263E-03 1.306E-03 1.370E-03 1.431E-03 1.488E-03 1.558E-03 1.614E-03 1.685E-03 1.745E-03 1.803E-03 1.863E-03 1.966E-03 2.054E-03 2.195E-03 2.238E-03 2.205E-03 2.092E-03 1.647E-03 8.438E-04 1.340E-03 1.621E-03 1.661E-03 1.536E-03 1.373E-03 1.076E-03 9.105E-04 7.029E-04 3.641E-04 5.623E-04 5.503E-04 4.164E-04 3.129E-04 2.783E-04 2.515E-04 2.421E-04 2.163E-04 1.937E-04 1.643E-04 1.373E-04 1.194E-04 7.333E-05 5.291E-05 4.190E-05 4.824E-05 5.411E-05 6.239E-05 6.422E-05 6.474E-05 6.489E-05 6.472E-05 6.250E-05 6.042E-05 5.247E-05 4.519E-05 4.007E-05 3.134E-05 2.363E-05 1.904E-05 1.140E-05 7.699E-06
  2.600E+01  1.093E-03 1.112E-03 1.159E-03 1.211E-03 1.253E-03 1.300E-03 1.357E-03 1.402E-03 1.454E-03 1.502E-03 1.554E-03 1.595E-03 1.678E-03 1.745E-03 1.854E-03 1.887E-03 1.854E-03 1.759E-03 1.371E-03 7.170E-04 1.167E-03 1.418E-03 1.452E-03 1.339E-03 1.196E-03 9.387E-04 7.977E-04 6.156E-04 3.204E-04 5.020E-04 4.903E-04 3.715E-04 2.801E-04 2.495E-04 2.259E-04 2.179E-04 1.949E-04 1.746E-04 1.483E-04 1.240E-04 1.079E-04 6.637E-05 4.806E-05 3.827E-05 4.459E-05 5.024E-05 5.833E-05 6.030E-05 6.084E-05 6.133E-05 6.135E-05 5.938E-05 5.747E-05 5.005E-05 4.319E-05 3.837E-05 3.010E-05 2.276E-05 1.837E-05 1.103E-05 7.477E-06
  2.800E+01  9.496E-04 1.000E-03 1.018E-03 1.073E-03 1.097E-03 1.144E-03 1.195E-03 1.220E-03 1.266E-03 1.304E-03 1.341E-03 1.372E-03 1.440E-03 1.489E-03 1.573E-03 1.597E-03 1.564E-03 1.482E-03 1.145E-03 6.111E-04 1.018E-03 1.241E-03 1.270E-03 1.168E-03 1.042E-03 8.191E-04 6.987E-04 5.389E-04 2.820E-04 4.478E-04 4.364E-04 3.312E-04 2.505E-04 2.235E-04 2.027E-04 1.959E-04 1.755E-04 1.573E-04 1.336E-04 1.118E-04 9.736E-05 6.003E-05 4.362E-05 3.492E-05 4.116E-05 4.658E-05 5.445E-05 5.651E-05 5.708E-05 5.786E-05 5.804E-05 5.631E-05 5.456E-05 4.765E-05 4.120E-05 3.667E-05 2.886E-05 2.189E-05 1.769E-05 1.066E-05 7.248E-06
  3.000E+01  8.477E-04 8.715E-04 9.125E-04 9.355E-04 9.775E-04 9.924E-04 1.036E-03 1.074E-03 1.107E-03 1.138E-03 1.164E-03 1.184E-03 1.236E-03 1.280E-03 1.343E-03 1.355E-03 1.324E-03 1.253E-03 9.585E-04 5.225E-04 8.892E-04 1.087E-03 1.111E-03 1.018E-03 9.081E-04 7.148E-04 6.119E-04 4.718E-04 2.482E-04 3.993E-04 3.882E-04 2.951E-04 2.238E-04 2.000E-04 1.817E-04 1.760E-04 1.579E-04 1.416E-04 1.204E-04 1.008E-04 8.781E-05 5.426E-05 3.956E-05 3.184E-05 3.795E-05 4.313E-05 5.076E-05 5.288E-05 5.346E-05 5.450E-05 5.482E-05 5.330E-05 5.171E-05 4.529E-05 3.924E-05 3.498E-05 2.762E-05 2.101E-05 1.701E-05 1.029E-05 7.015E-06
  3.200E+01  7.668E-04 7.758E-04 8.120E-04 8.177E-04 8.579E-04 8.780E-04 9.062E-04 9.363E-04 9.609E-04 9.860E-04 1.014E-03 1.033E-03 1.068E-03 1.104E-03 1.148E-03 1.154E-03 1.125E-03 1.061E-03 8.049E-04 4.481E-04 7.784E-04 9.533E-04 9.728E-04 8.889E-04 7.919E-04 6.242E-04 5.361E-04 4.133E-04 2.186E-04 3.560E-04 3.453E-04 2.629E-04 2.000E-04 1.790E-04 1.629E-04 1.580E-04 1.420E-04 1.274E-04 1.084E-04 9.083E-05 7.917E-05 4.903E-05 3.587E-05 2.902E-05 3.496E-05 3.990E-05 4.726E-05 4.943E-05 5.001E-05 5.127E-05 5.170E-05 5.038E-05 4.893E-05 4.297E-05 3.731E-05 3.332E-05 2.639E-05 2.013E-05 1.633E-05 9.908E-06 6.780E-06
  3.400E+01  6.700E-04 7.013E-04 7.095E-04 7.366E-04 7.547E-04 7.808E-04 8.048E-04 8.187E-04 8.404E-04 8.607E-04 8.834E-04 8.980E-04 9.300E-04 9.523E-04 9.840E-04 9.868E-04 9.577E-04 9.026E-04 6.782E-04 3.855E-04 6.827E-04 8.369E-04 8.526E-04 7.767E-04 6.912E-04 5.455E-04 4.700E-04 3.623E-04 1.927E-04 3.174E-04 3.072E-04 2.342E-04 1.787E-04 1.602E-04 1.460E-04 1.419E-04 1.276E-04 1.146E-04 9.756E-05 8.184E-05 7.137E-05 4.430E-05 3.252E-05 2.644E-05 3.219E-05 3.688E-05 4.395E-05 4.615E-05 4.674E-05 4.816E-05 4.870E-05 4.756E-05 4.624E-05 4.072E-05 3.542E-05 3.169E-05 2.517E-05 1.926E-05 1.565E-05 9.529E-06 6.543E-06
  3.600E+01  5.991E-04 6.180E-04 6.316E-04 6.482E-04 6.653E-04 6.884E-04 7.094E-04 7.211E-04 7.388E-04 7.555E-04 7.677E-04 7.836E-04 8.091E-04 8.242E-04 8.469E-04 8.473E-04 8.181E-04 7.701E-04 5.735E-04 3.327E-04 6.000E-04 7.357E-04 7.482E-04 6.795E-04 6.040E-04 4.773E-04 4.124E-04 3.179E-04 1.700E-04 2.831E-04 2.733E-04 2.087E-04 1.597E-04 1.433E-04 1.309E-04 1.274E-04 1.148E-04 1.030E-04 8.783E-05 7.374E-05 6.434E-05 4.003E-05 2.948E-05 2.408E-05 2.962E-05 3.406E-05 4.085E-05 4.304E-05 4.363E-05 4.520E-05 4.582E-05 4.484E-05 4.365E-05 3.854E-05 3.359E-05 3.010E-05 2.398E-05 1.840E-05 1.498E-05 9.152E-06 6.305E-06
  3.800E+01  5.324E-04 5.484E-04 5.559E-04 5.774E-04 5.932E-04 6.086E-04 6.260E-04 6.313E-04 6.538E-04 6.673E-04 6.723E-04 6.824E-04 7.048E-04 7.147E-04 7.312E-04 7.295E-04 7.013E-04 6.592E-04 4.866E-04 2.880E-04 5.283E-04 6.477E-04 6.574E-04 5.952E-04 5.286E-04 4.181E-04 3.623E-04 2.792E-04 1.502E-04 2.527E-04 2.433E-04 1.861E-04 1.428E-04 1.283E-04 1.174E-04 1.144E-04 1.032E-04 9.271E-05 7.909E-05 6.646E-05 5.802E-05 3.618E-05 2.673E-05 2.193E-05 2.724E-05 3.145E-05 3.794E-05 4.012E-05 4.070E-05 4.238E-05 4.307E-05 4.224E-05 4.116E-05 3.644E-05 3.181E-05 2.855E-05 2.282E-05 1.756E-05 1.431E-05 8.779E-06 6.069E-06
  4.000E+01  4.715E-04 4.845E-04 4.968E-04 5.051E-04 5.266E-04 5.354E-04 5.476E-04 5.601E-04 5.750E-04 5.861E-04 5.941E-04 5.980E-04 6.149E-04 6.236E-04 6.340E-04 6.290E-04 6.035E-04 5.658E-04 4.144E-04 2.501E-04 4.662E-04 5.711E-04 5.786E-04 5.221E-04 4.632E-04 3.668E-04 3.187E-04 2.456E-04 1.328E-04 2.256E-04 2.168E-04 1.660E-04 1.277E-04 1.150E-04 1.053E-04 1.028E-04 9.284E-05 8.345E-05 7.125E-05 5.992E-05 5.234E-05 3.272E-05 2.424E-05 1.998E-05 2.505E-05 2.903E-05 3.522E-05 3.738E-05 3.795E-05 3.971E-05 4.046E-05 3.975E-05 3.878E-05 3.441E-05 3.010E-05 2.706E-05 2.169E-05 1.674E-05 1.367E-05 8.411E-06 5.835E-06
  4.200E+01  4.253E-04 4.307E-04 4.405E-04 4.474E-04 4.612E-04 4.749E-04 4.829E-04 4.958E-04 5.028E-04 5.123E-04 5.219E-04 5.273E-04 5.383E-04 5.456E-04 5.517E-04 5.444E-04 5.211E-04 4.873E-04 3.543E-04 2.178E-04 4.122E-04 5.045E-04 5.101E-04 4.588E-04 4.067E-04 3.224E-04 2.808E-04 2.164E-04 1.176E-04 2.016E-04 1.933E-04 1.482E-04 1.143E-04 1.030E-04 9.456E-05 9.240E-05 8.357E-05 7.515E-05 6.421E-05 5.405E-05 4.724E-05 2.959E-05 2.199E-05 1.820E-05 2.304E-05 2.679E-05 3.269E-05 3.480E-05 3.537E-05 3.719E-05 3.797E-05 3.739E-05 3.651E-05 3.247E-05 2.845E-05 2.562E-05 2.060E-05 1.594E-05 1.303E-05 8.050E-06 5.604E-06
  4.400E+01  3.733E-04 3.786E-04 3.911E-04 3.948E-04 4.070E-04 4.199E-04 4.275E-04 4.400E-04 4.427E-04 4.507E-04 4.581E-04 4.643E-04 4.730E-04 4.782E-04 4.815E-04 4.733E-04 4.515E-04 4.214E-04 3.040E-04 1.903E-04 3.652E-04 4.464E-04 4.505E-04 4.040E-04 3.577E-04 2.838E-04 2.477E-04 1.909E-04 1.043E-04 1.804E-04 1.725E-04 1.325E-04 1.024E-04 9.244E-05 8.495E-05 8.312E-05 7.526E-05 6.771E-05 5.791E-05 4.878E-05 4.266E-05 2.678E-05 1.996E-05 1.659E-05 2.119E-05 2.473E-05 3.033E-05 3.240E-05 3.295E-05 3.481E-05 3.562E-05 3.514E-05 3.435E-05 3.062E-05 2.688E-05 2.424E-05 1.955E-05 1.517E-05 1.242E-05 7.697E-06 5.377E-06
  4.600E+01  3.312E-04 3.400E-04 3.429E-04 3.562E-04 3.616E-04 3.752E-04 3.807E-04 3.840E-04 3.949E-04 4.016E-04 4.025E-04 4.084E-04 4.176E-04 4.187E-04 4.197E-04 4.132E-04 3.922E-04 3.657E-04 2.619E-04 1.668E-04 3.243E-04 3.958E-04 3.986E-04 3.564E-04 3.153E-04 2.503E-04 2.190E-04 1.687E-04 9.259E-05 1.615E-04 1.541E-04 1.185E-04 9.187E-05 8.300E-05 7.638E-05 7.483E-05 6.784E-05 6.106E-05 5.226E-05 4.406E-05 3.855E-05 2.426E-05 1.813E-05 1.513E-05 1.949E-05 2.282E-05 2.815E-05 3.016E-05 3.069E-05 3.257E-05 3.341E-05 3.301E-05 3.230E-05 2.886E-05 2.537E-05 2.292E-05 1.853E-05 1.442E-05 1.182E-05 7.353E-06 5.155E-06
  4.800E+01  2.918E-04 3.000E-04 3.020E-04 3.155E-04 3.241E-04 3.319E-04 3.375E-04 3.425E-04 3.515E-04 3.570E-04 3.583E-04 3.596E-04 3.678E-04 3.677E-04 3.680E-04 3.614E-04 3.418E-04 3.184E-04 2.265E-04 1.466E-04 2.886E-04 3.515E-04 3.534E-04 3.151E-04 2.784E-04 2.212E-04 1.939E-04 1.494E-04 8.234E-05 1.448E-04 1.379E-04 1.061E-04 8.247E-05 7.460E-05 6.874E-05 6.742E-05 6.119E-05 5.510E-05 4.720E-05 3.983E-05 3.486E-05 2.198E-05 1.647E-05 1.380E-05 1.794E-05 2.107E-05 2.612E-05 2.807E-05 2.859E-05 3.047E-05 3.132E-05 3.100E-05 3.036E-05 2.719E-05 2.394E-05 2.166E-05 1.756E-05 1.369E-05 1.125E-05 7.020E-06 4.938E-06
  5.000E+01  2.643E-04 2.627E-04 2.734E-04 2.784E-04 2.856E-04 2.931E-04 2.973E-04 3.069E-04 3.091E-04 3.140E-04 3.176E-04 3.189E-04 3.245E-04 3.253E-04 3.248E-04 3.168E-04 2.993E-04 2.780E-04 1.966E-04 1.292E-04 2.573E-04 3.129E-04 3.140E-04 2.791E-04 2.464E-04 1.958E-04 1.720E-04 1.325E-04 7.335E-05 1.299E-04 1.235E-04 9.517E-05 7.412E-05 6.712E-05 6.193E-05 6.081E-05 5.525E-05 4.977E-05 4.266E-05 3.603E-05 3.156E-05 1.994E-05 1.498E-05 1.260E-05 1.651E-05 1.946E-05 2.424E-05 2.613E-05 2.663E-05 2.850E-05 2.936E-05 2.911E-05 2.853E-05 2.560E-05 2.258E-05 2.046E-05 1.663E-05 1.300E-05 1.070E-05 6.697E-06 4.728E-06
  5.200E+01  2.325E-04 2.317E-04 2.433E-04 2.453E-04 2.528E-04 2.602E-04 2.632E-04 2.720E-04 2.734E-04 2.777E-04 2.810E-04 2.843E-04 2.876E-04 2.889E-04 2.865E-04 2.787E-04 2.630E-04 2.437E-04 1.713E-04 1.142E-04 2.300E-04 2.791E-04 2.796E-04 2.478E-04 2.186E-04 1.738E-04 1.529E-04 1.178E-04 6.544E-05 1.168E-04 1.108E-04 8.544E-05 6.669E-05 6.045E-05 5.585E-05 5.490E-05 4.993E-05 4.500E-05 3.860E-05 3.263E-05 2.859E-05 1.811E-05 1.364E-05 1.152E-05 1.521E-05 1.798E-05 2.251E-05 2.433E-05 2.482E-05 2.667E-05 2.752E-05 2.733E-05 2.681E-05 2.411E-05 2.129E-05 1.931E-05 1.574E-05 1.234E-05 1.017E-05 6.386E-06 4.524E-06
  5.400E+01  2.041E-04 2.097E-04 2.115E-04 2.228E-04 2.222E-04 2.349E-04 2.370E-04 2.391E-04 2.441E-04 2.479E-04 2.488E-04 2.537E-04 2.567E-04 2.556E-04 2.525E-04 2.464E-04 2.315E-04 2.144E-04 1.498E-04 1.013E-04 2.060E-04 2.495E-04 2.495E-04 2.206E-04 1.943E-04 1.545E-04 1.361E-04 1.049E-04 5.848E-05 1.051E-04 9.949E-05 7.682E-05 6.008E-05 5.452E-05 5.043E-05 4.962E-05 4.518E-05 4.073E-05 3.497E-05 2.958E-05 2.593E-05 1.646E-05 1.243E-05 1.053E-05 1.402E-05 1.663E-05 2.091E-05 2.267E-05 2.313E-05 2.496E-05 2.580E-05 2.566E-05 2.520E-05 2.270E-05 2.007E-05 1.823E-05 1.490E-05 1.170E-05 9.657E-06 6.087E-06 4.328E-06
  5.600E+01  1.813E-04 1.843E-04 1.892E-04 1.995E-04 2.027E-04 2.077E-04 2.117E-04 2.147E-04 2.193E-04 2.225E-04 2.227E-04 2.241E-04 2.282E-04 2.264E-04 2.244E-04 2.185E-04 2.045E-04 1.893E-04 1.315E-04 9.009E-05 1.849E-04 2.235E-04 2.231E-04 1.967E-04 1.731E-04 1.377E-04 1.215E-04 9.360E-05 5.236E-05 9.468E-05 8.949E-05 6.917E-05 5.420E-05 4.923E-05 4.559E-05 4.490E-05 4.092E-05 3.691E-05 3.171E-05 2.684E-05 2.354E-05 1.497E-05 1.133E-05 9.643E-06 1.294E-05 1.539E-05 1.944E-05 2.113E-05 2.157E-05 2.336E-05 2.420E-05 2.410E-05 2.368E-05 2.137E-05 1.893E-05 1.721E-05 1.410E-05 1.110E-05 9.172E-06 5.801E-06 4.139E-06
  5.800E+01  1.589E-04 1.643E-04 1.688E-04 1.748E-04 1.804E-04 1.845E-04 1.873E-04 1.935E-04 1.954E-04 1.985E-04 2.000E-04 1.991E-04 2.027E-04 2.022E-04 2.004E-04 1.940E-04 1.815E-04 1.676E-04 1.158E-04 8.036E-05 1.663E-04 2.006E-04 2.000E-04 1.759E-04 1.547E-04 1.230E-04 1.087E-04 8.369E-05 4.696E-05 8.544E-05 8.062E-05 6.237E-05 4.897E-05 4.452E-05 4.127E-05 4.069E-05 3.711E-05 3.349E-05 2.879E-05 2.439E-05 2.140E-05 1.364E-05 1.035E-05 8.839E-06 1.195E-05 1.426E-05 1.809E-05 1.970E-05 2.013E-05 2.188E-05 2.270E-05 2.264E-05 2.227E-05 2.012E-05 1.785E-05 1.625E-05 1.334E-05 1.053E-05 8.711E-06 5.527E-06 3.958E-06
  6.000E+01  1.464E-04 1.415E-04 1.524E-04 1.557E-04 1.601E-04 1.627E-04 1.665E-04 1.724E-04 1.747E-04 1.774E-04 1.788E-04 1.801E-04 1.808E-04 1.815E-04 1.786E-04 1.728E-04 1.616E-04 1.489E-04 1.024E-04 7.190E-05 1.500E-04 1.806E-04 1.797E-04 1.577E-04 1.385E-04 1.101E-04 9.740E-05 7.500E-05 4.220E-05 7.723E-05 7.276E-05 5.634E-05 4.431E-05 4.032E-05 3.741E-05 3.692E-05 3.370E-05 3.043E-05 2.617E-05 2.219E-05 1.948E-05 1.244E-05 9.466E-06 8.112E-06 1.105E-05 1.322E-05 1.685E-05 1.839E-05 1.881E-05 2.051E-05 2.131E-05 2.128E-05 2.094E-05 1.896E-05 1.683E-05 1.535E-05 1.262E-05 9.986E-06 8.273E-06 5.267E-06 3.785E-06
  6.200E+01  1.262E-04 1.303E-04 1.321E-04 1.408E-04 1.418E-04 1.483E-04 1.507E-04 1.533E-04 1.555E-04 1.580E-04 1.597E-04 1.625E-04 1.635E-04 1.622E-04 1.596E-04 1.548E-04 1.442E-04 1.329E-04 9.094E-05 6.452E-05 1.355E-04 1.629E-04 1.619E-04 1.417E-04 1.243E-04 9.882E-05 8.750E-05 6.735E-05 3.800E-05 6.993E-05 6.577E-05 5.097E-05 4.015E-05 3.657E-05 3.397E-05 3.355E-05 3.065E-05 2.768E-05 2.383E-05 2.022E-05 1.776E-05 1.137E-05 8.668E-06 7.455E-06 1.024E-05 1.227E-05 1.571E-05 1.719E-05 1.758E-05 1.924E-05 2.002E-05 2.002E-05 1.971E-05 1.787E-05 1.588E-05 1.450E-05 1.195E-05 9.474E-06 7.859E-06 5.019E-06 3.620E-06
  6.400E+01  1.137E-04 1.160E-04 1.207E-04 1.256E-04 1.273E-04 1.340E-04 1.360E-04 1.373E-04 1.401E-04 1.425E-04 1.424E-04 1.446E-04 1.476E-04 1.457E-04 1.432E-04 1.391E-04 1.292E-04 1.190E-04 8.103E-05 5.808E-05 1.228E-04 1.472E-04 1.462E-04 1.277E-04 1.119E-04 8.890E-05 7.879E-05 6.063E-05 3.428E-05 6.342E-05 5.956E-05 4.619E-05 3.645E-05 3.322E-05 3.089E-05 3.053E-05 2.792E-05 2.523E-05 2.173E-05 1.845E-05 1.622E-05 1.040E-05 7.951E-06 6.862E-06 9.492E-06 1.141E-05 1.466E-05 1.608E-05 1.646E-05 1.806E-05 1.882E-05 1.884E-05 1.856E-05 1.685E-05 1.500E-05 1.370E-05 1.132E-05 8.991E-06 7.468E-06 4.785E-06 3.464E-06
  6.600E+01  1.002E-04 1.020E-04 1.062E-04 1.120E-04 1.173E-04 1.181E-04 1.218E-04 1.242E-04 1.277E-04 1.297E-04 1.299E-04 1.298E-04 1.320E-04 1.314E-04 1.292E-04 1.251E-04 1.162E-04 1.068E-04 7.244E-05 5.243E-05 1.115E-04 1.334E-04 1.323E-04 1.154E-04 1.010E-04 8.017E-05 7.111E-05 5.470E-05 3.100E-05 5.762E-05 5.404E-05 4.194E-05 3.315E-05 3.024E-05 2.814E-05 2.784E-05 2.548E-05 2.303E-05 1.985E-05 1.686E-05 1.483E-05 9.530E-06 7.305E-06 6.327E-06 8.817E-06 1.063E-05 1.371E-05 1.506E-05 1.542E-05 1.698E-05 1.771E-05 1.775E-05 1.750E-05 1.590E-05 1.417E-05 1.296E-05 1.073E-05 8.537E-06 7.099E-06 4.564E-06 3.316E-06
  6.800E+01  9.053E-05 9.007E-05 9.532E-05 1.008E-04 1.032E-04 1.049E-04 1.086E-04 1.128E-04 1.139E-04 1.160E-04 1.182E-04 1.185E-04 1.186E-04 1.188E-04 1.169E-04 1.128E-04 1.048E-04 9.621E-05 6.503E-05 4.748E-05 1.014E-04 1.212E-04 1.201E-04 1.045E-04 9.137E-05 7.249E-05 6.434E-05 4.947E-05 2.809E-05 5.246E-05 4.913E-05 3.816E-05 3.020E-05 2.757E-05 2.568E-05 2.542E-05 2.329E-05 2.106E-05 1.816E-05 1.544E-05 1.359E-05 8.750E-06 6.724E-06 5.845E-06 8.205E-06 9.917E-06 1.283E-05 1.413E-05 1.448E-05 1.598E-05 1.669E-05 1.674E-05 1.651E-05 1.502E-05 1.340E-05 1.227E-05 1.017E-05 8.112E-06 6.754E-06 4.356E-06 3.177E-06
  7.000E+01  7.983E-05 8.125E-05 8.633E-05 8.860E-05 9.277E-05 9.631E-05 9.824E-05 1.012E-04 1.026E-04 1.046E-04 1.058E-04 1.073E-04 1.084E-04 1.078E-04 1.058E-04 1.023E-04 9.493E-05 8.705E-05 5.860E-05 4.313E-05 9.253E-05 1.104E-04 1.093E-04 9.491E-05 8.290E-05 6.571E-05 5.836E-05 4.485E-05 2.552E-05 4.785E-05 4.476E-05 3.479E-05 2.757E-05 2.519E-05 2.348E-05 2.326E-05 2.132E-05 1.929E-05 1.665E-05 1.417E-05 1.247E-05 8.050E-06 6.202E-06 5.411E-06 7.650E-06 9.269E-06 1.204E-05 1.328E-05 1.361E-05 1.506E-05 1.575E-05 1.581E-05 1.560E-05 1.421E-05 1.268E-05 1.162E-05 9.655E-06 7.715E-06 6.431E-06 4.162E-06 3.046E-06
  7.200E+01  7.121E-05 7.557E-05 7.684E-05 8.229E-05 8.395E-05 8.813E-05 9.132E-05 9.070E-05 9.408E-05 9.586E-05 9.570E-05 9.691E-05 9.910E-05 9.788E-05 9.602E-05 9.334E-05 8.620E-05 7.908E-05 5.299E-05 3.930E-05 8.460E-05 1.009E-04 9.974E-05 8.645E-05 7.543E-05 5.973E-05 5.307E-05 4.077E-05 2.324E-05 4.374E-05 4.087E-05 3.178E-05 2.523E-05 2.306E-05 2.152E-05 2.133E-05 1.957E-05 1.771E-05 1.529E-05 1.302E-05 1.147E-05 7.422E-06 5.733E-06 5.020E-06 7.148E-06 8.682E-06 1.131E-05 1.250E-05 1.282E-05 1.422E-05 1.488E-05 1.495E-05 1.476E-05 1.345E-05 1.202E-05 1.102E-05 9.175E-06 7.344E-06 6.129E-06 3.980E-06 2.924E-06
  7.400E+01  6.286E-05 6.590E-05 6.828E-05 7.427E-05 7.777E-05 7.843E-05 8.192E-05 8.286E-05 8.571E-05 8.739E-05 8.816E-05 8.803E-05 8.961E-05 8.906E-05 8.770E-05 8.513E-05 7.856E-05 7.203E-05 4.810E-05 3.592E-05 7.754E-05 9.233E-05 9.126E-05 7.897E-05 6.883E-05 5.444E-05 4.839E-05 3.716E-05 2.121E-05 4.006E-05 3.739E-05 2.910E-05 2.313E-05 2.116E-05 1.976E-05 1.960E-05 1.799E-05 1.629E-05 1.408E-05 1.200E-05 1.058E-05 6.859E-06 5.312E-06 4.668E-06 6.695E-06 8.150E-06 1.065E-05 1.179E-05 1.210E-05 1.345E-05 1.409E-05 1.416E-05 1.399E-05 1.276E-05 1.141E-05 1.047E-05 8.730E-06 7.000E-06 5.849E-06 3.810E-06 2.811E-06
  7.600E+01  5.669E-05 5.850E-05 6.373E-05 6.569E-05 6.884E-05 7.097E-05 7.390E-05 7.642E-05 7.732E-05 7.903E-05 8.057E-05 8.078E-05 8.201E-05 8.186E-05 8.049E-05 7.780E-05 7.194E-05 6.582E-05 4.385E-05 3.294E-05 7.125E-05 8.476E-05 8.373E-05 7.235E-05 6.299E-05 4.976E-05 4.425E-05 3.396E-05 1.941E-05 3.678E-05 3.430E-05 2.671E-05 2.126E-05 1.946E-05 1.819E-05 1.805E-05 1.659E-05 1.502E-05 1.299E-05 1.108E-05 9.775E-06 6.354E-06 4.934E-06 4.352E-06 6.286E-06 7.670E-06 1.006E-05 1.115E-05 1.144E-05 1.274E-05 1.336E-05 1.344E-05 1.328E-05 1.212E-05 1.085E-05 9.963E-06 8.319E-06 6.682E-06 5.589E-06 3.653E-06 2.705E-06
  7.800E+01  5.112E-05 5.384E-05 5.622E-05 5.987E-05 6.218E-05 6.618E-05 6.827E-05 6.873E-05 7.047E-05 7.208E-05 7.299E-05 7.485E-05 7.598E-05 7.535E-05 7.381E-05 7.159E-05 6.610E-05 6.041E-05 4.011E-05 3.030E-05 6.563E-05 7.801E-05 7.704E-05 6.648E-05 5.781E-05 4.562E-05 4.057E-05 3.113E-05 1.782E-05 3.385E-05 3.154E-05 2.458E-05 1.959E-05 1.795E-05 1.678E-05 1.667E-05 1.532E-05 1.389E-05 1.202E-05 1.026E-05 9.056E-06 5.902E-06 4.595E-06 4.068E-06 5.917E-06 7.236E-06 9.516E-06 1.056E-05 1.084E-05 1.210E-05 1.269E-05 1.278E-05 1.262E-05 1.153E-05 1.033E-05 9.494E-06 7.939E-06 6.388E-06 5.349E-06 3.508E-06 2.608E-06
  8.000E+01  4.701E-05 4.959E-05 5.151E-05 5.594E-05 5.785E-05 6.062E-05 6.302E-05 6.224E-05 6.512E-05 6.668E-05 6.670E-05 6.859E-05 6.982E-05 6.921E-05 6.788E-05 6.612E-05 6.088E-05 5.567E-05 3.683E-05 2.796E-05 6.060E-05 7.200E-05 7.109E-05 6.127E-05 5.323E-05 4.194E-05 3.731E-05 2.861E-05 1.640E-05 3.122E-05 2.907E-05 2.268E-05 1.810E-05 1.659E-05 1.553E-05 1.543E-05 1.420E-05 1.287E-05 1.115E-05 9.527E-06 8.413E-06 5.498E-06 4.292E-06 3.813E-06 5.585E-06 6.845E-06 9.026E-06 1.003E-05 1.030E-05 1.151E-05 1.209E-05 1.217E-05 1.203E-05 1.099E-05 9.852E-06 9.064E-06 7.591E-06 6.117E-06 5.128E-06 3.375E-06 2.519E-06
  8.200E+01  4.310E-05 4.266E-05 4.702E-05 4.976E-05 5.353E-05 5.413E-05 5.712E-05 5.848E-05 6.086E-05 6.230E-05 6.318E-05 6.246E-05 6.400E-05 6.400E-05 6.312E-05 6.122E-05 5.634E-05 5.148E-05 3.396E-05 2.588E-05 5.610E-05 6.665E-05 6.579E-05 5.664E-05 4.916E-05 3.868E-05 3.441E-05 2.638E-05 1.514E-05 2.888E-05 2.687E-05 2.098E-05 1.676E-05 1.538E-05 1.440E-05 1.432E-05 1.319E-05 1.196E-05 1.037E-05 8.869E-06 7.838E-06 5.136E-06 4.020E-06 3.586E-06 5.287E-06 6.493E-06 8.585E-06 9.555E-06 9.813E-06 1.099E-05 1.153E-05 1.162E-05 1.149E-05 1.050E-05 9.419E-06 8.671E-06 7.272E-06 5.869E-06 4.926E-06 3.253E-06 2.438E-06
  8.400E+01  3.907E-05 4.008E-05 4.391E-05 4.660E-05 4.887E-05 5.017E-05 5.355E-05 5.466E-05 5.543E-05 5.688E-05 5.833E-05 5.807E-05 5.936E-05 5.964E-05 5.892E-05 5.694E-05 5.240E-05 4.778E-05 3.144E-05 2.403E-05 5.207E-05 6.186E-05 6.108E-05 5.253E-05 4.555E-05 3.578E-05 3.184E-05 2.440E-05 1.402E-05 2.678E-05 2.491E-05 1.946E-05 1.557E-05 1.430E-05 1.340E-05 1.333E-05 1.228E-05 1.115E-05 9.673E-06 8.282E-06 7.324E-06 4.813E-06 3.778E-06 3.382E-06 5.020E-06 6.177E-06 8.188E-06 9.123E-06 9.372E-06 1.051E-05 1.104E-05 1.112E-05 1.100E-05 1.005E-05 9.024E-06 8.313E-06 6.982E-06 5.643E-06 4.741E-06 3.143E-06 2.365E-06
  8.600E+01  3.449E-05 3.750E-05 3.878E-05 4.327E-05 4.433E-05 4.724E-05 4.921E-05 4.922E-05 5.129E-05 5.271E-05 5.328E-05 5.489E-05 5.565E-05 5.552E-05 5.468E-05 5.310E-05 4.886E-05 4.452E-05 2.922E-05 2.239E-05 4.845E-05 5.758E-05 5.687E-05 4.888E-05 4.234E-05 3.320E-05 2.955E-05 2.264E-05 1.302E-05 2.490E-05 2.316E-05 1.811E-05 1.451E-05 1.333E-05 1.251E-05 1.245E-05 1.148E-05 1.042E-05 9.051E-06 7.757E-06 6.866E-06 4.525E-06 3.562E-06 3.200E-06 4.781E-06 5.894E-06 7.832E-06 8.735E-06 8.975E-06 1.007E-05 1.058E-05 1.067E-05 1.055E-05 9.647E-06 8.667E-06 7.989E-06 6.718E-06 5.438E-06 4.574E-06 3.042E-06 2.299E-06
  8.800E+01  3.231E-05 3.540E-05 3.654E-05 3.933E-05 4.208E-05 4.426E-05 4.590E-05 4.572E-05 4.848E-05 4.979E-05 5.026E-05 5.099E-05 5.226E-05 5.196E-05 5.117E-05 4.981E-05 4.573E-05 4.168E-05 2.727E-05 2.093E-05 4.521E-05 5.376E-05 5.312E-05 4.563E-05 3.949E-05 3.092E-05 2.752E-05 2.108E-05 1.214E-05 2.322E-05 2.159E-05 1.691E-05 1.357E-05 1.247E-05 1.171E-05 1.166E-05 1.076E-05 9.774E-06 8.497E-06 7.290E-06 6.457E-06 4.268E-06 3.369E-06 3.038E-06 4.568E-06 5.642E-06 7.513E-06 8.388E-06 8.620E-06 9.686E-06 1.018E-05 1.026E-05 1.015E-05 9.281E-06 8.344E-06 7.696E-06 6.480E-06 5.253E-06 4.423E-06 2.952E-06 2.240E-06
  9.000E+01  3.101E-05 3.055E-05 3.363E-05 3.727E-05 3.922E-05 4.000E-05 4.326E-05 4.402E-05 4.532E-05 4.661E-05 4.774E-05 4.757E-05 4.860E-05 4.891E-05 4.846E-05 4.696E-05 4.304E-05 3.918E-05 2.557E-05 1.962E-05 4.229E-05 5.034E-05 4.977E-05 4.274E-05 3.696E-05 2.888E-05 2.571E-05 1.969E-05 1.135E-05 2.172E-05 2.019E-05 1.583E-05 1.272E-05 1.171E-05 1.099E-05 1.095E-05 1.011E-05 9.196E-06 8.002E-06 6.873E-06 6.093E-06 4.040E-06 3.198E-06 2.894E-06 4.378E-06 5.417E-06 7.229E-06 8.078E-06 8.303E-06 9.339E-06 9.815E-06 9.898E-06 9.788E-06 8.953E-06 8.053E-06 7.432E-06 6.265E-06 5.087E-06 4.288E-06 2.872E-06 2.188E-06
  9.200E+01  2.747E-05 2.946E-05 3.163E-05 3.452E-05 3.668E-05 3.788E-05 4.040E-05 4.095E-05 4.265E-05 4.389E-05 4.464E-05 4.533E-05 4.597E-05 4.632E-05 4.572E-05 4.432E-05 4.071E-05 3.695E-05 2.407E-05 1.846E-05 3.967E-05 4.729E-05 4.679E-05 4.017E-05 3.470E-05 2.707E-05 2.410E-05 1.846E-05 1.065E-05 2.037E-05 1.895E-05 1.487E-05 1.197E-05 1.102E-05 1.036E-05 1.033E-05 9.543E-06 8.682E-06 7.563E-06 6.503E-06 5.770E-06 3.837E-06 3.046E-06 2.766E-06 4.210E-06 5.218E-06 6.977E-06 7.802E-06 8.021E-06 9.030E-06 9.491E-06 9.572E-06 9.466E-06 8.659E-06 7.794E-06 7.196E-06 6.074E-06 4.939E-06 4.167E-06 2.802E-06 2.143E-06
  9.400E+01  2.527E-05 2.863E-05 2.902E-05 3.250E-05 3.420E-05 3.661E-05 3.806E-05 3.802E-05 4.020E-05 4.141E-05 4.191E-05 4.327E-05 4.402E-05 4.405E-05 4.337E-05 4.200E-05 3.865E-05 3.499E-05 2.275E-05 1.742E-05 3.731E-05 4.456E-05 4.413E-05 3.789E-05 3.270E-05 2.547E-05 2.267E-05 1.737E-05 1.002E-05 1.917E-05 1.783E-05 1.402E-05 1.130E-05 1.042E-05 9.797E-06 9.768E-06 9.035E-06 8.226E-06 7.172E-06 6.174E-06 5.483E-06 3.658E-06 2.912E-06 2.653E-06 4.061E-06 5.042E-06 6.754E-06 7.558E-06 7.771E-06 8.756E-06 9.203E-06 9.282E-06 9.180E-06 8.398E-06 7.563E-06 6.987E-06 5.905E-06 4.808E-06 4.061E-06 2.740E-06 2.104E-06
  9.600E+01  2.520E-05 2.624E-05 2.861E-05 3.104E-05 3.273E-05 3.396E-05 3.649E-05 3.760E-05 3.823E-05 3.941E-05 4.061E-05 4.098E-05 4.154E-05 4.214E-05 4.177E-05 4.005E-05 3.687E-05 3.329E-05 2.160E-05 1.648E-05 3.519E-05 4.212E-05 4.177E-05 3.585E-05 3.093E-05 2.404E-05 2.141E-05 1.640E-05 9.471E-06 1.809E-05 1.684E-05 1.326E-05 1.071E-05 9.877E-06 9.297E-06 9.273E-06 8.585E-06 7.821E-06 6.827E-06 5.883E-06 5.229E-06 3.499E-06 2.793E-06 2.553E-06 3.930E-06 4.887E-06 6.557E-06 7.343E-06 7.552E-06 8.515E-06 8.949E-06 9.027E-06 8.927E-06 8.167E-06 7.359E-06 6.803E-06 5.756E-06 4.693E-06 3.968E-06 2.687E-06 2.072E-06
  9.800E+01  2.495E-05 2.325E-05 2.717E-05 2.837E-05 3.174E-05 3.122E-05 3.370E-05 3.649E-05 3.720E-05 3.831E-05 3.993E-05 3.922E-05 3.933E-05 4.033E-05 4.010E-05 3.830E-05 3.529E-05 3.182E-05 2.060E-05 1.565E-05 3.329E-05 3.994E-05 3.967E-05 3.405E-05 2.936E-05 2.278E-05 2.028E-05 1.554E-05 8.980E-06 1.713E-05 1.596E-05 1.259E-05 1.019E-05 9.399E-06 8.854E-06 8.835E-06 8.185E-06 7.462E-06 6.521E-06 5.626E-06 5.005E-06 3.360E-06 2.689E-06 2.466E-06 3.815E-06 4.751E-06 6.386E-06 7.156E-06 7.360E-06 8.304E-06 8.727E-06 8.802E-06 8.706E-06 7.965E-06 7.181E-06 6.641E-06 5.626E-06 4.593E-06 3.889E-06 2.643E-06 2.045E-06
  1.000E+02  2.308E-05 2.325E-05 2.647E-05 2.786E-05 3.060E-05 3.115E-05 3.299E-05 3.416E-05 3.589E-05 3.694E-05 3.736E-05 3.789E-05 3.853E-05 3.885E-05 3.833E-05 3.695E-05 3.392E-05 3.058E-05 1.975E-05 1.490E-05 3.157E-05 3.801E-05 3.780E-05 3.248E-05 2.798E-05 2.166E-05 1.929E-05 1.479E-05 8.545E-06 1.628E-05 1.518E-05 1.200E-05 9.721E-06 8.977E-06 8.463E-06 8.447E-06 7.833E-06 7.146E-06 6.251E-06 5.400E-06 4.808E-06 3.237E-06 2.597E-06 2.389E-06 3.715E-06 4.632E-06 6.236E-06 6.993E-06 7.193E-06 8.120E-06 8.534E-06 8.607E-06 8.513E-06 7.789E-06 7.027E-06 6.502E-06 5.514E-06 4.508E-06 3.821E-06 2.605E-06 2.024E-06
  1.020E+02  2.265E-05 2.366E-05 2.548E-05 2.751E-05 2.904E-05 3.110E-05 3.284E-05 3.260E-05 3.417E-05 3.524E-05 3.556E-05 3.700E-05 3.784E-05 3.782E-05 3.704E-05 3.582E-05 3.282E-05 2.952E-05 1.901E-05 1.423E-05 3.003E-05 3.628E-05 3.615E-05 3.109E-05 2.676E-05 2.067E-05 1.841E-05 1.412E-05 8.160E-06 1.551E-05 1.449E-05 1.147E-05 9.311E-06 8.605E-06 8.119E-06 8.106E-06 7.523E-06 6.868E-06 6.015E-06 5.202E-06 4.636E-06 3.131E-06 2.518E-06 2.323E-06 3.629E-06 4.530E-06 6.107E-06 6.852E-06 7.049E-06 7.963E-06 8.367E-06 8.440E-06 8.347E-06 7.637E-06 6.894E-06 6.383E-06 5.419E-06 4.437E-06 3.764E-06 2.576E-06 2.008E-06
  1.040E+02  2.296E-05 2.258E-05 2.595E-05 2.617E-05 2.794E-05 2.942E-05 3.081E-05 3.265E-05 3.326E-05 3.429E-05 3.522E-05 3.642E-05 3.634E-05 3.704E-05 3.631E-05 3.466E-05 3.192E-05 2.856E-05 1.837E-05 1.363E-05 2.864E-05 3.476E-05 3.469E-05 2.987E-05 2.569E-05 1.980E-05 1.764E-05 1.354E-05 7.819E-06 1.483E-05 1.388E-05 1.101E-05 8.951E-06 8.279E-06 7.816E-06 7.807E-06 7.251E-06 6.625E-06 5.808E-06 5.029E-06 4.485E-06 3.038E-06 2.449E-06 2.265E-06 3.554E-06 4.442E-06 5.997E-06 6.732E-06 6.927E-06 7.829E-06 8.226E-06 8.297E-06 8.206E-06 7.509E-06 6.783E-06 6.282E-06 5.340E-06 4.378E-06 3.718E-06 2.553E-06 1.998E-06
  1.060E+02  2.287E-05 2.223E-05 2.529E-05 2.542E-05 2.780E-05 2.855E-05 3.015E-05 3.268E-05 3.246E-05 3.346E-05 3.511E-05 3.552E-05 3.537E-05 3.619E-05 3.563E-05 3.381E-05 3.115E-05 2.780E-05 1.784E-05 1.309E-05 2.740E-05 3.342E-05 3.343E-05 2.880E-05 2.476E-05 1.904E-05 1.697E-05 1.302E-05 7.518E-06 1.423E-05 1.334E-05 1.060E-05 8.635E-06 7.993E-06 7.552E-06 7.545E-06 7.013E-06 6.412E-06 5.628E-06 4.878E-06 4.355E-06 2.957E-06 2.389E-06 2.215E-06 3.490E-06 4.367E-06 5.904E-06 6.632E-06 6.824E-06 7.717E-06 8.108E-06 8.178E-06 8.088E-06 7.402E-06 6.690E-06 6.200E-06 5.275E-06 4.331E-06 3.682E-06 2.537E-06 1.992E-06
  1.080E+02  2.330E-05 2.355E-05 2.447E-05 2.616E-05 2.759E-05 2.930E-05 3.091E-05 3.122E-05 3.233E-05 3.328E-05 3.375E-05 3.463E-05 3.537E-05 3.556E-05 3.479E-05 3.332E-05 3.050E-05 2.724E-05 1.741E-05 1.261E-05 2.628E-05 3.224E-05 3.233E-05 2.788E-05 2.396E-05 1.838E-05 1.638E-05 1.258E-05 7.253E-06 1.369E-05 1.286E-05 1.024E-05 8.360E-06 7.745E-06 7.322E-06 7.318E-06 6.807E-06 6.228E-06 5.472E-06 4.748E-06 4.242E-06 2.888E-06 2.338E-06 2.173E-06 3.436E-06 4.305E-06 5.827E-06 6.548E-06 6.739E-06 7.625E-06 8.010E-06 8.080E-06 7.992E-06 7.315E-06 6.615E-06 6.133E-06 5.225E-06 4.295E-06 3.656E-06 2.527E-06 1.991E-06
  1.100E+02  2.311E-05 2.353E-05 2.422E-05 2.608E-05 2.756E-05 2.960E-05 3.056E-05 3.038E-05 3.218E-05 3.310E-05 3.301E-05 3.453E-05 3.528E-05 3.509E-05 3.424E-05 3.286E-05 3.003E-05 2.678E-05 1.708E-05 1.218E-05 2.529E-05 3.122E-05 3.139E-05 2.710E-05 2.327E-05 1.781E-05 1.587E-05 1.219E-05 7.020E-06 1.322E-05 1.245E-05 9.935E-06 8.123E-06 7.530E-06 7.124E-06 7.122E-06 6.630E-06 6.070E-06 5.338E-06 4.637E-06 4.146E-06 2.830E-06 2.294E-06 2.137E-06 3.391E-06 4.253E-06 5.764E-06 6.481E-06 6.670E-06 7.551E-06 7.933E-06 8.002E-06 7.915E-06 7.245E-06 6.557E-06 6.082E-06 5.187E-06 4.270E-06 3.638E-06 2.522E-06 1.993E-06
  1.120E+02  2.219E-05 2.270E-05 2.371E-05 2.650E-05 2.665E-05 2.876E-05 3.016E-05 3.072E-05 3.162E-05 3.254E-05 3.326E-05 3.502E-05 3.485E-05 3.502E-05 3.417E-05 3.251E-05 2.978E-05 2.642E-05 1.680E-05 1.179E-05 2.440E-05 3.034E-05 3.059E-05 2.644E-05 2.269E-05 1.732E-05 1.544E-05 1.187E-05 6.817E-06 1.281E-05 1.209E-05 9.669E-06 7.918E-06 7.345E-06 6.954E-06 6.954E-06 6.478E-06 5.935E-06 5.224E-06 4.543E-06 4.064E-06 2.780E-06 2.258E-06 2.107E-06 3.355E-06 4.211E-06 5.713E-06 6.428E-06 6.616E-06 7.494E-06 7.873E-06 7.942E-06 7.856E-06 7.193E-06 6.513E-06 6.045E-06 5.161E-06 4.254E-06 3.628E-06 2.523E-06 2.000E-06
  1.140E+02  2.097E-05 2.313E-05 2.373E-05 2.692E-05 2.718E-05 2.890E-05 3.084E-05 3.124E-05 3.181E-05 3.270E-05 3.352E-05 3.450E-05 3.482E-05 3.512E-05 3.422E-05 3.248E-05 2.964E-05 2.624E-05 1.661E-05 1.144E-05 2.361E-05 2.959E-05 2.993E-05 2.592E-05 2.222E-05 1.690E-05 1.507E-05 1.159E-05 6.640E-06 1.244E-05 1.178E-05 9.441E-06 7.744E-06 7.189E-06 6.809E-06 6.811E-06 6.350E-06 5.821E-06 5.129E-06 4.464E-06 3.996E-06 2.739E-06 2.228E-06 2.083E-06 3.325E-06 4.178E-06 5.675E-06 6.387E-06 6.575E-06 7.453E-06 7.829E-06 7.898E-06 7.814E-06 7.156E-06 6.484E-06 6.021E-06 5.146E-06 4.247E-06 3.625E-06 2.528E-06 2.010E-06
  1.160E+02  1.906E-05 2.325E-05 2.369E-05 2.685E-05 2.841E-05 2.949E-05 3.110E-05 3.129E-05 3.283E-05 3.365E-05 3.375E-05 3.395E-05 3.543E-05 3.482E-05 3.424E-05 3.262E-05 2.953E-05 2.620E-05 1.651E-05 1.113E-05 2.291E-05 2.897E-05 2.940E-05 2.550E-05 2.184E-05 1.656E-05 1.476E-05 1.135E-05 6.487E-06 1.213E-05 1.151E-05 9.249E-06 7.598E-06 7.058E-06 6.689E-06 6.692E-06 6.243E-06 5.726E-06 5.049E-06 4.398E-06 3.940E-06 2.706E-06 2.203E-06 2.063E-06 3.302E-06 4.152E-06 5.646E-06 6.359E-06 6.547E-06 7.425E-06 7.800E-06 7.870E-06 7.786E-06 7.133E-06 6.467E-06 6.008E-06 5.141E-06 4.248E-06 3.630E-06 2.538E-06 2.024E-06
  1.180E+02  1.789E-05 2.259E-05 2.259E-05 2.805E-05 2.896E-05 2.961E-05 3.161E-05 3.179E-05 3.377E-05 3.452E-05 3.464E-05 3.447E-05 3.601E-05 3.495E-05 3.446E-05 3.289E-05 2.962E-05 2.628E-05 1.647E-05 1.085E-05 2.229E-05 2.847E-05 2.900E-05 2.519E-05 2.156E-05 1.628E-05 1.451E-05 1.117E-05 6.355E-06 1.185E-05 1.129E-05 9.089E-06 7.477E-06 6.949E-06 6.589E-06 6.594E-06 6.155E-06 5.649E-06 4.985E-06 4.345E-06 3.895E-06 2.679E-06 2.184E-06 2.047E-06 3.285E-06 4.134E-06 5.628E-06 6.341E-06 6.529E-06 7.410E-06 7.785E-06 7.855E-06 7.773E-06 7.123E-06 6.462E-06 6.007E-06 5.145E-06 4.256E-06 3.640E-06 2.553E-06 2.040E-06
  1.200E+02  1.851E-05 2.079E-05 2.469E-05 2.767E-05 2.870E-05 2.980E-05 3.182E-05 3.247E-05 3.410E-05 3.490E-05 3.509E-05 3.536E-05 3.652E-05 3.609E-05 3.505E-05 3.328E-05 3.002E-05 2.646E-05 1.649E-05 1.060E-05 2.176E-05 2.809E-05 2.872E-05 2.498E-05 2.136E-05 1.607E-05 1.432E-05 1.102E-05 6.243E-06 1.162E-05 1.110E-05 8.958E-06 7.379E-06 6.862E-06 6.509E-06 6.516E-06 6.085E-06 5.587E-06 4.934E-06 4.304E-06 3.859E-06 2.658E-06 2.169E-06 2.035E-06 3.273E-06 4.122E-06 5.617E-06 6.333E-06 6.521E-06 7.406E-06 7.782E-06 7.853E-06 7.771E-06 7.124E-06 6.467E-06 6.015E-06 5.157E-06 4.272E-06 3.657E-06 2.570E-06 2.059E-06
  1.220E+02  1.791E-05 2.145E-05 2.447E-05 2.748E-05 2.956E-05 3.074E-05 3.248E-05 3.365E-05 3.482E-05 3.566E-05 3.596E-05 3.643E-05 3.761E-05 3.705E-05 3.597E-05 3.385E-05 3.053E-05 2.675E-05 1.657E-05 1.038E-05 2.129E-05 2.782E-05 2.856E-05 2.488E-05 2.125E-05 1.592E-05 1.418E-05 1.091E-05 6.148E-06 1.142E-05 1.096E-05 8.855E-06 7.302E-06 6.793E-06 6.447E-06 6.455E-06 6.031E-06 5.540E-06 4.895E-06 4.273E-06 3.833E-06 2.643E-06 2.158E-06 2.027E-06 3.266E-06 4.116E-06 5.614E-06 6.333E-06 6.522E-06 7.412E-06 7.789E-06 7.862E-06 7.781E-06 7.136E-06 6.482E-06 6.031E-06 5.177E-06 4.293E-06 3.678E-06 2.592E-06 2.081E-06
  1.240E+02  1.804E-05 2.033E-05 2.519E-05 2.712E-05 3.080E-05 3.115E-05 3.300E-05 3.542E-05 3.679E-05 3.756E-05 3.764E-05 3.786E-05 3.849E-05 3.828E-05 3.708E-05 3.462E-05 3.114E-05 2.717E-05 1.670E-05 1.018E-05 2.089E-05 2.765E-05 2.852E-05 2.488E-05 2.121E-05 1.582E-05 1.408E-05 1.083E-05 6.069E-06 1.125E-05 1.084E-05 8.777E-06 7.245E-06 6.743E-06 6.401E-06 6.410E-06 5.992E-06 5.505E-06 4.867E-06 4.250E-06 3.814E-06 2.632E-06 2.150E-06 2.021E-06 3.262E-06 4.114E-06 5.618E-06 6.341E-06 6.531E-06 7.427E-06 7.807E-06 7.882E-06 7.801E-06 7.158E-06 6.505E-06 6.056E-06 5.204E-06 4.320E-06 3.704E-06 2.616E-06 2.104E-06
  1.260E+02  1.907E-05 2.126E-05 2.733E-05 2.886E-05 3.077E-05 3.286E-05 3.487E-05 3.695E-05 3.803E-05 3.888E-05 3.953E-05 3.946E-05 4.011E-05 4.016E-05 3.847E-05 3.567E-05 3.199E-05 2.775E-05 1.689E-05 1.001E-05 2.056E-05 2.760E-05 2.860E-05 2.498E-05 2.126E-05 1.577E-05 1.404E-05 1.078E-05 6.005E-06 1.112E-05 1.075E-05 8.722E-06 7.205E-06 6.708E-06 6.370E-06 6.379E-06 5.965E-06 5.483E-06 4.849E-06 4.237E-06 3.803E-06 2.626E-06 2.146E-06 2.019E-06 3.263E-06 4.117E-06 5.628E-06 6.356E-06 6.547E-06 7.450E-06 7.833E-06 7.910E-06 7.830E-06 7.188E-06 6.536E-06 6.088E-06 5.236E-06 4.352E-06 3.734E-06 2.643E-06 2.130E-06
  1.280E+02  1.860E-05 2.227E-05 2.824E-05 3.019E-05 3.326E-05 3.489E-05 3.669E-05 3.991E-05 4.003E-05 4.088E-05 4.204E-05 4.153E-05 4.220E-05 4.207E-05 4.029E-05 3.693E-05 3.302E-05 2.846E-05 1.713E-05 9.851E-06 2.028E-05 2.765E-05 2.879E-05 2.518E-05 2.139E-05 1.578E-05 1.403E-05 1.077E-05 5.953E-06 1.101E-05 1.069E-05 8.688E-06 7.182E-06 6.688E-06 6.353E-06 6.362E-06 5.951E-06 5.471E-06 4.841E-06 4.230E-06 3.798E-06 2.624E-06 2.145E-06 2.018E-06 3.266E-06 4.124E-06 5.643E-06 6.376E-06 6.569E-06 7.481E-06 7.867E-06 7.946E-06 7.867E-06 7.225E-06 6.574E-06 6.126E-06 5.274E-06 4.388E-06 3.768E-06 2.672E-06 2.157E-06
  1.300E+02  1.934E-05 2.396E-05 2.978E-05 3.298E-05 3.670E-05 3.793E-05 3.979E-05 4.239E-05 4.367E-05 4.437E-05 4.485E-05 4.458E-05 4.469E-05 4.430E-05 4.211E-05 3.840E-05 3.416E-05 2.928E-05 1.740E-05 9.714E-06 2.006E-05 2.781E-05 2.911E-05 2.548E-05 2.160E-05 1.583E-05 1.407E-05 1.078E-05 5.914E-06 1.092E-05 1.066E-05 8.673E-06 7.173E-06 6.681E-06 6.347E-06 6.358E-06 5.948E-06 5.469E-06 4.840E-06 4.231E-06 3.799E-06 2.625E-06 2.146E-06 2.020E-06 3.273E-06 4.135E-06 5.662E-06 6.402E-06 6.596E-06 7.517E-06 7.907E-06 7.989E-06 7.911E-06 7.269E-06 6.618E-06 6.170E-06 5.316E-06 4.427E-06 3.805E-06 2.702E-06 2.186E-06
  1.320E+02  2.047E-05 2.730E-05 3.248E-05 3.638E-05 4.062E-05 4.243E-05 4.361E-05 4.572E-05 4.772E-05 4.829E-05 4.825E-05 4.815E-05 4.832E-05 4.721E-05 4.430E-05 4.019E-05 3.554E-05 3.024E-05 1.769E-05 9.593E-06 1.989E-05 2.807E-05 2.955E-05 2.589E-05 2.189E-05 1.594E-05 1.414E-05 1.083E-05 5.886E-06 1.086E-05 1.065E-05 8.677E-06 7.178E-06 6.686E-06 6.353E-06 6.364E-06 5.955E-06 5.476E-06 4.847E-06 4.237E-06 3.805E-06 2.629E-06 2.149E-06 2.023E-06 3.281E-06 4.148E-06 5.685E-06 6.432E-06 6.628E-06 7.559E-06 7.954E-06 8.038E-06 7.961E-06 7.318E-06 6.666E-06 6.218E-06 5.362E-06 4.470E-06 3.844E-06 2.735E-06 2.215E-06
  1.340E+02  2.375E-05 3.329E-05 3.702E-05 4.138E-05 4.442E-05 4.893E-05 4.908E-05 5.028E-05 5.143E-05 5.188E-05 5.183E-05 5.251E-05 5.265E-05 5.084E-05 4.704E-05 4.229E-05 3.716E-05 3.133E-05 1.800E-05 9.488E-06 1.976E-05 2.843E-05 3.010E-05 2.641E-05 2.226E-05 1.609E-05 1.426E-05 1.089E-05 5.867E-06 1.083E-05 1.067E-05 8.698E-06 7.196E-06 6.703E-06 6.369E-06 6.380E-06 5.971E-06 5.491E-06 4.860E-06 4.249E-06 3.815E-06 2.636E-06 2.154E-06 2.028E-06 3.292E-06 4.164E-06 5.712E-06 6.465E-06 6.663E-06 7.606E-06 8.005E-06 8.092E-06 8.016E-06 7.372E-06 6.719E-06 6.270E-06 5.412E-06 4.515E-06 3.886E-06 2.769E-06 2.246E-06
  1.360E+02  2.929E-05 3.663E-05 4.433E-05 4.806E-05 5.073E-05 5.372E-05 5.402E-05 5.769E-05 5.685E-05 5.704E-05 5.804E-05 5.740E-05 5.639E-05 5.482E-05 5.023E-05 4.452E-05 3.886E-05 3.249E-05 1.832E-05 9.397E-06 1.967E-05 2.890E-05 3.078E-05 2.703E-05 2.270E-05 1.628E-05 1.441E-05 1.098E-05 5.857E-06 1.081E-05 1.070E-05 8.734E-06 7.225E-06 6.729E-06 6.394E-06 6.406E-06 5.995E-06 5.513E-06 4.880E-06 4.265E-06 3.830E-06 2.645E-06 2.161E-06 2.034E-06 3.304E-06 4.181E-06 5.741E-06 6.502E-06 6.702E-06 7.656E-06 8.060E-06 8.150E-06 8.075E-06 7.430E-06 6.776E-06 6.325E-06 5.464E-06 4.563E-06 3.929E-06 2.804E-06 2.277E-06
  1.380E+02  3.552E-05 4.530E-05 5.380E-05 5.716E-05 6.015E-05 6.124E-05 6.165E-05 6.521E-05 6.443E-05 6.418E-05 6.474E-05 6.231E-05 6.106E-05 5.913E-05 5.366E-05 4.699E-05 4.066E-05 3.374E-05 1.863E-05 9.317E-06 1.961E-05 2.948E-05 3.159E-05 2.775E-05 2.322E-05 1.651E-05 1.459E-05 1.109E-05 5.856E-06 1.080E-05 1.076E-05 8.785E-06 7.264E-06 6.765E-06 6.428E-06 6.440E-06 6.026E-06 5.541E-06 4.904E-06 4.286E-06 3.848E-06 2.656E-06 2.169E-06 2.041E-06 3.318E-06 4.200E-06 5.772E-06 6.541E-06 6.743E-06 7.709E-06 8.119E-06 8.212E-06 8.137E-06 7.491E-06 6.835E-06 6.383E-06 5.518E-06 4.612E-06 3.973E-06 2.839E-06 2.308E-06
  1.400E+02  4.684E-05 5.848E-05 6.490E-05 6.702E-05 7.033E-05 7.130E-05 7.017E-05 7.251E-05 7.287E-05 7.207E-05 7.050E-05 6.828E-05 6.677E-05 6.368E-05 5.702E-05 4.967E-05 4.254E-05 3.506E-05 1.893E-05 9.250E-06 1.958E-05 3.016E-05 3.253E-05 2.857E-05 2.381E-05 1.679E-05 1.480E-05 1.123E-05 5.862E-06 1.082E-05 1.083E-05 8.848E-06 7.313E-06 6.809E-06 6.469E-06 6.481E-06 6.064E-06 5.575E-06 4.934E-06 4.311E-06 3.869E-06 2.669E-06 2.178E-06 2.049E-06 3.333E-06 4.221E-06 5.806E-06 6.582E-06 6.786E-06 7.764E-06 8.180E-06 8.276E-06 8.202E-06 7.555E-06 6.896E-06 6.442E-06 5.574E-06 4.662E-06 4.019E-06 2.875E-06 2.340E-06
  1.420E+02  6.498E-05 7.341E-05 8.058E-05 7.979E-05 8.115E-05 8.209E-05 7.969E-05 8.026E-05 7.914E-05 7.797E-05 7.688E-05 7.461E-05 7.277E-05 6.830E-05 6.021E-05 5.246E-05 4.434E-05 3.639E-05 1.923E-05 9.192E-06 1.957E-05 3.093E-05 3.360E-05 2.948E-05 2.447E-05 1.710E-05 1.505E-05 1.138E-05 5.874E-06 1.084E-05 1.092E-05 8.924E-06 7.370E-06 6.861E-06 6.517E-06 6.529E-06 6.108E-06 5.615E-06 4.967E-06 4.339E-06 3.893E-06 2.683E-06 2.188E-06 2.058E-06 3.348E-06 4.243E-06 5.840E-06 6.625E-06 6.831E-06 7.821E-06 8.243E-06 8.342E-06 8.269E-06 7.621E-06 6.959E-06 6.503E-06 5.631E-06 4.713E-06 4.065E-06 2.911E-06 2.372E-06
  1.440E+02  8.058E-05 8.858E-05 9.083E-05 9.460E-05 9.053E-05 9.060E-05 8.870E-05 8.804E-05 8.591E-05 8.438E-05 8.304E-05 8.030E-05 7.855E-05 7.269E-05 6.369E-05 5.518E-05 4.616E-05 3.768E-05 1.950E-05 9.143E-06 1.957E-05 3.180E-05 3.479E-05 3.049E-05 2.519E-05 1.744E-05 1.532E-05 1.155E-05 5.893E-06 1.088E-05 1.102E-05 9.010E-06 7.435E-06 6.919E-06 6.571E-06 6.582E-06 6.157E-06 5.658E-06 5.004E-06 4.369E-06 3.920E-06 2.698E-06 2.198E-06 2.067E-06 3.365E-06 4.265E-06 5.875E-06 6.668E-06 6.877E-06 7.879E-06 8.307E-06 8.410E-06 8.338E-06 7.687E-06 7.022E-06 6.565E-06 5.688E-06 4.764E-06 4.111E-06 2.947E-06 2.403E-06
  1.460E+02  1.049E-04 1.031E-04 1.020E-04 1.003E-04 9.715E-05 9.742E-05 9.483E-05 9.276E-05 9.252E-05 9.091E-05 8.649E-05 8.578E-05 8.265E-05 7.707E-05 6.677E-05 5.760E-05 4.796E-05 3.886E-05 1.974E-05 9.103E-06 1.957E-05 3.275E-05 3.608E-05 3.159E-05 2.596E-05 1.781E-05 1.561E-05 1.173E-05 5.916E-06 1.093E-05 1.114E-05 9.105E-06 7.507E-06 6.984E-06 6.630E-06 6.641E-06 6.210E-06 5.706E-06 5.044E-06 4.402E-06 3.948E-06 2.714E-06 2.210E-06 2.077E-06 3.381E-06 4.287E-06 5.910E-06 6.712E-06 6.923E-06 7.938E-06 8.371E-06 8.477E-06 8.406E-06 7.754E-06 7.086E-06 6.627E-06 5.745E-06 4.815E-06 4.156E-06 2.983E-06 2.434E-06
  1.480E+02  1.144E-04 1.047E-04 1.038E-04 1.030E-04 1.030E-04 9.892E-05 9.739E-05 9.501E-05 9.642E-05 9.498E-05 9.120E-05 8.835E-05 8.480E-05 7.957E-05 6.890E-05 5.978E-05 4.939E-05 3.997E-05 2.000E-05 9.070E-06 1.955E-05 3.376E-05 3.746E-05 3.274E-05 2.677E-05 1.821E-05 1.593E-05 1.192E-05 5.944E-06 1.099E-05 1.126E-05 9.208E-06 7.585E-06 7.053E-06 6.693E-06 6.704E-06 6.267E-06 5.756E-06 5.086E-06 4.437E-06 3.977E-06 2.731E-06 2.221E-06 2.087E-06 3.398E-06 4.310E-06 5.946E-06 6.756E-06 6.969E-06 7.996E-06 8.436E-06 8.545E-06 8.475E-06 7.821E-06 7.150E-06 6.689E-06 5.802E-06 4.865E-06 4.201E-06 3.017E-06 2.464E-06
  1.500E+02  1.125E-04 1.016E-04 1.019E-04 1.041E-04 1.054E-04 9.828E-05 9.930E-05 9.843E-05 9.833E-05 9.717E-05 9.434E-05 8.993E-05 8.755E-05 8.133E-05 7.129E-05 6.176E-05 5.059E-05 4.105E-05 2.029E-05 9.044E-06 1.951E-05 3.480E-05 3.892E-05 3.393E-05 2.761E-05 1.862E-05 1.625E-05 1.213E-05 5.976E-06 1.105E-05 1.139E-05 9.318E-06 7.667E-06 7.126E-06 6.760E-06 6.770E-06 6.327E-06 5.809E-06 5.131E-06 4.473E-06 4.008E-06 2.748E-06 2.233E-06 2.097E-06 3.414E-06 4.332E-06 5.981E-06 6.799E-06 7.014E-06 8.054E-06 8.500E-06 8.612E-06 8.543E-06 7.887E-06 7.213E-06 6.749E-06 5.857E-06 4.915E-06 4.246E-06 3.051E-06 2.493E-06
  1.520E+02  1.036E-04 9.791E-05 9.758E-05 9.969E-05 1.011E-04 9.651E-05 9.759E-05 1.003E-04 9.814E-05 9.746E-05 9.623E-05 9.153E-05 8.790E-05 8.336E-05 7.378E-05 6.333E-05 5.197E-05 4.203E-05 2.061E-05 9.023E-06 1.941E-05 3.582E-05 4.039E-05 3.513E-05 2.845E-05 1.904E-05 1.659E-05 1.235E-05 6.012E-06 1.112E-05 1.153E-05 9.433E-06 7.753E-06 7.203E-06 6.830E-06 6.839E-06 6.389E-06 5.864E-06 5.176E-06 4.510E-06 4.039E-06 2.765E-06 2.245E-06 2.107E-06 3.431E-06 4.355E-06 6.016E-06 6.841E-06 7.059E-06 8.110E-06 8.562E-06 8.678E-06 8.609E-06 7.951E-06 7.274E-06 6.808E-06 5.911E-06 4.963E-06 4.288E-06 3.084E-06 2.521E-06
  1.540E+02  1.005E-04 9.518E-05 9.582E-05 9.646E-05 9.748E-05 9.648E-05 9.814E-05 9.809E-05 9.775E-05 9.749E-05 9.464E-05 9.279E-05 8.943E-05 8.545E-05 7.532E-05 6.497E-05 5.343E-05 4.304E-05 2.098E-05 9.008E-06 1.925E-05 3.678E-05 4.182E-05 3.631E-05 2.928E-05 1.945E-05 1.692E-05 1.257E-05 6.050E-06 1.119E-05 1.167E-05 9.550E-06 7.841E-06 7.281E-06 6.902E-06 6.910E-06 6.453E-06 5.920E-06 5.223E-06 4.548E-06 4.071E-06 2.782E-06 2.257E-06 2.116E-06 3.447E-06 4.376E-06 6.049E-06 6.883E-06 7.102E-06 8.165E-06 8.623E-06 8.742E-06 8.674E-06 8.014E-06 7.333E-06 6.866E-06 5.964E-06 5.009E-06 4.330E-06 3.116E-06 2.548E-06
  1.560E+02  9.426E-05 9.254E-05 9.252E-05 9.950E-05 9.836E-05 9.763E-05 9.863E-05 9.656E-05 9.870E-05 9.870E-05 9.385E-05 9.409E-05 9.243E-05 8.698E-05 7.648E-05 6.688E-05 5.478E-05 4.417E-05 2.143E-05 8.999E-06 1.903E-05 3.760E-05 4.311E-05 3.744E-05 3.007E-05 1.986E-05 1.725E-05 1.279E-05 6.089E-06 1.126E-05 1.181E-05 9.669E-06 7.931E-06 7.361E-06 6.975E-06 6.982E-06 6.518E-06 5.977E-06 5.270E-06 4.586E-06 4.103E-06 2.800E-06 2.268E-06 2.126E-06 3.462E-06 4.397E-06 6.082E-06 6.922E-06 7.143E-06 8.218E-06 8.681E-06 8.803E-06 8.736E-06 8.074E-06 7.391E-06 6.921E-06 6.014E-06 5.053E-06 4.369E-06 3.146E-06 2.574E-06
  1.580E+02  9.427E-05 9.165E-05 9.163E-05 9.671E-05 9.598E-05 9.868E-05 9.996E-05 9.608E-05 9.846E-05 9.888E-05 9.724E-05 9.725E-05 9.460E-05 8.910E-05 7.822E-05 6.898E-05 5.630E-05 4.542E-05 2.195E-05 8.994E-06 1.872E-05 3.818E-05 4.417E-05 3.842E-05 3.077E-05 2.023E-05 1.756E-05 1.300E-05 6.130E-06 1.133E-05 1.195E-05 9.788E-06 8.020E-06 7.441E-06 7.048E-06 7.054E-06 6.582E-06 6.034E-06 5.317E-06 4.624E-06 4.135E-06 2.816E-06 2.279E-06 2.135E-06 3.477E-06 4.417E-06 6.112E-06 6.960E-06 7.183E-06 8.268E-06 8.737E-06 8.861E-06 8.795E-06 8.132E-06 7.445E-06 6.973E-06 6.062E-06 5.095E-06 4.407E-06 3.174E-06 2.598E-06
  1.600E+02  9.576E-05 9.255E-05 9.430E-05 9.596E-05 9.553E-05 1.006E-04 1.020E-04 1.013E-04 9.993E-05 1.007E-04 1.006E-04 1.005E-04 9.856E-05 9.285E-05 8.163E-05 7.135E-05 5.832E-05 4.681E-05 2.254E-05 8.994E-06 1.836E-05 3.843E-05 4.488E-05 3.913E-05 3.132E-05 2.054E-05 1.783E-05 1.321E-05 6.172E-06 1.140E-05 1.208E-05 9.903E-06 8.109E-06 7.520E-06 7.119E-06 7.124E-06 6.645E-06 6.090E-06 5.363E-06 4.661E-06 4.166E-06 2.833E-06 2.290E-06 2.144E-06 3.491E-06 4.436E-06 6.142E-06 6.996E-06 7.220E-06 8.316E-06 8.789E-06 8.917E-06 8.851E-06 8.186E-06 7.496E-06 7.022E-06 6.107E-06 5.135E-06 4.442E-06 3.201E-06 2.621E-06
  1.620E+02  9.617E-05 9.687E-05 9.927E-05 1.014E-04 1.032E-04 1.062E-04 1.076E-04 1.080E-04 1.074E-04 1.080E-04 1.065E-04 1.060E-04 1.033E-04 9.834E-05 8.611E-05 7.398E-05 6.063E-05 4.824E-05 2.318E-05 9.000E-06 1.797E-05 3.827E-05 4.510E-05 3.949E-05 3.166E-05 2.077E-05 1.806E-05 1.340E-05 6.214E-06 1.147E-05 1.220E-05 1.001E-05 8.194E-06 7.596E-06 7.189E-06 7.193E-06 6.707E-06 6.144E-06 5.407E-06 4.696E-06 4.195E-06 2.848E-06 2.300E-06 2.152E-06 3.504E-06 4.453E-06 6.169E-06 7.029E-06 7.255E-06 8.360E-06 8.838E-06 8.968E-06 8.903E-06 8.236E-06 7.544E-06 7.068E-06 6.148E-06 5.171E-06 4.474E-06 3.225E-06 2.642E-06
  1.640E+02  1.020E-04 9.964E-05 1.072E-04 1.081E-04 1.135E-04 1.126E-04 1.142E-04 1.179E-04 1.160E-04 1.163E-04 1.183E-04 1.147E-04 1.098E-04 1.049E-04 9.088E-05 7.669E-05 6.279E-05 4.957E-05 2.382E-05 9.010E-06 1.760E-05 3.769E-05 4.471E-05 3.942E-05 3.173E-05 2.091E-05 1.822E-05 1.357E-05 6.254E-06 1.153E-05 1.231E-05 1.012E-05 8.276E-06 7.670E-06 7.256E-06 7.259E-06 6.766E-06 6.196E-06 5.450E-06 4.730E-06 4.224E-06 2.863E-06 2.310E-06 2.159E-06 3.516E-06 4.469E-06 6.193E-06 7.059E-06 7.287E-06 8.400E-06 8.883E-06 9.015E-06 8.950E-06 8.282E-06 7.587E-06 7.110E-06 6.186E-06 5.205E-06 4.504E-06 3.247E-06 2.661E-06
  1.660E+02  1.151E-04 1.137E-04 1.151E-04 1.269E-04 1.262E-04 1.267E-04 1.320E-04 1.300E-04 1.284E-04 1.280E-04 1.276E-04 1.238E-04 1.184E-04 1.111E-04 9.469E-05 7.959E-05 6.409E-05 5.055E-05 2.435E-05 9.026E-06 1.730E-05 3.679E-05 4.372E-05 3.889E-05 3.151E-05 2.092E-05 1.831E-05 1.370E-05 6.294E-06 1.160E-05 1.241E-05 1.021E-05 8.353E-06 7.739E-06 7.319E-06 7.321E-06 6.822E-06 6.245E-06 5.490E-06 4.762E-06 4.250E-06 2.876E-06 2.318E-06 2.166E-06 3.527E-06 4.484E-06 6.216E-06 7.086E-06 7.316E-06 8.436E-06 8.923E-06 9.057E-06 8.993E-06 8.324E-06 7.626E-06 7.148E-06 6.221E-06 5.235E-06 4.530E-06 3.267E-06 2.678E-06
  1.680E+02  1.255E-04 1.289E-04 1.303E-04 1.427E-04 1.430E-04 1.430E-04 1.481E-04 1.391E-04 1.426E-04 1.407E-04 1.339E-04 1.307E-04 1.250E-04 1.149E-04 9.504E-05 8.017E-05 6.352E-05 5.028E-05 2.453E-05 9.046E-06 1.715E-05 3.584E-05 4.236E-05 3.798E-05 3.101E-05 2.085E-05 1.834E-05 1.380E-05 6.331E-06 1.166E-05 1.250E-05 1.030E-05 8.425E-06 7.803E-06 7.378E-06 7.379E-06 6.874E-06 6.290E-06 5.527E-06 4.792E-06 4.274E-06 2.888E-06 2.326E-06 2.172E-06 3.536E-06 4.496E-06 6.235E-06 7.111E-06 7.341E-06 8.469E-06 8.959E-06 9.095E-06 9.031E-06 8.361E-06 7.661E-06 7.181E-06 6.251E-06 5.261E-06 4.554E-06 3.285E-06 2.693E-06
  1.700E+02  1.316E-04 1.471E-04 1.405E-04 1.546E-04 1.550E-04 1.558E-04 1.544E-04 1.429E-04 1.464E-04 1.430E-04 1.342E-04 1.332E-04 1.255E-04 1.111E-04 8.997E-05 7.599E-05 6.001E-05 4.789E-05 2.409E-05 9.069E-06 1.718E-05 3.523E-05 4.114E-05 3.695E-05 3.042E-05 2.074E-05 1.834E-05 1.387E-05 6.365E-06 1.173E-05 1.260E-05 1.039E-05 8.492E-06 7.863E-06 7.433E-06 7.432E-06 6.921E-06 6.331E-06 5.561E-06 4.818E-06 4.296E-06 2.899E-06 2.333E-06 2.178E-06 3.545E-06 4.507E-06 6.252E-06 7.131E-06 7.363E-06 8.496E-06 8.990E-06 9.127E-06 9.064E-06 8.393E-06 7.691E-06 7.209E-06 6.277E-06 5.284E-06 4.574E-06 3.300E-06 2.705E-06
  1.720E+02  1.597E-04 1.630E-04 1.515E-04 1.608E-04 1.530E-04 1.556E-04 1.536E-04 1.371E-04 1.370E-04 1.327E-04 1.246E-04 1.260E-04 1.148E-04 1.005E-04 8.035E-05 6.821E-05 5.421E-05 4.386E-05 2.296E-05 9.094E-06 1.739E-05 3.534E-05 4.068E-05 3.634E-05 3.007E-05 2.073E-05 1.841E-05 1.396E-05 6.396E-06 1.180E-05 1.270E-05 1.047E-05 8.554E-06 7.918E-06 7.482E-06 7.481E-06 6.964E-06 6.368E-06 5.591E-06 4.841E-06 4.315E-06 2.908E-06 2.339E-06 2.182E-06 3.551E-06 4.516E-06 6.267E-06 7.149E-06 7.381E-06 8.519E-06 9.015E-06 9.154E-06 9.091E-06 8.419E-06 7.716E-06 7.233E-06 6.298E-06 5.303E-06 4.590E-06 3.313E-06 2.716E-06
  1.740E+02  1.964E-04 1.755E-04 1.641E-04 1.656E-04 1.599E-04 1.483E-04 1.481E-04 1.350E-04 1.310E-04 1.256E-04 1.222E-04 1.139E-04 1.022E-04 9.153E-05 7.343E-05 6.216E-05 5.014E-05 4.085E-05 2.179E-05 9.118E-06 1.772E-05 3.630E-05 4.142E-05 3.671E-05 3.035E-05 2.094E-05 1.860E-05 1.409E-05 6.422E-06 1.187E-05 1.281E-05 1.055E-05 8.611E-06 7.967E-06 7.525E-06 7.523E-06 7.000E-06 6.399E-06 5.615E-06 4.860E-06 4.330E-06 2.915E-06 2.343E-06 2.185E-06 3.557E-06 4.524E-06 6.278E-06 7.162E-06 7.395E-06 8.537E-06 9.035E-06 9.175E-06 9.113E-06 8.440E-06 7.735E-06 7.252E-06 6.315E-06 5.317E-06 4.603E-06 3.322E-06 2.724E-06
  1.760E+02  2.155E-04 1.988E-04 1.845E-04 1.792E-04 1.741E-04 1.511E-04 1.544E-04 1.414E-04 1.382E-04 1.327E-04 1.298E-04 1.171E-04 1.036E-04 9.703E-05 7.882E-05 6.524E-05 5.314E-05 4.243E-05 2.205E-05 9.137E-06 1.809E-05 3.784E-05 4.319E-05 3.813E-05 3.132E-05 2.136E-05 1.893E-05 1.427E-05 6.442E-06 1.193E-05 1.291E-05 1.063E-05 8.659E-06 8.007E-06 7.560E-06 7.557E-06 7.029E-06 6.424E-06 5.634E-06 4.874E-06 4.342E-06 2.921E-06 2.346E-06 2.188E-06 3.561E-06 4.529E-06 6.286E-06 7.172E-06 7.406E-06 8.550E-06 9.050E-06 9.191E-06 9.128E-06 8.455E-06 7.749E-06 7.265E-06 6.328E-06 5.328E-06 4.613E-06 3.329E-06 2.730E-06
  1.780E+02  2.455E-04 1.917E-04 2.079E-04 1.901E-04 1.960E-04 1.666E-04 1.721E-04 1.745E-04 1.680E-04 1.630E-04 1.579E-04 1.475E-04 1.309E-04 1.226E-04 9.902E-05 7.783E-05 6.293E-05 4.834E-05 2.403E-05 9.151E-06 1.837E-05 3.928E-05 4.513E-05 3.990E-05 3.251E-05 2.182E-05 1.925E-05 1.445E-05 6.455E-06 1.196E-05 1.299E-05 1.068E-05 8.692E-06 8.034E-06 7.584E-06 7.579E-06 7.048E-06 6.440E-06 5.647E-06 4.884E-06 4.349E-06 2.924E-06 2.348E-06 2.189E-06 3.563E-06 4.532E-06 6.290E-06 7.178E-06 7.412E-06 8.558E-06 9.058E-06 9.200E-06 9.137E-06 8.464E-06 7.758E-06 7.273E-06 6.335E-06 5.334E-06 4.618E-06 3.334E-06 2.734E-06
  1.800E+02  3.324E-04 2.293E-04 2.878E-04 2.470E-04 2.438E-04 2.027E-04 2.112E-04 2.220E-04 2.087E-04 2.002E-04 1.950E-04 1.801E-04 1.588E-04 1.466E-04 1.146E-04 8.687E-05 6.942E-05 5.210E-05 2.535E-05 9.155E-06 1.847E-05 3.988E-05 4.600E-05 4.073E-05 3.306E-05 2.202E-05 1.940E-05 1.453E-05 6.459E-06 1.198E-05 1.302E-05 1.070E-05 8.704E-06 8.044E-06 7.592E-06 7.587E-06 7.055E-06 6.445E-06 5.651E-06 4.887E-06 4.352E-06 2.925E-06 2.349E-06 2.190E-06 3.564E-06 4.533E-06 6.292E-06 7.180E-06 7.414E-06 8.561E-06 9.061E-06 9.203E-06 9.140E-06 8.467E-06 7.761E-06 7.276E-06 6.337E-06 5.336E-06 4.620E-06 3.335E-06 2.735E-06
