# sea salt (acc., 80%)
#
# size distribution: lognormal
# ------------------
#
#   minimum radius, [um]:      9.000E-03
#   maximum radius, [um]:      3.990E+01
#                  sigma:      2.030E+00
#       Rmod (wet), [um]:      4.160E-01
#       Rmod (dry), [um]:      2.090E-01
#
# optical parameters:
# -------------------
#
# wavelength ext.coef  sca.coef  abs.coef  si.sc.alb  asym.par  ext.nor    ref.real  ref.imag
#     [um]     [1/km]    [1/km]    [1/km]
#
#  2.500E-01 3.344E-03 3.343E-03 1.596E-07 1.000E+00 0.803E+00 8.932E-01  1.381E+00 -6.633E-07
#  3.000E-01 3.411E-03 3.411E-03 5.124E-08 1.000E+00 0.799E+00 9.113E-01  1.369E+00 -2.676E-07
#  3.500E-01 3.483E-03 3.483E-03 7.474E-09 1.000E+00 0.794E+00 9.305E-01  1.364E+00 -4.676E-08
#  4.000E-01 3.559E-03 3.559E-03 6.364E-10 1.000E+00 0.789E+00 9.508E-01  1.359E+00 -5.428E-09
#  4.500E-01 3.620E-03 3.620E-03 0.000E+00 1.000E+00 0.788E+00 9.671E-01  1.358E+00 -3.972E-09
#  5.000E-01 3.687E-03 3.687E-03 0.000E+00 1.000E+00 0.785E+00 9.850E-01  1.356E+00 -2.839E-09
#  5.500E-01 3.743E-03 3.743E-03 6.694E-10 1.000E+00 0.784E+00 1.000E+00  1.354E+00 -2.980E-09
#  6.000E-01 3.802E-03 3.802E-03 1.586E-09 1.000E+00 0.783E+00 1.016E+00  1.352E+00 -1.155E-08
#  6.500E-01 3.837E-03 3.837E-03 9.147E-10 1.000E+00 0.785E+00 1.025E+00  1.351E+00 -1.970E-08
#  7.000E-01 3.873E-03 3.873E-03 5.078E-09 1.000E+00 0.785E+00 1.035E+00  1.351E+00 -5.461E-08
#  7.500E-01 3.908E-03 3.908E-03 2.376E-08 1.000E+00 0.785E+00 1.044E+00  1.350E+00 -2.732E-07
#  8.000E-01 3.929E-03 3.929E-03 2.693E-08 1.000E+00 0.786E+00 1.050E+00  1.348E+00 -3.564E-07
#  9.000E-01 3.946E-03 3.945E-03 4.010E-07 9.999E-01 0.788E+00 1.054E+00  1.347E+00 -5.801E-06
#  1.000E+00 3.937E-03 3.935E-03 1.242E-06 9.997E-01 0.790E+00 1.052E+00  1.345E+00 -2.040E-05
#  1.250E+00 3.818E-03 3.816E-03 2.587E-06 9.993E-01 0.794E+00 1.020E+00  1.342E+00 -5.300E-05
#  1.500E+00 3.607E-03 3.598E-03 9.806E-06 9.973E-01 0.797E+00 9.637E-01  1.339E+00 -2.469E-04
#  1.750E+00 3.322E-03 3.316E-03 6.144E-06 9.982E-01 0.801E+00 8.874E-01  1.330E+00 -1.839E-04
#  2.000E+00 3.023E-03 2.992E-03 3.067E-05 9.899E-01 0.803E+00 8.075E-01  1.324E+00 -1.087E-03
#  2.500E+00 2.212E-03 2.170E-03 4.205E-05 9.810E-01 0.820E+00 5.909E-01  1.282E+00 -2.027E-03
#  3.000E+00 2.757E-03 1.219E-03 1.539E-03 4.420E-01 0.782E+00 7.366E-01  1.401E+00 -2.388E-01
#  3.200E+00 2.841E-03 1.910E-03 9.310E-04 6.724E-01 0.744E+00 7.591E-01  1.480E+00 -8.106E-02
#  3.390E+00 2.481E-03 2.173E-03 3.087E-04 8.756E-01 0.732E+00 6.629E-01  1.430E+00 -2.047E-02
#  3.500E+00 2.293E-03 2.161E-03 1.318E-04 9.425E-01 0.732E+00 6.126E-01  1.410E+00 -8.411E-03
#  3.750E+00 1.964E-03 1.916E-03 4.732E-05 9.759E-01 0.737E+00 5.246E-01  1.382E+00 -3.234E-03
#  4.000E+00 1.735E-03 1.680E-03 5.564E-05 9.679E-01 0.740E+00 4.636E-01  1.367E+00 -4.194E-03
#  4.500E+00 1.422E-03 1.293E-03 1.291E-04 9.092E-01 0.738E+00 3.799E-01  1.352E+00 -1.188E-02
#  5.000E+00 1.180E-03 1.073E-03 1.069E-04 9.094E-01 0.729E+00 3.151E-01  1.343E+00 -1.114E-02
#  5.500E+00 8.921E-04 8.033E-04 8.871E-05 9.006E-01 0.727E+00 2.383E-01  1.313E+00 -1.059E-02
#  6.000E+00 9.826E-04 4.378E-04 5.448E-04 4.456E-01 0.713E+00 2.625E-01  1.283E+00 -9.483E-02
#  6.200E+00 1.207E-03 7.148E-04 4.919E-04 5.924E-01 0.683E+00 3.224E-01  1.393E+00 -7.963E-02
#  6.500E+00 8.830E-04 6.547E-04 2.284E-04 7.414E-01 0.687E+00 2.359E-01  1.354E+00 -3.486E-02
#  7.200E+00 6.533E-04 4.847E-04 1.686E-04 7.419E-01 0.678E+00 1.745E-01  1.326E+00 -2.892E-02
#  7.900E+00 5.245E-04 3.633E-04 1.612E-04 6.926E-01 0.664E+00 1.401E-01  1.307E+00 -3.125E-02
#  8.200E+00 4.893E-04 3.263E-04 1.630E-04 6.668E-01 0.656E+00 1.307E-01  1.303E+00 -3.319E-02
#  8.500E+00 4.682E-04 3.022E-04 1.660E-04 6.454E-01 0.648E+00 1.251E-01  1.304E+00 -3.534E-02
#  8.700E+00 4.729E-04 3.037E-04 1.692E-04 6.422E-01 0.641E+00 1.263E-01  1.314E+00 -3.690E-02
#  9.000E+00 4.467E-04 2.780E-04 1.687E-04 6.223E-01 0.633E+00 1.193E-01  1.311E+00 -3.839E-02
#  9.200E+00 4.159E-04 2.476E-04 1.684E-04 5.952E-01 0.630E+00 1.111E-01  1.300E+00 -3.956E-02
#  9.500E+00 3.777E-04 2.106E-04 1.671E-04 5.576E-01 0.625E+00 1.009E-01  1.286E+00 -4.105E-02
#  9.800E+00 3.479E-04 1.772E-04 1.706E-04 5.095E-01 0.619E+00 9.293E-02  1.271E+00 -4.385E-02
#  1.000E+01 3.294E-04 1.549E-04 1.746E-04 4.701E-01 0.614E+00 8.801E-02  1.259E+00 -4.626E-02
#  1.060E+01 3.062E-04 9.820E-05 2.080E-04 3.207E-01 0.598E+00 8.179E-02  1.220E+00 -6.063E-02
#  1.100E+01 3.474E-04 7.290E-05 2.745E-04 2.098E-01 0.580E+00 9.281E-02  1.194E+00 -8.630E-02
#  1.150E+01 4.256E-04 5.899E-05 3.666E-04 1.386E-01 0.553E+00 1.137E-01  1.171E+00 -1.258E-01
#  1.250E+01 6.400E-04 6.840E-05 5.716E-04 1.069E-01 0.495E+00 1.710E-01  1.161E+00 -2.282E-01
#  1.300E+01 7.158E-04 7.881E-05 6.369E-04 1.101E-01 0.473E+00 1.912E-01  1.179E+00 -2.686E-01
#  1.400E+01 8.021E-04 9.596E-05 7.062E-04 1.196E-01 0.440E+00 2.143E-01  1.235E+00 -3.260E-01
#  1.480E+01 8.153E-04 1.024E-04 7.129E-04 1.256E-01 0.422E+00 2.178E-01  1.280E+00 -3.496E-01
#  1.500E+01 8.182E-04 1.044E-04 7.139E-04 1.275E-01 0.418E+00 2.186E-01  1.293E+00 -3.555E-01
#  1.640E+01 8.084E-04 1.115E-04 6.969E-04 1.379E-01 0.393E+00 2.160E-01  1.373E+00 -3.843E-01
#  1.720E+01 7.837E-04 1.162E-04 6.674E-04 1.483E-01 0.383E+00 2.093E-01  1.431E+00 -3.898E-01
#  1.800E+01 7.465E-04 1.144E-04 6.321E-04 1.533E-01 0.374E+00 1.994E-01  1.468E+00 -3.885E-01
#  1.850E+01 7.194E-04 1.112E-04 6.082E-04 1.546E-01 0.369E+00 1.922E-01  1.484E+00 -3.847E-01
#  2.000E+01 6.283E-04 9.781E-05 5.304E-04 1.557E-01 0.357E+00 1.678E-01  1.516E+00 -3.624E-01
#  2.130E+01 5.688E-04 8.534E-05 4.834E-04 1.500E-01 0.346E+00 1.519E-01  1.525E+00 -3.519E-01
#  2.250E+01 5.245E-04 7.659E-05 4.479E-04 1.460E-01 0.336E+00 1.401E-01  1.538E+00 -3.459E-01
#  2.500E+01 4.494E-04 6.130E-05 3.881E-04 1.364E-01 0.316E+00 1.201E-01  1.560E+00 -3.369E-01
#  2.790E+01 3.841E-04 4.747E-05 3.367E-04 1.236E-01 0.295E+00 1.026E-01  1.577E+00 -3.309E-01
#  3.000E+01 3.440E-04 3.887E-05 3.051E-04 1.130E-01 0.282E+00 9.190E-02  1.579E+00 -3.244E-01
#  3.500E+01 3.093E-04 2.470E-05 2.846E-04 7.984E-02 0.244E+00 8.264E-02  1.561E+00 -3.568E-01
#  4.000E+01 3.366E-04 1.840E-05 3.182E-04 5.467E-02 0.204E+00 8.993E-02  1.547E+00 -4.630E-01
#
# volume phase function [1/km]:
# -----------------------------
#
# sca.ang. | wavelengths --->
# ---------|------------------
#          | 2.500E-01 3.000E-01 3.500E-01 4.000E-01 4.500E-01 5.000E-01 5.500E-01 6.000E-01 6.500E-01 7.000E-01 7.500E-01 8.000E-01 9.000E-01 1.000E+00 1.250E+00 1.500E+00 1.750E+00 2.000E+00 2.500E+00 3.000E+00 3.200E+00 3.390E+00 3.500E+00 3.750E+00 4.000E+00 4.500E+00 5.000E+00 5.500E+00 6.000E+00 6.200E+00 6.500E+00 7.200E+00 7.900E+00 8.200E+00 8.500E+00 8.700E+00 9.000E+00 9.200E+00 9.500E+00 9.800E+00 1.000E+01 1.060E+01 1.100E+01 1.150E+01 1.250E+01 1.300E+01 1.400E+01 1.480E+01 1.500E+01 1.640E+01 1.720E+01 1.800E+01 1.850E+01 2.000E+01 2.130E+01 2.250E+01 2.500E+01 2.790E+01 3.000E+01 3.500E+01 4.000E+01
#
  0.000E+00  2.957E-01 2.100E-01 1.564E-01 1.233E-01 9.899E-02 8.163E-02 6.887E-02 5.929E-02 5.122E-02 4.506E-02 4.041E-02 3.615E-02 2.976E-02 2.514E-02 1.788E-02 1.352E-02 1.073E-02 8.654E-03 5.830E-03 2.695E-03 3.134E-03 3.262E-03 3.200E-03 2.827E-03 2.441E-03 1.791E-03 1.392E-03 1.032E-03 5.350E-04 7.173E-04 6.721E-04 4.803E-04 3.417E-04 2.985E-04 2.668E-04 2.583E-04 2.299E-04 2.037E-04 1.713E-04 1.423E-04 1.234E-04 7.564E-05 5.320E-05 3.939E-05 3.729E-05 3.970E-05 4.277E-05 4.248E-05 4.256E-05 4.104E-05 4.074E-05 3.856E-05 3.672E-05 3.075E-05 2.580E-05 2.236E-05 1.678E-05 1.219E-05 9.596E-06 5.542E-06 3.731E-06
  1.000E-01  2.923E-01 2.083E-01 1.555E-01 1.228E-01 9.864E-02 8.140E-02 6.871E-02 5.917E-02 5.114E-02 4.499E-02 4.036E-02 3.611E-02 2.973E-02 2.513E-02 1.788E-02 1.352E-02 1.073E-02 8.653E-03 5.830E-03 2.695E-03 3.134E-03 3.262E-03 3.200E-03 2.827E-03 2.441E-03 1.791E-03 1.392E-03 1.032E-03 5.350E-04 7.173E-04 6.721E-04 4.803E-04 3.417E-04 2.985E-04 2.668E-04 2.583E-04 2.299E-04 2.037E-04 1.713E-04 1.423E-04 1.234E-04 7.564E-05 5.320E-05 3.939E-05 3.729E-05 3.970E-05 4.277E-05 4.248E-05 4.256E-05 4.104E-05 4.074E-05 3.856E-05 3.671E-05 3.075E-05 2.580E-05 2.236E-05 1.678E-05 1.219E-05 9.596E-06 5.542E-06 3.731E-06
  2.000E-01  2.830E-01 2.036E-01 1.529E-01 1.212E-01 9.762E-02 8.072E-02 6.823E-02 5.883E-02 5.089E-02 4.480E-02 4.021E-02 3.600E-02 2.966E-02 2.508E-02 1.785E-02 1.351E-02 1.073E-02 8.649E-03 5.828E-03 2.694E-03 3.133E-03 3.261E-03 3.199E-03 2.827E-03 2.441E-03 1.791E-03 1.391E-03 1.031E-03 5.349E-04 7.173E-04 6.720E-04 4.802E-04 3.417E-04 2.985E-04 2.668E-04 2.583E-04 2.299E-04 2.037E-04 1.712E-04 1.422E-04 1.234E-04 7.564E-05 5.320E-05 3.938E-05 3.729E-05 3.970E-05 4.277E-05 4.247E-05 4.256E-05 4.104E-05 4.074E-05 3.856E-05 3.671E-05 3.075E-05 2.580E-05 2.236E-05 1.678E-05 1.219E-05 9.596E-06 5.541E-06 3.731E-06
  3.000E-01  2.699E-01 1.966E-01 1.489E-01 1.187E-01 9.602E-02 7.964E-02 6.748E-02 5.828E-02 5.049E-02 4.450E-02 3.998E-02 3.582E-02 2.954E-02 2.500E-02 1.782E-02 1.349E-02 1.072E-02 8.643E-03 5.825E-03 2.693E-03 3.132E-03 3.260E-03 3.198E-03 2.826E-03 2.440E-03 1.791E-03 1.391E-03 1.031E-03 5.348E-04 7.172E-04 6.719E-04 4.802E-04 3.416E-04 2.984E-04 2.668E-04 2.583E-04 2.298E-04 2.036E-04 1.712E-04 1.422E-04 1.234E-04 7.563E-05 5.319E-05 3.938E-05 3.729E-05 3.970E-05 4.277E-05 4.247E-05 4.256E-05 4.104E-05 4.073E-05 3.856E-05 3.671E-05 3.074E-05 2.580E-05 2.236E-05 1.678E-05 1.219E-05 9.595E-06 5.541E-06 3.731E-06
  4.000E-01  2.546E-01 1.882E-01 1.440E-01 1.156E-01 9.397E-02 7.824E-02 6.649E-02 5.756E-02 4.995E-02 4.409E-02 3.966E-02 3.557E-02 2.938E-02 2.489E-02 1.777E-02 1.346E-02 1.070E-02 8.634E-03 5.821E-03 2.692E-03 3.131E-03 3.259E-03 3.197E-03 2.825E-03 2.440E-03 1.790E-03 1.391E-03 1.031E-03 5.347E-04 7.170E-04 6.718E-04 4.801E-04 3.416E-04 2.984E-04 2.667E-04 2.583E-04 2.298E-04 2.036E-04 1.712E-04 1.422E-04 1.234E-04 7.562E-05 5.319E-05 3.938E-05 3.729E-05 3.970E-05 4.276E-05 4.247E-05 4.256E-05 4.104E-05 4.073E-05 3.856E-05 3.671E-05 3.074E-05 2.580E-05 2.236E-05 1.678E-05 1.219E-05 9.595E-06 5.541E-06 3.731E-06
  5.000E-01  2.385E-01 1.790E-01 1.384E-01 1.120E-01 9.158E-02 7.658E-02 6.530E-02 5.668E-02 4.929E-02 4.359E-02 3.926E-02 3.526E-02 2.918E-02 2.476E-02 1.771E-02 1.343E-02 1.068E-02 8.623E-03 5.816E-03 2.689E-03 3.129E-03 3.257E-03 3.196E-03 2.824E-03 2.439E-03 1.790E-03 1.390E-03 1.031E-03 5.345E-04 7.169E-04 6.717E-04 4.800E-04 3.415E-04 2.983E-04 2.667E-04 2.582E-04 2.298E-04 2.036E-04 1.712E-04 1.422E-04 1.234E-04 7.561E-05 5.318E-05 3.937E-05 3.728E-05 3.969E-05 4.276E-05 4.247E-05 4.255E-05 4.103E-05 4.073E-05 3.855E-05 3.671E-05 3.074E-05 2.580E-05 2.236E-05 1.678E-05 1.219E-05 9.595E-06 5.541E-06 3.731E-06
  6.000E-01  2.223E-01 1.695E-01 1.325E-01 1.081E-01 8.893E-02 7.472E-02 6.396E-02 5.568E-02 4.854E-02 4.301E-02 3.880E-02 3.490E-02 2.894E-02 2.460E-02 1.764E-02 1.340E-02 1.066E-02 8.610E-03 5.810E-03 2.687E-03 3.127E-03 3.255E-03 3.194E-03 2.823E-03 2.438E-03 1.789E-03 1.390E-03 1.030E-03 5.343E-04 7.167E-04 6.715E-04 4.799E-04 3.414E-04 2.983E-04 2.666E-04 2.582E-04 2.297E-04 2.035E-04 1.711E-04 1.422E-04 1.233E-04 7.559E-05 5.317E-05 3.936E-05 3.728E-05 3.969E-05 4.276E-05 4.246E-05 4.255E-05 4.103E-05 4.073E-05 3.855E-05 3.671E-05 3.074E-05 2.580E-05 2.236E-05 1.678E-05 1.218E-05 9.594E-06 5.541E-06 3.730E-06
  7.000E-01  2.064E-01 1.599E-01 1.265E-01 1.040E-01 8.612E-02 7.273E-02 6.250E-02 5.459E-02 4.771E-02 4.236E-02 3.829E-02 3.449E-02 2.868E-02 2.441E-02 1.756E-02 1.335E-02 1.064E-02 8.595E-03 5.803E-03 2.684E-03 3.124E-03 3.253E-03 3.192E-03 2.821E-03 2.436E-03 1.788E-03 1.389E-03 1.030E-03 5.341E-04 7.164E-04 6.713E-04 4.797E-04 3.413E-04 2.982E-04 2.666E-04 2.581E-04 2.297E-04 2.035E-04 1.711E-04 1.421E-04 1.233E-04 7.557E-05 5.315E-05 3.935E-05 3.727E-05 3.968E-05 4.275E-05 4.246E-05 4.254E-05 4.103E-05 4.072E-05 3.855E-05 3.670E-05 3.074E-05 2.580E-05 2.236E-05 1.678E-05 1.218E-05 9.594E-06 5.541E-06 3.730E-06
  8.000E-01  1.913E-01 1.505E-01 1.204E-01 9.988E-02 8.320E-02 7.063E-02 6.096E-02 5.342E-02 4.681E-02 4.167E-02 3.773E-02 3.405E-02 2.838E-02 2.421E-02 1.746E-02 1.330E-02 1.061E-02 8.577E-03 5.795E-03 2.680E-03 3.121E-03 3.250E-03 3.189E-03 2.819E-03 2.435E-03 1.787E-03 1.389E-03 1.029E-03 5.339E-04 7.162E-04 6.710E-04 4.796E-04 3.412E-04 2.981E-04 2.665E-04 2.580E-04 2.296E-04 2.034E-04 1.711E-04 1.421E-04 1.233E-04 7.555E-05 5.314E-05 3.934E-05 3.726E-05 3.967E-05 4.274E-05 4.245E-05 4.254E-05 4.102E-05 4.072E-05 3.854E-05 3.670E-05 3.074E-05 2.579E-05 2.236E-05 1.678E-05 1.218E-05 9.593E-06 5.540E-06 3.730E-06
  9.000E-01  1.771E-01 1.414E-01 1.144E-01 9.570E-02 8.024E-02 6.848E-02 5.935E-02 5.219E-02 4.587E-02 4.092E-02 3.713E-02 3.358E-02 2.806E-02 2.399E-02 1.736E-02 1.325E-02 1.058E-02 8.557E-03 5.785E-03 2.676E-03 3.118E-03 3.248E-03 3.187E-03 2.817E-03 2.433E-03 1.786E-03 1.388E-03 1.029E-03 5.336E-04 7.158E-04 6.708E-04 4.794E-04 3.411E-04 2.980E-04 2.664E-04 2.579E-04 2.295E-04 2.034E-04 1.710E-04 1.420E-04 1.232E-04 7.553E-05 5.312E-05 3.933E-05 3.725E-05 3.967E-05 4.274E-05 4.245E-05 4.253E-05 4.102E-05 4.071E-05 3.854E-05 3.670E-05 3.073E-05 2.579E-05 2.236E-05 1.677E-05 1.218E-05 9.593E-06 5.540E-06 3.730E-06
  1.000E+00  1.638E-01 1.327E-01 1.085E-01 9.156E-02 7.726E-02 6.629E-02 5.771E-02 5.093E-02 4.489E-02 4.015E-02 3.650E-02 3.307E-02 2.772E-02 2.375E-02 1.725E-02 1.319E-02 1.054E-02 8.535E-03 5.775E-03 2.672E-03 3.114E-03 3.244E-03 3.184E-03 2.814E-03 2.431E-03 1.785E-03 1.387E-03 1.028E-03 5.332E-04 7.155E-04 6.704E-04 4.792E-04 3.410E-04 2.979E-04 2.663E-04 2.579E-04 2.294E-04 2.033E-04 1.709E-04 1.420E-04 1.232E-04 7.550E-05 5.310E-05 3.932E-05 3.725E-05 3.966E-05 4.273E-05 4.244E-05 4.252E-05 4.101E-05 4.071E-05 3.853E-05 3.669E-05 3.073E-05 2.579E-05 2.235E-05 1.677E-05 1.218E-05 9.592E-06 5.540E-06 3.730E-06
  1.100E+00  1.514E-01 1.244E-01 1.029E-01 8.751E-02 7.431E-02 6.410E-02 5.605E-02 4.964E-02 4.388E-02 3.935E-02 3.585E-02 3.255E-02 2.736E-02 2.350E-02 1.713E-02 1.313E-02 1.050E-02 8.511E-03 5.764E-03 2.667E-03 3.110E-03 3.241E-03 3.180E-03 2.812E-03 2.429E-03 1.783E-03 1.386E-03 1.028E-03 5.329E-04 7.151E-04 6.701E-04 4.789E-04 3.408E-04 2.977E-04 2.662E-04 2.577E-04 2.293E-04 2.032E-04 1.709E-04 1.419E-04 1.231E-04 7.547E-05 5.308E-05 3.931E-05 3.724E-05 3.965E-05 4.272E-05 4.243E-05 4.252E-05 4.100E-05 4.070E-05 3.853E-05 3.669E-05 3.073E-05 2.579E-05 2.235E-05 1.677E-05 1.218E-05 9.591E-06 5.539E-06 3.729E-06
  1.200E+00  1.400E-01 1.166E-01 9.744E-02 8.355E-02 7.140E-02 6.192E-02 5.438E-02 4.833E-02 4.286E-02 3.853E-02 3.518E-02 3.201E-02 2.699E-02 2.324E-02 1.700E-02 1.306E-02 1.046E-02 8.485E-03 5.751E-03 2.662E-03 3.105E-03 3.237E-03 3.177E-03 2.809E-03 2.426E-03 1.782E-03 1.385E-03 1.027E-03 5.325E-04 7.147E-04 6.697E-04 4.787E-04 3.406E-04 2.976E-04 2.661E-04 2.576E-04 2.292E-04 2.031E-04 1.708E-04 1.419E-04 1.231E-04 7.544E-05 5.306E-05 3.929E-05 3.722E-05 3.964E-05 4.271E-05 4.242E-05 4.251E-05 4.100E-05 4.070E-05 3.852E-05 3.668E-05 3.072E-05 2.578E-05 2.235E-05 1.677E-05 1.218E-05 9.591E-06 5.539E-06 3.729E-06
  1.300E+00  1.295E-01 1.093E-01 9.226E-02 7.973E-02 6.855E-02 5.976E-02 5.271E-02 4.703E-02 4.182E-02 3.770E-02 3.449E-02 3.146E-02 2.661E-02 2.297E-02 1.686E-02 1.298E-02 1.042E-02 8.457E-03 5.738E-03 2.656E-03 3.100E-03 3.232E-03 3.173E-03 2.806E-03 2.424E-03 1.780E-03 1.384E-03 1.026E-03 5.321E-04 7.142E-04 6.693E-04 4.784E-04 3.405E-04 2.974E-04 2.659E-04 2.575E-04 2.291E-04 2.030E-04 1.707E-04 1.418E-04 1.230E-04 7.540E-05 5.304E-05 3.928E-05 3.721E-05 3.962E-05 4.270E-05 4.241E-05 4.250E-05 4.099E-05 4.069E-05 3.852E-05 3.668E-05 3.072E-05 2.578E-05 2.235E-05 1.677E-05 1.218E-05 9.590E-06 5.538E-06 3.729E-06
  1.400E+00  1.199E-01 1.024E-01 8.734E-02 7.604E-02 6.578E-02 5.765E-02 5.107E-02 4.572E-02 4.079E-02 3.687E-02 3.380E-02 3.089E-02 2.621E-02 2.269E-02 1.672E-02 1.291E-02 1.037E-02 8.428E-03 5.724E-03 2.651E-03 3.095E-03 3.228E-03 3.169E-03 2.802E-03 2.421E-03 1.778E-03 1.383E-03 1.025E-03 5.316E-04 7.138E-04 6.689E-04 4.781E-04 3.403E-04 2.973E-04 2.658E-04 2.574E-04 2.290E-04 2.029E-04 1.706E-04 1.417E-04 1.230E-04 7.537E-05 5.301E-05 3.926E-05 3.720E-05 3.961E-05 4.269E-05 4.240E-05 4.249E-05 4.098E-05 4.068E-05 3.851E-05 3.667E-05 3.071E-05 2.578E-05 2.234E-05 1.677E-05 1.218E-05 9.589E-06 5.538E-06 3.729E-06
  1.500E+00  1.110E-01 9.598E-02 8.266E-02 7.250E-02 6.309E-02 5.558E-02 4.944E-02 4.443E-02 3.975E-02 3.603E-02 3.310E-02 3.032E-02 2.581E-02 2.240E-02 1.658E-02 1.283E-02 1.033E-02 8.397E-03 5.709E-03 2.644E-03 3.089E-03 3.223E-03 3.164E-03 2.799E-03 2.418E-03 1.776E-03 1.381E-03 1.024E-03 5.311E-04 7.132E-04 6.684E-04 4.778E-04 3.400E-04 2.971E-04 2.656E-04 2.572E-04 2.289E-04 2.028E-04 1.705E-04 1.417E-04 1.229E-04 7.532E-05 5.299E-05 3.924E-05 3.718E-05 3.960E-05 4.268E-05 4.239E-05 4.248E-05 4.097E-05 4.068E-05 3.850E-05 3.666E-05 3.071E-05 2.577E-05 2.234E-05 1.676E-05 1.218E-05 9.588E-06 5.537E-06 3.728E-06
  1.600E+00  1.029E-01 8.998E-02 7.824E-02 6.911E-02 6.049E-02 5.356E-02 4.785E-02 4.315E-02 3.873E-02 3.519E-02 3.240E-02 2.975E-02 2.541E-02 2.211E-02 1.643E-02 1.275E-02 1.028E-02 8.364E-03 5.693E-03 2.637E-03 3.083E-03 3.218E-03 3.159E-03 2.795E-03 2.415E-03 1.774E-03 1.380E-03 1.023E-03 5.306E-04 7.127E-04 6.679E-04 4.775E-04 3.398E-04 2.969E-04 2.655E-04 2.571E-04 2.288E-04 2.027E-04 1.704E-04 1.416E-04 1.228E-04 7.528E-05 5.296E-05 3.922E-05 3.717E-05 3.958E-05 4.266E-05 4.238E-05 4.247E-05 4.096E-05 4.067E-05 3.850E-05 3.666E-05 3.070E-05 2.577E-05 2.234E-05 1.676E-05 1.217E-05 9.586E-06 5.537E-06 3.728E-06
  1.700E+00  9.543E-02 8.439E-02 7.407E-02 6.587E-02 5.799E-02 5.160E-02 4.629E-02 4.189E-02 3.771E-02 3.436E-02 3.170E-02 2.918E-02 2.500E-02 2.181E-02 1.628E-02 1.266E-02 1.022E-02 8.330E-03 5.676E-03 2.630E-03 3.077E-03 3.212E-03 3.154E-03 2.791E-03 2.412E-03 1.772E-03 1.378E-03 1.022E-03 5.300E-04 7.121E-04 6.673E-04 4.771E-04 3.396E-04 2.967E-04 2.653E-04 2.569E-04 2.286E-04 2.026E-04 1.703E-04 1.415E-04 1.228E-04 7.524E-05 5.292E-05 3.920E-05 3.715E-05 3.957E-05 4.265E-05 4.237E-05 4.245E-05 4.095E-05 4.066E-05 3.849E-05 3.665E-05 3.070E-05 2.576E-05 2.233E-05 1.676E-05 1.217E-05 9.585E-06 5.536E-06 3.728E-06
  1.800E+00  8.859E-02 7.919E-02 7.013E-02 6.278E-02 5.558E-02 4.971E-02 4.477E-02 4.066E-02 3.671E-02 3.353E-02 3.100E-02 2.860E-02 2.459E-02 2.151E-02 1.612E-02 1.257E-02 1.017E-02 8.295E-03 5.659E-03 2.623E-03 3.071E-03 3.206E-03 3.149E-03 2.786E-03 2.408E-03 1.770E-03 1.377E-03 1.021E-03 5.294E-04 7.115E-04 6.668E-04 4.767E-04 3.393E-04 2.965E-04 2.651E-04 2.567E-04 2.285E-04 2.025E-04 1.702E-04 1.414E-04 1.227E-04 7.519E-05 5.289E-05 3.917E-05 3.714E-05 3.955E-05 4.263E-05 4.235E-05 4.244E-05 4.094E-05 4.065E-05 3.848E-05 3.664E-05 3.069E-05 2.576E-05 2.233E-05 1.676E-05 1.217E-05 9.584E-06 5.536E-06 3.727E-06
  1.900E+00  8.231E-02 7.434E-02 6.641E-02 5.984E-02 5.327E-02 4.787E-02 4.328E-02 3.945E-02 3.572E-02 3.272E-02 3.031E-02 2.803E-02 2.418E-02 2.120E-02 1.596E-02 1.248E-02 1.011E-02 8.258E-03 5.641E-03 2.615E-03 3.064E-03 3.200E-03 3.143E-03 2.782E-03 2.405E-03 1.767E-03 1.375E-03 1.020E-03 5.288E-04 7.108E-04 6.662E-04 4.763E-04 3.390E-04 2.962E-04 2.649E-04 2.566E-04 2.283E-04 2.023E-04 1.701E-04 1.413E-04 1.226E-04 7.514E-05 5.286E-05 3.915E-05 3.712E-05 3.953E-05 4.262E-05 4.234E-05 4.243E-05 4.093E-05 4.064E-05 3.847E-05 3.663E-05 3.068E-05 2.575E-05 2.232E-05 1.675E-05 1.217E-05 9.583E-06 5.535E-06 3.727E-06
  2.000E+00  7.655E-02 6.983E-02 6.292E-02 5.704E-02 5.106E-02 4.610E-02 4.184E-02 3.827E-02 3.476E-02 3.191E-02 2.963E-02 2.746E-02 2.376E-02 2.090E-02 1.580E-02 1.239E-02 1.006E-02 8.221E-03 5.622E-03 2.607E-03 3.056E-03 3.194E-03 3.138E-03 2.777E-03 2.401E-03 1.765E-03 1.373E-03 1.019E-03 5.281E-04 7.101E-04 6.655E-04 4.759E-04 3.388E-04 2.960E-04 2.647E-04 2.564E-04 2.282E-04 2.022E-04 1.700E-04 1.412E-04 1.225E-04 7.508E-05 5.282E-05 3.913E-05 3.710E-05 3.952E-05 4.260E-05 4.232E-05 4.241E-05 4.092E-05 4.063E-05 3.846E-05 3.663E-05 3.068E-05 2.575E-05 2.232E-05 1.675E-05 1.217E-05 9.581E-06 5.534E-06 3.726E-06
  3.000E+00  3.911E-02 3.876E-02 3.753E-02 3.579E-02 3.366E-02 3.177E-02 2.983E-02 2.816E-02 2.627E-02 2.472E-02 2.341E-02 2.218E-02 1.981E-02 1.788E-02 1.412E-02 1.139E-02 9.414E-03 7.790E-03 5.399E-03 2.511E-03 2.970E-03 3.117E-03 3.067E-03 2.719E-03 2.354E-03 1.734E-03 1.352E-03 1.003E-03 5.200E-04 7.014E-04 6.576E-04 4.705E-04 3.352E-04 2.929E-04 2.621E-04 2.539E-04 2.261E-04 2.003E-04 1.684E-04 1.399E-04 1.214E-04 7.440E-05 5.235E-05 3.881E-05 3.686E-05 3.929E-05 4.239E-05 4.214E-05 4.223E-05 4.077E-05 4.049E-05 3.834E-05 3.651E-05 3.059E-05 2.568E-05 2.227E-05 1.671E-05 1.214E-05 9.563E-06 5.525E-06 3.721E-06
  4.000E+00  2.200E-02 2.312E-02 2.358E-02 2.334E-02 2.284E-02 2.237E-02 2.158E-02 2.090E-02 1.998E-02 1.920E-02 1.850E-02 1.786E-02 1.642E-02 1.517E-02 1.248E-02 1.035E-02 8.715E-03 7.303E-03 5.133E-03 2.394E-03 2.863E-03 3.021E-03 2.977E-03 2.645E-03 2.293E-03 1.693E-03 1.323E-03 9.829E-04 5.092E-04 6.898E-04 6.470E-04 4.633E-04 3.303E-04 2.888E-04 2.585E-04 2.507E-04 2.232E-04 1.978E-04 1.663E-04 1.382E-04 1.199E-04 7.346E-05 5.172E-05 3.837E-05 3.653E-05 3.897E-05 4.211E-05 4.188E-05 4.198E-05 4.056E-05 4.030E-05 3.817E-05 3.636E-05 3.047E-05 2.559E-05 2.219E-05 1.666E-05 1.211E-05 9.538E-06 5.512E-06 3.713E-06
  5.000E+00  1.350E-02 1.475E-02 1.560E-02 1.592E-02 1.610E-02 1.621E-02 1.600E-02 1.581E-02 1.546E-02 1.511E-02 1.477E-02 1.447E-02 1.365E-02 1.287E-02 1.099E-02 9.360E-03 8.015E-03 6.799E-03 4.843E-03 2.266E-03 2.743E-03 2.911E-03 2.874E-03 2.559E-03 2.222E-03 1.645E-03 1.289E-03 9.583E-04 4.962E-04 6.757E-04 6.340E-04 4.545E-04 3.243E-04 2.837E-04 2.541E-04 2.466E-04 2.197E-04 1.947E-04 1.637E-04 1.360E-04 1.180E-04 7.231E-05 5.093E-05 3.783E-05 3.612E-05 3.858E-05 4.174E-05 4.156E-05 4.166E-05 4.030E-05 4.006E-05 3.796E-05 3.616E-05 3.032E-05 2.547E-05 2.209E-05 1.660E-05 1.207E-05 9.506E-06 5.496E-06 3.704E-06
  6.000E+00  8.835E-03 9.996E-03 1.081E-02 1.135E-02 1.178E-02 1.208E-02 1.217E-02 1.222E-02 1.219E-02 1.209E-02 1.196E-02 1.184E-02 1.142E-02 1.097E-02 9.691E-03 8.443E-03 7.343E-03 6.300E-03 4.543E-03 2.132E-03 2.615E-03 2.793E-03 2.762E-03 2.465E-03 2.144E-03 1.591E-03 1.250E-03 9.302E-04 4.814E-04 6.595E-04 6.190E-04 4.442E-04 3.174E-04 2.778E-04 2.490E-04 2.418E-04 2.156E-04 1.910E-04 1.607E-04 1.335E-04 1.158E-04 7.095E-05 5.000E-05 3.720E-05 3.564E-05 3.811E-05 4.131E-05 4.117E-05 4.128E-05 3.998E-05 3.977E-05 3.770E-05 3.593E-05 3.014E-05 2.532E-05 2.197E-05 1.652E-05 1.201E-05 9.467E-06 5.476E-06 3.692E-06
  8.000E+00  4.582E-03 5.332E-03 5.930E-03 6.494E-03 6.964E-03 7.270E-03 7.582E-03 7.815E-03 8.003E-03 8.115E-03 8.180E-03 8.227E-03 8.214E-03 8.119E-03 7.590E-03 6.868E-03 6.132E-03 5.365E-03 3.946E-03 1.866E-03 2.352E-03 2.543E-03 2.524E-03 2.262E-03 1.973E-03 1.472E-03 1.163E-03 8.669E-04 4.483E-04 6.225E-04 5.846E-04 4.205E-04 3.011E-04 2.639E-04 2.370E-04 2.306E-04 2.059E-04 1.824E-04 1.534E-04 1.275E-04 1.106E-04 6.777E-05 4.783E-05 3.570E-05 3.448E-05 3.698E-05 4.026E-05 4.022E-05 4.035E-05 3.921E-05 3.905E-05 3.707E-05 3.534E-05 2.969E-05 2.497E-05 2.168E-05 1.632E-05 1.188E-05 9.369E-06 5.426E-06 3.662E-06
  1.000E+01  2.972E-03 3.375E-03 3.827E-03 4.172E-03 4.546E-03 4.831E-03 5.121E-03 5.395E-03 5.597E-03 5.759E-03 5.891E-03 5.998E-03 6.131E-03 6.191E-03 6.026E-03 5.607E-03 5.112E-03 4.542E-03 3.388E-03 1.617E-03 2.096E-03 2.293E-03 2.283E-03 2.052E-03 1.795E-03 1.346E-03 1.069E-03 7.979E-04 4.127E-04 5.815E-04 5.462E-04 3.938E-04 2.828E-04 2.482E-04 2.233E-04 2.178E-04 1.947E-04 1.725E-04 1.451E-04 1.206E-04 1.046E-04 6.413E-05 4.535E-05 3.398E-05 3.312E-05 3.564E-05 3.900E-05 3.907E-05 3.923E-05 3.826E-05 3.818E-05 3.628E-05 3.462E-05 2.913E-05 2.452E-05 2.131E-05 1.607E-05 1.172E-05 9.245E-06 5.362E-06 3.624E-06
  1.200E+01  2.181E-03 2.439E-03 2.741E-03 2.982E-03 3.252E-03 3.479E-03 3.713E-03 3.961E-03 4.137E-03 4.294E-03 4.437E-03 4.554E-03 4.724E-03 4.842E-03 4.847E-03 4.604E-03 4.266E-03 3.833E-03 2.886E-03 1.393E-03 1.856E-03 2.054E-03 2.050E-03 1.846E-03 1.618E-03 1.219E-03 9.739E-04 7.273E-04 3.765E-04 5.388E-04 5.059E-04 3.655E-04 2.633E-04 2.314E-04 2.087E-04 2.040E-04 1.827E-04 1.618E-04 1.362E-04 1.132E-04 9.818E-05 6.022E-05 4.268E-05 3.212E-05 3.162E-05 3.416E-05 3.759E-05 3.777E-05 3.795E-05 3.717E-05 3.717E-05 3.537E-05 3.378E-05 2.847E-05 2.400E-05 2.088E-05 1.577E-05 1.152E-05 9.099E-06 5.287E-06 3.579E-06
  1.400E+01  1.729E-03 1.904E-03 2.112E-03 2.287E-03 2.496E-03 2.671E-03 2.852E-03 3.050E-03 3.195E-03 3.331E-03 3.462E-03 3.573E-03 3.741E-03 3.865E-03 3.942E-03 3.803E-03 3.564E-03 3.232E-03 2.444E-03 1.196E-03 1.638E-03 1.830E-03 1.831E-03 1.651E-03 1.449E-03 1.096E-03 8.804E-04 6.578E-04 3.411E-04 4.960E-04 4.652E-04 3.368E-04 2.433E-04 2.143E-04 1.936E-04 1.898E-04 1.702E-04 1.508E-04 1.270E-04 1.056E-04 9.156E-05 5.620E-05 3.993E-05 3.019E-05 3.004E-05 3.257E-05 3.606E-05 3.635E-05 3.655E-05 3.596E-05 3.604E-05 3.436E-05 3.284E-05 2.774E-05 2.341E-05 2.040E-05 1.543E-05 1.130E-05 8.931E-06 5.200E-06 3.526E-06
  1.600E+01  1.468E-03 1.576E-03 1.728E-03 1.858E-03 1.998E-03 2.142E-03 2.290E-03 2.435E-03 2.554E-03 2.666E-03 2.777E-03 2.875E-03 3.025E-03 3.137E-03 3.238E-03 3.159E-03 2.983E-03 2.724E-03 2.063E-03 1.026E-03 1.443E-03 1.625E-03 1.628E-03 1.469E-03 1.291E-03 9.799E-04 7.912E-04 5.913E-04 3.074E-04 4.541E-04 4.254E-04 3.086E-04 2.236E-04 1.973E-04 1.787E-04 1.756E-04 1.578E-04 1.398E-04 1.177E-04 9.792E-05 8.493E-05 5.218E-05 3.718E-05 2.824E-05 2.841E-05 3.093E-05 3.445E-05 3.485E-05 3.508E-05 3.467E-05 3.483E-05 3.327E-05 3.182E-05 2.694E-05 2.277E-05 1.986E-05 1.506E-05 1.105E-05 8.744E-06 5.103E-06 3.467E-06
  1.800E+01  1.242E-03 1.355E-03 1.442E-03 1.567E-03 1.662E-03 1.779E-03 1.896E-03 1.993E-03 2.101E-03 2.192E-03 2.275E-03 2.356E-03 2.486E-03 2.579E-03 2.681E-03 2.636E-03 2.501E-03 2.296E-03 1.737E-03 8.802E-04 1.269E-03 1.440E-03 1.444E-03 1.302E-03 1.145E-03 8.723E-04 7.078E-04 5.290E-04 2.759E-04 4.140E-04 3.872E-04 2.814E-04 2.046E-04 1.808E-04 1.641E-04 1.617E-04 1.456E-04 1.290E-04 1.086E-04 9.042E-05 7.844E-05 4.826E-05 3.448E-05 2.633E-05 2.676E-05 2.926E-05 3.280E-05 3.330E-05 3.354E-05 3.332E-05 3.356E-05 3.211E-05 3.074E-05 2.608E-05 2.208E-05 1.929E-05 1.466E-05 1.078E-05 8.540E-06 4.996E-06 3.403E-06
  2.000E+01  1.075E-03 1.182E-03 1.229E-03 1.346E-03 1.426E-03 1.509E-03 1.599E-03 1.667E-03 1.764E-03 1.836E-03 1.897E-03 1.957E-03 2.069E-03 2.141E-03 2.234E-03 2.208E-03 2.101E-03 1.936E-03 1.460E-03 7.555E-04 1.116E-03 1.273E-03 1.277E-03 1.151E-03 1.013E-03 7.739E-04 6.308E-04 4.715E-04 2.470E-04 3.762E-04 3.511E-04 2.557E-04 1.865E-04 1.651E-04 1.502E-04 1.484E-04 1.338E-04 1.186E-04 9.992E-05 8.321E-05 7.220E-05 4.449E-05 3.188E-05 2.446E-05 2.514E-05 2.760E-05 3.113E-05 3.172E-05 3.198E-05 3.193E-05 3.223E-05 3.090E-05 2.962E-05 2.519E-05 2.136E-05 1.868E-05 1.424E-05 1.049E-05 8.323E-06 4.882E-06 3.333E-06
  2.200E+01  9.626E-04 1.029E-03 1.082E-03 1.156E-03 1.228E-03 1.283E-03 1.359E-03 1.423E-03 1.491E-03 1.549E-03 1.602E-03 1.648E-03 1.735E-03 1.796E-03 1.874E-03 1.855E-03 1.769E-03 1.634E-03 1.228E-03 6.492E-04 9.810E-04 1.124E-03 1.128E-03 1.015E-03 8.937E-04 6.849E-04 5.607E-04 4.191E-04 2.206E-04 3.409E-04 3.174E-04 2.316E-04 1.694E-04 1.503E-04 1.371E-04 1.358E-04 1.226E-04 1.087E-04 9.163E-05 7.635E-05 6.627E-05 4.090E-05 2.940E-05 2.267E-05 2.355E-05 2.596E-05 2.946E-05 3.013E-05 3.040E-05 3.052E-05 3.088E-05 2.967E-05 2.846E-05 2.426E-05 2.061E-05 1.806E-05 1.380E-05 1.019E-05 8.093E-06 4.760E-06 3.258E-06
  2.400E+01  8.586E-04 9.087E-04 9.534E-04 1.011E-03 1.060E-03 1.112E-03 1.169E-03 1.218E-03 1.269E-03 1.315E-03 1.361E-03 1.402E-03 1.469E-03 1.519E-03 1.579E-03 1.563E-03 1.492E-03 1.381E-03 1.032E-03 5.587E-04 8.626E-04 9.922E-04 9.946E-04 8.938E-04 7.872E-04 6.050E-04 4.974E-04 3.718E-04 1.967E-04 3.083E-04 2.863E-04 2.093E-04 1.536E-04 1.365E-04 1.248E-04 1.239E-04 1.121E-04 9.936E-05 8.383E-05 6.990E-05 6.069E-05 3.753E-05 2.706E-05 2.097E-05 2.201E-05 2.436E-05 2.782E-05 2.856E-05 2.884E-05 2.910E-05 2.952E-05 2.842E-05 2.729E-05 2.332E-05 1.984E-05 1.741E-05 1.334E-05 9.871E-06 7.854E-06 4.632E-06 3.179E-06
  2.600E+01  7.589E-04 8.104E-04 8.387E-04 8.848E-04 9.246E-04 9.731E-04 1.014E-03 1.051E-03 1.091E-03 1.128E-03 1.164E-03 1.200E-03 1.252E-03 1.290E-03 1.335E-03 1.322E-03 1.262E-03 1.168E-03 8.691E-04 4.817E-04 7.589E-04 8.752E-04 8.766E-04 7.863E-04 6.926E-04 5.338E-04 4.406E-04 3.294E-04 1.753E-04 2.784E-04 2.578E-04 1.888E-04 1.390E-04 1.237E-04 1.134E-04 1.128E-04 1.023E-04 9.068E-05 7.656E-05 6.388E-05 5.549E-05 3.438E-05 2.486E-05 1.936E-05 2.053E-05 2.282E-05 2.622E-05 2.701E-05 2.730E-05 2.768E-05 2.816E-05 2.716E-05 2.611E-05 2.237E-05 1.907E-05 1.675E-05 1.287E-05 9.548E-06 7.607E-06 4.500E-06 3.097E-06
  2.800E+01  6.844E-04 7.157E-04 7.444E-04 7.809E-04 8.087E-04 8.492E-04 8.836E-04 9.119E-04 9.436E-04 9.732E-04 1.001E-03 1.031E-03 1.071E-03 1.100E-03 1.133E-03 1.121E-03 1.069E-03 9.907E-04 7.329E-04 4.161E-04 6.681E-04 7.719E-04 7.723E-04 6.914E-04 6.090E-04 4.706E-04 3.900E-04 2.916E-04 1.561E-04 2.510E-04 2.318E-04 1.701E-04 1.257E-04 1.120E-04 1.029E-04 1.026E-04 9.317E-05 8.264E-05 6.982E-05 5.830E-05 5.066E-05 3.145E-05 2.282E-05 1.785E-05 1.912E-05 2.133E-05 2.466E-05 2.550E-05 2.579E-05 2.629E-05 2.681E-05 2.591E-05 2.493E-05 2.141E-05 1.828E-05 1.609E-05 1.239E-05 9.218E-06 7.355E-06 4.364E-06 3.012E-06
  3.000E+01  6.007E-04 6.417E-04 6.511E-04 6.932E-04 7.187E-04 7.472E-04 7.751E-04 7.931E-04 8.260E-04 8.488E-04 8.639E-04 8.856E-04 9.211E-04 9.394E-04 9.651E-04 9.541E-04 9.078E-04 8.419E-04 6.193E-04 3.602E-04 5.888E-04 6.808E-04 6.805E-04 6.078E-04 5.354E-04 4.148E-04 3.450E-04 2.580E-04 1.390E-04 2.262E-04 2.083E-04 1.531E-04 1.135E-04 1.013E-04 9.325E-05 9.325E-05 8.479E-05 7.523E-05 6.360E-05 5.316E-05 4.621E-05 2.875E-05 2.092E-05 1.644E-05 1.779E-05 1.992E-05 2.316E-05 2.403E-05 2.433E-05 2.492E-05 2.548E-05 2.467E-05 2.377E-05 2.046E-05 1.750E-05 1.542E-05 1.191E-05 8.884E-06 7.099E-06 4.225E-06 2.925E-06
  3.200E+01  5.439E-04 5.687E-04 5.807E-04 6.079E-04 6.355E-04 6.561E-04 6.785E-04 6.953E-04 7.206E-04 7.387E-04 7.528E-04 7.643E-04 7.941E-04 8.074E-04 8.254E-04 8.142E-04 7.732E-04 7.171E-04 5.245E-04 3.125E-04 5.194E-04 6.008E-04 5.997E-04 5.345E-04 4.707E-04 3.656E-04 3.052E-04 2.283E-04 1.237E-04 2.037E-04 1.871E-04 1.377E-04 1.024E-04 9.160E-05 8.447E-05 8.465E-05 7.710E-05 6.843E-05 5.789E-05 4.842E-05 4.212E-05 2.626E-05 1.917E-05 1.513E-05 1.653E-05 1.857E-05 2.172E-05 2.261E-05 2.292E-05 2.359E-05 2.418E-05 2.346E-05 2.262E-05 1.952E-05 1.673E-05 1.476E-05 1.143E-05 8.549E-06 6.841E-06 4.084E-06 2.836E-06
  3.400E+01  4.892E-04 4.995E-04 5.222E-04 5.379E-04 5.553E-04 5.764E-04 5.955E-04 6.100E-04 6.271E-04 6.418E-04 6.551E-04 6.659E-04 6.854E-04 6.978E-04 7.085E-04 6.965E-04 6.606E-04 6.123E-04 4.454E-04 2.717E-04 4.588E-04 5.306E-04 5.288E-04 4.702E-04 4.141E-04 3.224E-04 2.700E-04 2.021E-04 1.102E-04 1.833E-04 1.679E-04 1.239E-04 9.238E-05 8.277E-05 7.649E-05 7.680E-05 7.006E-05 6.221E-05 5.267E-05 4.409E-05 3.837E-05 2.397E-05 1.755E-05 1.391E-05 1.534E-05 1.730E-05 2.035E-05 2.126E-05 2.156E-05 2.230E-05 2.292E-05 2.228E-05 2.150E-05 1.859E-05 1.596E-05 1.411E-05 1.096E-05 8.214E-06 6.583E-06 3.943E-06 2.746E-06
  3.600E+01  4.369E-04 4.440E-04 4.625E-04 4.737E-04 4.917E-04 5.057E-04 5.199E-04 5.373E-04 5.488E-04 5.605E-04 5.709E-04 5.810E-04 5.938E-04 6.043E-04 6.102E-04 5.973E-04 5.660E-04 5.241E-04 3.793E-04 2.367E-04 4.058E-04 4.689E-04 4.666E-04 4.139E-04 3.645E-04 2.845E-04 2.390E-04 1.790E-04 9.817E-05 1.650E-04 1.507E-04 1.114E-04 8.333E-05 7.478E-05 6.924E-05 6.966E-05 6.365E-05 5.653E-05 4.790E-05 4.013E-05 3.494E-05 2.188E-05 1.606E-05 1.279E-05 1.423E-05 1.610E-05 1.904E-05 1.996E-05 2.026E-05 2.106E-05 2.169E-05 2.112E-05 2.041E-05 1.769E-05 1.521E-05 1.347E-05 1.049E-05 7.881E-06 6.326E-06 3.801E-06 2.655E-06
  3.800E+01  3.865E-04 3.974E-04 4.100E-04 4.161E-04 4.334E-04 4.489E-04 4.583E-04 4.712E-04 4.813E-04 4.909E-04 4.974E-04 5.076E-04 5.181E-04 5.241E-04 5.264E-04 5.143E-04 4.863E-04 4.500E-04 3.240E-04 2.068E-04 3.594E-04 4.148E-04 4.122E-04 3.648E-04 3.212E-04 2.512E-04 2.117E-04 1.586E-04 8.753E-05 1.486E-04 1.353E-04 1.002E-04 7.517E-05 6.757E-05 6.268E-05 6.318E-05 5.781E-05 5.137E-05 4.356E-05 3.653E-05 3.182E-05 1.997E-05 1.470E-05 1.175E-05 1.319E-05 1.498E-05 1.781E-05 1.872E-05 1.902E-05 1.986E-05 2.051E-05 2.001E-05 1.935E-05 1.681E-05 1.448E-05 1.284E-05 1.002E-05 7.552E-06 6.070E-06 3.659E-06 2.564E-06
  4.000E+01  3.448E-04 3.546E-04 3.632E-04 3.757E-04 3.850E-04 3.999E-04 4.086E-04 4.130E-04 4.250E-04 4.325E-04 4.363E-04 4.425E-04 4.526E-04 4.553E-04 4.554E-04 4.446E-04 4.190E-04 3.877E-04 2.777E-04 1.810E-04 3.187E-04 3.674E-04 3.645E-04 3.219E-04 2.833E-04 2.221E-04 1.877E-04 1.407E-04 7.810E-05 1.338E-04 1.215E-04 9.013E-05 6.783E-05 6.106E-05 5.674E-05 5.730E-05 5.251E-05 4.667E-05 3.961E-05 3.324E-05 2.897E-05 1.822E-05 1.345E-05 1.080E-05 1.222E-05 1.392E-05 1.664E-05 1.755E-05 1.784E-05 1.872E-05 1.937E-05 1.893E-05 1.833E-05 1.596E-05 1.377E-05 1.222E-05 9.570E-06 7.229E-06 5.819E-06 3.518E-06 2.474E-06
  4.200E+01  3.061E-04 3.126E-04 3.236E-04 3.317E-04 3.439E-04 3.518E-04 3.602E-04 3.675E-04 3.747E-04 3.810E-04 3.852E-04 3.872E-04 3.950E-04 3.972E-04 3.960E-04 3.853E-04 3.622E-04 3.349E-04 2.387E-04 1.589E-04 2.831E-04 3.259E-04 3.228E-04 2.844E-04 2.503E-04 1.965E-04 1.666E-04 1.249E-04 6.974E-05 1.205E-04 1.092E-04 8.112E-05 6.122E-05 5.519E-05 5.138E-05 5.197E-05 4.769E-05 4.241E-05 3.602E-05 3.026E-05 2.638E-05 1.663E-05 1.231E-05 9.917E-06 1.132E-05 1.294E-05 1.554E-05 1.644E-05 1.673E-05 1.763E-05 1.828E-05 1.790E-05 1.734E-05 1.513E-05 1.308E-05 1.163E-05 9.127E-06 6.911E-06 5.571E-06 3.380E-06 2.384E-06
  4.400E+01  2.720E-04 2.790E-04 2.868E-04 2.947E-04 3.053E-04 3.102E-04 3.172E-04 3.257E-04 3.310E-04 3.360E-04 3.391E-04 3.409E-04 3.457E-04 3.478E-04 3.454E-04 3.347E-04 3.141E-04 2.902E-04 2.058E-04 1.398E-04 2.519E-04 2.895E-04 2.862E-04 2.516E-04 2.214E-04 1.742E-04 1.481E-04 1.111E-04 6.234E-05 1.086E-04 9.819E-05 7.305E-05 5.529E-05 4.991E-05 4.654E-05 4.716E-05 4.333E-05 3.855E-05 3.276E-05 2.754E-05 2.403E-05 1.518E-05 1.126E-05 9.110E-06 1.048E-05 1.202E-05 1.451E-05 1.540E-05 1.568E-05 1.659E-05 1.724E-05 1.691E-05 1.640E-05 1.434E-05 1.241E-05 1.105E-05 8.696E-06 6.602E-06 5.329E-06 3.243E-06 2.295E-06
  4.600E+01  2.453E-04 2.459E-04 2.580E-04 2.582E-04 2.678E-04 2.760E-04 2.801E-04 2.880E-04 2.908E-04 2.953E-04 2.986E-04 3.018E-04 3.041E-04 3.057E-04 3.018E-04 2.917E-04 2.734E-04 2.522E-04 1.781E-04 1.232E-04 2.245E-04 2.575E-04 2.542E-04 2.230E-04 1.962E-04 1.546E-04 1.317E-04 9.888E-05 5.579E-05 9.797E-05 8.835E-05 6.584E-05 4.996E-05 4.516E-05 4.218E-05 4.281E-05 3.939E-05 3.505E-05 2.981E-05 2.509E-05 2.190E-05 1.386E-05 1.031E-05 8.371E-06 9.706E-06 1.117E-05 1.354E-05 1.441E-05 1.468E-05 1.561E-05 1.625E-05 1.597E-05 1.550E-05 1.358E-05 1.177E-05 1.049E-05 8.279E-06 6.300E-06 5.093E-06 3.110E-06 2.208E-06
  4.800E+01  2.165E-04 2.229E-04 2.284E-04 2.341E-04 2.382E-04 2.480E-04 2.507E-04 2.543E-04 2.571E-04 2.609E-04 2.637E-04 2.667E-04 2.689E-04 2.689E-04 2.644E-04 2.553E-04 2.386E-04 2.200E-04 1.546E-04 1.089E-04 2.005E-04 2.294E-04 2.262E-04 1.980E-04 1.741E-04 1.374E-04 1.174E-04 8.815E-05 4.998E-05 8.843E-05 7.956E-05 5.938E-05 4.517E-05 4.089E-05 3.825E-05 3.888E-05 3.582E-05 3.189E-05 2.714E-05 2.286E-05 1.996E-05 1.266E-05 9.444E-06 7.694E-06 8.990E-06 1.037E-05 1.264E-05 1.349E-05 1.375E-05 1.467E-05 1.532E-05 1.507E-05 1.464E-05 1.285E-05 1.115E-05 9.960E-06 7.877E-06 6.008E-06 4.864E-06 2.979E-06 2.122E-06
  5.000E+01  1.907E-04 1.949E-04 2.017E-04 2.089E-04 2.147E-04 2.183E-04 2.230E-04 2.269E-04 2.297E-04 2.328E-04 2.340E-04 2.353E-04 2.374E-04 2.368E-04 2.327E-04 2.241E-04 2.090E-04 1.925E-04 1.347E-04 9.654E-05 1.793E-04 2.048E-04 2.016E-04 1.761E-04 1.548E-04 1.224E-04 1.048E-04 7.870E-05 4.483E-05 7.988E-05 7.171E-05 5.360E-05 4.088E-05 3.705E-05 3.471E-05 3.533E-05 3.259E-05 2.903E-05 2.472E-05 2.084E-05 1.821E-05 1.157E-05 8.653E-06 7.075E-06 8.328E-06 9.637E-06 1.180E-05 1.262E-05 1.288E-05 1.380E-05 1.443E-05 1.422E-05 1.382E-05 1.216E-05 1.057E-05 9.447E-06 7.489E-06 5.726E-06 4.642E-06 2.852E-06 2.039E-06
  5.200E+01  1.688E-04 1.753E-04 1.796E-04 1.849E-04 1.913E-04 1.958E-04 1.974E-04 2.027E-04 2.045E-04 2.071E-04 2.093E-04 2.082E-04 2.097E-04 2.096E-04 2.055E-04 1.971E-04 1.836E-04 1.690E-04 1.177E-04 8.576E-05 1.607E-04 1.831E-04 1.800E-04 1.569E-04 1.379E-04 1.091E-04 9.363E-05 7.037E-05 4.026E-05 7.223E-05 6.471E-05 4.844E-05 3.703E-05 3.360E-05 3.153E-05 3.213E-05 2.967E-05 2.644E-05 2.253E-05 1.901E-05 1.662E-05 1.059E-05 7.933E-06 6.508E-06 7.718E-06 8.956E-06 1.101E-05 1.181E-05 1.206E-05 1.297E-05 1.359E-05 1.341E-05 1.305E-05 1.150E-05 1.001E-05 8.957E-06 7.118E-06 5.454E-06 4.428E-06 2.730E-06 1.957E-06
  5.400E+01  1.552E-04 1.540E-04 1.631E-04 1.640E-04 1.692E-04 1.719E-04 1.755E-04 1.818E-04 1.804E-04 1.828E-04 1.866E-04 1.863E-04 1.855E-04 1.865E-04 1.821E-04 1.740E-04 1.620E-04 1.488E-04 1.033E-04 7.637E-05 1.443E-04 1.641E-04 1.610E-04 1.401E-04 1.231E-04 9.752E-05 8.382E-05 6.302E-05 3.621E-05 6.538E-05 5.845E-05 4.381E-05 3.357E-05 3.050E-05 2.866E-05 2.924E-05 2.704E-05 2.410E-05 2.056E-05 1.735E-05 1.518E-05 9.688E-06 7.278E-06 5.991E-06 7.157E-06 8.328E-06 1.028E-05 1.106E-05 1.130E-05 1.219E-05 1.280E-05 1.265E-05 1.231E-05 1.087E-05 9.472E-06 8.490E-06 6.762E-06 5.194E-06 4.222E-06 2.611E-06 1.879E-06
  5.600E+01  1.367E-04 1.381E-04 1.441E-04 1.480E-04 1.508E-04 1.553E-04 1.576E-04 1.614E-04 1.609E-04 1.631E-04 1.653E-04 1.665E-04 1.663E-04 1.658E-04 1.614E-04 1.543E-04 1.432E-04 1.315E-04 9.087E-05 6.819E-05 1.298E-04 1.473E-04 1.443E-04 1.253E-04 1.101E-04 8.730E-05 7.517E-05 5.653E-05 3.261E-05 5.925E-05 5.287E-05 3.968E-05 3.047E-05 2.772E-05 2.607E-05 2.664E-05 2.466E-05 2.199E-05 1.877E-05 1.585E-05 1.388E-05 8.875E-06 6.682E-06 5.520E-06 6.640E-06 7.748E-06 9.608E-06 1.036E-05 1.058E-05 1.146E-05 1.205E-05 1.193E-05 1.162E-05 1.027E-05 8.967E-06 8.046E-06 6.423E-06 4.944E-06 4.024E-06 2.497E-06 1.803E-06
  5.800E+01  1.220E-04 1.258E-04 1.283E-04 1.335E-04 1.348E-04 1.414E-04 1.420E-04 1.429E-04 1.451E-04 1.469E-04 1.472E-04 1.480E-04 1.491E-04 1.474E-04 1.433E-04 1.373E-04 1.270E-04 1.166E-04 8.024E-05 6.103E-05 1.169E-04 1.325E-04 1.297E-04 1.124E-04 9.866E-05 7.830E-05 6.754E-05 5.081E-05 2.942E-05 5.376E-05 4.787E-05 3.598E-05 2.769E-05 2.521E-05 2.375E-05 2.429E-05 2.251E-05 2.008E-05 1.715E-05 1.450E-05 1.270E-05 8.137E-06 6.141E-06 5.090E-06 6.166E-06 7.213E-06 8.981E-06 9.704E-06 9.923E-06 1.078E-05 1.136E-05 1.125E-05 1.097E-05 9.714E-06 8.488E-06 7.626E-06 6.100E-06 4.706E-06 3.835E-06 2.387E-06 1.729E-06
  6.000E+01  1.065E-04 1.101E-04 1.125E-04 1.190E-04 1.227E-04 1.251E-04 1.273E-04 1.291E-04 1.301E-04 1.317E-04 1.333E-04 1.323E-04 1.328E-04 1.316E-04 1.282E-04 1.224E-04 1.131E-04 1.037E-04 7.109E-05 5.477E-05 1.056E-04 1.194E-04 1.167E-04 1.010E-04 8.861E-05 7.037E-05 6.079E-05 4.574E-05 2.658E-05 4.884E-05 4.341E-05 3.267E-05 2.519E-05 2.296E-05 2.166E-05 2.218E-05 2.057E-05 1.836E-05 1.569E-05 1.328E-05 1.163E-05 7.469E-06 5.650E-06 4.698E-06 5.731E-06 6.722E-06 8.402E-06 9.098E-06 9.308E-06 1.015E-05 1.070E-05 1.062E-05 1.036E-05 9.186E-06 8.036E-06 7.228E-06 5.794E-06 4.479E-06 3.655E-06 2.282E-06 1.659E-06
  6.200E+01  9.807E-05 9.778E-05 1.039E-04 1.069E-04 1.082E-04 1.105E-04 1.134E-04 1.180E-04 1.159E-04 1.174E-04 1.203E-04 1.194E-04 1.185E-04 1.187E-04 1.153E-04 1.093E-04 1.011E-04 9.247E-05 6.319E-05 4.928E-05 9.557E-05 1.078E-04 1.053E-04 9.094E-05 7.976E-05 6.338E-05 5.483E-05 4.126E-05 2.406E-05 4.443E-05 3.943E-05 2.970E-05 2.295E-05 2.094E-05 1.977E-05 2.027E-05 1.882E-05 1.680E-05 1.437E-05 1.217E-05 1.067E-05 6.865E-06 5.205E-06 4.342E-06 5.333E-06 6.270E-06 7.867E-06 8.537E-06 8.739E-06 9.557E-06 1.009E-05 1.003E-05 9.787E-06 8.689E-06 7.610E-06 6.852E-06 5.504E-06 4.263E-06 3.483E-06 2.182E-06 1.592E-06
  6.400E+01  8.829E-05 8.610E-05 9.370E-05 9.456E-05 9.725E-05 1.001E-04 1.014E-04 1.051E-04 1.044E-04 1.057E-04 1.077E-04 1.077E-04 1.069E-04 1.071E-04 1.035E-04 9.803E-05 9.070E-05 8.279E-05 5.637E-05 4.446E-05 8.667E-05 9.761E-05 9.524E-05 8.209E-05 7.196E-05 5.720E-05 4.955E-05 3.729E-05 2.181E-05 4.048E-05 3.586E-05 2.705E-05 2.094E-05 1.913E-05 1.808E-05 1.855E-05 1.724E-05 1.540E-05 1.318E-05 1.117E-05 9.795E-06 6.317E-06 4.801E-06 4.018E-06 4.969E-06 5.857E-06 7.375E-06 8.019E-06 8.212E-06 9.007E-06 9.525E-06 9.471E-06 9.251E-06 8.224E-06 7.211E-06 6.499E-06 5.230E-06 4.060E-06 3.321E-06 2.087E-06 1.528E-06
  6.600E+01  7.813E-05 8.101E-05 8.262E-05 8.632E-05 8.786E-05 9.215E-05 9.246E-05 9.353E-05 9.463E-05 9.582E-05 9.669E-05 9.706E-05 9.712E-05 9.624E-05 9.297E-05 8.843E-05 8.147E-05 7.442E-05 5.047E-05 4.022E-05 7.876E-05 8.856E-05 8.632E-05 7.429E-05 6.508E-05 5.174E-05 4.487E-05 3.377E-05 1.982E-05 3.694E-05 3.268E-05 2.467E-05 1.914E-05 1.749E-05 1.655E-05 1.700E-05 1.582E-05 1.413E-05 1.210E-05 1.027E-05 9.008E-06 5.822E-06 4.435E-06 3.724E-06 4.636E-06 5.477E-06 6.921E-06 7.540E-06 7.726E-06 8.497E-06 8.996E-06 8.955E-06 8.751E-06 7.788E-06 6.836E-06 6.168E-06 4.973E-06 3.868E-06 3.168E-06 1.997E-06 1.468E-06
  6.800E+01  6.942E-05 7.068E-05 7.326E-05 7.938E-05 7.930E-05 8.185E-05 8.455E-05 8.574E-05 8.561E-05 8.676E-05 8.832E-05 8.754E-05 8.763E-05 8.668E-05 8.426E-05 7.998E-05 7.347E-05 6.710E-05 4.533E-05 3.648E-05 7.173E-05 8.053E-05 7.843E-05 6.739E-05 5.900E-05 4.691E-05 4.072E-05 3.065E-05 1.804E-05 3.376E-05 2.982E-05 2.254E-05 1.752E-05 1.603E-05 1.518E-05 1.561E-05 1.453E-05 1.299E-05 1.113E-05 9.450E-06 8.298E-06 5.374E-06 4.104E-06 3.458E-06 4.333E-06 5.131E-06 6.505E-06 7.100E-06 7.278E-06 8.025E-06 8.506E-06 8.474E-06 8.285E-06 7.382E-06 6.486E-06 5.858E-06 4.732E-06 3.687E-06 3.023E-06 1.913E-06 1.411E-06
  7.000E+01  6.274E-05 6.268E-05 6.742E-05 6.986E-05 7.171E-05 7.370E-05 7.559E-05 7.842E-05 7.749E-05 7.854E-05 8.032E-05 7.926E-05 7.925E-05 7.902E-05 7.663E-05 7.241E-05 6.660E-05 6.067E-05 4.086E-05 3.318E-05 6.547E-05 7.340E-05 7.143E-05 6.129E-05 5.362E-05 4.263E-05 3.704E-05 2.788E-05 1.645E-05 3.091E-05 2.727E-05 2.064E-05 1.606E-05 1.471E-05 1.395E-05 1.435E-05 1.338E-05 1.196E-05 1.026E-05 8.714E-06 7.656E-06 4.970E-06 3.804E-06 3.216E-06 4.057E-06 4.815E-06 6.124E-06 6.695E-06 6.866E-06 7.589E-06 8.052E-06 8.029E-06 7.853E-06 7.004E-06 6.160E-06 5.568E-06 4.506E-06 3.518E-06 2.888E-06 1.833E-06 1.357E-06
  7.200E+01  5.778E-05 5.707E-05 6.196E-05 6.302E-05 6.482E-05 6.702E-05 6.793E-05 7.021E-05 7.013E-05 7.117E-05 7.250E-05 7.286E-05 7.240E-05 7.225E-05 6.953E-05 6.583E-05 6.053E-05 5.506E-05 3.696E-05 3.027E-05 5.990E-05 6.707E-05 6.522E-05 5.588E-05 4.886E-05 3.884E-05 3.377E-05 2.542E-05 1.504E-05 2.836E-05 2.499E-05 1.893E-05 1.476E-05 1.353E-05 1.284E-05 1.322E-05 1.233E-05 1.103E-05 9.470E-06 8.051E-06 7.078E-06 4.605E-06 3.533E-06 2.997E-06 3.805E-06 4.526E-06 5.775E-06 6.324E-06 6.488E-06 7.187E-06 7.633E-06 7.616E-06 7.453E-06 6.653E-06 5.857E-06 5.299E-06 4.295E-06 3.359E-06 2.761E-06 1.758E-06 1.307E-06
  7.400E+01  5.138E-05 5.243E-05 5.487E-05 5.774E-05 5.845E-05 6.208E-05 6.322E-05 6.353E-05 6.410E-05 6.507E-05 6.605E-05 6.652E-05 6.651E-05 6.576E-05 6.340E-05 6.017E-05 5.515E-05 5.017E-05 3.355E-05 2.769E-05 5.492E-05 6.143E-05 5.970E-05 5.109E-05 4.464E-05 3.547E-05 3.087E-05 2.324E-05 1.378E-05 2.607E-05 2.294E-05 1.740E-05 1.359E-05 1.247E-05 1.184E-05 1.221E-05 1.139E-05 1.020E-05 8.759E-06 7.454E-06 6.556E-06 4.276E-06 3.289E-06 2.799E-06 3.577E-06 4.264E-06 5.457E-06 5.985E-06 6.142E-06 6.818E-06 7.247E-06 7.236E-06 7.083E-06 6.328E-06 5.576E-06 5.049E-06 4.100E-06 3.212E-06 2.643E-06 1.689E-06 1.260E-06
  7.600E+01  4.523E-05 4.690E-05 4.939E-05 5.342E-05 5.403E-05 5.562E-05 5.772E-05 5.892E-05 5.895E-05 5.985E-05 6.079E-05 6.045E-05 6.053E-05 6.020E-05 5.833E-05 5.511E-05 5.048E-05 4.586E-05 3.057E-05 2.540E-05 5.048E-05 5.641E-05 5.480E-05 4.683E-05 4.089E-05 3.248E-05 2.828E-05 2.129E-05 1.266E-05 2.401E-05 2.111E-05 1.603E-05 1.254E-05 1.151E-05 1.095E-05 1.129E-05 1.055E-05 9.445E-06 8.120E-06 6.915E-06 6.087E-06 3.980E-06 3.069E-06 2.620E-06 3.371E-06 4.027E-06 5.167E-06 5.675E-06 5.826E-06 6.480E-06 6.892E-06 6.886E-06 6.743E-06 6.028E-06 5.317E-06 4.818E-06 3.918E-06 3.075E-06 2.534E-06 1.624E-06 1.217E-06
  7.800E+01  4.239E-05 4.150E-05 4.614E-05 4.710E-05 4.924E-05 5.006E-05 5.173E-05 5.473E-05 5.371E-05 5.460E-05 5.633E-05 5.569E-05 5.535E-05 5.564E-05 5.379E-05 5.055E-05 4.640E-05 4.204E-05 2.795E-05 2.337E-05 4.650E-05 5.194E-05 5.044E-05 4.305E-05 3.756E-05 2.982E-05 2.599E-05 1.956E-05 1.166E-05 2.217E-05 1.947E-05 1.480E-05 1.160E-05 1.066E-05 1.014E-05 1.047E-05 9.788E-06 8.769E-06 7.544E-06 6.431E-06 5.665E-06 3.714E-06 2.871E-06 2.459E-06 3.184E-06 3.811E-06 4.904E-06 5.393E-06 5.538E-06 6.171E-06 6.567E-06 6.565E-06 6.430E-06 5.753E-06 5.078E-06 4.605E-06 3.751E-06 2.949E-06 2.432E-06 1.565E-06 1.177E-06
  8.000E+01  3.848E-05 3.767E-05 4.243E-05 4.237E-05 4.498E-05 4.677E-05 4.760E-05 4.963E-05 4.930E-05 5.017E-05 5.177E-05 5.165E-05 5.152E-05 5.138E-05 4.950E-05 4.666E-05 4.276E-05 3.872E-05 2.566E-05 2.157E-05 4.295E-05 4.794E-05 4.655E-05 3.969E-05 3.461E-05 2.746E-05 2.394E-05 1.802E-05 1.077E-05 2.051E-05 1.800E-05 1.370E-05 1.075E-05 9.890E-06 9.421E-06 9.729E-06 9.104E-06 8.161E-06 7.027E-06 5.996E-06 5.285E-06 3.474E-06 2.692E-06 2.314E-06 3.015E-06 3.616E-06 4.665E-06 5.137E-06 5.276E-06 5.889E-06 6.270E-06 6.271E-06 6.144E-06 5.500E-06 4.858E-06 4.409E-06 3.597E-06 2.833E-06 2.339E-06 1.510E-06 1.140E-06
  8.200E+01  3.362E-05 3.635E-05 3.723E-05 4.104E-05 4.161E-05 4.373E-05 4.511E-05 4.516E-05 4.582E-05 4.664E-05 4.720E-05 4.765E-05 4.799E-05 4.733E-05 4.566E-05 4.336E-05 3.951E-05 3.582E-05 2.364E-05 1.996E-05 3.976E-05 4.438E-05 4.308E-05 3.671E-05 3.198E-05 2.535E-05 2.212E-05 1.665E-05 9.976E-06 1.902E-05 1.668E-05 1.271E-05 9.997E-06 9.203E-06 8.774E-06 9.066E-06 8.490E-06 7.615E-06 6.563E-06 5.605E-06 4.944E-06 3.259E-06 2.532E-06 2.184E-06 2.864E-06 3.441E-06 4.450E-06 4.905E-06 5.040E-06 5.633E-06 5.999E-06 6.003E-06 5.882E-06 5.268E-06 4.658E-06 4.230E-06 3.456E-06 2.726E-06 2.254E-06 1.460E-06 1.107E-06
  8.400E+01  3.137E-05 3.240E-05 3.473E-05 3.728E-05 3.877E-05 4.008E-05 4.173E-05 4.183E-05 4.278E-05 4.356E-05 4.392E-05 4.438E-05 4.444E-05 4.399E-05 4.246E-05 4.031E-05 3.668E-05 3.322E-05 2.186E-05 1.853E-05 3.690E-05 4.119E-05 3.998E-05 3.405E-05 2.965E-05 2.348E-05 2.049E-05 1.543E-05 9.267E-06 1.769E-05 1.551E-05 1.183E-05 9.320E-06 8.587E-06 8.194E-06 8.471E-06 7.939E-06 7.125E-06 6.146E-06 5.255E-06 4.639E-06 3.066E-06 2.389E-06 2.068E-06 2.727E-06 3.283E-06 4.256E-06 4.696E-06 4.826E-06 5.402E-06 5.754E-06 5.759E-06 5.645E-06 5.058E-06 4.475E-06 4.067E-06 3.328E-06 2.629E-06 2.176E-06 1.415E-06 1.077E-06
  8.600E+01  2.965E-05 2.917E-05 3.291E-05 3.317E-05 3.541E-05 3.675E-05 3.788E-05 3.976E-05 3.944E-05 4.024E-05 4.156E-05 4.139E-05 4.133E-05 4.124E-05 3.985E-05 3.753E-05 3.424E-05 3.092E-05 2.030E-05 1.726E-05 3.434E-05 3.834E-05 3.723E-05 3.168E-05 2.756E-05 2.181E-05 1.905E-05 1.435E-05 8.635E-06 1.649E-05 1.445E-05 1.104E-05 8.715E-06 8.036E-06 7.674E-06 7.937E-06 7.445E-06 6.686E-06 5.773E-06 4.941E-06 4.366E-06 2.894E-06 2.261E-06 1.963E-06 2.605E-06 3.142E-06 4.081E-06 4.508E-06 4.634E-06 5.193E-06 5.533E-06 5.539E-06 5.430E-06 4.867E-06 4.309E-06 3.919E-06 3.211E-06 2.541E-06 2.106E-06 1.374E-06 1.050E-06
  8.800E+01  2.700E-05 2.740E-05 3.087E-05 3.141E-05 3.323E-05 3.445E-05 3.552E-05 3.689E-05 3.683E-05 3.759E-05 3.862E-05 3.869E-05 3.891E-05 3.874E-05 3.732E-05 3.518E-05 3.206E-05 2.891E-05 1.892E-05 1.612E-05 3.204E-05 3.579E-05 3.477E-05 2.956E-05 2.571E-05 2.033E-05 1.776E-05 1.338E-05 8.071E-06 1.542E-05 1.351E-05 1.034E-05 8.174E-06 7.544E-06 7.210E-06 7.460E-06 7.004E-06 6.293E-06 5.440E-06 4.661E-06 4.121E-06 2.740E-06 2.146E-06 1.870E-06 2.496E-06 3.015E-06 3.926E-06 4.340E-06 4.462E-06 5.005E-06 5.333E-06 5.341E-06 5.236E-06 4.695E-06 4.160E-06 3.786E-06 3.106E-06 2.462E-06 2.042E-06 1.338E-06 1.027E-06
  9.000E+01  2.391E-05 2.695E-05 2.733E-05 2.992E-05 3.097E-05 3.308E-05 3.415E-05 3.392E-05 3.467E-05 3.542E-05 3.618E-05 3.662E-05 3.670E-05 3.630E-05 3.499E-05 3.314E-05 3.010E-05 2.714E-05 1.771E-05 1.511E-05 2.997E-05 3.351E-05 3.257E-05 2.768E-05 2.406E-05 1.900E-05 1.661E-05 1.252E-05 7.570E-06 1.446E-05 1.267E-05 9.709E-06 7.691E-06 7.104E-06 6.795E-06 7.034E-06 6.609E-06 5.943E-06 5.142E-06 4.411E-06 3.904E-06 2.603E-06 2.044E-06 1.787E-06 2.399E-06 2.903E-06 3.787E-06 4.190E-06 4.308E-06 4.838E-06 5.155E-06 5.163E-06 5.063E-06 4.541E-06 4.026E-06 3.666E-06 3.012E-06 2.391E-06 1.986E-06 1.305E-06 1.006E-06
  9.200E+01  2.298E-05 2.451E-05 2.618E-05 2.810E-05 2.912E-05 3.063E-05 3.169E-05 3.243E-05 3.283E-05 3.354E-05 3.441E-05 3.449E-05 3.451E-05 3.434E-05 3.319E-05 3.127E-05 2.841E-05 2.557E-05 1.664E-05 1.420E-05 2.811E-05 3.148E-05 3.061E-05 2.601E-05 2.259E-05 1.783E-05 1.559E-05 1.176E-05 7.123E-06 1.360E-05 1.191E-05 9.148E-06 7.261E-06 6.712E-06 6.426E-06 6.654E-06 6.256E-06 5.630E-06 4.877E-06 4.188E-06 3.710E-06 2.482E-06 1.954E-06 1.714E-06 2.313E-06 2.804E-06 3.664E-06 4.057E-06 4.172E-06 4.689E-06 4.996E-06 5.005E-06 4.908E-06 4.403E-06 3.907E-06 3.560E-06 2.928E-06 2.328E-06 1.936E-06 1.277E-06 9.882E-07
  9.400E+01  2.238E-05 2.261E-05 2.535E-05 2.559E-05 2.755E-05 2.860E-05 2.960E-05 3.135E-05 3.113E-05 3.183E-05 3.279E-05 3.260E-05 3.271E-05 3.270E-05 3.160E-05 2.963E-05 2.693E-05 2.420E-05 1.570E-05 1.339E-05 2.644E-05 2.965E-05 2.886E-05 2.452E-05 2.129E-05 1.678E-05 1.468E-05 1.108E-05 6.726E-06 1.283E-05 1.124E-05 8.648E-06 6.878E-06 6.364E-06 6.097E-06 6.315E-06 5.943E-06 5.352E-06 4.641E-06 3.991E-06 3.538E-06 2.374E-06 1.874E-06 1.649E-06 2.238E-06 2.716E-06 3.555E-06 3.940E-06 4.052E-06 4.558E-06 4.856E-06 4.864E-06 4.771E-06 4.281E-06 3.801E-06 3.465E-06 2.854E-06 2.273E-06 1.892E-06 1.253E-06 9.733E-07
  9.600E+01  2.073E-05 2.171E-05 2.343E-05 2.523E-05 2.651E-05 2.766E-05 2.887E-05 2.911E-05 2.998E-05 3.063E-05 3.112E-05 3.108E-05 3.134E-05 3.100E-05 2.994E-05 2.832E-05 2.558E-05 2.301E-05 1.488E-05 1.266E-05 2.493E-05 2.803E-05 2.730E-05 2.320E-05 2.013E-05 1.585E-05 1.387E-05 1.048E-05 6.373E-06 1.214E-05 1.064E-05 8.204E-06 6.538E-06 6.055E-06 5.805E-06 6.015E-06 5.665E-06 5.105E-06 4.432E-06 3.816E-06 3.386E-06 2.279E-06 1.804E-06 1.592E-06 2.171E-06 2.639E-06 3.460E-06 3.837E-06 3.947E-06 4.443E-06 4.733E-06 4.741E-06 4.651E-06 4.174E-06 3.708E-06 3.383E-06 2.790E-06 2.226E-06 1.854E-06 1.232E-06 9.612E-07
  9.800E+01  1.842E-05 2.199E-05 2.115E-05 2.533E-05 2.519E-05 2.701E-05 2.838E-05 2.753E-05 2.885E-05 2.946E-05 2.981E-05 2.954E-05 3.022E-05 2.949E-05 2.859E-05 2.717E-05 2.442E-05 2.197E-05 1.416E-05 1.201E-05 2.358E-05 2.657E-05 2.591E-05 2.203E-05 1.910E-05 1.502E-05 1.316E-05 9.944E-06 6.060E-06 1.152E-05 1.011E-05 7.810E-06 6.237E-06 5.781E-06 5.547E-06 5.749E-06 5.418E-06 4.887E-06 4.248E-06 3.661E-06 3.252E-06 2.195E-06 1.742E-06 1.542E-06 2.113E-06 2.572E-06 3.378E-06 3.748E-06 3.855E-06 4.343E-06 4.626E-06 4.634E-06 4.546E-06 4.081E-06 3.628E-06 3.312E-06 2.735E-06 2.185E-06 1.822E-06 1.215E-06 9.516E-07
  1.000E+02  1.831E-05 2.013E-05 2.128E-05 2.322E-05 2.424E-05 2.573E-05 2.659E-05 2.714E-05 2.754E-05 2.814E-05 2.876E-05 2.861E-05 2.904E-05 2.864E-05 2.768E-05 2.600E-05 2.349E-05 2.103E-05 1.353E-05 1.143E-05 2.237E-05 2.528E-05 2.468E-05 2.099E-05 1.819E-05 1.429E-05 1.252E-05 9.473E-06 5.782E-06 1.097E-05 9.641E-06 7.461E-06 5.971E-06 5.539E-06 5.319E-06 5.514E-06 5.201E-06 4.695E-06 4.085E-06 3.526E-06 3.134E-06 2.122E-06 1.688E-06 1.498E-06 2.063E-06 2.514E-06 3.306E-06 3.671E-06 3.777E-06 4.257E-06 4.533E-06 4.542E-06 4.456E-06 4.001E-06 3.559E-06 3.251E-06 2.688E-06 2.150E-06 1.796E-06 1.202E-06 9.446E-07
  1.020E+02  1.907E-05 1.894E-05 2.134E-05 2.184E-05 2.357E-05 2.420E-05 2.495E-05 2.688E-05 2.650E-05 2.709E-05 2.798E-05 2.791E-05 2.782E-05 2.793E-05 2.689E-05 2.500E-05 2.269E-05 2.021E-05 1.299E-05 1.090E-05 2.127E-05 2.413E-05 2.359E-05 2.007E-05 1.739E-05 1.364E-05 1.196E-05 9.058E-06 5.537E-06 1.048E-05 9.223E-06 7.154E-06 5.738E-06 5.327E-06 5.118E-06 5.307E-06 5.010E-06 4.526E-06 3.943E-06 3.407E-06 3.032E-06 2.059E-06 1.641E-06 1.460E-06 2.020E-06 2.464E-06 3.246E-06 3.606E-06 3.710E-06 4.184E-06 4.455E-06 4.464E-06 4.379E-06 3.933E-06 3.501E-06 3.200E-06 2.649E-06 2.122E-06 1.774E-06 1.192E-06 9.400E-07
  1.040E+02  1.815E-05 1.845E-05 2.035E-05 2.179E-05 2.326E-05 2.338E-05 2.477E-05 2.580E-05 2.617E-05 2.668E-05 2.753E-05 2.688E-05 2.699E-05 2.696E-05 2.604E-05 2.429E-05 2.194E-05 1.955E-05 1.252E-05 1.044E-05 2.029E-05 2.311E-05 2.264E-05 1.926E-05 1.668E-05 1.307E-05 1.147E-05 8.694E-06 5.320E-06 1.005E-05 8.853E-06 6.883E-06 5.532E-06 5.141E-06 4.943E-06 5.126E-06 4.843E-06 4.379E-06 3.819E-06 3.304E-06 2.942E-06 2.004E-06 1.601E-06 1.428E-06 1.983E-06 2.422E-06 3.195E-06 3.551E-06 3.654E-06 4.123E-06 4.390E-06 4.398E-06 4.315E-06 3.877E-06 3.453E-06 3.158E-06 2.617E-06 2.100E-06 1.758E-06 1.184E-06 9.376E-07
  1.060E+02  1.807E-05 1.840E-05 1.973E-05 2.189E-05 2.275E-05 2.337E-05 2.475E-05 2.500E-05 2.567E-05 2.617E-05 2.683E-05 2.617E-05 2.652E-05 2.623E-05 2.532E-05 2.371E-05 2.131E-05 1.899E-05 1.212E-05 1.001E-05 1.941E-05 2.221E-05 2.180E-05 1.856E-05 1.607E-05 1.258E-05 1.104E-05 8.375E-06 5.130E-06 9.663E-06 8.529E-06 6.647E-06 5.354E-06 4.979E-06 4.791E-06 4.969E-06 4.698E-06 4.251E-06 3.712E-06 3.215E-06 2.865E-06 1.957E-06 1.566E-06 1.400E-06 1.952E-06 2.387E-06 3.153E-06 3.506E-06 3.608E-06 4.074E-06 4.336E-06 4.345E-06 4.263E-06 3.831E-06 3.415E-06 3.124E-06 2.593E-06 2.083E-06 1.746E-06 1.180E-06 9.374E-07
  1.080E+02  1.835E-05 1.785E-05 2.024E-05 2.069E-05 2.239E-05 2.305E-05 2.346E-05 2.486E-05 2.493E-05 2.543E-05 2.600E-05 2.595E-05 2.611E-05 2.595E-05 2.488E-05 2.314E-05 2.086E-05 1.851E-05 1.178E-05 9.638E-06 1.863E-05 2.142E-05 2.106E-05 1.795E-05 1.554E-05 1.214E-05 1.066E-05 8.098E-06 4.963E-06 9.323E-06 8.245E-06 6.441E-06 5.199E-06 4.839E-06 4.659E-06 4.833E-06 4.573E-06 4.141E-06 3.620E-06 3.139E-06 2.800E-06 1.917E-06 1.537E-06 1.377E-06 1.927E-06 2.359E-06 3.119E-06 3.470E-06 3.572E-06 4.034E-06 4.294E-06 4.302E-06 4.222E-06 3.795E-06 3.385E-06 3.099E-06 2.575E-06 2.072E-06 1.738E-06 1.178E-06 9.392E-07
  1.100E+02  1.790E-05 1.757E-05 2.011E-05 1.987E-05 2.172E-05 2.231E-05 2.302E-05 2.491E-05 2.432E-05 2.484E-05 2.591E-05 2.559E-05 2.566E-05 2.568E-05 2.463E-05 2.270E-05 2.051E-05 1.811E-05 1.150E-05 9.300E-06 1.792E-05 2.074E-05 2.043E-05 1.743E-05 1.508E-05 1.176E-05 1.034E-05 7.859E-06 4.817E-06 9.024E-06 7.998E-06 6.263E-06 5.065E-06 4.718E-06 4.546E-06 4.716E-06 4.466E-06 4.047E-06 3.541E-06 3.074E-06 2.744E-06 1.883E-06 1.513E-06 1.358E-06 1.906E-06 2.336E-06 3.092E-06 3.442E-06 3.543E-06 4.005E-06 4.262E-06 4.270E-06 4.191E-06 3.768E-06 3.364E-06 3.081E-06 2.563E-06 2.065E-06 1.734E-06 1.179E-06 9.429E-07
  1.120E+02  1.691E-05 1.710E-05 1.922E-05 2.031E-05 2.145E-05 2.187E-05 2.304E-05 2.481E-05 2.429E-05 2.478E-05 2.599E-05 2.542E-05 2.527E-05 2.530E-05 2.436E-05 2.244E-05 2.021E-05 1.782E-05 1.128E-05 8.997E-06 1.730E-05 2.014E-05 1.990E-05 1.699E-05 1.469E-05 1.144E-05 1.006E-05 7.655E-06 4.690E-06 8.762E-06 7.784E-06 6.111E-06 4.952E-06 4.616E-06 4.450E-06 4.617E-06 4.375E-06 3.968E-06 3.476E-06 3.020E-06 2.698E-06 1.855E-06 1.493E-06 1.343E-06 1.890E-06 2.318E-06 3.072E-06 3.422E-06 3.523E-06 3.983E-06 4.239E-06 4.248E-06 4.169E-06 3.750E-06 3.349E-06 3.070E-06 2.556E-06 2.063E-06 1.734E-06 1.183E-06 9.483E-07
  1.140E+02  1.695E-05 1.765E-05 1.927E-05 2.030E-05 2.160E-05 2.249E-05 2.298E-05 2.411E-05 2.434E-05 2.480E-05 2.547E-05 2.555E-05 2.531E-05 2.524E-05 2.409E-05 2.230E-05 2.001E-05 1.763E-05 1.111E-05 8.727E-06 1.674E-05 1.964E-05 1.945E-05 1.663E-05 1.437E-05 1.117E-05 9.823E-06 7.482E-06 4.580E-06 8.534E-06 7.602E-06 5.982E-06 4.856E-06 4.530E-06 4.369E-06 4.534E-06 4.299E-06 3.902E-06 3.421E-06 2.975E-06 2.660E-06 1.833E-06 1.477E-06 1.330E-06 1.878E-06 2.305E-06 3.058E-06 3.408E-06 3.509E-06 3.970E-06 4.224E-06 4.234E-06 4.156E-06 3.739E-06 3.342E-06 3.065E-06 2.555E-06 2.064E-06 1.737E-06 1.188E-06 9.553E-07
  1.160E+02  1.628E-05 1.710E-05 1.933E-05 2.004E-05 2.070E-05 2.275E-05 2.310E-05 2.420E-05 2.411E-05 2.459E-05 2.515E-05 2.566E-05 2.567E-05 2.541E-05 2.410E-05 2.224E-05 1.995E-05 1.750E-05 1.099E-05 8.485E-06 1.625E-05 1.922E-05 1.908E-05 1.633E-05 1.411E-05 1.094E-05 9.626E-06 7.338E-06 4.487E-06 8.336E-06 7.447E-06 5.874E-06 4.777E-06 4.459E-06 4.303E-06 4.466E-06 4.237E-06 3.848E-06 3.377E-06 2.939E-06 2.629E-06 1.815E-06 1.464E-06 1.321E-06 1.869E-06 2.296E-06 3.049E-06 3.401E-06 3.501E-06 3.964E-06 4.218E-06 4.228E-06 4.150E-06 3.736E-06 3.341E-06 3.065E-06 2.559E-06 2.070E-06 1.743E-06 1.196E-06 9.639E-07
  1.180E+02  1.546E-05 1.763E-05 1.883E-05 2.091E-05 2.044E-05 2.294E-05 2.362E-05 2.447E-05 2.401E-05 2.453E-05 2.522E-05 2.599E-05 2.586E-05 2.561E-05 2.427E-05 2.231E-05 1.998E-05 1.745E-05 1.091E-05 8.269E-06 1.582E-05 1.887E-05 1.880E-05 1.611E-05 1.390E-05 1.076E-05 9.466E-06 7.222E-06 4.407E-06 8.167E-06 7.318E-06 5.785E-06 4.712E-06 4.401E-06 4.250E-06 4.411E-06 4.187E-06 3.805E-06 3.342E-06 2.911E-06 2.605E-06 1.802E-06 1.455E-06 1.314E-06 1.864E-06 2.291E-06 3.046E-06 3.399E-06 3.500E-06 3.965E-06 4.218E-06 4.229E-06 4.152E-06 3.739E-06 3.346E-06 3.072E-06 2.567E-06 2.079E-06 1.752E-06 1.205E-06 9.738E-07
  1.200E+02  1.359E-05 1.719E-05 1.801E-05 2.065E-05 2.151E-05 2.328E-05 2.380E-05 2.444E-05 2.482E-05 2.527E-05 2.583E-05 2.631E-05 2.611E-05 2.590E-05 2.450E-05 2.247E-05 2.009E-05 1.748E-05 1.087E-05 8.076E-06 1.545E-05 1.861E-05 1.859E-05 1.595E-05 1.375E-05 1.061E-05 9.341E-06 7.130E-06 4.340E-06 8.024E-06 7.212E-06 5.714E-06 4.662E-06 4.356E-06 4.208E-06 4.368E-06 4.148E-06 3.772E-06 3.315E-06 2.890E-06 2.588E-06 1.792E-06 1.448E-06 1.309E-06 1.861E-06 2.289E-06 3.047E-06 3.401E-06 3.503E-06 3.971E-06 4.225E-06 4.237E-06 4.160E-06 3.748E-06 3.356E-06 3.083E-06 2.579E-06 2.091E-06 1.764E-06 1.216E-06 9.849E-07
  1.220E+02  1.344E-05 1.712E-05 1.855E-05 2.082E-05 2.163E-05 2.376E-05 2.419E-05 2.524E-05 2.548E-05 2.593E-05 2.641E-05 2.679E-05 2.677E-05 2.640E-05 2.492E-05 2.275E-05 2.028E-05 1.760E-05 1.087E-05 7.905E-06 1.512E-05 1.841E-05 1.846E-05 1.585E-05 1.365E-05 1.050E-05 9.247E-06 7.061E-06 4.284E-06 7.904E-06 7.129E-06 5.659E-06 4.623E-06 4.322E-06 4.177E-06 4.336E-06 4.120E-06 3.748E-06 3.296E-06 2.875E-06 2.576E-06 1.786E-06 1.444E-06 1.307E-06 1.861E-06 2.291E-06 3.052E-06 3.409E-06 3.511E-06 3.983E-06 4.238E-06 4.250E-06 4.174E-06 3.762E-06 3.371E-06 3.098E-06 2.594E-06 2.106E-06 1.778E-06 1.229E-06 9.972E-07
  1.240E+02  1.303E-05 1.690E-05 1.834E-05 2.144E-05 2.263E-05 2.418E-05 2.509E-05 2.620E-05 2.627E-05 2.671E-05 2.723E-05 2.745E-05 2.755E-05 2.704E-05 2.548E-05 2.320E-05 2.057E-05 1.781E-05 1.093E-05 7.753E-06 1.484E-05 1.828E-05 1.839E-05 1.582E-05 1.361E-05 1.043E-05 9.184E-06 7.013E-06 4.239E-06 7.806E-06 7.065E-06 5.619E-06 4.596E-06 4.299E-06 4.155E-06 4.314E-06 4.101E-06 3.732E-06 3.284E-06 2.866E-06 2.569E-06 1.782E-06 1.442E-06 1.306E-06 1.863E-06 2.295E-06 3.060E-06 3.420E-06 3.523E-06 3.999E-06 4.256E-06 4.269E-06 4.193E-06 3.781E-06 3.391E-06 3.117E-06 2.613E-06 2.124E-06 1.795E-06 1.242E-06 1.010E-06
  1.260E+02  1.349E-05 1.673E-05 1.902E-05 2.217E-05 2.420E-05 2.492E-05 2.610E-05 2.663E-05 2.791E-05 2.827E-05 2.834E-05 2.853E-05 2.843E-05 2.793E-05 2.608E-05 2.381E-05 2.097E-05 1.810E-05 1.101E-05 7.619E-06 1.461E-05 1.822E-05 1.840E-05 1.584E-05 1.361E-05 1.039E-05 9.148E-06 6.985E-06 4.203E-06 7.727E-06 7.020E-06 5.593E-06 4.579E-06 4.285E-06 4.143E-06 4.302E-06 4.091E-06 3.724E-06 3.279E-06 2.863E-06 2.566E-06 1.782E-06 1.443E-06 1.307E-06 1.867E-06 2.301E-06 3.071E-06 3.434E-06 3.538E-06 4.019E-06 4.278E-06 4.292E-06 4.217E-06 3.805E-06 3.413E-06 3.140E-06 2.634E-06 2.144E-06 1.813E-06 1.257E-06 1.024E-06
  1.280E+02  1.353E-05 1.770E-05 1.996E-05 2.380E-05 2.519E-05 2.671E-05 2.790E-05 2.806E-05 2.947E-05 2.983E-05 2.956E-05 2.975E-05 2.993E-05 2.903E-05 2.695E-05 2.455E-05 2.148E-05 1.847E-05 1.111E-05 7.500E-06 1.441E-05 1.822E-05 1.848E-05 1.592E-05 1.366E-05 1.039E-05 9.139E-06 6.976E-06 4.176E-06 7.666E-06 6.991E-06 5.580E-06 4.572E-06 4.279E-06 4.138E-06 4.297E-06 4.088E-06 3.722E-06 3.279E-06 2.864E-06 2.568E-06 1.784E-06 1.445E-06 1.310E-06 1.873E-06 2.310E-06 3.085E-06 3.452E-06 3.557E-06 4.043E-06 4.305E-06 4.320E-06 4.245E-06 3.832E-06 3.440E-06 3.165E-06 2.658E-06 2.165E-06 1.832E-06 1.273E-06 1.039E-06
  1.300E+02  1.455E-05 1.923E-05 2.150E-05 2.507E-05 2.686E-05 2.883E-05 2.966E-05 3.042E-05 3.087E-05 3.121E-05 3.134E-05 3.140E-05 3.166E-05 3.044E-05 2.816E-05 2.542E-05 2.211E-05 1.892E-05 1.126E-05 7.397E-06 1.426E-05 1.829E-05 1.863E-05 1.607E-05 1.376E-05 1.041E-05 9.155E-06 6.984E-06 4.157E-06 7.622E-06 6.979E-06 5.578E-06 4.573E-06 4.281E-06 4.141E-06 4.301E-06 4.092E-06 3.727E-06 3.284E-06 2.869E-06 2.573E-06 1.788E-06 1.448E-06 1.313E-06 1.880E-06 2.320E-06 3.102E-06 3.472E-06 3.578E-06 4.070E-06 4.335E-06 4.351E-06 4.276E-06 3.862E-06 3.469E-06 3.193E-06 2.684E-06 2.189E-06 1.853E-06 1.290E-06 1.055E-06
  1.320E+02  1.627E-05 2.115E-05 2.416E-05 2.731E-05 2.875E-05 3.124E-05 3.195E-05 3.285E-05 3.299E-05 3.329E-05 3.364E-05 3.346E-05 3.341E-05 3.231E-05 2.957E-05 2.638E-05 2.289E-05 1.943E-05 1.142E-05 7.306E-06 1.413E-05 1.842E-05 1.885E-05 1.626E-05 1.390E-05 1.047E-05 9.196E-06 7.008E-06 4.145E-06 7.593E-06 6.981E-06 5.586E-06 4.582E-06 4.290E-06 4.151E-06 4.311E-06 4.102E-06 3.737E-06 3.293E-06 2.878E-06 2.581E-06 1.794E-06 1.453E-06 1.318E-06 1.888E-06 2.331E-06 3.120E-06 3.495E-06 3.602E-06 4.100E-06 4.368E-06 4.385E-06 4.310E-06 3.895E-06 3.500E-06 3.224E-06 2.712E-06 2.214E-06 1.876E-06 1.308E-06 1.071E-06
  1.340E+02  1.944E-05 2.302E-05 2.823E-05 2.973E-05 3.207E-05 3.360E-05 3.429E-05 3.657E-05 3.610E-05 3.624E-05 3.635E-05 3.601E-05 3.536E-05 3.455E-05 3.127E-05 2.748E-05 2.378E-05 2.001E-05 1.160E-05 7.228E-06 1.404E-05 1.861E-05 1.914E-05 1.652E-05 1.408E-05 1.055E-05 9.259E-06 7.048E-06 4.139E-06 7.577E-06 6.996E-06 5.604E-06 4.598E-06 4.305E-06 4.166E-06 4.327E-06 4.118E-06 3.752E-06 3.307E-06 2.890E-06 2.592E-06 1.802E-06 1.459E-06 1.323E-06 1.898E-06 2.344E-06 3.140E-06 3.519E-06 3.627E-06 4.132E-06 4.403E-06 4.422E-06 4.347E-06 3.930E-06 3.534E-06 3.256E-06 2.742E-06 2.240E-06 1.899E-06 1.326E-06 1.087E-06
  1.360E+02  2.062E-05 2.762E-05 3.099E-05 3.509E-05 3.651E-05 3.800E-05 3.895E-05 4.005E-05 3.975E-05 3.969E-05 3.944E-05 3.899E-05 3.799E-05 3.676E-05 3.299E-05 2.886E-05 2.472E-05 2.069E-05 1.181E-05 7.160E-06 1.398E-05 1.886E-05 1.949E-05 1.684E-05 1.431E-05 1.066E-05 9.343E-06 7.101E-06 4.139E-06 7.573E-06 7.024E-06 5.631E-06 4.620E-06 4.326E-06 4.187E-06 4.349E-06 4.140E-06 3.771E-06 3.324E-06 2.905E-06 2.605E-06 1.811E-06 1.466E-06 1.330E-06 1.908E-06 2.358E-06 3.161E-06 3.545E-06 3.654E-06 4.166E-06 4.440E-06 4.461E-06 4.386E-06 3.967E-06 3.569E-06 3.290E-06 2.772E-06 2.267E-06 1.923E-06 1.344E-06 1.103E-06
  1.380E+02  2.483E-05 3.352E-05 3.596E-05 4.100E-05 4.155E-05 4.370E-05 4.436E-05 4.351E-05 4.400E-05 4.369E-05 4.268E-05 4.236E-05 4.131E-05 3.922E-05 3.476E-05 3.039E-05 2.573E-05 2.144E-05 1.202E-05 7.103E-06 1.393E-05 1.917E-05 1.992E-05 1.721E-05 1.459E-05 1.079E-05 9.448E-06 7.168E-06 4.144E-06 7.581E-06 7.062E-06 5.666E-06 4.648E-06 4.353E-06 4.212E-06 4.375E-06 4.165E-06 3.795E-06 3.345E-06 2.923E-06 2.621E-06 1.821E-06 1.473E-06 1.336E-06 1.919E-06 2.373E-06 3.183E-06 3.571E-06 3.682E-06 4.201E-06 4.479E-06 4.501E-06 4.427E-06 4.006E-06 3.605E-06 3.325E-06 2.804E-06 2.294E-06 1.947E-06 1.363E-06 1.120E-06
  1.400E+02  3.261E-05 3.925E-05 4.374E-05 4.724E-05 4.792E-05 4.896E-05 4.889E-05 4.910E-05 4.852E-05 4.792E-05 4.665E-05 4.609E-05 4.479E-05 4.224E-05 3.699E-05 3.193E-05 2.686E-05 2.221E-05 1.224E-05 7.054E-06 1.391E-05 1.954E-05 2.041E-05 1.763E-05 1.490E-05 1.095E-05 9.572E-06 7.247E-06 4.154E-06 7.599E-06 7.111E-06 5.709E-06 4.682E-06 4.383E-06 4.242E-06 4.406E-06 4.195E-06 3.821E-06 3.368E-06 2.943E-06 2.639E-06 1.832E-06 1.482E-06 1.344E-06 1.931E-06 2.388E-06 3.206E-06 3.599E-06 3.711E-06 4.238E-06 4.519E-06 4.543E-06 4.468E-06 4.045E-06 3.643E-06 3.360E-06 2.836E-06 2.322E-06 1.972E-06 1.382E-06 1.136E-06
  1.420E+02  4.082E-05 4.894E-05 5.245E-05 5.463E-05 5.492E-05 5.541E-05 5.483E-05 5.506E-05 5.310E-05 5.223E-05 5.127E-05 5.040E-05 4.810E-05 4.568E-05 3.946E-05 3.351E-05 2.813E-05 2.299E-05 1.245E-05 7.013E-06 1.390E-05 1.997E-05 2.098E-05 1.811E-05 1.525E-05 1.113E-05 9.712E-06 7.337E-06 4.168E-06 7.625E-06 7.169E-06 5.758E-06 4.720E-06 4.418E-06 4.275E-06 4.441E-06 4.228E-06 3.851E-06 3.394E-06 2.965E-06 2.658E-06 1.844E-06 1.491E-06 1.352E-06 1.942E-06 2.403E-06 3.230E-06 3.627E-06 3.741E-06 4.274E-06 4.560E-06 4.585E-06 4.511E-06 4.086E-06 3.680E-06 3.396E-06 2.868E-06 2.350E-06 1.997E-06 1.401E-06 1.153E-06
  1.440E+02  5.227E-05 6.141E-05 6.088E-05 6.329E-05 6.098E-05 6.195E-05 6.076E-05 5.987E-05 5.790E-05 5.673E-05 5.573E-05 5.490E-05 5.126E-05 4.880E-05 4.169E-05 3.512E-05 2.936E-05 2.378E-05 1.267E-05 6.980E-06 1.390E-05 2.044E-05 2.160E-05 1.863E-05 1.564E-05 1.133E-05 9.869E-06 7.437E-06 4.186E-06 7.659E-06 7.236E-06 5.812E-06 4.762E-06 4.457E-06 4.312E-06 4.479E-06 4.264E-06 3.883E-06 3.421E-06 2.988E-06 2.678E-06 1.856E-06 1.500E-06 1.360E-06 1.954E-06 2.419E-06 3.253E-06 3.656E-06 3.770E-06 4.312E-06 4.601E-06 4.628E-06 4.553E-06 4.126E-06 3.718E-06 3.433E-06 2.901E-06 2.378E-06 2.021E-06 1.419E-06 1.169E-06
  1.460E+02  6.753E-05 6.903E-05 7.034E-05 6.878E-05 6.910E-05 6.711E-05 6.462E-05 6.489E-05 6.241E-05 6.107E-05 6.020E-05 5.834E-05 5.460E-05 5.157E-05 4.384E-05 3.670E-05 3.045E-05 2.459E-05 1.289E-05 6.952E-06 1.389E-05 2.095E-05 2.228E-05 1.920E-05 1.605E-05 1.154E-05 1.004E-05 7.546E-06 4.206E-06 7.698E-06 7.309E-06 5.872E-06 4.808E-06 4.498E-06 4.351E-06 4.521E-06 4.302E-06 3.918E-06 3.451E-06 3.012E-06 2.699E-06 1.869E-06 1.509E-06 1.368E-06 1.967E-06 2.435E-06 3.277E-06 3.684E-06 3.800E-06 4.349E-06 4.642E-06 4.670E-06 4.596E-06 4.167E-06 3.756E-06 3.469E-06 2.933E-06 2.406E-06 2.046E-06 1.438E-06 1.185E-06
  1.480E+02  7.736E-05 7.772E-05 7.480E-05 7.404E-05 7.200E-05 7.273E-05 6.966E-05 6.943E-05 6.570E-05 6.430E-05 6.336E-05 6.172E-05 5.842E-05 5.394E-05 4.587E-05 3.838E-05 3.153E-05 2.542E-05 1.313E-05 6.931E-06 1.388E-05 2.149E-05 2.300E-05 1.981E-05 1.649E-05 1.177E-05 1.022E-05 7.662E-06 4.230E-06 7.744E-06 7.388E-06 5.936E-06 4.856E-06 4.542E-06 4.393E-06 4.564E-06 4.343E-06 3.953E-06 3.481E-06 3.038E-06 2.721E-06 1.883E-06 1.519E-06 1.376E-06 1.979E-06 2.451E-06 3.301E-06 3.712E-06 3.830E-06 4.385E-06 4.683E-06 4.713E-06 4.638E-06 4.207E-06 3.794E-06 3.504E-06 2.965E-06 2.434E-06 2.070E-06 1.456E-06 1.201E-06
  1.500E+02  8.295E-05 8.324E-05 7.553E-05 7.836E-05 7.313E-05 7.750E-05 7.331E-05 7.007E-05 6.787E-05 6.664E-05 6.543E-05 6.443E-05 6.155E-05 5.599E-05 4.741E-05 4.005E-05 3.257E-05 2.625E-05 1.337E-05 6.915E-06 1.385E-05 2.204E-05 2.374E-05 2.044E-05 1.695E-05 1.201E-05 1.041E-05 7.785E-06 4.255E-06 7.792E-06 7.471E-06 6.004E-06 4.907E-06 4.588E-06 4.436E-06 4.609E-06 4.385E-06 3.991E-06 3.513E-06 3.064E-06 2.744E-06 1.896E-06 1.529E-06 1.384E-06 1.991E-06 2.467E-06 3.324E-06 3.740E-06 3.859E-06 4.422E-06 4.723E-06 4.754E-06 4.680E-06 4.247E-06 3.831E-06 3.539E-06 2.996E-06 2.460E-06 2.094E-06 1.473E-06 1.216E-06
  1.520E+02  8.264E-05 8.136E-05 7.528E-05 7.889E-05 7.524E-05 7.747E-05 7.545E-05 7.165E-05 7.038E-05 6.933E-05 6.828E-05 6.574E-05 6.280E-05 5.764E-05 4.901E-05 4.149E-05 3.352E-05 2.702E-05 1.362E-05 6.904E-06 1.380E-05 2.258E-05 2.450E-05 2.107E-05 1.741E-05 1.226E-05 1.060E-05 7.912E-06 4.283E-06 7.844E-06 7.557E-06 6.074E-06 4.959E-06 4.635E-06 4.481E-06 4.655E-06 4.428E-06 4.029E-06 3.545E-06 3.091E-06 2.767E-06 1.909E-06 1.538E-06 1.392E-06 2.002E-06 2.482E-06 3.346E-06 3.767E-06 3.887E-06 4.457E-06 4.762E-06 4.795E-06 4.721E-06 4.285E-06 3.867E-06 3.573E-06 3.026E-06 2.486E-06 2.116E-06 1.490E-06 1.231E-06
  1.540E+02  8.190E-05 7.505E-05 7.552E-05 7.617E-05 7.574E-05 7.451E-05 7.410E-05 7.421E-05 7.199E-05 7.115E-05 6.985E-05 6.727E-05 6.372E-05 5.953E-05 5.088E-05 4.261E-05 3.458E-05 2.772E-05 1.389E-05 6.896E-06 1.372E-05 2.308E-05 2.523E-05 2.168E-05 1.786E-05 1.250E-05 1.080E-05 8.042E-06 4.312E-06 7.897E-06 7.645E-06 6.145E-06 5.013E-06 4.683E-06 4.526E-06 4.702E-06 4.471E-06 4.067E-06 3.577E-06 3.117E-06 2.789E-06 1.923E-06 1.548E-06 1.400E-06 2.014E-06 2.496E-06 3.368E-06 3.793E-06 3.914E-06 4.491E-06 4.800E-06 4.834E-06 4.760E-06 4.322E-06 3.901E-06 3.606E-06 3.055E-06 2.511E-06 2.138E-06 1.507E-06 1.245E-06
  1.560E+02  7.892E-05 7.342E-05 7.558E-05 7.414E-05 7.423E-05 7.520E-05 7.346E-05 7.454E-05 7.204E-05 7.146E-05 7.121E-05 6.979E-05 6.570E-05 6.177E-05 5.257E-05 4.380E-05 3.569E-05 2.845E-05 1.418E-05 6.893E-06 1.360E-05 2.350E-05 2.589E-05 2.225E-05 1.829E-05 1.274E-05 1.099E-05 8.173E-06 4.341E-06 7.951E-06 7.733E-06 6.217E-06 5.067E-06 4.732E-06 4.571E-06 4.749E-06 4.515E-06 4.105E-06 3.609E-06 3.144E-06 2.812E-06 1.936E-06 1.557E-06 1.407E-06 2.025E-06 2.511E-06 3.389E-06 3.818E-06 3.940E-06 4.523E-06 4.836E-06 4.871E-06 4.797E-06 4.358E-06 3.934E-06 3.638E-06 3.083E-06 2.535E-06 2.159E-06 1.522E-06 1.258E-06
  1.580E+02  7.724E-05 7.313E-05 7.597E-05 7.397E-05 7.537E-05 7.644E-05 7.522E-05 7.620E-05 7.268E-05 7.235E-05 7.401E-05 7.165E-05 6.726E-05 6.406E-05 5.435E-05 4.521E-05 3.677E-05 2.924E-05 1.452E-05 6.893E-06 1.345E-05 2.381E-05 2.643E-05 2.275E-05 1.866E-05 1.296E-05 1.117E-05 8.302E-06 4.372E-06 8.005E-06 7.819E-06 6.288E-06 5.120E-06 4.780E-06 4.616E-06 4.796E-06 4.558E-06 4.143E-06 3.641E-06 3.170E-06 2.834E-06 1.948E-06 1.566E-06 1.415E-06 2.035E-06 2.524E-06 3.408E-06 3.842E-06 3.965E-06 4.554E-06 4.871E-06 4.907E-06 4.833E-06 4.392E-06 3.966E-06 3.667E-06 3.109E-06 2.558E-06 2.179E-06 1.537E-06 1.271E-06
  1.600E+02  7.941E-05 7.207E-05 7.703E-05 7.852E-05 7.721E-05 7.692E-05 7.785E-05 7.956E-05 7.614E-05 7.571E-05 7.656E-05 7.394E-05 6.926E-05 6.640E-05 5.642E-05 4.666E-05 3.786E-05 3.003E-05 1.487E-05 6.897E-06 1.327E-05 2.396E-05 2.680E-05 2.313E-05 1.897E-05 1.315E-05 1.134E-05 8.425E-06 4.402E-06 8.058E-06 7.902E-06 6.358E-06 5.173E-06 4.827E-06 4.661E-06 4.841E-06 4.600E-06 4.180E-06 3.672E-06 3.195E-06 2.855E-06 1.961E-06 1.574E-06 1.421E-06 2.045E-06 2.536E-06 3.427E-06 3.864E-06 3.988E-06 4.583E-06 4.903E-06 4.941E-06 4.867E-06 4.423E-06 3.995E-06 3.695E-06 3.134E-06 2.579E-06 2.197E-06 1.550E-06 1.282E-06
  1.620E+02  8.218E-05 7.688E-05 8.096E-05 8.075E-05 8.204E-05 8.243E-05 8.246E-05 8.287E-05 8.143E-05 8.094E-05 8.008E-05 7.726E-05 7.318E-05 6.909E-05 5.842E-05 4.827E-05 3.888E-05 3.080E-05 1.523E-05 6.905E-06 1.308E-05 2.393E-05 2.693E-05 2.336E-05 1.918E-05 1.330E-05 1.148E-05 8.541E-06 4.432E-06 8.109E-06 7.981E-06 6.425E-06 5.224E-06 4.873E-06 4.703E-06 4.885E-06 4.641E-06 4.216E-06 3.702E-06 3.219E-06 2.876E-06 1.972E-06 1.582E-06 1.428E-06 2.054E-06 2.548E-06 3.444E-06 3.884E-06 4.010E-06 4.610E-06 4.933E-06 4.972E-06 4.898E-06 4.453E-06 4.022E-06 3.721E-06 3.157E-06 2.598E-06 2.214E-06 1.563E-06 1.293E-06
  1.640E+02  8.359E-05 8.196E-05 8.454E-05 9.008E-05 8.957E-05 9.047E-05 9.104E-05 8.901E-05 8.799E-05 8.704E-05 8.585E-05 8.127E-05 7.747E-05 7.196E-05 6.034E-05 4.980E-05 3.967E-05 3.142E-05 1.554E-05 6.917E-06 1.291E-05 2.372E-05 2.681E-05 2.339E-05 1.927E-05 1.341E-05 1.160E-05 8.645E-06 4.460E-06 8.160E-06 8.055E-06 6.489E-06 5.273E-06 4.917E-06 4.744E-06 4.927E-06 4.680E-06 4.250E-06 3.730E-06 3.242E-06 2.895E-06 1.983E-06 1.589E-06 1.434E-06 2.062E-06 2.559E-06 3.460E-06 3.903E-06 4.029E-06 4.634E-06 4.960E-06 5.000E-06 4.926E-06 4.480E-06 4.047E-06 3.745E-06 3.177E-06 2.616E-06 2.230E-06 1.574E-06 1.303E-06
  1.660E+02  9.238E-05 8.984E-05 9.432E-05 9.923E-05 9.677E-05 9.684E-05 9.873E-05 9.594E-05 9.290E-05 9.147E-05 9.064E-05 8.762E-05 8.094E-05 7.508E-05 6.171E-05 5.022E-05 3.998E-05 3.154E-05 1.576E-05 6.931E-06 1.279E-05 2.340E-05 2.647E-05 2.322E-05 1.923E-05 1.346E-05 1.168E-05 8.735E-06 4.488E-06 8.210E-06 8.125E-06 6.549E-06 5.319E-06 4.958E-06 4.783E-06 4.967E-06 4.717E-06 4.282E-06 3.756E-06 3.264E-06 2.913E-06 1.992E-06 1.596E-06 1.439E-06 2.069E-06 2.568E-06 3.474E-06 3.920E-06 4.047E-06 4.656E-06 4.985E-06 5.026E-06 4.952E-06 4.504E-06 4.070E-06 3.766E-06 3.196E-06 2.632E-06 2.243E-06 1.584E-06 1.312E-06
  1.680E+02  1.043E-04 1.032E-04 1.060E-04 1.048E-04 1.048E-04 1.064E-04 1.030E-04 1.033E-04 9.689E-05 9.441E-05 9.345E-05 9.145E-05 8.254E-05 7.636E-05 6.141E-05 4.886E-05 3.935E-05 3.087E-05 1.577E-05 6.949E-06 1.276E-05 2.311E-05 2.603E-05 2.290E-05 1.909E-05 1.349E-05 1.175E-05 8.812E-06 4.514E-06 8.260E-06 8.192E-06 6.605E-06 5.361E-06 4.996E-06 4.818E-06 5.004E-06 4.750E-06 4.311E-06 3.781E-06 3.283E-06 2.930E-06 2.001E-06 1.602E-06 1.444E-06 2.076E-06 2.577E-06 3.486E-06 3.935E-06 4.063E-06 4.676E-06 5.007E-06 5.048E-06 4.974E-06 4.525E-06 4.090E-06 3.785E-06 3.213E-06 2.646E-06 2.256E-06 1.593E-06 1.319E-06
  1.700E+02  1.165E-04 1.102E-04 1.183E-04 1.105E-04 1.076E-04 1.087E-04 1.036E-04 1.056E-04 9.505E-05 9.182E-05 9.255E-05 8.855E-05 7.868E-05 7.339E-05 5.808E-05 4.548E-05 3.732E-05 2.930E-05 1.549E-05 6.968E-06 1.282E-05 2.301E-05 2.570E-05 2.260E-05 1.894E-05 1.352E-05 1.181E-05 8.882E-06 4.537E-06 8.310E-06 8.257E-06 6.658E-06 5.401E-06 5.031E-06 4.851E-06 5.037E-06 4.781E-06 4.338E-06 3.802E-06 3.300E-06 2.944E-06 2.009E-06 1.607E-06 1.448E-06 2.081E-06 2.584E-06 3.497E-06 3.948E-06 4.076E-06 4.692E-06 5.025E-06 5.068E-06 4.994E-06 4.544E-06 4.107E-06 3.801E-06 3.227E-06 2.658E-06 2.266E-06 1.601E-06 1.326E-06
  1.720E+02  1.352E-04 1.117E-04 1.235E-04 1.106E-04 1.058E-04 1.025E-04 9.947E-05 9.946E-05 8.771E-05 8.384E-05 8.605E-05 8.074E-05 7.038E-05 6.574E-05 5.213E-05 4.109E-05 3.430E-05 2.733E-05 1.499E-05 6.988E-06 1.298E-05 2.326E-05 2.574E-05 2.254E-05 1.894E-05 1.359E-05 1.190E-05 8.956E-06 4.558E-06 8.358E-06 8.323E-06 6.709E-06 5.437E-06 5.063E-06 4.880E-06 5.067E-06 4.808E-06 4.361E-06 3.821E-06 3.315E-06 2.956E-06 2.015E-06 1.611E-06 1.451E-06 2.086E-06 2.590E-06 3.506E-06 3.958E-06 4.087E-06 4.706E-06 5.041E-06 5.084E-06 5.010E-06 4.559E-06 4.121E-06 3.814E-06 3.238E-06 2.668E-06 2.275E-06 1.607E-06 1.331E-06
  1.740E+02  1.463E-04 1.286E-04 1.241E-04 1.226E-04 1.061E-04 1.023E-04 1.003E-04 9.088E-05 8.281E-05 7.864E-05 7.843E-05 7.396E-05 6.525E-05 5.904E-05 4.749E-05 3.895E-05 3.234E-05 2.639E-05 1.462E-05 7.007E-06 1.320E-05 2.389E-05 2.629E-05 2.290E-05 1.921E-05 1.376E-05 1.203E-05 9.044E-06 4.575E-06 8.402E-06 8.387E-06 6.755E-06 5.468E-06 5.090E-06 4.905E-06 5.093E-06 4.831E-06 4.381E-06 3.837E-06 3.328E-06 2.967E-06 2.021E-06 1.615E-06 1.454E-06 2.090E-06 2.595E-06 3.513E-06 3.967E-06 4.096E-06 4.717E-06 5.053E-06 5.096E-06 5.023E-06 4.571E-06 4.132E-06 3.824E-06 3.248E-06 2.676E-06 2.282E-06 1.612E-06 1.335E-06
  1.760E+02  1.626E-04 1.470E-04 1.311E-04 1.273E-04 1.141E-04 1.124E-04 1.055E-04 9.489E-05 8.912E-05 8.487E-05 8.185E-05 7.770E-05 7.095E-05 6.198E-05 5.031E-05 4.201E-05 3.392E-05 2.783E-05 1.496E-05 7.022E-06 1.342E-05 2.473E-05 2.724E-05 2.365E-05 1.972E-05 1.399E-05 1.221E-05 9.143E-06 4.588E-06 8.437E-06 8.444E-06 6.794E-06 5.494E-06 5.112E-06 4.924E-06 5.113E-06 4.849E-06 4.396E-06 3.849E-06 3.337E-06 2.974E-06 2.024E-06 1.617E-06 1.456E-06 2.092E-06 2.598E-06 3.518E-06 3.973E-06 4.102E-06 4.725E-06 5.062E-06 5.105E-06 5.032E-06 4.579E-06 4.140E-06 3.832E-06 3.254E-06 2.681E-06 2.286E-06 1.616E-06 1.338E-06
  1.780E+02  1.582E-04 1.519E-04 1.337E-04 1.419E-04 1.411E-04 1.331E-04 1.255E-04 1.220E-04 1.124E-04 1.072E-04 1.055E-04 9.556E-05 8.979E-05 7.516E-05 6.149E-05 4.961E-05 3.866E-05 3.107E-05 1.594E-05 7.033E-06 1.359E-05 2.547E-05 2.819E-05 2.444E-05 2.027E-05 1.421E-05 1.236E-05 9.228E-06 4.597E-06 8.461E-06 8.484E-06 6.821E-06 5.510E-06 5.126E-06 4.937E-06 5.126E-06 4.860E-06 4.405E-06 3.856E-06 3.343E-06 2.979E-06 2.027E-06 1.618E-06 1.457E-06 2.094E-06 2.600E-06 3.521E-06 3.976E-06 4.106E-06 4.730E-06 5.067E-06 5.111E-06 5.037E-06 4.585E-06 4.144E-06 3.836E-06 3.258E-06 2.685E-06 2.289E-06 1.618E-06 1.340E-06
  1.800E+02  2.055E-04 1.991E-04 1.606E-04 1.834E-04 1.814E-04 1.682E-04 1.564E-04 1.525E-04 1.392E-04 1.307E-04 1.290E-04 1.130E-04 1.055E-04 8.537E-05 6.949E-05 5.454E-05 4.165E-05 3.295E-05 1.652E-05 7.036E-06 1.366E-05 2.576E-05 2.859E-05 2.480E-05 2.051E-05 1.431E-05 1.243E-05 9.263E-06 4.599E-06 8.469E-06 8.498E-06 6.831E-06 5.516E-06 5.131E-06 4.941E-06 5.131E-06 4.864E-06 4.409E-06 3.859E-06 3.345E-06 2.980E-06 2.028E-06 1.619E-06 1.457E-06 2.094E-06 2.601E-06 3.522E-06 3.977E-06 4.107E-06 4.731E-06 5.069E-06 5.113E-06 5.039E-06 4.586E-06 4.146E-06 3.838E-06 3.259E-06 2.686E-06 2.290E-06 1.619E-06 1.341E-06
