# sea salt (acc., 70%)
#
# size distribution: lognormal
# ------------------
#
#   minimum radius, [um]:      8.500E-03
#   maximum radius, [um]:      3.630E+01
#                  sigma:      2.030E+00
#       Rmod (wet), [um]:      3.780E-01
#       Rmod (dry), [um]:      2.090E-01
#
# optical parameters:
# -------------------
#
# wavelength ext.coef  sca.coef  abs.coef  si.sc.alb  asym.par  ext.nor    ref.real  ref.imag
#     [um]     [1/km]    [1/km]    [1/km]
#
#  2.500E-01 2.786E-03 2.786E-03 1.566E-07 9.999E-01 0.798E+00 8.884E-01  1.387E+00 -8.730E-07
#  3.000E-01 2.852E-03 2.852E-03 5.371E-08 1.000E+00 0.790E+00 9.093E-01  1.376E+00 -3.514E-07
#  3.500E-01 2.917E-03 2.917E-03 7.128E-09 1.000E+00 0.786E+00 9.300E-01  1.371E+00 -6.017E-08
#  4.000E-01 2.977E-03 2.977E-03 5.324E-10 1.000E+00 0.783E+00 9.493E-01  1.366E+00 -6.617E-09
#  4.500E-01 3.033E-03 3.033E-03 5.424E-10 1.000E+00 0.781E+00 9.672E-01  1.365E+00 -4.955E-09
#  5.000E-01 3.090E-03 3.090E-03 3.684E-10 1.000E+00 0.778E+00 9.853E-01  1.363E+00 -3.451E-09
#  5.500E-01 3.136E-03 3.136E-03 0.000E+00 1.000E+00 0.778E+00 1.000E+00  1.361E+00 -3.319E-09
#  6.000E-01 3.173E-03 3.173E-03 3.783E-10 1.000E+00 0.780E+00 1.012E+00  1.359E+00 -1.176E-08
#  6.500E-01 3.207E-03 3.207E-03 2.103E-09 1.000E+00 0.780E+00 1.023E+00  1.358E+00 -2.079E-08
#  7.000E-01 3.232E-03 3.232E-03 2.697E-09 1.000E+00 0.780E+00 1.031E+00  1.358E+00 -6.164E-08
#  7.500E-01 3.248E-03 3.248E-03 1.956E-08 1.000E+00 0.782E+00 1.036E+00  1.357E+00 -3.122E-07
#  8.000E-01 3.263E-03 3.263E-03 2.645E-08 1.000E+00 0.783E+00 1.040E+00  1.355E+00 -4.335E-07
#  9.000E-01 3.264E-03 3.264E-03 3.953E-07 9.999E-01 0.784E+00 1.041E+00  1.354E+00 -7.571E-06
#  1.000E+00 3.238E-03 3.236E-03 1.224E-06 9.996E-01 0.787E+00 1.032E+00  1.351E+00 -2.623E-05
#  1.250E+00 3.097E-03 3.094E-03 2.465E-06 9.992E-01 0.791E+00 9.874E-01  1.348E+00 -6.774E-05
#  1.500E+00 2.889E-03 2.881E-03 7.839E-06 9.973E-01 0.792E+00 9.212E-01  1.344E+00 -2.625E-04
#  1.750E+00 2.625E-03 2.619E-03 5.300E-06 9.980E-01 0.795E+00 8.368E-01  1.336E+00 -2.119E-04
#  2.000E+00 2.363E-03 2.340E-03 2.293E-05 9.903E-01 0.796E+00 7.534E-01  1.330E+00 -1.083E-03
#  2.500E+00 1.695E-03 1.662E-03 3.299E-05 9.805E-01 0.810E+00 5.404E-01  1.290E+00 -2.122E-03
#  3.000E+00 2.178E-03 9.702E-04 1.208E-03 4.454E-01 0.768E+00 6.945E-01  1.411E+00 -2.277E-01
#  3.200E+00 2.186E-03 1.490E-03 6.954E-04 6.818E-01 0.733E+00 6.969E-01  1.480E+00 -7.729E-02
#  3.390E+00 1.874E-03 1.651E-03 2.227E-04 8.812E-01 0.723E+00 5.975E-01  1.433E+00 -1.958E-02
#  3.500E+00 1.721E-03 1.626E-03 9.440E-05 9.451E-01 0.722E+00 5.486E-01  1.414E+00 -8.082E-03
#  3.750E+00 1.460E-03 1.426E-03 3.414E-05 9.766E-01 0.727E+00 4.654E-01  1.386E+00 -3.145E-03
#  4.000E+00 1.285E-03 1.245E-03 3.999E-05 9.689E-01 0.727E+00 4.098E-01  1.373E+00 -4.059E-03
#  4.500E+00 1.048E-03 9.555E-04 9.230E-05 9.119E-01 0.723E+00 3.341E-01  1.359E+00 -1.137E-02
#  5.000E+00 8.593E-04 7.827E-04 7.657E-05 9.109E-01 0.713E+00 2.740E-01  1.350E+00 -1.073E-02
#  5.500E+00 6.411E-04 5.773E-04 6.378E-05 9.005E-01 0.710E+00 2.044E-01  1.319E+00 -1.025E-02
#  6.000E+00 7.210E-04 3.209E-04 4.001E-04 4.451E-01 0.693E+00 2.299E-01  1.290E+00 -9.077E-02
#  6.200E+00 8.918E-04 5.310E-04 3.609E-04 5.954E-01 0.664E+00 2.844E-01  1.403E+00 -7.684E-02
#  6.500E+00 6.330E-04 4.694E-04 1.636E-04 7.416E-01 0.669E+00 2.018E-01  1.359E+00 -3.342E-02
#  7.200E+00 4.630E-04 3.421E-04 1.209E-04 7.389E-01 0.658E+00 1.476E-01  1.330E+00 -2.786E-02
#  7.900E+00 3.707E-04 2.541E-04 1.166E-04 6.855E-01 0.642E+00 1.182E-01  1.312E+00 -3.037E-02
#  8.200E+00 3.480E-04 2.290E-04 1.190E-04 6.581E-01 0.634E+00 1.110E-01  1.309E+00 -3.255E-02
#  8.500E+00 3.371E-04 2.150E-04 1.221E-04 6.379E-01 0.625E+00 1.075E-01  1.312E+00 -3.489E-02
#  8.700E+00 3.470E-04 2.220E-04 1.250E-04 6.397E-01 0.617E+00 1.106E-01  1.327E+00 -3.656E-02
#  9.000E+00 3.301E-04 2.058E-04 1.243E-04 6.235E-01 0.609E+00 1.053E-01  1.328E+00 -3.789E-02
#  9.200E+00 3.058E-04 1.822E-04 1.237E-04 5.957E-01 0.605E+00 9.751E-02  1.315E+00 -3.891E-02
#  9.500E+00 2.762E-04 1.547E-04 1.215E-04 5.601E-01 0.600E+00 8.806E-02  1.300E+00 -3.994E-02
#  9.800E+00 2.541E-04 1.303E-04 1.238E-04 5.129E-01 0.593E+00 8.100E-02  1.285E+00 -4.251E-02
#  1.000E+01 2.403E-04 1.139E-04 1.265E-04 4.737E-01 0.589E+00 7.663E-02  1.272E+00 -4.475E-02
#  1.060E+01 2.235E-04 7.289E-05 1.506E-04 3.261E-01 0.572E+00 7.126E-02  1.233E+00 -5.837E-02
#  1.100E+01 2.534E-04 5.424E-05 1.992E-04 2.140E-01 0.554E+00 8.080E-02  1.208E+00 -8.280E-02
#  1.150E+01 3.103E-04 4.340E-05 2.669E-04 1.398E-01 0.528E+00 9.895E-02  1.186E+00 -1.204E-01
#  1.250E+01 4.655E-04 4.662E-05 4.188E-04 1.002E-01 0.472E+00 1.484E-01  1.173E+00 -2.179E-01
#  1.300E+01 5.200E-04 5.295E-05 4.671E-04 1.018E-01 0.451E+00 1.658E-01  1.191E+00 -2.565E-01
#  1.400E+01 5.812E-04 6.374E-05 5.175E-04 1.097E-01 0.420E+00 1.853E-01  1.244E+00 -3.113E-01
#  1.480E+01 5.895E-04 6.782E-05 5.216E-04 1.151E-01 0.402E+00 1.879E-01  1.287E+00 -3.341E-01
#  1.500E+01 5.915E-04 6.926E-05 5.223E-04 1.171E-01 0.398E+00 1.886E-01  1.300E+00 -3.400E-01
#  1.640E+01 5.848E-04 7.454E-05 5.103E-04 1.275E-01 0.374E+00 1.865E-01  1.382E+00 -3.700E-01
#  1.720E+01 5.666E-04 7.895E-05 4.877E-04 1.393E-01 0.364E+00 1.807E-01  1.446E+00 -3.768E-01
#  1.800E+01 5.384E-04 7.758E-05 4.608E-04 1.441E-01 0.355E+00 1.717E-01  1.483E+00 -3.760E-01
#  1.850E+01 5.182E-04 7.507E-05 4.431E-04 1.449E-01 0.351E+00 1.652E-01  1.498E+00 -3.727E-01
#  2.000E+01 4.514E-04 6.540E-05 3.860E-04 1.449E-01 0.339E+00 1.439E-01  1.527E+00 -3.523E-01
#  2.130E+01 4.084E-04 5.670E-05 3.517E-04 1.388E-01 0.327E+00 1.302E-01  1.536E+00 -3.428E-01
#  2.250E+01 3.766E-04 5.058E-05 3.260E-04 1.343E-01 0.317E+00 1.201E-01  1.549E+00 -3.379E-01
#  2.500E+01 3.228E-04 4.000E-05 2.828E-04 1.239E-01 0.298E+00 1.029E-01  1.570E+00 -3.305E-01
#  2.790E+01 2.780E-04 3.069E-05 2.473E-04 1.104E-01 0.277E+00 8.865E-02  1.586E+00 -3.282E-01
#  3.000E+01 2.499E-04 2.497E-05 2.250E-04 9.991E-02 0.263E+00 7.969E-02  1.588E+00 -3.233E-01
#  3.500E+01 2.304E-04 1.580E-05 2.146E-04 6.859E-02 0.226E+00 7.347E-02  1.571E+00 -3.637E-01
#  4.000E+01 2.606E-04 1.200E-05 2.486E-04 4.604E-02 0.186E+00 8.308E-02  1.556E+00 -4.890E-01
#
# volume phase function [1/km]:
# -----------------------------
#
# sca.ang. | wavelengths --->
# ---------|------------------
#          | 2.500E-01 3.000E-01 3.500E-01 4.000E-01 4.500E-01 5.000E-01 5.500E-01 6.000E-01 6.500E-01 7.000E-01 7.500E-01 8.000E-01 9.000E-01 1.000E+00 1.250E+00 1.500E+00 1.750E+00 2.000E+00 2.500E+00 3.000E+00 3.200E+00 3.390E+00 3.500E+00 3.750E+00 4.000E+00 4.500E+00 5.000E+00 5.500E+00 6.000E+00 6.200E+00 6.500E+00 7.200E+00 7.900E+00 8.200E+00 8.500E+00 8.700E+00 9.000E+00 9.200E+00 9.500E+00 9.800E+00 1.000E+01 1.060E+01 1.100E+01 1.150E+01 1.250E+01 1.300E+01 1.400E+01 1.480E+01 1.500E+01 1.640E+01 1.720E+01 1.800E+01 1.850E+01 2.000E+01 2.130E+01 2.250E+01 2.500E+01 2.790E+01 3.000E+01 3.500E+01 4.000E+01
#
  0.000E+00  2.042E-01 1.449E-01 1.089E-01 8.488E-02 6.862E-02 5.652E-02 4.784E-02 4.112E-02 3.594E-02 3.168E-02 2.811E-02 2.538E-02 2.104E-02 1.787E-02 1.265E-02 9.617E-03 7.592E-03 6.097E-03 4.026E-03 1.876E-03 2.198E-03 2.270E-03 2.212E-03 1.935E-03 1.659E-03 1.207E-03 9.271E-04 6.761E-04 3.539E-04 4.830E-04 4.406E-04 3.096E-04 2.179E-04 1.905E-04 1.719E-04 1.700E-04 1.528E-04 1.347E-04 1.131E-04 9.395E-05 8.148E-05 5.038E-05 3.562E-05 2.622E-05 2.331E-05 2.457E-05 2.633E-05 2.618E-05 2.629E-05 2.564E-05 2.589E-05 2.452E-05 2.327E-05 1.934E-05 1.615E-05 1.394E-05 1.036E-05 7.466E-06 5.849E-06 3.369E-06 2.312E-06
  1.000E-01  2.023E-01 1.439E-01 1.084E-01 8.456E-02 6.842E-02 5.639E-02 4.775E-02 4.106E-02 3.589E-02 3.164E-02 2.808E-02 2.535E-02 2.102E-02 1.786E-02 1.265E-02 9.615E-03 7.591E-03 6.096E-03 4.025E-03 1.876E-03 2.198E-03 2.270E-03 2.212E-03 1.935E-03 1.659E-03 1.207E-03 9.271E-04 6.761E-04 3.539E-04 4.830E-04 4.406E-04 3.096E-04 2.178E-04 1.905E-04 1.719E-04 1.700E-04 1.528E-04 1.347E-04 1.131E-04 9.395E-05 8.148E-05 5.038E-05 3.562E-05 2.622E-05 2.331E-05 2.457E-05 2.633E-05 2.618E-05 2.629E-05 2.564E-05 2.589E-05 2.452E-05 2.327E-05 1.934E-05 1.615E-05 1.393E-05 1.036E-05 7.466E-06 5.849E-06 3.369E-06 2.312E-06
  2.000E-01  1.969E-01 1.412E-01 1.069E-01 8.365E-02 6.784E-02 5.600E-02 4.748E-02 4.086E-02 3.574E-02 3.154E-02 2.800E-02 2.529E-02 2.098E-02 1.784E-02 1.263E-02 9.608E-03 7.588E-03 6.094E-03 4.024E-03 1.876E-03 2.197E-03 2.269E-03 2.212E-03 1.935E-03 1.659E-03 1.207E-03 9.270E-04 6.760E-04 3.539E-04 4.829E-04 4.406E-04 3.096E-04 2.178E-04 1.905E-04 1.719E-04 1.700E-04 1.528E-04 1.347E-04 1.131E-04 9.394E-05 8.148E-05 5.038E-05 3.562E-05 2.622E-05 2.331E-05 2.457E-05 2.633E-05 2.617E-05 2.629E-05 2.563E-05 2.589E-05 2.451E-05 2.326E-05 1.934E-05 1.615E-05 1.393E-05 1.036E-05 7.466E-06 5.849E-06 3.369E-06 2.312E-06
  3.000E-01  1.891E-01 1.371E-01 1.045E-01 8.222E-02 6.692E-02 5.538E-02 4.704E-02 4.055E-02 3.551E-02 3.136E-02 2.787E-02 2.518E-02 2.091E-02 1.779E-02 1.261E-02 9.598E-03 7.582E-03 6.090E-03 4.023E-03 1.875E-03 2.197E-03 2.269E-03 2.212E-03 1.934E-03 1.659E-03 1.207E-03 9.269E-04 6.759E-04 3.538E-04 4.829E-04 4.405E-04 3.096E-04 2.178E-04 1.904E-04 1.719E-04 1.700E-04 1.528E-04 1.347E-04 1.130E-04 9.393E-05 8.147E-05 5.037E-05 3.562E-05 2.621E-05 2.331E-05 2.457E-05 2.633E-05 2.617E-05 2.629E-05 2.563E-05 2.589E-05 2.451E-05 2.326E-05 1.934E-05 1.615E-05 1.393E-05 1.036E-05 7.466E-06 5.849E-06 3.368E-06 2.312E-06
  4.000E-01  1.798E-01 1.321E-01 1.016E-01 8.040E-02 6.572E-02 5.456E-02 4.646E-02 4.013E-02 3.520E-02 3.112E-02 2.768E-02 2.504E-02 2.082E-02 1.773E-02 1.259E-02 9.584E-03 7.574E-03 6.085E-03 4.020E-03 1.874E-03 2.196E-03 2.268E-03 2.211E-03 1.934E-03 1.658E-03 1.207E-03 9.267E-04 6.758E-04 3.537E-04 4.828E-04 4.405E-04 3.095E-04 2.178E-04 1.904E-04 1.719E-04 1.700E-04 1.528E-04 1.347E-04 1.130E-04 9.392E-05 8.146E-05 5.037E-05 3.561E-05 2.621E-05 2.331E-05 2.457E-05 2.633E-05 2.617E-05 2.629E-05 2.563E-05 2.589E-05 2.451E-05 2.326E-05 1.934E-05 1.615E-05 1.393E-05 1.036E-05 7.466E-06 5.849E-06 3.368E-06 2.312E-06
  5.000E-01  1.699E-01 1.265E-01 9.825E-02 7.827E-02 6.430E-02 5.358E-02 4.577E-02 3.962E-02 3.481E-02 3.083E-02 2.745E-02 2.486E-02 2.070E-02 1.765E-02 1.255E-02 9.566E-03 7.563E-03 6.079E-03 4.017E-03 1.873E-03 2.195E-03 2.267E-03 2.210E-03 1.933E-03 1.658E-03 1.206E-03 9.264E-04 6.756E-04 3.536E-04 4.827E-04 4.404E-04 3.095E-04 2.177E-04 1.904E-04 1.719E-04 1.700E-04 1.527E-04 1.346E-04 1.130E-04 9.391E-05 8.145E-05 5.036E-05 3.561E-05 2.621E-05 2.330E-05 2.456E-05 2.633E-05 2.617E-05 2.629E-05 2.563E-05 2.589E-05 2.451E-05 2.326E-05 1.934E-05 1.615E-05 1.393E-05 1.036E-05 7.466E-06 5.848E-06 3.368E-06 2.312E-06
  6.000E-01  1.596E-01 1.206E-01 9.461E-02 7.593E-02 6.272E-02 5.248E-02 4.497E-02 3.903E-02 3.437E-02 3.049E-02 2.719E-02 2.465E-02 2.057E-02 1.755E-02 1.251E-02 9.545E-03 7.551E-03 6.071E-03 4.014E-03 1.871E-03 2.194E-03 2.266E-03 2.209E-03 1.932E-03 1.657E-03 1.206E-03 9.261E-04 6.754E-04 3.535E-04 4.826E-04 4.403E-04 3.094E-04 2.177E-04 1.903E-04 1.718E-04 1.699E-04 1.527E-04 1.346E-04 1.130E-04 9.389E-05 8.144E-05 5.035E-05 3.560E-05 2.620E-05 2.330E-05 2.456E-05 2.632E-05 2.617E-05 2.628E-05 2.563E-05 2.589E-05 2.451E-05 2.326E-05 1.934E-05 1.615E-05 1.393E-05 1.036E-05 7.465E-06 5.848E-06 3.368E-06 2.312E-06
  7.000E-01  1.495E-01 1.146E-01 9.083E-02 7.345E-02 6.102E-02 5.128E-02 4.409E-02 3.838E-02 3.387E-02 3.010E-02 2.689E-02 2.441E-02 2.041E-02 1.744E-02 1.246E-02 9.519E-03 7.536E-03 6.062E-03 4.010E-03 1.869E-03 2.192E-03 2.265E-03 2.208E-03 1.931E-03 1.656E-03 1.205E-03 9.258E-04 6.751E-04 3.534E-04 4.825E-04 4.402E-04 3.093E-04 2.176E-04 1.903E-04 1.718E-04 1.699E-04 1.527E-04 1.346E-04 1.130E-04 9.387E-05 8.142E-05 5.034E-05 3.559E-05 2.620E-05 2.330E-05 2.456E-05 2.632E-05 2.617E-05 2.628E-05 2.563E-05 2.588E-05 2.451E-05 2.326E-05 1.934E-05 1.615E-05 1.393E-05 1.036E-05 7.465E-06 5.848E-06 3.368E-06 2.312E-06
  8.000E-01  1.397E-01 1.086E-01 8.698E-02 7.088E-02 5.924E-02 5.001E-02 4.316E-02 3.768E-02 3.334E-02 2.968E-02 2.656E-02 2.415E-02 2.023E-02 1.732E-02 1.241E-02 9.491E-03 7.519E-03 6.051E-03 4.005E-03 1.867E-03 2.190E-03 2.263E-03 2.206E-03 1.930E-03 1.656E-03 1.205E-03 9.254E-04 6.749E-04 3.533E-04 4.823E-04 4.400E-04 3.092E-04 2.176E-04 1.902E-04 1.717E-04 1.699E-04 1.526E-04 1.345E-04 1.129E-04 9.385E-05 8.140E-05 5.033E-05 3.559E-05 2.619E-05 2.329E-05 2.455E-05 2.632E-05 2.616E-05 2.628E-05 2.562E-05 2.588E-05 2.451E-05 2.326E-05 1.934E-05 1.615E-05 1.393E-05 1.036E-05 7.465E-06 5.848E-06 3.368E-06 2.312E-06
  9.000E-01  1.303E-01 1.027E-01 8.314E-02 6.828E-02 5.741E-02 4.869E-02 4.218E-02 3.694E-02 3.276E-02 2.924E-02 2.620E-02 2.387E-02 2.005E-02 1.719E-02 1.234E-02 9.459E-03 7.500E-03 6.040E-03 3.999E-03 1.865E-03 2.188E-03 2.261E-03 2.205E-03 1.929E-03 1.654E-03 1.204E-03 9.249E-04 6.745E-04 3.531E-04 4.821E-04 4.399E-04 3.091E-04 2.175E-04 1.902E-04 1.717E-04 1.698E-04 1.526E-04 1.345E-04 1.129E-04 9.382E-05 8.138E-05 5.031E-05 3.558E-05 2.619E-05 2.329E-05 2.455E-05 2.631E-05 2.616E-05 2.628E-05 2.562E-05 2.588E-05 2.450E-05 2.325E-05 1.934E-05 1.615E-05 1.393E-05 1.036E-05 7.464E-06 5.847E-06 3.368E-06 2.312E-06
  1.000E+00  1.215E-01 9.701E-02 7.935E-02 6.567E-02 5.555E-02 4.734E-02 4.116E-02 3.617E-02 3.217E-02 2.877E-02 2.583E-02 2.356E-02 1.984E-02 1.704E-02 1.228E-02 9.424E-03 7.480E-03 6.027E-03 3.993E-03 1.863E-03 2.186E-03 2.259E-03 2.203E-03 1.927E-03 1.653E-03 1.203E-03 9.244E-04 6.742E-04 3.529E-04 4.819E-04 4.397E-04 3.090E-04 2.174E-04 1.901E-04 1.716E-04 1.698E-04 1.526E-04 1.345E-04 1.129E-04 9.380E-05 8.135E-05 5.030E-05 3.557E-05 2.618E-05 2.328E-05 2.454E-05 2.631E-05 2.615E-05 2.627E-05 2.562E-05 2.588E-05 2.450E-05 2.325E-05 1.933E-05 1.615E-05 1.393E-05 1.035E-05 7.464E-06 5.847E-06 3.368E-06 2.311E-06
  1.100E+00  1.131E-01 9.155E-02 7.565E-02 6.309E-02 5.369E-02 4.598E-02 4.013E-02 3.538E-02 3.155E-02 2.827E-02 2.544E-02 2.325E-02 1.963E-02 1.689E-02 1.221E-02 9.386E-03 7.457E-03 6.012E-03 3.986E-03 1.860E-03 2.184E-03 2.257E-03 2.201E-03 1.926E-03 1.652E-03 1.202E-03 9.238E-04 6.738E-04 3.527E-04 4.817E-04 4.395E-04 3.089E-04 2.173E-04 1.900E-04 1.716E-04 1.697E-04 1.525E-04 1.344E-04 1.128E-04 9.376E-05 8.132E-05 5.028E-05 3.555E-05 2.617E-05 2.328E-05 2.454E-05 2.630E-05 2.615E-05 2.627E-05 2.561E-05 2.587E-05 2.450E-05 2.325E-05 1.933E-05 1.614E-05 1.393E-05 1.035E-05 7.463E-06 5.847E-06 3.367E-06 2.311E-06
  1.200E+00  1.054E-01 8.634E-02 7.205E-02 6.056E-02 5.185E-02 4.461E-02 3.909E-02 3.457E-02 3.091E-02 2.777E-02 2.503E-02 2.292E-02 1.940E-02 1.673E-02 1.213E-02 9.345E-03 7.433E-03 5.997E-03 3.979E-03 1.857E-03 2.181E-03 2.255E-03 2.199E-03 1.924E-03 1.651E-03 1.202E-03 9.232E-04 6.734E-04 3.525E-04 4.814E-04 4.392E-04 3.087E-04 2.172E-04 1.900E-04 1.715E-04 1.696E-04 1.524E-04 1.344E-04 1.128E-04 9.373E-05 8.129E-05 5.026E-05 3.554E-05 2.616E-05 2.327E-05 2.453E-05 2.630E-05 2.615E-05 2.626E-05 2.561E-05 2.587E-05 2.450E-05 2.325E-05 1.933E-05 1.614E-05 1.393E-05 1.035E-05 7.462E-06 5.846E-06 3.367E-06 2.311E-06
  1.300E+00  9.814E-02 8.139E-02 6.859E-02 5.808E-02 5.002E-02 4.325E-02 3.804E-02 3.375E-02 3.026E-02 2.725E-02 2.462E-02 2.258E-02 1.917E-02 1.656E-02 1.205E-02 9.302E-03 7.407E-03 5.981E-03 3.971E-03 1.853E-03 2.178E-03 2.252E-03 2.196E-03 1.922E-03 1.649E-03 1.201E-03 9.225E-04 6.729E-04 3.522E-04 4.812E-04 4.390E-04 3.085E-04 2.171E-04 1.899E-04 1.714E-04 1.696E-04 1.524E-04 1.343E-04 1.127E-04 9.369E-05 8.126E-05 5.024E-05 3.553E-05 2.615E-05 2.326E-05 2.453E-05 2.629E-05 2.614E-05 2.626E-05 2.561E-05 2.586E-05 2.449E-05 2.324E-05 1.933E-05 1.614E-05 1.392E-05 1.035E-05 7.462E-06 5.846E-06 3.367E-06 2.311E-06
  1.400E+00  9.143E-02 7.672E-02 6.527E-02 5.567E-02 4.823E-02 4.190E-02 3.700E-02 3.293E-02 2.961E-02 2.673E-02 2.419E-02 2.224E-02 1.893E-02 1.639E-02 1.197E-02 9.257E-03 7.380E-03 5.963E-03 3.963E-03 1.850E-03 2.175E-03 2.250E-03 2.194E-03 1.920E-03 1.647E-03 1.200E-03 9.218E-04 6.724E-04 3.519E-04 4.809E-04 4.388E-04 3.084E-04 2.170E-04 1.898E-04 1.713E-04 1.695E-04 1.523E-04 1.343E-04 1.127E-04 9.365E-05 8.123E-05 5.022E-05 3.551E-05 2.614E-05 2.326E-05 2.452E-05 2.629E-05 2.613E-05 2.625E-05 2.560E-05 2.586E-05 2.449E-05 2.324E-05 1.932E-05 1.614E-05 1.392E-05 1.035E-05 7.461E-06 5.845E-06 3.367E-06 2.311E-06
  1.500E+00  8.522E-02 7.232E-02 6.209E-02 5.334E-02 4.648E-02 4.058E-02 3.596E-02 3.211E-02 2.896E-02 2.620E-02 2.376E-02 2.188E-02 1.869E-02 1.621E-02 1.188E-02 9.209E-03 7.351E-03 5.945E-03 3.954E-03 1.846E-03 2.172E-03 2.247E-03 2.191E-03 1.918E-03 1.646E-03 1.198E-03 9.210E-04 6.718E-04 3.517E-04 4.806E-04 4.385E-04 3.082E-04 2.169E-04 1.897E-04 1.712E-04 1.694E-04 1.522E-04 1.342E-04 1.126E-04 9.361E-05 8.119E-05 5.020E-05 3.550E-05 2.613E-05 2.325E-05 2.451E-05 2.628E-05 2.613E-05 2.625E-05 2.560E-05 2.586E-05 2.448E-05 2.324E-05 1.932E-05 1.614E-05 1.392E-05 1.035E-05 7.460E-06 5.844E-06 3.366E-06 2.311E-06
  1.600E+00  7.947E-02 6.818E-02 5.906E-02 5.110E-02 4.477E-02 3.928E-02 3.494E-02 3.130E-02 2.830E-02 2.567E-02 2.333E-02 2.153E-02 1.843E-02 1.602E-02 1.179E-02 9.159E-03 7.320E-03 5.925E-03 3.944E-03 1.842E-03 2.168E-03 2.244E-03 2.188E-03 1.915E-03 1.644E-03 1.197E-03 9.202E-04 6.713E-04 3.513E-04 4.803E-04 4.382E-04 3.080E-04 2.168E-04 1.896E-04 1.712E-04 1.693E-04 1.522E-04 1.341E-04 1.126E-04 9.356E-05 8.115E-05 5.017E-05 3.548E-05 2.612E-05 2.324E-05 2.450E-05 2.627E-05 2.612E-05 2.624E-05 2.559E-05 2.585E-05 2.448E-05 2.323E-05 1.932E-05 1.613E-05 1.392E-05 1.035E-05 7.459E-06 5.844E-06 3.366E-06 2.310E-06
  1.700E+00  7.414E-02 6.429E-02 5.618E-02 4.893E-02 4.312E-02 3.801E-02 3.393E-02 3.049E-02 2.765E-02 2.514E-02 2.289E-02 2.117E-02 1.818E-02 1.584E-02 1.170E-02 9.107E-03 7.289E-03 5.905E-03 3.934E-03 1.838E-03 2.164E-03 2.240E-03 2.185E-03 1.913E-03 1.642E-03 1.196E-03 9.193E-04 6.706E-04 3.510E-04 4.799E-04 4.379E-04 3.078E-04 2.166E-04 1.894E-04 1.711E-04 1.692E-04 1.521E-04 1.341E-04 1.125E-04 9.351E-05 8.110E-05 5.015E-05 3.546E-05 2.611E-05 2.323E-05 2.450E-05 2.626E-05 2.612E-05 2.623E-05 2.559E-05 2.585E-05 2.447E-05 2.323E-05 1.931E-05 1.613E-05 1.392E-05 1.035E-05 7.458E-06 5.843E-06 3.366E-06 2.310E-06
  1.800E+00  6.922E-02 6.065E-02 5.344E-02 4.686E-02 4.151E-02 3.677E-02 3.294E-02 2.970E-02 2.700E-02 2.461E-02 2.246E-02 2.081E-02 1.792E-02 1.565E-02 1.160E-02 9.054E-03 7.256E-03 5.883E-03 3.924E-03 1.834E-03 2.160E-03 2.237E-03 2.182E-03 1.910E-03 1.640E-03 1.195E-03 9.184E-04 6.700E-04 3.507E-04 4.795E-04 4.375E-04 3.076E-04 2.165E-04 1.893E-04 1.709E-04 1.691E-04 1.520E-04 1.340E-04 1.125E-04 9.346E-05 8.106E-05 5.012E-05 3.544E-05 2.609E-05 2.322E-05 2.449E-05 2.626E-05 2.611E-05 2.623E-05 2.558E-05 2.584E-05 2.447E-05 2.322E-05 1.931E-05 1.613E-05 1.391E-05 1.035E-05 7.458E-06 5.842E-06 3.365E-06 2.310E-06
  1.900E+00  6.467E-02 5.724E-02 5.084E-02 4.487E-02 3.996E-02 3.556E-02 3.198E-02 2.891E-02 2.636E-02 2.408E-02 2.202E-02 2.045E-02 1.766E-02 1.545E-02 1.150E-02 8.999E-03 7.222E-03 5.861E-03 3.913E-03 1.829E-03 2.156E-03 2.233E-03 2.179E-03 1.908E-03 1.638E-03 1.193E-03 9.174E-04 6.693E-04 3.503E-04 4.791E-04 4.372E-04 3.073E-04 2.163E-04 1.892E-04 1.708E-04 1.690E-04 1.519E-04 1.339E-04 1.124E-04 9.340E-05 8.101E-05 5.009E-05 3.542E-05 2.608E-05 2.321E-05 2.448E-05 2.625E-05 2.610E-05 2.622E-05 2.557E-05 2.583E-05 2.446E-05 2.322E-05 1.931E-05 1.613E-05 1.391E-05 1.034E-05 7.457E-06 5.842E-06 3.365E-06 2.310E-06
  2.000E+00  6.047E-02 5.404E-02 4.837E-02 4.296E-02 3.847E-02 3.439E-02 3.103E-02 2.814E-02 2.573E-02 2.356E-02 2.159E-02 2.008E-02 1.740E-02 1.526E-02 1.141E-02 8.942E-03 7.186E-03 5.838E-03 3.902E-03 1.824E-03 2.152E-03 2.230E-03 2.175E-03 1.905E-03 1.635E-03 1.192E-03 9.164E-04 6.686E-04 3.499E-04 4.787E-04 4.368E-04 3.071E-04 2.162E-04 1.890E-04 1.707E-04 1.689E-04 1.518E-04 1.338E-04 1.123E-04 9.334E-05 8.096E-05 5.006E-05 3.540E-05 2.607E-05 2.320E-05 2.447E-05 2.624E-05 2.609E-05 2.621E-05 2.557E-05 2.583E-05 2.446E-05 2.321E-05 1.930E-05 1.612E-05 1.391E-05 1.034E-05 7.455E-06 5.841E-06 3.364E-06 2.310E-06
  3.000E+00  3.226E-02 3.141E-02 2.993E-02 2.814E-02 2.632E-02 2.462E-02 2.294E-02 2.136E-02 2.002E-02 1.875E-02 1.755E-02 1.664E-02 1.484E-02 1.330E-02 1.035E-02 8.319E-03 6.789E-03 5.573E-03 3.766E-03 1.766E-03 2.100E-03 2.183E-03 2.133E-03 1.870E-03 1.607E-03 1.173E-03 9.035E-04 6.596E-04 3.452E-04 4.736E-04 4.322E-04 3.040E-04 2.141E-04 1.873E-04 1.692E-04 1.675E-04 1.506E-04 1.327E-04 1.114E-04 9.260E-05 8.031E-05 4.966E-05 3.513E-05 2.588E-05 2.307E-05 2.434E-05 2.612E-05 2.599E-05 2.611E-05 2.548E-05 2.575E-05 2.439E-05 2.315E-05 1.926E-05 1.608E-05 1.388E-05 1.032E-05 7.442E-06 5.831E-06 3.359E-06 2.306E-06
  4.000E+00  1.866E-02 1.939E-02 1.931E-02 1.902E-02 1.838E-02 1.787E-02 1.712E-02 1.629E-02 1.561E-02 1.491E-02 1.422E-02 1.370E-02 1.255E-02 1.148E-02 9.296E-03 7.651E-03 6.345E-03 5.266E-03 3.601E-03 1.695E-03 2.034E-03 2.124E-03 2.078E-03 1.825E-03 1.570E-03 1.149E-03 8.864E-04 6.475E-04 3.388E-04 4.667E-04 4.259E-04 2.998E-04 2.113E-04 1.850E-04 1.672E-04 1.656E-04 1.489E-04 1.313E-04 1.102E-04 9.159E-05 7.943E-05 4.911E-05 3.475E-05 2.563E-05 2.289E-05 2.417E-05 2.597E-05 2.585E-05 2.597E-05 2.537E-05 2.564E-05 2.429E-05 2.306E-05 1.919E-05 1.603E-05 1.384E-05 1.029E-05 7.423E-06 5.816E-06 3.352E-06 2.302E-06
  5.000E+00  1.161E-02 1.262E-02 1.303E-02 1.332E-02 1.323E-02 1.323E-02 1.298E-02 1.263E-02 1.232E-02 1.197E-02 1.161E-02 1.132E-02 1.061E-02 9.893E-03 8.310E-03 6.992E-03 5.890E-03 4.940E-03 3.418E-03 1.616E-03 1.959E-03 2.056E-03 2.014E-03 1.771E-03 1.527E-03 1.119E-03 8.658E-04 6.329E-04 3.311E-04 4.582E-04 4.182E-04 2.947E-04 2.079E-04 1.820E-04 1.646E-04 1.632E-04 1.469E-04 1.294E-04 1.087E-04 9.032E-05 7.833E-05 4.843E-05 3.429E-05 2.531E-05 2.266E-05 2.395E-05 2.576E-05 2.567E-05 2.579E-05 2.522E-05 2.550E-05 2.417E-05 2.295E-05 1.910E-05 1.596E-05 1.378E-05 1.025E-05 7.398E-06 5.798E-06 3.343E-06 2.296E-06
  6.000E+00  7.726E-03 8.637E-03 9.190E-03 9.653E-03 9.838E-03 1.002E-02 1.004E-02 9.972E-03 9.877E-03 9.735E-03 9.577E-03 9.428E-03 9.010E-03 8.556E-03 7.422E-03 6.368E-03 5.445E-03 4.611E-03 3.226E-03 1.531E-03 1.878E-03 1.981E-03 1.943E-03 1.712E-03 1.478E-03 1.086E-03 8.422E-04 6.161E-04 3.223E-04 4.485E-04 4.093E-04 2.887E-04 2.039E-04 1.786E-04 1.617E-04 1.604E-04 1.444E-04 1.273E-04 1.069E-04 8.883E-05 7.704E-05 4.764E-05 3.374E-05 2.493E-05 2.239E-05 2.369E-05 2.552E-05 2.545E-05 2.558E-05 2.504E-05 2.534E-05 2.402E-05 2.281E-05 1.900E-05 1.588E-05 1.371E-05 1.021E-05 7.368E-06 5.776E-06 3.332E-06 2.290E-06
  8.000E+00  4.077E-03 4.636E-03 5.178E-03 5.579E-03 5.935E-03 6.163E-03 6.380E-03 6.567E-03 6.652E-03 6.703E-03 6.736E-03 6.732E-03 6.635E-03 6.500E-03 5.938E-03 5.266E-03 4.620E-03 3.980E-03 2.836E-03 1.360E-03 1.709E-03 1.820E-03 1.791E-03 1.583E-03 1.370E-03 1.012E-03 7.888E-04 5.777E-04 3.023E-04 4.258E-04 3.886E-04 2.746E-04 1.944E-04 1.705E-04 1.546E-04 1.538E-04 1.386E-04 1.222E-04 1.026E-04 8.528E-05 7.396E-05 4.574E-05 3.244E-05 2.404E-05 2.173E-05 2.305E-05 2.494E-05 2.492E-05 2.506E-05 2.460E-05 2.492E-05 2.365E-05 2.247E-05 1.874E-05 1.568E-05 1.354E-05 1.010E-05 7.294E-06 5.721E-06 3.303E-06 2.272E-06
  1.000E+01  2.587E-03 2.958E-03 3.330E-03 3.631E-03 3.928E-03 4.166E-03 4.383E-03 4.595E-03 4.727E-03 4.836E-03 4.936E-03 5.004E-03 5.043E-03 5.046E-03 4.788E-03 4.361E-03 3.903E-03 3.410E-03 2.462E-03 1.195E-03 1.539E-03 1.656E-03 1.633E-03 1.447E-03 1.256E-03 9.321E-04 7.302E-04 5.353E-04 2.804E-04 4.004E-04 3.652E-04 2.586E-04 1.835E-04 1.612E-04 1.465E-04 1.461E-04 1.319E-04 1.162E-04 9.762E-05 8.116E-05 7.038E-05 4.354E-05 3.093E-05 2.300E-05 2.096E-05 2.230E-05 2.423E-05 2.427E-05 2.442E-05 2.406E-05 2.442E-05 2.320E-05 2.206E-05 1.841E-05 1.542E-05 1.333E-05 9.953E-06 7.200E-06 5.651E-06 3.267E-06 2.250E-06
  1.200E+01  1.874E-03 2.118E-03 2.377E-03 2.594E-03 2.816E-03 3.028E-03 3.208E-03 3.395E-03 3.526E-03 3.642E-03 3.755E-03 3.847E-03 3.939E-03 3.994E-03 3.896E-03 3.624E-03 3.291E-03 2.909E-03 2.119E-03 1.043E-03 1.377E-03 1.495E-03 1.478E-03 1.311E-03 1.140E-03 8.506E-04 6.698E-04 4.914E-04 2.578E-04 3.736E-04 3.403E-04 2.414E-04 1.718E-04 1.512E-04 1.377E-04 1.377E-04 1.246E-04 1.097E-04 9.219E-05 7.667E-05 6.648E-05 4.115E-05 2.929E-05 2.186E-05 2.009E-05 2.145E-05 2.343E-05 2.353E-05 2.369E-05 2.343E-05 2.382E-05 2.267E-05 2.157E-05 1.803E-05 1.512E-05 1.309E-05 9.784E-06 7.088E-06 5.568E-06 3.225E-06 2.224E-06
  1.400E+01  1.485E-03 1.644E-03 1.833E-03 1.987E-03 2.155E-03 2.327E-03 2.472E-03 2.624E-03 2.740E-03 2.845E-03 2.946E-03 3.038E-03 3.146E-03 3.215E-03 3.198E-03 3.022E-03 2.775E-03 2.475E-03 1.813E-03 9.067E-04 1.227E-03 1.342E-03 1.329E-03 1.181E-03 1.029E-03 7.705E-04 6.098E-04 4.476E-04 2.354E-04 3.462E-04 3.149E-04 2.239E-04 1.598E-04 1.409E-04 1.286E-04 1.290E-04 1.169E-04 1.030E-04 8.651E-05 7.197E-05 6.241E-05 3.866E-05 2.757E-05 2.066E-05 1.917E-05 2.054E-05 2.255E-05 2.272E-05 2.289E-05 2.273E-05 2.316E-05 2.207E-05 2.101E-05 1.760E-05 1.478E-05 1.280E-05 9.591E-06 6.960E-06 5.472E-06 3.175E-06 2.194E-06
  1.600E+01  1.239E-03 1.343E-03 1.481E-03 1.596E-03 1.731E-03 1.860E-03 1.978E-03 2.099E-03 2.201E-03 2.291E-03 2.370E-03 2.452E-03 2.555E-03 2.625E-03 2.646E-03 2.529E-03 2.341E-03 2.103E-03 1.545E-03 7.868E-04 1.090E-03 1.200E-03 1.190E-03 1.058E-03 9.228E-04 6.940E-04 5.519E-04 4.052E-04 2.137E-04 3.192E-04 2.897E-04 2.064E-04 1.478E-04 1.305E-04 1.195E-04 1.201E-04 1.091E-04 9.609E-05 8.076E-05 6.721E-05 5.829E-05 3.614E-05 2.584E-05 1.945E-05 1.821E-05 1.958E-05 2.162E-05 2.185E-05 2.204E-05 2.198E-05 2.245E-05 2.143E-05 2.041E-05 1.713E-05 1.440E-05 1.249E-05 9.377E-06 6.817E-06 5.365E-06 3.120E-06 2.159E-06
  1.800E+01  1.053E-03 1.135E-03 1.232E-03 1.335E-03 1.445E-03 1.528E-03 1.629E-03 1.726E-03 1.814E-03 1.886E-03 1.950E-03 2.011E-03 2.103E-03 2.168E-03 2.204E-03 2.122E-03 1.976E-03 1.785E-03 1.312E-03 6.821E-04 9.666E-04 1.070E-03 1.061E-03 9.435E-04 8.241E-04 6.222E-04 4.971E-04 3.651E-04 1.933E-04 2.930E-04 2.654E-04 1.894E-04 1.360E-04 1.204E-04 1.105E-04 1.114E-04 1.013E-04 8.927E-05 7.505E-05 6.249E-05 5.420E-05 3.365E-05 2.412E-05 1.823E-05 1.724E-05 1.861E-05 2.066E-05 2.095E-05 2.115E-05 2.119E-05 2.169E-05 2.073E-05 1.977E-05 1.663E-05 1.400E-05 1.216E-05 9.145E-06 6.661E-06 5.249E-06 3.059E-06 2.122E-06
  2.000E+01  9.178E-04 9.737E-04 1.054E-03 1.140E-03 1.229E-03 1.281E-03 1.366E-03 1.449E-03 1.517E-03 1.576E-03 1.630E-03 1.672E-03 1.750E-03 1.806E-03 1.846E-03 1.786E-03 1.670E-03 1.515E-03 1.112E-03 5.913E-04 8.560E-04 9.521E-04 9.444E-04 8.390E-04 7.335E-04 5.558E-04 4.461E-04 3.276E-04 1.743E-04 2.680E-04 2.421E-04 1.731E-04 1.247E-04 1.106E-04 1.017E-04 1.029E-04 9.379E-05 8.263E-05 6.950E-05 5.790E-05 5.023E-05 3.122E-05 2.244E-05 1.704E-05 1.627E-05 1.762E-05 1.968E-05 2.003E-05 2.023E-05 2.036E-05 2.089E-05 2.001E-05 1.910E-05 1.610E-05 1.357E-05 1.180E-05 8.897E-06 6.495E-06 5.123E-06 2.993E-06 2.081E-06
  2.200E+01  8.192E-04 8.517E-04 9.267E-04 9.741E-04 1.047E-03 1.095E-03 1.159E-03 1.230E-03 1.279E-03 1.327E-03 1.374E-03 1.409E-03 1.471E-03 1.518E-03 1.553E-03 1.507E-03 1.413E-03 1.286E-03 9.422E-04 5.128E-04 7.575E-04 8.455E-04 8.385E-04 7.442E-04 6.512E-04 4.952E-04 3.991E-04 2.932E-04 1.568E-04 2.445E-04 2.202E-04 1.578E-04 1.140E-04 1.013E-04 9.343E-05 9.479E-05 8.654E-05 7.625E-05 6.416E-05 5.348E-05 4.641E-05 2.889E-05 2.082E-05 1.588E-05 1.531E-05 1.665E-05 1.870E-05 1.909E-05 1.930E-05 1.952E-05 2.008E-05 1.927E-05 1.841E-05 1.555E-05 1.313E-05 1.143E-05 8.638E-06 6.319E-06 4.991E-06 2.923E-06 2.037E-06
  2.400E+01  7.161E-04 7.617E-04 8.045E-04 8.538E-04 9.027E-04 9.503E-04 1.001E-03 1.049E-03 1.092E-03 1.130E-03 1.164E-03 1.197E-03 1.247E-03 1.282E-03 1.311E-03 1.275E-03 1.197E-03 1.093E-03 7.982E-04 4.452E-04 6.702E-04 7.499E-04 7.434E-04 6.590E-04 5.770E-04 4.402E-04 3.563E-04 2.618E-04 1.408E-04 2.225E-04 1.998E-04 1.434E-04 1.040E-04 9.255E-05 8.559E-05 8.708E-05 7.965E-05 7.018E-05 5.909E-05 4.929E-05 4.278E-05 2.668E-05 1.928E-05 1.477E-05 1.437E-05 1.569E-05 1.772E-05 1.816E-05 1.837E-05 1.867E-05 1.925E-05 1.851E-05 1.770E-05 1.498E-05 1.267E-05 1.105E-05 8.368E-06 6.135E-06 4.852E-06 2.849E-06 1.990E-06
  2.600E+01  6.304E-04 6.756E-04 7.020E-04 7.554E-04 7.872E-04 8.279E-04 8.685E-04 9.038E-04 9.388E-04 9.693E-04 9.948E-04 1.021E-03 1.063E-03 1.088E-03 1.111E-03 1.082E-03 1.016E-03 9.294E-04 6.766E-04 3.868E-04 5.929E-04 6.646E-04 6.583E-04 5.828E-04 5.105E-04 3.908E-04 3.176E-04 2.334E-04 1.262E-04 2.021E-04 1.809E-04 1.301E-04 9.468E-05 8.441E-05 7.825E-05 7.983E-05 7.316E-05 6.447E-05 5.431E-05 4.533E-05 3.936E-05 2.459E-05 1.782E-05 1.371E-05 1.347E-05 1.476E-05 1.677E-05 1.723E-05 1.745E-05 1.782E-05 1.842E-05 1.774E-05 1.698E-05 1.441E-05 1.220E-05 1.066E-05 8.091E-06 5.946E-06 4.708E-06 2.772E-06 1.942E-06
  2.800E+01  5.665E-04 6.050E-04 6.219E-04 6.626E-04 6.901E-04 7.261E-04 7.562E-04 7.810E-04 8.121E-04 8.363E-04 8.559E-04 8.753E-04 9.097E-04 9.272E-04 9.442E-04 9.202E-04 8.639E-04 7.916E-04 5.742E-04 3.366E-04 5.247E-04 5.887E-04 5.826E-04 5.149E-04 4.513E-04 3.466E-04 2.827E-04 2.079E-04 1.131E-04 1.833E-04 1.636E-04 1.179E-04 8.606E-05 7.687E-05 7.143E-05 7.306E-05 6.708E-05 5.913E-05 4.983E-05 4.163E-05 3.616E-05 2.263E-05 1.645E-05 1.271E-05 1.260E-05 1.385E-05 1.583E-05 1.632E-05 1.654E-05 1.698E-05 1.759E-05 1.698E-05 1.626E-05 1.383E-05 1.173E-05 1.026E-05 7.808E-06 5.752E-06 4.561E-06 2.693E-06 1.891E-06
  3.000E+01  5.026E-04 5.357E-04 5.498E-04 5.862E-04 6.110E-04 6.347E-04 6.624E-04 6.808E-04 7.066E-04 7.258E-04 7.421E-04 7.522E-04 7.799E-04 7.935E-04 8.058E-04 7.847E-04 7.362E-04 6.754E-04 4.881E-04 2.934E-04 4.646E-04 5.214E-04 5.155E-04 4.548E-04 3.988E-04 3.072E-04 2.515E-04 1.850E-04 1.013E-04 1.661E-04 1.478E-04 1.067E-04 7.815E-05 6.992E-05 6.513E-05 6.679E-05 6.143E-05 5.415E-05 4.567E-05 3.818E-05 3.318E-05 2.081E-05 1.516E-05 1.176E-05 1.177E-05 1.299E-05 1.492E-05 1.544E-05 1.566E-05 1.615E-05 1.677E-05 1.621E-05 1.555E-05 1.325E-05 1.126E-05 9.858E-06 7.523E-06 5.555E-06 4.410E-06 2.612E-06 1.839E-06
  3.200E+01  4.544E-04 4.687E-04 4.910E-04 5.181E-04 5.358E-04 5.534E-04 5.791E-04 5.979E-04 6.149E-04 6.303E-04 6.442E-04 6.514E-04 6.703E-04 6.822E-04 6.902E-04 6.705E-04 6.289E-04 5.773E-04 4.157E-04 2.562E-04 4.116E-04 4.619E-04 4.561E-04 4.017E-04 3.524E-04 2.723E-04 2.237E-04 1.647E-04 9.072E-05 1.504E-04 1.334E-04 9.649E-05 7.090E-05 6.355E-05 5.933E-05 6.099E-05 5.619E-05 4.955E-05 4.182E-05 3.498E-05 3.042E-05 1.911E-05 1.396E-05 1.088E-05 1.098E-05 1.216E-05 1.404E-05 1.458E-05 1.480E-05 1.533E-05 1.596E-05 1.546E-05 1.484E-05 1.267E-05 1.079E-05 9.459E-06 7.236E-06 5.356E-06 4.258E-06 2.529E-06 1.786E-06
  3.400E+01  4.052E-04 4.194E-04 4.373E-04 4.567E-04 4.708E-04 4.891E-04 5.064E-04 5.216E-04 5.361E-04 5.484E-04 5.587E-04 5.667E-04 5.803E-04 5.887E-04 5.925E-04 5.746E-04 5.386E-04 4.946E-04 3.548E-04 2.240E-04 3.650E-04 4.093E-04 4.037E-04 3.549E-04 3.114E-04 2.413E-04 1.990E-04 1.465E-04 8.124E-05 1.361E-04 1.204E-04 8.722E-05 6.429E-05 5.773E-05 5.401E-05 5.565E-05 5.136E-05 4.530E-05 3.826E-05 3.203E-05 2.786E-05 1.755E-05 1.285E-05 1.005E-05 1.023E-05 1.137E-05 1.320E-05 1.375E-05 1.397E-05 1.454E-05 1.517E-05 1.472E-05 1.414E-05 1.210E-05 1.032E-05 9.062E-06 6.950E-06 5.157E-06 4.105E-06 2.446E-06 1.732E-06
  3.600E+01  3.610E-04 3.776E-04 3.890E-04 4.033E-04 4.166E-04 4.344E-04 4.459E-04 4.566E-04 4.672E-04 4.773E-04 4.862E-04 4.935E-04 5.048E-04 5.094E-04 5.098E-04 4.942E-04 4.624E-04 4.248E-04 3.036E-04 1.963E-04 3.240E-04 3.630E-04 3.575E-04 3.137E-04 2.754E-04 2.140E-04 1.770E-04 1.305E-04 7.276E-05 1.231E-04 1.086E-04 7.882E-05 5.828E-05 5.242E-05 4.915E-05 5.076E-05 4.692E-05 4.140E-05 3.498E-05 2.931E-05 2.551E-05 1.610E-05 1.182E-05 9.284E-06 9.529E-06 1.062E-05 1.240E-05 1.295E-05 1.317E-05 1.377E-05 1.440E-05 1.400E-05 1.346E-05 1.155E-05 9.857E-06 8.669E-06 6.666E-06 4.958E-06 3.953E-06 2.362E-06 1.678E-06
  3.800E+01  3.216E-04 3.386E-04 3.450E-04 3.609E-04 3.686E-04 3.866E-04 3.958E-04 4.001E-04 4.097E-04 4.179E-04 4.246E-04 4.304E-04 4.400E-04 4.412E-04 4.400E-04 4.264E-04 3.980E-04 3.659E-04 2.605E-04 1.723E-04 2.879E-04 3.221E-04 3.168E-04 2.775E-04 2.437E-04 1.899E-04 1.576E-04 1.162E-04 6.520E-05 1.114E-04 9.793E-05 7.123E-05 5.283E-05 4.760E-05 4.472E-05 4.627E-05 4.285E-05 3.782E-05 3.198E-05 2.682E-05 2.335E-05 1.476E-05 1.087E-05 8.569E-06 8.866E-06 9.914E-06 1.163E-05 1.219E-05 1.240E-05 1.302E-05 1.366E-05 1.330E-05 1.280E-05 1.100E-05 9.406E-06 8.284E-06 6.385E-06 4.761E-06 3.801E-06 2.278E-06 1.623E-06
  4.000E+01  2.851E-04 2.987E-04 3.050E-04 3.220E-04 3.291E-04 3.403E-04 3.496E-04 3.535E-04 3.625E-04 3.688E-04 3.731E-04 3.758E-04 3.828E-04 3.835E-04 3.814E-04 3.687E-04 3.436E-04 3.159E-04 2.242E-04 1.516E-04 2.561E-04 2.861E-04 2.810E-04 2.457E-04 2.158E-04 1.686E-04 1.404E-04 1.036E-04 5.845E-05 1.008E-04 8.834E-05 6.437E-05 4.789E-05 4.321E-05 4.068E-05 4.218E-05 3.912E-05 3.454E-05 2.922E-05 2.453E-05 2.137E-05 1.354E-05 9.994E-06 7.906E-06 8.246E-06 9.248E-06 1.090E-05 1.146E-05 1.167E-05 1.231E-05 1.294E-05 1.262E-05 1.215E-05 1.047E-05 8.964E-06 7.906E-06 6.109E-06 4.566E-06 3.650E-06 2.194E-06 1.568E-06
  4.200E+01  2.616E-04 2.637E-04 2.765E-04 2.830E-04 2.920E-04 2.982E-04 3.074E-04 3.137E-04 3.192E-04 3.244E-04 3.285E-04 3.297E-04 3.337E-04 3.354E-04 3.318E-04 3.195E-04 2.977E-04 2.735E-04 1.934E-04 1.336E-04 2.282E-04 2.544E-04 2.496E-04 2.178E-04 1.914E-04 1.499E-04 1.251E-04 9.238E-05 5.244E-05 9.117E-05 7.972E-05 5.820E-05 4.342E-05 3.924E-05 3.701E-05 3.845E-05 3.571E-05 3.154E-05 2.671E-05 2.243E-05 1.955E-05 1.241E-05 9.186E-06 7.294E-06 7.665E-06 8.623E-06 1.022E-05 1.077E-05 1.097E-05 1.162E-05 1.224E-05 1.196E-05 1.153E-05 9.952E-06 8.535E-06 7.538E-06 5.839E-06 4.374E-06 3.502E-06 2.112E-06 1.514E-06
  4.400E+01  2.308E-04 2.361E-04 2.454E-04 2.515E-04 2.613E-04 2.657E-04 2.716E-04 2.769E-04 2.808E-04 2.850E-04 2.890E-04 2.902E-04 2.933E-04 2.938E-04 2.893E-04 2.779E-04 2.586E-04 2.375E-04 1.674E-04 1.180E-04 2.035E-04 2.266E-04 2.219E-04 1.933E-04 1.699E-04 1.334E-04 1.116E-04 8.249E-05 4.708E-05 8.252E-05 7.196E-05 5.263E-05 3.938E-05 3.564E-05 3.368E-05 3.505E-05 3.260E-05 2.880E-05 2.441E-05 2.052E-05 1.789E-05 1.138E-05 8.443E-06 6.728E-06 7.124E-06 8.038E-06 9.567E-06 1.011E-05 1.031E-05 1.097E-05 1.158E-05 1.133E-05 1.093E-05 9.453E-06 8.119E-06 7.180E-06 5.575E-06 4.187E-06 3.356E-06 2.030E-06 1.460E-06
  4.600E+01  2.070E-04 2.140E-04 2.196E-04 2.241E-04 2.293E-04 2.396E-04 2.417E-04 2.443E-04 2.473E-04 2.510E-04 2.541E-04 2.564E-04 2.591E-04 2.575E-04 2.527E-04 2.428E-04 2.253E-04 2.069E-04 1.453E-04 1.045E-04 1.818E-04 2.020E-04 1.976E-04 1.719E-04 1.510E-04 1.188E-04 9.973E-05 7.374E-05 4.231E-05 7.473E-05 6.500E-05 4.762E-05 3.573E-05 3.239E-05 3.065E-05 3.196E-05 2.977E-05 2.631E-05 2.231E-05 1.877E-05 1.637E-05 1.044E-05 7.762E-06 6.206E-06 6.619E-06 7.490E-06 8.956E-06 9.492E-06 9.683E-06 1.034E-05 1.094E-05 1.072E-05 1.035E-05 8.972E-06 7.718E-06 6.833E-06 5.319E-06 4.003E-06 3.213E-06 1.950E-06 1.407E-06
  4.800E+01  1.834E-04 1.909E-04 1.933E-04 2.020E-04 2.051E-04 2.124E-04 2.162E-04 2.161E-04 2.206E-04 2.235E-04 2.244E-04 2.262E-04 2.283E-04 2.264E-04 2.215E-04 2.126E-04 1.968E-04 1.808E-04 1.265E-04 9.268E-05 1.627E-04 1.804E-04 1.762E-04 1.530E-04 1.345E-04 1.060E-04 8.920E-05 6.599E-05 3.806E-05 6.771E-05 5.876E-05 4.312E-05 3.244E-05 2.944E-05 2.791E-05 2.916E-05 2.719E-05 2.404E-05 2.040E-05 1.717E-05 1.499E-05 9.576E-06 7.137E-06 5.725E-06 6.151E-06 6.980E-06 8.383E-06 8.907E-06 9.093E-06 9.752E-06 1.034E-05 1.014E-05 9.803E-06 8.510E-06 7.331E-06 6.499E-06 5.071E-06 3.825E-06 3.075E-06 1.871E-06 1.355E-06
  5.000E+01  1.639E-04 1.681E-04 1.743E-04 1.780E-04 1.856E-04 1.874E-04 1.915E-04 1.932E-04 1.961E-04 1.984E-04 1.999E-04 1.999E-04 2.012E-04 2.000E-04 1.950E-04 1.866E-04 1.726E-04 1.584E-04 1.105E-04 8.239E-05 1.458E-04 1.613E-04 1.574E-04 1.364E-04 1.199E-04 9.469E-05 7.988E-05 5.913E-05 3.426E-05 6.140E-05 5.315E-05 3.907E-05 2.946E-05 2.678E-05 2.543E-05 2.661E-05 2.485E-05 2.197E-05 1.866E-05 1.572E-05 1.373E-05 8.787E-06 6.564E-06 5.283E-06 5.716E-06 6.504E-06 7.845E-06 8.357E-06 8.537E-06 9.190E-06 9.760E-06 9.593E-06 9.278E-06 8.068E-06 6.960E-06 6.178E-06 4.831E-06 3.653E-06 2.940E-06 1.795E-06 1.304E-06
  5.200E+01  1.479E-04 1.499E-04 1.569E-04 1.600E-04 1.645E-04 1.673E-04 1.700E-04 1.728E-04 1.733E-04 1.754E-04 1.779E-04 1.779E-04 1.783E-04 1.775E-04 1.723E-04 1.642E-04 1.519E-04 1.392E-04 9.682E-05 7.341E-05 1.309E-04 1.445E-04 1.408E-04 1.219E-04 1.071E-04 8.473E-05 7.163E-05 5.306E-05 3.089E-05 5.571E-05 4.812E-05 3.543E-05 2.678E-05 2.438E-05 2.318E-05 2.429E-05 2.272E-05 2.009E-05 1.707E-05 1.440E-05 1.258E-05 8.068E-06 6.040E-06 4.878E-06 5.313E-06 6.062E-06 7.343E-06 7.842E-06 8.015E-06 8.660E-06 9.214E-06 9.069E-06 8.777E-06 7.646E-06 6.604E-06 5.870E-06 4.600E-06 3.486E-06 2.809E-06 1.721E-06 1.254E-06
  5.400E+01  1.332E-04 1.354E-04 1.414E-04 1.399E-04 1.450E-04 1.502E-04 1.506E-04 1.540E-04 1.545E-04 1.563E-04 1.574E-04 1.590E-04 1.588E-04 1.578E-04 1.525E-04 1.452E-04 1.341E-04 1.227E-04 8.510E-05 6.555E-05 1.177E-04 1.297E-04 1.262E-04 1.090E-04 9.585E-05 7.594E-05 6.433E-05 4.768E-05 2.788E-05 5.060E-05 4.361E-05 3.216E-05 2.437E-05 2.221E-05 2.115E-05 2.220E-05 2.078E-05 1.839E-05 1.563E-05 1.320E-05 1.153E-05 7.412E-06 5.561E-06 4.505E-06 4.941E-06 5.652E-06 6.874E-06 7.358E-06 7.525E-06 8.160E-06 8.697E-06 8.572E-06 8.302E-06 7.244E-06 6.265E-06 5.575E-06 4.379E-06 3.325E-06 2.683E-06 1.649E-06 1.205E-06
  5.600E+01  1.171E-04 1.219E-04 1.242E-04 1.279E-04 1.309E-04 1.350E-04 1.368E-04 1.364E-04 1.385E-04 1.400E-04 1.403E-04 1.414E-04 1.417E-04 1.399E-04 1.351E-04 1.288E-04 1.186E-04 1.086E-04 7.504E-05 5.867E-05 1.060E-04 1.166E-04 1.133E-04 9.777E-05 8.593E-05 6.817E-05 5.786E-05 4.290E-05 2.519E-05 4.600E-05 3.957E-05 2.922E-05 2.219E-05 2.025E-05 1.931E-05 2.030E-05 1.902E-05 1.684E-05 1.433E-05 1.210E-05 1.058E-05 6.814E-06 5.124E-06 4.164E-06 4.597E-06 5.272E-06 6.437E-06 6.907E-06 7.068E-06 7.690E-06 8.209E-06 8.102E-06 7.852E-06 6.862E-06 5.943E-06 5.294E-06 4.167E-06 3.171E-06 2.562E-06 1.579E-06 1.159E-06
  5.800E+01  1.036E-04 1.081E-04 1.105E-04 1.161E-04 1.192E-04 1.209E-04 1.232E-04 1.222E-04 1.246E-04 1.259E-04 1.261E-04 1.259E-04 1.266E-04 1.245E-04 1.203E-04 1.146E-04 1.052E-04 9.639E-05 6.637E-05 5.263E-05 9.568E-05 1.050E-04 1.019E-04 8.782E-05 7.718E-05 6.131E-05 5.213E-05 3.867E-05 2.279E-05 4.187E-05 3.594E-05 2.657E-05 2.023E-05 1.848E-05 1.765E-05 1.857E-05 1.743E-05 1.543E-05 1.314E-05 1.111E-05 9.718E-06 6.269E-06 4.725E-06 3.852E-06 4.280E-06 4.921E-06 6.032E-06 6.486E-06 6.640E-06 7.249E-06 7.751E-06 7.659E-06 7.427E-06 6.501E-06 5.636E-06 5.027E-06 3.965E-06 3.024E-06 2.446E-06 1.513E-06 1.113E-06
  6.000E+01  9.402E-05 9.652E-05 1.006E-04 1.023E-04 1.062E-04 1.079E-04 1.094E-04 1.110E-04 1.118E-04 1.129E-04 1.133E-04 1.127E-04 1.131E-04 1.119E-04 1.077E-04 1.021E-04 9.383E-05 8.578E-05 5.889E-05 4.732E-05 8.651E-05 9.475E-05 9.191E-05 7.905E-05 6.946E-05 5.523E-05 4.704E-05 3.491E-05 2.066E-05 3.815E-05 3.268E-05 2.420E-05 1.846E-05 1.688E-05 1.615E-05 1.701E-05 1.598E-05 1.416E-05 1.206E-05 1.020E-05 8.932E-06 5.774E-06 4.361E-06 3.566E-06 3.989E-06 4.597E-06 5.655E-06 6.094E-06 6.242E-06 6.835E-06 7.320E-06 7.242E-06 7.027E-06 6.159E-06 5.346E-06 4.773E-06 3.773E-06 2.883E-06 2.335E-06 1.449E-06 1.070E-06
  6.200E+01  8.568E-05 8.647E-05 9.193E-05 9.083E-05 9.402E-05 9.696E-05 9.757E-05 9.946E-05 9.991E-05 1.009E-04 1.013E-04 1.022E-04 1.016E-04 1.009E-04 9.656E-05 9.134E-05 8.392E-05 7.658E-05 5.242E-05 4.266E-05 7.836E-05 8.568E-05 8.302E-05 7.131E-05 6.265E-05 4.986E-05 4.253E-05 3.158E-05 1.875E-05 3.480E-05 2.976E-05 2.207E-05 1.687E-05 1.544E-05 1.479E-05 1.560E-05 1.467E-05 1.300E-05 1.108E-05 9.382E-06 8.218E-06 5.323E-06 4.029E-06 3.305E-06 3.721E-06 4.298E-06 5.306E-06 5.730E-06 5.872E-06 6.449E-06 6.916E-06 6.850E-06 6.650E-06 5.837E-06 5.073E-06 4.534E-06 3.590E-06 2.749E-06 2.230E-06 1.388E-06 1.029E-06
  6.400E+01  7.548E-05 7.801E-05 8.109E-05 8.219E-05 8.500E-05 8.810E-05 8.843E-05 8.914E-05 8.966E-05 9.063E-05 9.131E-05 9.235E-05 9.180E-05 9.052E-05 8.667E-05 8.206E-05 7.520E-05 6.862E-05 4.682E-05 3.854E-05 7.113E-05 7.764E-05 7.516E-05 6.447E-05 5.662E-05 4.509E-05 3.852E-05 2.861E-05 1.705E-05 3.179E-05 2.714E-05 2.015E-05 1.544E-05 1.415E-05 1.356E-05 1.432E-05 1.348E-05 1.195E-05 1.020E-05 8.638E-06 7.570E-06 4.914E-06 3.728E-06 3.067E-06 3.475E-06 4.023E-06 4.984E-06 5.392E-06 5.529E-06 6.090E-06 6.539E-06 6.483E-06 6.298E-06 5.534E-06 4.815E-06 4.308E-06 3.418E-06 2.623E-06 2.129E-06 1.329E-06 9.890E-07
  6.600E+01  6.659E-05 7.053E-05 7.222E-05 7.598E-05 7.716E-05 7.947E-05 8.096E-05 8.055E-05 8.165E-05 8.245E-05 8.261E-05 8.279E-05 8.288E-05 8.145E-05 7.816E-05 7.398E-05 6.762E-05 6.170E-05 4.195E-05 3.491E-05 6.469E-05 7.050E-05 6.819E-05 5.841E-05 5.129E-05 4.087E-05 3.496E-05 2.597E-05 1.553E-05 2.908E-05 2.479E-05 1.843E-05 1.414E-05 1.297E-05 1.245E-05 1.317E-05 1.241E-05 1.100E-05 9.392E-06 7.963E-06 6.983E-06 4.542E-06 3.453E-06 2.850E-06 3.249E-06 3.771E-06 4.687E-06 5.080E-06 5.211E-06 5.755E-06 6.187E-06 6.140E-06 5.967E-06 5.250E-06 4.573E-06 4.095E-06 3.255E-06 2.503E-06 2.034E-06 1.274E-06 9.515E-07
  6.800E+01  6.104E-05 6.229E-05 6.601E-05 6.713E-05 6.990E-05 7.149E-05 7.241E-05 7.334E-05 7.452E-05 7.523E-05 7.498E-05 7.468E-05 7.492E-05 7.406E-05 7.077E-05 6.683E-05 6.108E-05 5.564E-05 3.771E-05 3.171E-05 5.896E-05 6.416E-05 6.201E-05 5.305E-05 4.656E-05 3.712E-05 3.179E-05 2.362E-05 1.417E-05 2.664E-05 2.267E-05 1.688E-05 1.298E-05 1.192E-05 1.145E-05 1.212E-05 1.143E-05 1.014E-05 8.664E-06 7.352E-06 6.450E-06 4.204E-06 3.204E-06 2.653E-06 3.043E-06 3.540E-06 4.414E-06 4.792E-06 4.918E-06 5.445E-06 5.859E-06 5.820E-06 5.659E-06 4.985E-06 4.346E-06 3.896E-06 3.102E-06 2.390E-06 1.945E-06 1.222E-06 9.160E-07
  7.000E+01  5.627E-05 5.661E-05 6.104E-05 6.032E-05 6.292E-05 6.496E-05 6.549E-05 6.643E-05 6.725E-05 6.796E-05 6.812E-05 6.839E-05 6.805E-05 6.739E-05 6.421E-05 6.059E-05 5.532E-05 5.034E-05 3.401E-05 2.887E-05 5.385E-05 5.852E-05 5.653E-05 4.829E-05 4.237E-05 3.379E-05 2.897E-05 2.153E-05 1.295E-05 2.445E-05 2.078E-05 1.549E-05 1.193E-05 1.097E-05 1.055E-05 1.118E-05 1.055E-05 9.365E-06 8.005E-06 6.799E-06 5.968E-06 3.899E-06 2.978E-06 2.473E-06 2.855E-06 3.328E-06 4.162E-06 4.527E-06 4.647E-06 5.157E-06 5.556E-06 5.523E-06 5.373E-06 4.737E-06 4.134E-06 3.709E-06 2.959E-06 2.284E-06 1.861E-06 1.173E-06 8.826E-07
  7.200E+01  4.843E-05 5.211E-05 5.318E-05 5.520E-05 5.656E-05 5.950E-05 6.005E-05 6.045E-05 6.076E-05 6.149E-05 6.187E-05 6.239E-05 6.230E-05 6.108E-05 5.844E-05 5.518E-05 5.024E-05 4.571E-05 3.079E-05 2.636E-05 4.929E-05 5.350E-05 5.165E-05 4.407E-05 3.865E-05 3.083E-05 2.646E-05 1.967E-05 1.187E-05 2.248E-05 1.908E-05 1.424E-05 1.099E-05 1.011E-05 9.738E-06 1.032E-05 9.756E-06 8.662E-06 7.409E-06 6.298E-06 5.532E-06 3.622E-06 2.773E-06 2.310E-06 2.683E-06 3.134E-06 3.932E-06 4.283E-06 4.398E-06 4.892E-06 5.274E-06 5.247E-06 5.107E-06 4.507E-06 3.937E-06 3.535E-06 2.825E-06 2.185E-06 1.782E-06 1.127E-06 8.514E-07
  7.400E+01  4.396E-05 4.658E-05 4.846E-05 5.134E-05 5.188E-05 5.425E-05 5.532E-05 5.486E-05 5.621E-05 5.684E-05 5.655E-05 5.666E-05 5.696E-05 5.577E-05 5.334E-05 5.039E-05 4.580E-05 4.165E-05 2.796E-05 2.413E-05 4.522E-05 4.903E-05 4.731E-05 4.032E-05 3.535E-05 2.820E-05 2.422E-05 1.801E-05 1.090E-05 2.071E-05 1.755E-05 1.311E-05 1.014E-05 9.340E-06 9.004E-06 9.554E-06 9.036E-06 8.026E-06 6.871E-06 5.845E-06 5.138E-06 3.372E-06 2.587E-06 2.162E-06 2.527E-06 2.958E-06 3.721E-06 4.059E-06 4.170E-06 4.648E-06 5.015E-06 4.993E-06 4.861E-06 4.294E-06 3.754E-06 3.374E-06 2.701E-06 2.092E-06 1.709E-06 1.085E-06 8.222E-07
  7.600E+01  3.970E-05 4.168E-05 4.437E-05 4.527E-05 4.788E-05 4.912E-05 4.988E-05 5.040E-05 5.170E-05 5.223E-05 5.214E-05 5.206E-05 5.205E-05 5.140E-05 4.896E-05 4.610E-05 4.194E-05 3.806E-05 2.547E-05 2.215E-05 4.157E-05 4.505E-05 4.344E-05 3.699E-05 3.241E-05 2.586E-05 2.223E-05 1.653E-05 1.003E-05 1.911E-05 1.618E-05 1.211E-05 9.381E-06 8.646E-06 8.343E-06 8.859E-06 8.386E-06 7.452E-06 6.385E-06 5.437E-06 4.782E-06 3.146E-06 2.420E-06 2.029E-06 2.385E-06 2.798E-06 3.529E-06 3.855E-06 3.962E-06 4.424E-06 4.776E-06 4.758E-06 4.634E-06 4.096E-06 3.585E-06 3.224E-06 2.585E-06 2.006E-06 1.641E-06 1.045E-06 7.953E-07
  7.800E+01  3.718E-05 3.897E-05 4.157E-05 4.109E-05 4.282E-05 4.512E-05 4.538E-05 4.679E-05 4.657E-05 4.722E-05 4.781E-05 4.835E-05 4.788E-05 4.749E-05 4.514E-05 4.236E-05 3.855E-05 3.490E-05 2.330E-05 2.039E-05 3.831E-05 4.149E-05 4.000E-05 3.402E-05 2.980E-05 2.377E-05 2.045E-05 1.522E-05 9.261E-06 1.768E-05 1.495E-05 1.120E-05 8.695E-06 8.022E-06 7.748E-06 8.233E-06 7.800E-06 6.935E-06 5.946E-06 5.068E-06 4.460E-06 2.942E-06 2.268E-06 1.908E-06 2.257E-06 2.652E-06 3.354E-06 3.669E-06 3.771E-06 4.219E-06 4.557E-06 4.542E-06 4.425E-06 3.914E-06 3.429E-06 3.086E-06 2.479E-06 1.927E-06 1.577E-06 1.008E-06 7.704E-07
  8.000E+01  3.349E-05 3.494E-05 3.742E-05 3.846E-05 3.894E-05 4.160E-05 4.251E-05 4.293E-05 4.315E-05 4.375E-05 4.404E-05 4.451E-05 4.436E-05 4.371E-05 4.163E-05 3.914E-05 3.550E-05 3.215E-05 2.138E-05 1.882E-05 3.539E-05 3.831E-05 3.693E-05 3.138E-05 2.747E-05 2.191E-05 1.887E-05 1.404E-05 8.569E-06 1.639E-05 1.385E-05 1.039E-05 8.080E-06 7.461E-06 7.213E-06 7.669E-06 7.271E-06 6.469E-06 5.551E-06 4.736E-06 4.171E-06 2.758E-06 2.132E-06 1.799E-06 2.141E-06 2.520E-06 3.195E-06 3.499E-06 3.598E-06 4.031E-06 4.356E-06 4.344E-06 4.233E-06 3.747E-06 3.285E-06 2.960E-06 2.380E-06 1.854E-06 1.519E-06 9.746E-07 7.477E-07
  8.200E+01  2.988E-05 3.217E-05 3.361E-05 3.574E-05 3.716E-05 3.867E-05 3.964E-05 3.939E-05 4.068E-05 4.118E-05 4.092E-05 4.078E-05 4.116E-05 4.023E-05 3.850E-05 3.629E-05 3.279E-05 2.972E-05 1.970E-05 1.742E-05 3.278E-05 3.547E-05 3.419E-05 2.903E-05 2.540E-05 2.025E-05 1.745E-05 1.299E-05 7.951E-06 1.522E-05 1.286E-05 9.659E-06 7.528E-06 6.957E-06 6.732E-06 7.162E-06 6.796E-06 6.049E-06 5.196E-06 4.437E-06 3.911E-06 2.593E-06 2.009E-06 1.701E-06 2.036E-06 2.402E-06 3.052E-06 3.346E-06 3.441E-06 3.861E-06 4.174E-06 4.164E-06 4.059E-06 3.595E-06 3.154E-06 2.843E-06 2.291E-06 1.787E-06 1.466E-06 9.438E-07 7.271E-07
  8.400E+01  2.668E-05 2.976E-05 3.067E-05 3.292E-05 3.454E-05 3.558E-05 3.648E-05 3.683E-05 3.775E-05 3.827E-05 3.820E-05 3.792E-05 3.825E-05 3.742E-05 3.586E-05 3.370E-05 3.045E-05 2.755E-05 1.821E-05 1.618E-05 3.043E-05 3.293E-05 3.174E-05 2.693E-05 2.356E-05 1.877E-05 1.619E-05 1.206E-05 7.399E-06 1.418E-05 1.197E-05 9.006E-06 7.032E-06 6.505E-06 6.300E-06 6.705E-06 6.368E-06 5.672E-06 4.877E-06 4.169E-06 3.677E-06 2.445E-06 1.899E-06 1.613E-06 1.942E-06 2.295E-06 2.923E-06 3.207E-06 3.299E-06 3.707E-06 4.008E-06 4.000E-06 3.900E-06 3.456E-06 3.034E-06 2.738E-06 2.209E-06 1.726E-06 1.418E-06 9.160E-07 7.086E-07
  8.600E+01  2.605E-05 2.744E-05 2.969E-05 3.005E-05 3.117E-05 3.320E-05 3.372E-05 3.435E-05 3.475E-05 3.529E-05 3.547E-05 3.573E-05 3.575E-05 3.523E-05 3.350E-05 3.143E-05 2.842E-05 2.564E-05 1.690E-05 1.507E-05 2.832E-05 3.066E-05 2.956E-05 2.506E-05 2.191E-05 1.745E-05 1.506E-05 1.122E-05 6.906E-06 1.324E-05 1.117E-05 8.421E-06 6.589E-06 6.100E-06 5.912E-06 6.296E-06 5.984E-06 5.333E-06 4.590E-06 3.928E-06 3.467E-06 2.312E-06 1.801E-06 1.534E-06 1.858E-06 2.199E-06 2.806E-06 3.083E-06 3.172E-06 3.568E-06 3.858E-06 3.851E-06 3.756E-06 3.330E-06 2.926E-06 2.642E-06 2.134E-06 1.671E-06 1.374E-06 8.910E-07 6.921E-07
  8.800E+01  2.380E-05 2.552E-05 2.715E-05 2.814E-05 2.907E-05 3.102E-05 3.188E-05 3.208E-05 3.249E-05 3.302E-05 3.322E-05 3.354E-05 3.351E-05 3.297E-05 3.139E-05 2.946E-05 2.658E-05 2.397E-05 1.575E-05 1.407E-05 2.643E-05 2.863E-05 2.760E-05 2.340E-05 2.045E-05 1.628E-05 1.405E-05 1.048E-05 6.466E-06 1.240E-05 1.046E-05 7.898E-06 6.192E-06 5.738E-06 5.566E-06 5.929E-06 5.640E-06 5.030E-06 4.333E-06 3.712E-06 3.280E-06 2.194E-06 1.713E-06 1.463E-06 1.783E-06 2.113E-06 2.703E-06 2.971E-06 3.058E-06 3.443E-06 3.723E-06 3.718E-06 3.626E-06 3.216E-06 2.828E-06 2.555E-06 2.068E-06 1.621E-06 1.335E-06 8.687E-07 6.776E-07
  9.000E+01  2.124E-05 2.342E-05 2.467E-05 2.725E-05 2.814E-05 2.906E-05 2.999E-05 3.032E-05 3.109E-05 3.152E-05 3.126E-05 3.127E-05 3.158E-05 3.087E-05 2.957E-05 2.770E-05 2.495E-05 2.248E-05 1.473E-05 1.319E-05 2.472E-05 2.681E-05 2.586E-05 2.191E-05 1.914E-05 1.523E-05 1.316E-05 9.818E-06 6.074E-06 1.165E-05 9.824E-06 7.430E-06 5.837E-06 5.414E-06 5.256E-06 5.601E-06 5.332E-06 4.759E-06 4.104E-06 3.520E-06 3.113E-06 2.088E-06 1.634E-06 1.401E-06 1.716E-06 2.037E-06 2.610E-06 2.872E-06 2.956E-06 3.332E-06 3.603E-06 3.598E-06 3.510E-06 3.115E-06 2.741E-06 2.478E-06 2.008E-06 1.577E-06 1.300E-06 8.491E-07 6.651E-07
  9.200E+01  2.044E-05 2.246E-05 2.349E-05 2.504E-05 2.607E-05 2.760E-05 2.812E-05 2.862E-05 2.904E-05 2.951E-05 2.961E-05 2.964E-05 2.990E-05 2.935E-05 2.797E-05 2.613E-05 2.355E-05 2.116E-05 1.383E-05 1.239E-05 2.319E-05 2.518E-05 2.430E-05 2.059E-05 1.797E-05 1.429E-05 1.236E-05 9.229E-06 5.725E-06 1.097E-05 9.255E-06 7.013E-06 5.521E-06 5.125E-06 4.979E-06 5.308E-06 5.057E-06 4.517E-06 3.899E-06 3.348E-06 2.964E-06 1.994E-06 1.565E-06 1.345E-06 1.656E-06 1.970E-06 2.528E-06 2.784E-06 2.866E-06 3.233E-06 3.496E-06 3.491E-06 3.406E-06 3.024E-06 2.663E-06 2.409E-06 1.955E-06 1.538E-06 1.269E-06 8.321E-07 6.544E-07
  9.400E+01  1.967E-05 2.106E-05 2.292E-05 2.337E-05 2.418E-05 2.602E-05 2.651E-05 2.709E-05 2.734E-05 2.782E-05 2.814E-05 2.832E-05 2.833E-05 2.801E-05 2.655E-05 2.476E-05 2.231E-05 2.001E-05 1.304E-05 1.168E-05 2.182E-05 2.372E-05 2.291E-05 1.941E-05 1.694E-05 1.346E-05 1.165E-05 8.706E-06 5.415E-06 1.036E-05 8.746E-06 6.641E-06 5.240E-06 4.868E-06 4.733E-06 5.047E-06 4.812E-06 4.301E-06 3.718E-06 3.196E-06 2.831E-06 1.911E-06 1.503E-06 1.296E-06 1.604E-06 1.910E-06 2.456E-06 2.707E-06 2.787E-06 3.146E-06 3.401E-06 3.397E-06 3.315E-06 2.944E-06 2.595E-06 2.349E-06 1.908E-06 1.504E-06 1.242E-06 8.175E-07 6.456E-07
  9.600E+01  1.807E-05 1.978E-05 2.097E-05 2.261E-05 2.404E-05 2.449E-05 2.534E-05 2.601E-05 2.652E-05 2.694E-05 2.700E-05 2.672E-05 2.689E-05 2.648E-05 2.531E-05 2.357E-05 2.119E-05 1.899E-05 1.235E-05 1.104E-05 2.058E-05 2.242E-05 2.168E-05 1.836E-05 1.602E-05 1.272E-05 1.102E-05 8.242E-06 5.138E-06 9.818E-06 8.293E-06 6.311E-06 4.990E-06 4.641E-06 4.515E-06 4.815E-06 4.594E-06 4.110E-06 3.557E-06 3.061E-06 2.714E-06 1.837E-06 1.449E-06 1.253E-06 1.558E-06 1.858E-06 2.393E-06 2.639E-06 2.717E-06 3.070E-06 3.318E-06 3.315E-06 3.235E-06 2.874E-06 2.535E-06 2.296E-06 1.868E-06 1.474E-06 1.220E-06 8.054E-07 6.386E-07
  9.800E+01  1.729E-05 1.875E-05 1.974E-05 2.180E-05 2.347E-05 2.358E-05 2.444E-05 2.492E-05 2.577E-05 2.613E-05 2.586E-05 2.532E-05 2.575E-05 2.527E-05 2.421E-05 2.255E-05 2.022E-05 1.811E-05 1.174E-05 1.047E-05 1.947E-05 2.126E-05 2.058E-05 1.743E-05 1.520E-05 1.207E-05 1.046E-05 7.830E-06 4.894E-06 9.332E-06 7.891E-06 6.018E-06 4.769E-06 4.439E-06 4.322E-06 4.610E-06 4.401E-06 3.941E-06 3.414E-06 2.943E-06 2.611E-06 1.773E-06 1.402E-06 1.215E-06 1.519E-06 1.813E-06 2.339E-06 2.581E-06 2.658E-06 3.005E-06 3.247E-06 3.243E-06 3.166E-06 2.813E-06 2.483E-06 2.251E-06 1.833E-06 1.449E-06 1.200E-06 7.955E-07 6.332E-07
  1.000E+02  1.716E-05 1.820E-05 1.965E-05 2.103E-05 2.180E-05 2.275E-05 2.357E-05 2.379E-05 2.441E-05 2.479E-05 2.478E-05 2.468E-05 2.488E-05 2.449E-05 2.325E-05 2.164E-05 1.940E-05 1.733E-05 1.120E-05 9.957E-06 1.847E-05 2.023E-05 1.960E-05 1.661E-05 1.448E-05 1.149E-05 9.960E-06 7.467E-06 4.677E-06 8.900E-06 7.533E-06 5.758E-06 4.574E-06 4.261E-06 4.152E-06 4.428E-06 4.232E-06 3.792E-06 3.289E-06 2.838E-06 2.521E-06 1.717E-06 1.360E-06 1.183E-06 1.484E-06 1.775E-06 2.292E-06 2.531E-06 2.606E-06 2.949E-06 3.185E-06 3.182E-06 3.106E-06 2.761E-06 2.439E-06 2.212E-06 1.804E-06 1.429E-06 1.185E-06 7.878E-07 6.295E-07
  1.020E+02  1.715E-05 1.793E-05 1.962E-05 1.977E-05 2.064E-05 2.195E-05 2.243E-05 2.310E-05 2.303E-05 2.345E-05 2.392E-05 2.415E-05 2.405E-05 2.380E-05 2.247E-05 2.083E-05 1.870E-05 1.665E-05 1.074E-05 9.498E-06 1.757E-05 1.931E-05 1.873E-05 1.588E-05 1.384E-05 1.097E-05 9.521E-06 7.147E-06 4.485E-06 8.515E-06 7.217E-06 5.530E-06 4.402E-06 4.105E-06 4.002E-06 4.269E-06 4.083E-06 3.662E-06 3.180E-06 2.747E-06 2.442E-06 1.668E-06 1.325E-06 1.155E-06 1.455E-06 1.742E-06 2.253E-06 2.489E-06 2.563E-06 2.901E-06 3.134E-06 3.131E-06 3.056E-06 2.718E-06 2.402E-06 2.180E-06 1.781E-06 1.412E-06 1.172E-06 7.822E-07 6.273E-07
  1.040E+02  1.627E-05 1.697E-05 1.868E-05 1.870E-05 2.047E-05 2.118E-05 2.161E-05 2.262E-05 2.268E-05 2.304E-05 2.340E-05 2.327E-05 2.325E-05 2.308E-05 2.182E-05 2.015E-05 1.809E-05 1.606E-05 1.034E-05 9.086E-06 1.677E-05 1.849E-05 1.796E-05 1.524E-05 1.328E-05 1.052E-05 9.136E-06 6.866E-06 4.316E-06 8.173E-06 6.938E-06 5.330E-06 4.252E-06 3.968E-06 3.872E-06 4.130E-06 3.952E-06 3.548E-06 3.085E-06 2.668E-06 2.374E-06 1.626E-06 1.294E-06 1.130E-06 1.431E-06 1.714E-06 2.220E-06 2.454E-06 2.528E-06 2.862E-06 3.091E-06 3.088E-06 3.015E-06 2.682E-06 2.372E-06 2.154E-06 1.762E-06 1.399E-06 1.163E-06 7.786E-07 6.267E-07
  1.060E+02  1.625E-05 1.626E-05 1.829E-05 1.877E-05 2.016E-05 2.038E-05 2.117E-05 2.202E-05 2.242E-05 2.274E-05 2.282E-05 2.258E-05 2.258E-05 2.243E-05 2.124E-05 1.959E-05 1.756E-05 1.557E-05 9.991E-06 8.717E-06 1.605E-05 1.778E-05 1.729E-05 1.468E-05 1.279E-05 1.012E-05 8.797E-06 6.620E-06 4.168E-06 7.871E-06 6.693E-06 5.155E-06 4.122E-06 3.850E-06 3.759E-06 4.009E-06 3.839E-06 3.450E-06 3.003E-06 2.600E-06 2.316E-06 1.590E-06 1.268E-06 1.110E-06 1.410E-06 1.691E-06 2.193E-06 2.426E-06 2.499E-06 2.831E-06 3.056E-06 3.054E-06 2.982E-06 2.653E-06 2.349E-06 2.134E-06 1.748E-06 1.390E-06 1.156E-06 7.769E-07 6.274E-07
  1.080E+02  1.573E-05 1.617E-05 1.808E-05 1.856E-05 1.925E-05 2.014E-05 2.098E-05 2.148E-05 2.156E-05 2.192E-05 2.224E-05 2.235E-05 2.221E-05 2.198E-05 2.076E-05 1.914E-05 1.712E-05 1.516E-05 9.700E-06 8.386E-06 1.540E-05 1.714E-05 1.671E-05 1.419E-05 1.236E-05 9.774E-06 8.503E-06 6.407E-06 4.038E-06 7.604E-06 6.480E-06 5.003E-06 4.009E-06 3.748E-06 3.661E-06 3.905E-06 3.742E-06 3.365E-06 2.932E-06 2.542E-06 2.266E-06 1.560E-06 1.246E-06 1.093E-06 1.393E-06 1.673E-06 2.172E-06 2.404E-06 2.476E-06 2.807E-06 3.030E-06 3.027E-06 2.956E-06 2.632E-06 2.331E-06 2.120E-06 1.738E-06 1.384E-06 1.153E-06 7.769E-07 6.294E-07
  1.100E+02  1.585E-05 1.629E-05 1.818E-05 1.797E-05 1.869E-05 2.007E-05 2.065E-05 2.106E-05 2.110E-05 2.146E-05 2.182E-05 2.214E-05 2.190E-05 2.178E-05 2.040E-05 1.878E-05 1.679E-05 1.482E-05 9.456E-06 8.090E-06 1.482E-05 1.659E-05 1.621E-05 1.378E-05 1.200E-05 9.475E-06 8.248E-06 6.223E-06 3.925E-06 7.370E-06 6.294E-06 4.872E-06 3.913E-06 3.660E-06 3.578E-06 3.816E-06 3.659E-06 3.293E-06 2.873E-06 2.493E-06 2.224E-06 1.535E-06 1.228E-06 1.079E-06 1.380E-06 1.659E-06 2.156E-06 2.387E-06 2.459E-06 2.789E-06 3.010E-06 3.008E-06 2.938E-06 2.616E-06 2.319E-06 2.110E-06 1.732E-06 1.381E-06 1.152E-06 7.785E-07 6.327E-07
  1.120E+02  1.501E-05 1.594E-05 1.775E-05 1.743E-05 1.840E-05 1.973E-05 2.002E-05 2.099E-05 2.099E-05 2.133E-05 2.163E-05 2.172E-05 2.166E-05 2.158E-05 2.019E-05 1.849E-05 1.654E-05 1.455E-05 9.255E-06 7.824E-06 1.431E-05 1.612E-05 1.578E-05 1.342E-05 1.169E-05 9.217E-06 8.030E-06 6.066E-06 3.828E-06 7.165E-06 6.135E-06 4.760E-06 3.831E-06 3.587E-06 3.507E-06 3.741E-06 3.590E-06 3.233E-06 2.823E-06 2.453E-06 2.190E-06 1.514E-06 1.213E-06 1.068E-06 1.370E-06 1.648E-06 2.144E-06 2.375E-06 2.447E-06 2.778E-06 2.997E-06 2.995E-06 2.926E-06 2.606E-06 2.312E-06 2.105E-06 1.730E-06 1.382E-06 1.153E-06 7.817E-07 6.372E-07
  1.140E+02  1.388E-05 1.552E-05 1.693E-05 1.792E-05 1.854E-05 1.953E-05 2.009E-05 2.073E-05 2.089E-05 2.121E-05 2.152E-05 2.156E-05 2.157E-05 2.127E-05 2.000E-05 1.833E-05 1.632E-05 1.435E-05 9.098E-06 7.587E-06 1.386E-05 1.571E-05 1.541E-05 1.313E-05 1.143E-05 9.000E-06 7.846E-06 5.934E-06 3.744E-06 6.988E-06 5.998E-06 4.666E-06 3.763E-06 3.525E-06 3.449E-06 3.679E-06 3.532E-06 3.183E-06 2.783E-06 2.420E-06 2.162E-06 1.498E-06 1.202E-06 1.060E-06 1.363E-06 1.640E-06 2.137E-06 2.369E-06 2.441E-06 2.772E-06 2.990E-06 2.988E-06 2.919E-06 2.602E-06 2.310E-06 2.104E-06 1.731E-06 1.385E-06 1.157E-06 7.863E-07 6.427E-07
  1.160E+02  1.330E-05 1.547E-05 1.659E-05 1.802E-05 1.855E-05 1.985E-05 2.053E-05 2.019E-05 2.087E-05 2.120E-05 2.126E-05 2.169E-05 2.171E-05 2.117E-05 1.983E-05 1.828E-05 1.619E-05 1.423E-05 8.983E-06 7.375E-06 1.346E-05 1.537E-05 1.512E-05 1.289E-05 1.121E-05 8.818E-06 7.692E-06 5.824E-06 3.672E-06 6.835E-06 5.884E-06 4.588E-06 3.707E-06 3.475E-06 3.401E-06 3.628E-06 3.485E-06 3.143E-06 2.750E-06 2.394E-06 2.140E-06 1.485E-06 1.193E-06 1.054E-06 1.358E-06 1.636E-06 2.134E-06 2.366E-06 2.438E-06 2.770E-06 2.988E-06 2.987E-06 2.919E-06 2.603E-06 2.312E-06 2.107E-06 1.735E-06 1.390E-06 1.162E-06 7.922E-07 6.492E-07
  1.180E+02  1.222E-05 1.533E-05 1.583E-05 1.803E-05 1.850E-05 1.995E-05 2.053E-05 2.017E-05 2.117E-05 2.147E-05 2.123E-05 2.179E-05 2.186E-05 2.130E-05 1.986E-05 1.830E-05 1.616E-05 1.417E-05 8.902E-06 7.187E-06 1.311E-05 1.510E-05 1.489E-05 1.271E-05 1.105E-05 8.671E-06 7.567E-06 5.735E-06 3.612E-06 6.705E-06 5.789E-06 4.525E-06 3.662E-06 3.434E-06 3.363E-06 3.588E-06 3.448E-06 3.112E-06 2.725E-06 2.374E-06 2.123E-06 1.476E-06 1.187E-06 1.049E-06 1.355E-06 1.634E-06 2.133E-06 2.367E-06 2.440E-06 2.774E-06 2.992E-06 2.991E-06 2.923E-06 2.608E-06 2.318E-06 2.113E-06 1.743E-06 1.398E-06 1.170E-06 7.993E-07 6.566E-07
  1.200E+02  1.177E-05 1.477E-05 1.583E-05 1.799E-05 1.881E-05 1.996E-05 2.060E-05 2.067E-05 2.140E-05 2.171E-05 2.173E-05 2.197E-05 2.206E-05 2.152E-05 2.008E-05 1.838E-05 1.622E-05 1.416E-05 8.853E-06 7.019E-06 1.280E-05 1.488E-05 1.471E-05 1.257E-05 1.092E-05 8.555E-06 7.469E-06 5.665E-06 3.561E-06 6.596E-06 5.712E-06 4.475E-06 3.627E-06 3.404E-06 3.335E-06 3.557E-06 3.420E-06 3.088E-06 2.706E-06 2.359E-06 2.111E-06 1.470E-06 1.183E-06 1.047E-06 1.355E-06 1.635E-06 2.136E-06 2.372E-06 2.444E-06 2.781E-06 3.000E-06 2.999E-06 2.932E-06 2.617E-06 2.327E-06 2.123E-06 1.753E-06 1.408E-06 1.179E-06 8.074E-07 6.648E-07
  1.220E+02  1.151E-05 1.459E-05 1.593E-05 1.834E-05 1.924E-05 2.017E-05 2.114E-05 2.110E-05 2.170E-05 2.202E-05 2.214E-05 2.238E-05 2.243E-05 2.186E-05 2.036E-05 1.857E-05 1.634E-05 1.422E-05 8.839E-06 6.870E-06 1.254E-05 1.471E-05 1.459E-05 1.248E-05 1.084E-05 8.469E-06 7.396E-06 5.613E-06 3.520E-06 6.505E-06 5.652E-06 4.437E-06 3.601E-06 3.381E-06 3.314E-06 3.535E-06 3.400E-06 3.072E-06 2.694E-06 2.350E-06 2.104E-06 1.466E-06 1.181E-06 1.046E-06 1.356E-06 1.638E-06 2.142E-06 2.379E-06 2.453E-06 2.792E-06 3.012E-06 3.012E-06 2.944E-06 2.629E-06 2.340E-06 2.136E-06 1.765E-06 1.419E-06 1.190E-06 8.166E-07 6.737E-07
  1.240E+02  1.174E-05 1.489E-05 1.631E-05 1.846E-05 1.940E-05 2.082E-05 2.165E-05 2.179E-05 2.235E-05 2.266E-05 2.277E-05 2.293E-05 2.299E-05 2.242E-05 2.076E-05 1.888E-05 1.654E-05 1.435E-05 8.858E-06 6.738E-06 1.231E-05 1.460E-05 1.453E-05 1.244E-05 1.079E-05 8.410E-06 7.346E-06 5.577E-06 3.488E-06 6.431E-06 5.607E-06 4.410E-06 3.584E-06 3.367E-06 3.300E-06 3.520E-06 3.388E-06 3.062E-06 2.687E-06 2.345E-06 2.100E-06 1.465E-06 1.181E-06 1.047E-06 1.359E-06 1.642E-06 2.150E-06 2.389E-06 2.463E-06 2.806E-06 3.027E-06 3.028E-06 2.961E-06 2.645E-06 2.356E-06 2.151E-06 1.780E-06 1.432E-06 1.202E-06 8.266E-07 6.833E-07
  1.260E+02  1.168E-05 1.455E-05 1.666E-05 1.849E-05 2.015E-05 2.145E-05 2.206E-05 2.289E-05 2.324E-05 2.355E-05 2.384E-05 2.366E-05 2.373E-05 2.300E-05 2.131E-05 1.927E-05 1.680E-05 1.454E-05 8.907E-06 6.621E-06 1.212E-05 1.455E-05 1.452E-05 1.245E-05 1.078E-05 8.378E-06 7.318E-06 5.557E-06 3.463E-06 6.373E-06 5.577E-06 4.394E-06 3.574E-06 3.359E-06 3.294E-06 3.513E-06 3.382E-06 3.059E-06 2.685E-06 2.345E-06 2.100E-06 1.467E-06 1.182E-06 1.049E-06 1.364E-06 1.648E-06 2.160E-06 2.402E-06 2.477E-06 2.823E-06 3.046E-06 3.048E-06 2.980E-06 2.664E-06 2.374E-06 2.169E-06 1.796E-06 1.447E-06 1.215E-06 8.373E-07 6.934E-07
  1.280E+02  1.226E-05 1.487E-05 1.745E-05 1.995E-05 2.167E-05 2.214E-05 2.345E-05 2.390E-05 2.459E-05 2.484E-05 2.492E-05 2.458E-05 2.456E-05 2.378E-05 2.197E-05 1.977E-05 1.716E-05 1.479E-05 8.983E-06 6.519E-06 1.197E-05 1.454E-05 1.457E-05 1.250E-05 1.081E-05 8.371E-06 7.310E-06 5.551E-06 3.444E-06 6.330E-06 5.559E-06 4.387E-06 3.572E-06 3.357E-06 3.293E-06 3.513E-06 3.383E-06 3.060E-06 2.688E-06 2.348E-06 2.104E-06 1.470E-06 1.185E-06 1.052E-06 1.369E-06 1.656E-06 2.172E-06 2.417E-06 2.492E-06 2.843E-06 3.068E-06 3.070E-06 3.003E-06 2.686E-06 2.395E-06 2.189E-06 1.814E-06 1.463E-06 1.229E-06 8.487E-07 7.040E-07
  1.300E+02  1.305E-05 1.631E-05 1.902E-05 2.153E-05 2.263E-05 2.370E-05 2.517E-05 2.520E-05 2.602E-05 2.625E-05 2.606E-05 2.589E-05 2.568E-05 2.498E-05 2.279E-05 2.041E-05 1.763E-05 1.510E-05 9.082E-06 6.430E-06 1.184E-05 1.458E-05 1.467E-05 1.259E-05 1.087E-05 8.388E-06 7.322E-06 5.558E-06 3.432E-06 6.299E-06 5.553E-06 4.389E-06 3.576E-06 3.362E-06 3.298E-06 3.518E-06 3.389E-06 3.067E-06 2.694E-06 2.354E-06 2.110E-06 1.475E-06 1.189E-06 1.056E-06 1.376E-06 1.665E-06 2.186E-06 2.433E-06 2.509E-06 2.865E-06 3.092E-06 3.095E-06 3.028E-06 2.709E-06 2.417E-06 2.210E-06 1.834E-06 1.480E-06 1.245E-06 8.607E-07 7.150E-07
  1.320E+02  1.421E-05 1.809E-05 2.081E-05 2.344E-05 2.425E-05 2.593E-05 2.693E-05 2.695E-05 2.756E-05 2.773E-05 2.762E-05 2.772E-05 2.715E-05 2.640E-05 2.378E-05 2.115E-05 1.819E-05 1.548E-05 9.203E-06 6.352E-06 1.174E-05 1.467E-05 1.482E-05 1.272E-05 1.097E-05 8.428E-06 7.352E-06 5.577E-06 3.426E-06 6.281E-06 5.558E-06 4.398E-06 3.585E-06 3.371E-06 3.308E-06 3.529E-06 3.400E-06 3.077E-06 2.705E-06 2.363E-06 2.118E-06 1.481E-06 1.195E-06 1.061E-06 1.383E-06 1.675E-06 2.201E-06 2.451E-06 2.528E-06 2.888E-06 3.118E-06 3.122E-06 3.055E-06 2.735E-06 2.441E-06 2.233E-06 1.854E-06 1.498E-06 1.261E-06 8.730E-07 7.263E-07
  1.340E+02  1.673E-05 1.955E-05 2.389E-05 2.515E-05 2.674E-05 2.789E-05 2.876E-05 2.940E-05 2.944E-05 2.954E-05 2.967E-05 2.990E-05 2.884E-05 2.806E-05 2.498E-05 2.196E-05 1.883E-05 1.590E-05 9.346E-06 6.285E-06 1.167E-05 1.481E-05 1.502E-05 1.290E-05 1.110E-05 8.489E-06 7.400E-06 5.608E-06 3.424E-06 6.273E-06 5.573E-06 4.415E-06 3.600E-06 3.386E-06 3.322E-06 3.544E-06 3.416E-06 3.092E-06 2.718E-06 2.375E-06 2.129E-06 1.489E-06 1.201E-06 1.066E-06 1.392E-06 1.686E-06 2.217E-06 2.470E-06 2.548E-06 2.913E-06 3.146E-06 3.151E-06 3.083E-06 2.762E-06 2.466E-06 2.258E-06 1.876E-06 1.517E-06 1.277E-06 8.858E-07 7.378E-07
  1.360E+02  1.857E-05 2.252E-05 2.658E-05 2.833E-05 3.010E-05 3.083E-05 3.152E-05 3.231E-05 3.245E-05 3.237E-05 3.215E-05 3.199E-05 3.091E-05 2.978E-05 2.631E-05 2.294E-05 1.953E-05 1.640E-05 9.508E-06 6.228E-06 1.162E-05 1.499E-05 1.527E-05 1.312E-05 1.127E-05 8.571E-06 7.463E-06 5.650E-06 3.427E-06 6.275E-06 5.598E-06 4.438E-06 3.620E-06 3.404E-06 3.341E-06 3.564E-06 3.435E-06 3.110E-06 2.734E-06 2.390E-06 2.142E-06 1.497E-06 1.207E-06 1.072E-06 1.401E-06 1.697E-06 2.234E-06 2.490E-06 2.569E-06 2.940E-06 3.175E-06 3.181E-06 3.113E-06 2.790E-06 2.493E-06 2.283E-06 1.898E-06 1.537E-06 1.294E-06 8.987E-07 7.495E-07
  1.380E+02  2.098E-05 2.677E-05 2.969E-05 3.313E-05 3.452E-05 3.508E-05 3.551E-05 3.527E-05 3.599E-05 3.569E-05 3.502E-05 3.438E-05 3.332E-05 3.163E-05 2.774E-05 2.412E-05 2.030E-05 1.697E-05 9.684E-06 6.179E-06 1.159E-05 1.521E-05 1.557E-05 1.338E-05 1.146E-05 8.672E-06 7.543E-06 5.702E-06 3.435E-06 6.285E-06 5.630E-06 4.467E-06 3.643E-06 3.426E-06 3.363E-06 3.588E-06 3.458E-06 3.131E-06 2.753E-06 2.406E-06 2.156E-06 1.507E-06 1.215E-06 1.079E-06 1.410E-06 1.709E-06 2.251E-06 2.511E-06 2.591E-06 2.967E-06 3.205E-06 3.212E-06 3.144E-06 2.819E-06 2.520E-06 2.309E-06 1.921E-06 1.556E-06 1.311E-06 9.118E-07 7.612E-07
  1.400E+02  2.703E-05 3.248E-05 3.574E-05 3.787E-05 3.948E-05 3.949E-05 3.981E-05 3.906E-05 3.926E-05 3.877E-05 3.800E-05 3.749E-05 3.588E-05 3.394E-05 2.934E-05 2.536E-05 2.115E-05 1.758E-05 9.869E-06 6.139E-06 1.157E-05 1.548E-05 1.592E-05 1.368E-05 1.169E-05 8.792E-06 7.636E-06 5.762E-06 3.445E-06 6.303E-06 5.671E-06 4.502E-06 3.671E-06 3.452E-06 3.388E-06 3.615E-06 3.484E-06 3.154E-06 2.773E-06 2.424E-06 2.172E-06 1.517E-06 1.223E-06 1.086E-06 1.419E-06 1.722E-06 2.269E-06 2.533E-06 2.613E-06 2.995E-06 3.236E-06 3.244E-06 3.176E-06 2.849E-06 2.548E-06 2.335E-06 1.945E-06 1.576E-06 1.329E-06 9.250E-07 7.730E-07
  1.420E+02  3.316E-05 3.871E-05 4.221E-05 4.378E-05 4.451E-05 4.406E-05 4.440E-05 4.351E-05 4.316E-05 4.243E-05 4.134E-05 4.102E-05 3.864E-05 3.649E-05 3.112E-05 2.656E-05 2.209E-05 1.819E-05 1.006E-05 6.105E-06 1.157E-05 1.578E-05 1.632E-05 1.402E-05 1.194E-05 8.928E-06 7.743E-06 5.832E-06 3.459E-06 6.328E-06 5.718E-06 4.541E-06 3.701E-06 3.480E-06 3.415E-06 3.645E-06 3.513E-06 3.180E-06 2.796E-06 2.443E-06 2.189E-06 1.528E-06 1.231E-06 1.093E-06 1.429E-06 1.734E-06 2.287E-06 2.554E-06 2.636E-06 3.023E-06 3.268E-06 3.276E-06 3.208E-06 2.879E-06 2.576E-06 2.361E-06 1.968E-06 1.596E-06 1.346E-06 9.381E-07 7.846E-07
  1.440E+02  4.168E-05 4.782E-05 4.937E-05 5.076E-05 5.030E-05 5.039E-05 4.915E-05 4.769E-05 4.736E-05 4.631E-05 4.490E-05 4.440E-05 4.186E-05 3.900E-05 3.295E-05 2.786E-05 2.305E-05 1.884E-05 1.025E-05 6.078E-06 1.157E-05 1.612E-05 1.676E-05 1.439E-05 1.222E-05 9.079E-06 7.861E-06 5.908E-06 3.476E-06 6.359E-06 5.771E-06 4.584E-06 3.735E-06 3.511E-06 3.446E-06 3.677E-06 3.544E-06 3.208E-06 2.820E-06 2.463E-06 2.207E-06 1.540E-06 1.240E-06 1.100E-06 1.439E-06 1.747E-06 2.306E-06 2.576E-06 2.659E-06 3.051E-06 3.299E-06 3.309E-06 3.241E-06 2.910E-06 2.604E-06 2.388E-06 1.991E-06 1.616E-06 1.364E-06 9.511E-07 7.962E-07
  1.460E+02  5.355E-05 5.755E-05 5.715E-05 5.692E-05 5.621E-05 5.627E-05 5.386E-05 5.230E-05 5.064E-05 4.951E-05 4.857E-05 4.757E-05 4.488E-05 4.159E-05 3.481E-05 2.932E-05 2.401E-05 1.953E-05 1.046E-05 6.056E-06 1.157E-05 1.649E-05 1.724E-05 1.480E-05 1.252E-05 9.243E-06 7.990E-06 5.992E-06 3.495E-06 6.395E-06 5.829E-06 4.631E-06 3.771E-06 3.544E-06 3.478E-06 3.711E-06 3.577E-06 3.237E-06 2.845E-06 2.485E-06 2.226E-06 1.551E-06 1.248E-06 1.108E-06 1.449E-06 1.759E-06 2.324E-06 2.598E-06 2.682E-06 3.079E-06 3.331E-06 3.341E-06 3.273E-06 2.940E-06 2.632E-06 2.414E-06 2.015E-06 1.636E-06 1.381E-06 9.639E-07 8.075E-07
  1.480E+02  6.392E-05 6.469E-05 6.342E-05 6.312E-05 6.025E-05 6.054E-05 5.943E-05 5.569E-05 5.468E-05 5.337E-05 5.135E-05 5.014E-05 4.753E-05 4.386E-05 3.652E-05 3.076E-05 2.490E-05 2.022E-05 1.067E-05 6.039E-06 1.157E-05 1.688E-05 1.775E-05 1.522E-05 1.284E-05 9.418E-06 8.127E-06 6.081E-06 3.516E-06 6.434E-06 5.891E-06 4.681E-06 3.809E-06 3.579E-06 3.511E-06 3.747E-06 3.611E-06 3.268E-06 2.871E-06 2.507E-06 2.245E-06 1.563E-06 1.257E-06 1.115E-06 1.459E-06 1.772E-06 2.342E-06 2.619E-06 2.704E-06 3.107E-06 3.362E-06 3.373E-06 3.305E-06 2.970E-06 2.660E-06 2.441E-06 2.037E-06 1.656E-06 1.398E-06 9.764E-07 8.185E-07
  1.500E+02  6.830E-05 6.951E-05 6.530E-05 6.864E-05 6.425E-05 6.351E-05 6.364E-05 5.823E-05 5.828E-05 5.687E-05 5.403E-05 5.230E-05 4.994E-05 4.567E-05 3.809E-05 3.206E-05 2.578E-05 2.090E-05 1.088E-05 6.027E-06 1.155E-05 1.727E-05 1.827E-05 1.567E-05 1.317E-05 9.600E-06 8.270E-06 6.174E-06 3.539E-06 6.477E-06 5.957E-06 4.733E-06 3.848E-06 3.615E-06 3.546E-06 3.784E-06 3.647E-06 3.299E-06 2.898E-06 2.529E-06 2.264E-06 1.575E-06 1.266E-06 1.122E-06 1.469E-06 1.784E-06 2.360E-06 2.640E-06 2.726E-06 3.134E-06 3.392E-06 3.405E-06 3.336E-06 2.999E-06 2.687E-06 2.466E-06 2.060E-06 1.675E-06 1.414E-06 9.886E-07 8.292E-07
  1.520E+02  7.189E-05 6.955E-05 6.711E-05 6.840E-05 6.799E-05 6.525E-05 6.410E-05 6.029E-05 6.080E-05 5.948E-05 5.681E-05 5.410E-05 5.205E-05 4.768E-05 3.971E-05 3.324E-05 2.669E-05 2.154E-05 1.111E-05 6.018E-06 1.152E-05 1.766E-05 1.880E-05 1.611E-05 1.350E-05 9.786E-06 8.417E-06 6.271E-06 3.563E-06 6.521E-06 6.024E-06 4.787E-06 3.889E-06 3.651E-06 3.581E-06 3.822E-06 3.683E-06 3.331E-06 2.925E-06 2.552E-06 2.284E-06 1.587E-06 1.275E-06 1.130E-06 1.478E-06 1.796E-06 2.377E-06 2.660E-06 2.747E-06 3.161E-06 3.422E-06 3.435E-06 3.367E-06 3.028E-06 2.713E-06 2.491E-06 2.081E-06 1.693E-06 1.430E-06 1.000E-06 8.395E-07
  1.540E+02  7.385E-05 7.003E-05 6.932E-05 6.594E-05 6.743E-05 6.701E-05 6.480E-05 6.263E-05 6.159E-05 6.051E-05 5.900E-05 5.629E-05 5.373E-05 4.971E-05 4.135E-05 3.440E-05 2.758E-05 2.216E-05 1.134E-05 6.013E-06 1.147E-05 1.802E-05 1.931E-05 1.655E-05 1.383E-05 9.972E-06 8.564E-06 6.370E-06 3.588E-06 6.567E-06 6.093E-06 4.842E-06 3.930E-06 3.689E-06 3.617E-06 3.861E-06 3.719E-06 3.363E-06 2.952E-06 2.575E-06 2.303E-06 1.599E-06 1.283E-06 1.137E-06 1.488E-06 1.808E-06 2.394E-06 2.680E-06 2.768E-06 3.186E-06 3.451E-06 3.465E-06 3.396E-06 3.055E-06 2.739E-06 2.515E-06 2.102E-06 1.711E-06 1.446E-06 1.012E-06 8.493E-07
  1.560E+02  6.938E-05 7.039E-05 6.743E-05 6.741E-05 6.541E-05 6.826E-05 6.738E-05 6.378E-05 6.198E-05 6.120E-05 6.029E-05 5.868E-05 5.565E-05 5.137E-05 4.278E-05 3.557E-05 2.845E-05 2.279E-05 1.158E-05 6.012E-06 1.139E-05 1.832E-05 1.977E-05 1.696E-05 1.414E-05 1.015E-05 8.709E-06 6.469E-06 3.614E-06 6.612E-06 6.161E-06 4.897E-06 3.971E-06 3.726E-06 3.653E-06 3.899E-06 3.755E-06 3.394E-06 2.979E-06 2.597E-06 2.323E-06 1.611E-06 1.291E-06 1.143E-06 1.496E-06 1.819E-06 2.410E-06 2.699E-06 2.788E-06 3.210E-06 3.478E-06 3.493E-06 3.424E-06 3.082E-06 2.763E-06 2.537E-06 2.122E-06 1.727E-06 1.460E-06 1.022E-06 8.586E-07
  1.580E+02  6.741E-05 6.861E-05 6.867E-05 6.782E-05 6.592E-05 6.882E-05 6.769E-05 6.557E-05 6.408E-05 6.334E-05 6.168E-05 6.093E-05 5.784E-05 5.329E-05 4.424E-05 3.667E-05 2.933E-05 2.340E-05 1.184E-05 6.013E-06 1.130E-05 1.855E-05 2.015E-05 1.732E-05 1.442E-05 1.032E-05 8.847E-06 6.566E-06 3.639E-06 6.658E-06 6.229E-06 4.952E-06 4.012E-06 3.763E-06 3.688E-06 3.937E-06 3.791E-06 3.426E-06 3.005E-06 2.619E-06 2.341E-06 1.622E-06 1.299E-06 1.150E-06 1.505E-06 1.830E-06 2.425E-06 2.717E-06 2.806E-06 3.234E-06 3.504E-06 3.520E-06 3.451E-06 3.107E-06 2.786E-06 2.559E-06 2.141E-06 1.743E-06 1.474E-06 1.032E-06 8.674E-07
  1.600E+02  6.978E-05 6.772E-05 7.038E-05 6.689E-05 6.929E-05 7.072E-05 6.862E-05 6.835E-05 6.679E-05 6.599E-05 6.427E-05 6.332E-05 5.995E-05 5.543E-05 4.583E-05 3.774E-05 3.014E-05 2.398E-05 1.211E-05 6.018E-06 1.118E-05 1.867E-05 2.041E-05 1.759E-05 1.465E-05 1.046E-05 8.974E-06 6.660E-06 3.665E-06 6.703E-06 6.294E-06 5.005E-06 4.052E-06 3.799E-06 3.722E-06 3.973E-06 3.826E-06 3.456E-06 3.031E-06 2.640E-06 2.359E-06 1.632E-06 1.307E-06 1.156E-06 1.512E-06 1.839E-06 2.439E-06 2.733E-06 2.824E-06 3.255E-06 3.528E-06 3.545E-06 3.476E-06 3.130E-06 2.807E-06 2.579E-06 2.158E-06 1.758E-06 1.487E-06 1.042E-06 8.756E-07
  1.620E+02  7.039E-05 7.126E-05 7.249E-05 7.204E-05 7.378E-05 7.408E-05 7.303E-05 7.216E-05 7.021E-05 6.939E-05 6.815E-05 6.608E-05 6.183E-05 5.741E-05 4.744E-05 3.877E-05 3.085E-05 2.448E-05 1.237E-05 6.026E-06 1.106E-05 1.868E-05 2.054E-05 1.776E-05 1.481E-05 1.059E-05 9.086E-06 6.749E-06 3.690E-06 6.747E-06 6.356E-06 5.056E-06 4.090E-06 3.834E-06 3.756E-06 4.009E-06 3.859E-06 3.485E-06 3.055E-06 2.660E-06 2.377E-06 1.642E-06 1.314E-06 1.161E-06 1.520E-06 1.848E-06 2.452E-06 2.749E-06 2.840E-06 3.275E-06 3.551E-06 3.569E-06 3.499E-06 3.152E-06 2.827E-06 2.598E-06 2.175E-06 1.772E-06 1.499E-06 1.050E-06 8.831E-07
  1.640E+02  7.534E-05 7.650E-05 7.759E-05 7.848E-05 8.029E-05 7.852E-05 7.828E-05 7.674E-05 7.652E-05 7.507E-05 7.221E-05 6.867E-05 6.439E-05 5.960E-05 4.872E-05 3.946E-05 3.136E-05 2.480E-05 1.259E-05 6.037E-06 1.096E-05 1.858E-05 2.050E-05 1.781E-05 1.490E-05 1.068E-05 9.179E-06 6.829E-06 3.714E-06 6.791E-06 6.415E-06 5.105E-06 4.127E-06 3.867E-06 3.787E-06 4.042E-06 3.891E-06 3.513E-06 3.078E-06 2.679E-06 2.393E-06 1.652E-06 1.320E-06 1.167E-06 1.526E-06 1.857E-06 2.464E-06 2.763E-06 2.854E-06 3.294E-06 3.572E-06 3.590E-06 3.520E-06 3.171E-06 2.845E-06 2.615E-06 2.189E-06 1.784E-06 1.509E-06 1.058E-06 8.899E-07
  1.660E+02  8.081E-05 8.458E-05 8.421E-05 8.400E-05 8.556E-05 8.669E-05 8.381E-05 8.163E-05 8.045E-05 7.842E-05 7.478E-05 7.165E-05 6.730E-05 6.118E-05 4.910E-05 3.952E-05 3.135E-05 2.479E-05 1.273E-05 6.051E-06 1.089E-05 1.843E-05 2.033E-05 1.775E-05 1.490E-05 1.074E-05 9.256E-06 6.901E-06 3.737E-06 6.833E-06 6.471E-06 5.151E-06 4.162E-06 3.898E-06 3.817E-06 4.074E-06 3.920E-06 3.539E-06 3.100E-06 2.697E-06 2.408E-06 1.660E-06 1.326E-06 1.171E-06 1.532E-06 1.864E-06 2.474E-06 2.775E-06 2.868E-06 3.310E-06 3.590E-06 3.609E-06 3.539E-06 3.189E-06 2.862E-06 2.630E-06 2.203E-06 1.795E-06 1.519E-06 1.065E-06 8.960E-07
  1.680E+02  9.032E-05 9.264E-05 9.274E-05 9.331E-05 8.967E-05 9.278E-05 8.875E-05 8.403E-05 8.110E-05 7.847E-05 7.523E-05 7.339E-05 6.753E-05 6.071E-05 4.774E-05 3.847E-05 3.053E-05 2.426E-05 1.273E-05 6.067E-06 1.089E-05 1.831E-05 2.012E-05 1.762E-05 1.486E-05 1.078E-05 9.320E-06 6.966E-06 3.758E-06 6.876E-06 6.525E-06 5.195E-06 4.194E-06 3.927E-06 3.844E-06 4.103E-06 3.948E-06 3.563E-06 3.120E-06 2.713E-06 2.421E-06 1.668E-06 1.331E-06 1.175E-06 1.537E-06 1.871E-06 2.484E-06 2.787E-06 2.879E-06 3.324E-06 3.607E-06 3.626E-06 3.556E-06 3.205E-06 2.876E-06 2.644E-06 2.214E-06 1.805E-06 1.528E-06 1.071E-06 9.014E-07
  1.700E+02  9.776E-05 9.844E-05 9.972E-05 9.518E-05 9.039E-05 9.246E-05 8.735E-05 8.206E-05 7.826E-05 7.494E-05 7.105E-05 7.119E-05 6.384E-05 5.735E-05 4.432E-05 3.591E-05 2.890E-05 2.315E-05 1.253E-05 6.084E-06 1.096E-05 1.833E-05 2.001E-05 1.751E-05 1.482E-05 1.083E-05 9.384E-06 7.025E-06 3.778E-06 6.917E-06 6.577E-06 5.235E-06 4.223E-06 3.954E-06 3.869E-06 4.130E-06 3.973E-06 3.584E-06 3.137E-06 2.727E-06 2.433E-06 1.674E-06 1.336E-06 1.179E-06 1.542E-06 1.876E-06 2.492E-06 2.796E-06 2.889E-06 3.337E-06 3.621E-06 3.640E-06 3.571E-06 3.218E-06 2.889E-06 2.655E-06 2.224E-06 1.814E-06 1.535E-06 1.077E-06 9.060E-07
  1.720E+02  1.095E-04 1.005E-04 1.015E-04 9.147E-05 8.798E-05 8.726E-05 8.128E-05 7.759E-05 7.226E-05 6.866E-05 6.397E-05 6.425E-05 5.737E-05 5.163E-05 3.999E-05 3.264E-05 2.691E-05 2.185E-05 1.222E-05 6.102E-06 1.110E-05 1.858E-05 2.015E-05 1.755E-05 1.488E-05 1.092E-05 9.466E-06 7.087E-06 3.795E-06 6.957E-06 6.628E-06 5.273E-06 4.250E-06 3.977E-06 3.891E-06 4.154E-06 3.995E-06 3.603E-06 3.153E-06 2.739E-06 2.443E-06 1.680E-06 1.339E-06 1.182E-06 1.546E-06 1.881E-06 2.499E-06 2.804E-06 2.898E-06 3.347E-06 3.632E-06 3.652E-06 3.582E-06 3.230E-06 2.899E-06 2.665E-06 2.233E-06 1.821E-06 1.541E-06 1.081E-06 9.098E-07
  1.740E+02  1.173E-04 1.141E-04 1.027E-04 9.639E-05 8.934E-05 8.589E-05 7.908E-05 7.437E-05 7.198E-05 6.760E-05 5.995E-05 5.787E-05 5.285E-05 4.710E-05 3.760E-05 3.112E-05 2.584E-05 2.131E-05 1.204E-05 6.119E-06 1.128E-05 1.907E-05 2.060E-05 1.785E-05 1.511E-05 1.105E-05 9.575E-06 7.155E-06 3.809E-06 6.992E-06 6.676E-06 5.307E-06 4.273E-06 3.997E-06 3.910E-06 4.174E-06 4.013E-06 3.618E-06 3.165E-06 2.749E-06 2.452E-06 1.684E-06 1.342E-06 1.184E-06 1.548E-06 1.885E-06 2.504E-06 2.810E-06 2.904E-06 3.355E-06 3.641E-06 3.662E-06 3.592E-06 3.238E-06 2.907E-06 2.672E-06 2.239E-06 1.826E-06 1.546E-06 1.084E-06 9.127E-07
  1.760E+02  1.371E-04 1.273E-04 1.106E-04 1.061E-04 9.338E-05 9.200E-05 8.607E-05 7.761E-05 7.612E-05 7.183E-05 6.501E-05 6.054E-05 5.671E-05 5.016E-05 4.023E-05 3.348E-05 2.719E-05 2.236E-05 1.232E-05 6.132E-06 1.146E-05 1.968E-05 2.128E-05 1.836E-05 1.547E-05 1.122E-05 9.701E-06 7.225E-06 3.820E-06 7.021E-06 6.718E-06 5.335E-06 4.291E-06 4.013E-06 3.924E-06 4.189E-06 4.027E-06 3.630E-06 3.175E-06 2.757E-06 2.458E-06 1.688E-06 1.345E-06 1.186E-06 1.551E-06 1.887E-06 2.508E-06 2.815E-06 2.909E-06 3.361E-06 3.648E-06 3.669E-06 3.599E-06 3.245E-06 2.913E-06 2.678E-06 2.244E-06 1.830E-06 1.549E-06 1.087E-06 9.149E-07
  1.780E+02  1.391E-04 1.300E-04 1.263E-04 1.219E-04 1.141E-04 1.097E-04 1.059E-04 9.559E-05 9.139E-05 8.690E-05 8.157E-05 7.380E-05 6.989E-05 6.240E-05 4.784E-05 3.884E-05 3.060E-05 2.452E-05 1.297E-05 6.141E-06 1.159E-05 2.020E-05 2.192E-05 1.889E-05 1.584E-05 1.138E-05 9.807E-06 7.283E-06 3.826E-06 7.040E-06 6.746E-06 5.354E-06 4.303E-06 4.023E-06 3.934E-06 4.199E-06 4.036E-06 3.638E-06 3.181E-06 2.761E-06 2.462E-06 1.690E-06 1.346E-06 1.187E-06 1.552E-06 1.889E-06 2.510E-06 2.817E-06 2.912E-06 3.364E-06 3.652E-06 3.673E-06 3.603E-06 3.248E-06 2.916E-06 2.681E-06 2.247E-06 1.832E-06 1.551E-06 1.088E-06 9.161E-07
  1.800E+02  1.715E-04 1.621E-04 1.562E-04 1.564E-04 1.463E-04 1.311E-04 1.292E-04 1.157E-04 1.093E-04 1.031E-04 9.684E-05 8.488E-05 8.033E-05 7.160E-05 5.298E-05 4.206E-05 3.266E-05 2.572E-05 1.334E-05 6.144E-06 1.164E-05 2.040E-05 2.218E-05 1.912E-05 1.599E-05 1.144E-05 9.850E-06 7.306E-06 3.829E-06 7.046E-06 6.756E-06 5.360E-06 4.307E-06 4.026E-06 3.937E-06 4.202E-06 4.039E-06 3.640E-06 3.183E-06 2.763E-06 2.463E-06 1.690E-06 1.346E-06 1.187E-06 1.552E-06 1.889E-06 2.511E-06 2.818E-06 2.913E-06 3.366E-06 3.653E-06 3.674E-06 3.604E-06 3.250E-06 2.917E-06 2.682E-06 2.248E-06 1.833E-06 1.552E-06 1.089E-06 9.166E-07
