# sea salt (acc., 95%)
#
# size distribution: lognormal
# ------------------
#
#   minimum radius, [um]:      1.080E-02
#   maximum radius, [um]:      5.850E+01
#                  sigma:      2.030E+00
#       Rmod (wet), [um]:      6.050E-01
#       Rmod (dry), [um]:      2.090E-01
#
# optical parameters:
# -------------------
#
# wavelength ext.coef  sca.coef  abs.coef  si.sc.alb  asym.par  ext.nor    ref.real  ref.imag
#     [um]     [1/km]    [1/km]    [1/km]
#
#  2.500E-01 6.857E-03 6.857E-03 1.672E-07 1.000E+00 0.827E+00 9.158E-01  1.368E+00 -2.382E-07
#  3.000E-01 6.972E-03 6.972E-03 5.693E-08 1.000E+00 0.822E+00 9.311E-01  1.356E+00 -9.779E-08
#  3.500E-01 7.052E-03 7.052E-03 7.566E-09 1.000E+00 0.819E+00 9.419E-01  1.350E+00 -1.959E-08
#  4.000E-01 7.177E-03 7.177E-03 2.139E-09 1.000E+00 0.811E+00 9.586E-01  1.346E+00 -3.020E-09
#  4.500E-01 7.275E-03 7.275E-03 8.673E-10 1.000E+00 0.808E+00 9.717E-01  1.344E+00 -1.980E-09
#  5.000E-01 7.380E-03 7.380E-03 8.798E-10 1.000E+00 0.803E+00 9.857E-01  1.342E+00 -1.598E-09
#  5.500E-01 7.487E-03 7.487E-03 1.339E-09 1.000E+00 0.801E+00 1.000E+00  1.340E+00 -2.291E-09
#  6.000E-01 7.601E-03 7.601E-03 4.078E-09 1.000E+00 0.798E+00 1.015E+00  1.339E+00 -1.111E-08
#  6.500E-01 7.675E-03 7.675E-03 7.320E-09 1.000E+00 0.799E+00 1.025E+00  1.338E+00 -1.747E-08
#  7.000E-01 7.767E-03 7.767E-03 9.259E-09 1.000E+00 0.797E+00 1.037E+00  1.338E+00 -4.036E-08
#  7.500E-01 7.878E-03 7.878E-03 5.447E-08 1.000E+00 0.794E+00 1.052E+00  1.337E+00 -1.941E-07
#  8.000E-01 7.951E-03 7.951E-03 4.739E-08 1.000E+00 0.795E+00 1.062E+00  1.335E+00 -2.002E-07
#  9.000E-01 8.085E-03 8.084E-03 4.665E-07 9.999E-01 0.795E+00 1.080E+00  1.334E+00 -2.214E-06
#  1.000E+00 8.187E-03 8.186E-03 1.578E-06 9.998E-01 0.797E+00 1.094E+00  1.333E+00 -8.584E-06
#  1.250E+00 8.304E-03 8.300E-03 3.524E-06 9.996E-01 0.801E+00 1.109E+00  1.329E+00 -2.310E-05
#  1.500E+00 8.221E-03 8.195E-03 2.642E-05 9.968E-01 0.805E+00 1.098E+00  1.327E+00 -2.153E-04
#  1.750E+00 7.965E-03 7.952E-03 1.318E-05 9.983E-01 0.811E+00 1.064E+00  1.319E+00 -1.273E-04
#  2.000E+00 7.584E-03 7.489E-03 9.531E-05 9.874E-01 0.818E+00 1.013E+00  1.312E+00 -1.096E-03
#  2.500E+00 6.153E-03 6.035E-03 1.179E-04 9.808E-01 0.845E+00 8.218E-01  1.268E+00 -1.833E-03
#  3.000E+00 6.651E-03 2.993E-03 3.658E-03 4.500E-01 0.832E+00 8.883E-01  1.381E+00 -2.612E-01
#  3.200E+00 7.324E-03 4.726E-03 2.598E-03 6.453E-01 0.782E+00 9.782E-01  1.478E+00 -8.871E-02
#  3.390E+00 6.893E-03 5.900E-03 9.929E-04 8.560E-01 0.761E+00 9.207E-01  1.425E+00 -2.228E-02
#  3.500E+00 6.572E-03 6.131E-03 4.413E-04 9.329E-01 0.758E+00 8.777E-01  1.403E+00 -9.078E-03
#  3.750E+00 5.899E-03 5.740E-03 1.591E-04 9.730E-01 0.766E+00 7.878E-01  1.373E+00 -3.413E-03
#  4.000E+00 5.356E-03 5.167E-03 1.883E-04 9.648E-01 0.774E+00 7.153E-01  1.356E+00 -4.468E-03
#  4.500E+00 4.542E-03 4.106E-03 4.365E-04 9.039E-01 0.782E+00 6.067E-01  1.339E+00 -1.291E-02
#  5.000E+00 3.942E-03 3.579E-03 3.626E-04 9.080E-01 0.776E+00 5.265E-01  1.331E+00 -1.199E-02
#  5.500E+00 3.149E-03 2.849E-03 3.000E-04 9.047E-01 0.780E+00 4.206E-01  1.303E+00 -1.127E-02
#  6.000E+00 3.120E-03 1.476E-03 1.644E-03 4.730E-01 0.780E+00 4.167E-01  1.271E+00 -1.030E-01
#  6.200E+00 3.808E-03 2.295E-03 1.513E-03 6.026E-01 0.748E+00 5.087E-01  1.373E+00 -8.528E-02
#  6.500E+00 3.096E-03 2.333E-03 7.631E-04 7.535E-01 0.748E+00 4.135E-01  1.344E+00 -3.779E-02
#  7.200E+00 2.408E-03 1.840E-03 5.683E-04 7.640E-01 0.744E+00 3.216E-01  1.316E+00 -3.107E-02
#  7.900E+00 1.971E-03 1.435E-03 5.361E-04 7.280E-01 0.735E+00 2.632E-01  1.298E+00 -3.304E-02
#  8.200E+00 1.823E-03 1.290E-03 5.324E-04 7.079E-01 0.731E+00 2.434E-01  1.292E+00 -3.448E-02
#  8.500E+00 1.703E-03 1.169E-03 5.338E-04 6.865E-01 0.727E+00 2.274E-01  1.286E+00 -3.626E-02
#  8.700E+00 1.649E-03 1.111E-03 5.373E-04 6.741E-01 0.723E+00 2.202E-01  1.286E+00 -3.757E-02
#  9.000E+00 1.531E-03 9.934E-04 5.379E-04 6.487E-01 0.718E+00 2.045E-01  1.278E+00 -3.941E-02
#  9.200E+00 1.441E-03 9.015E-04 5.397E-04 6.255E-01 0.716E+00 1.925E-01  1.270E+00 -4.087E-02
#  9.500E+00 1.320E-03 7.750E-04 5.449E-04 5.872E-01 0.712E+00 1.763E-01  1.257E+00 -4.331E-02
#  9.800E+00 1.212E-03 6.547E-04 5.578E-04 5.400E-01 0.709E+00 1.619E-01  1.243E+00 -4.658E-02
#  1.000E+01 1.145E-03 5.742E-04 5.707E-04 5.015E-01 0.706E+00 1.529E-01  1.231E+00 -4.932E-02
#  1.060E+01 1.032E-03 3.594E-04 6.728E-04 3.482E-01 0.694E+00 1.379E-01  1.192E+00 -6.520E-02
#  1.100E+01 1.139E-03 2.661E-04 8.726E-04 2.337E-01 0.677E+00 1.521E-01  1.166E+00 -9.339E-02
#  1.150E+01 1.361E-03 2.224E-04 1.139E-03 1.634E-01 0.651E+00 1.818E-01  1.141E+00 -1.367E-01
#  1.250E+01 2.008E-03 2.946E-04 1.713E-03 1.467E-01 0.589E+00 2.682E-01  1.135E+00 -2.490E-01
#  1.300E+01 2.243E-03 3.449E-04 1.898E-03 1.538E-01 0.566E+00 2.996E-01  1.157E+00 -2.932E-01
#  1.400E+01 2.531E-03 4.246E-04 2.106E-03 1.678E-01 0.530E+00 3.380E-01  1.218E+00 -3.557E-01
#  1.480E+01 2.597E-03 4.554E-04 2.141E-03 1.754E-01 0.510E+00 3.468E-01  1.265E+00 -3.809E-01
#  1.500E+01 2.610E-03 4.631E-04 2.147E-03 1.774E-01 0.505E+00 3.486E-01  1.277E+00 -3.869E-01
#  1.640E+01 2.606E-03 4.915E-04 2.114E-03 1.886E-01 0.477E+00 3.480E-01  1.355E+00 -4.131E-01
#  1.720E+01 2.546E-03 5.001E-04 2.046E-03 1.964E-01 0.465E+00 3.401E-01  1.401E+00 -4.163E-01
#  1.800E+01 2.457E-03 4.969E-04 1.960E-03 2.022E-01 0.455E+00 3.282E-01  1.438E+00 -4.138E-01
#  1.850E+01 2.387E-03 4.894E-04 1.898E-03 2.050E-01 0.449E+00 3.188E-01  1.456E+00 -4.092E-01
#  2.000E+01 2.127E-03 4.455E-04 1.682E-03 2.094E-01 0.437E+00 2.841E-01  1.492E+00 -3.831E-01
#  2.130E+01 1.944E-03 3.989E-04 1.545E-03 2.052E-01 0.426E+00 2.597E-01  1.502E+00 -3.702E-01
#  2.250E+01 1.806E-03 3.664E-04 1.440E-03 2.029E-01 0.415E+00 2.412E-01  1.516E+00 -3.622E-01
#  2.500E+01 1.564E-03 3.067E-04 1.258E-03 1.960E-01 0.395E+00 2.090E-01  1.540E+00 -3.498E-01
#  2.790E+01 1.332E-03 2.475E-04 1.084E-03 1.859E-01 0.373E+00 1.779E-01  1.558E+00 -3.364E-01
#  3.000E+01 1.189E-03 2.084E-04 9.802E-04 1.754E-01 0.360E+00 1.588E-01  1.560E+00 -3.268E-01
#  3.500E+01 1.012E-03 1.374E-04 8.746E-04 1.358E-01 0.322E+00 1.352E-01  1.541E+00 -3.428E-01
#  4.000E+01 1.001E-03 1.007E-04 9.003E-04 1.006E-01 0.281E+00 1.337E-01  1.528E+00 -4.104E-01
#
# volume phase function [1/km]:
# -----------------------------
#
# sca.ang. | wavelengths --->
# ---------|------------------
#          | 2.500E-01 3.000E-01 3.500E-01 4.000E-01 4.500E-01 5.000E-01 5.500E-01 6.000E-01 6.500E-01 7.000E-01 7.500E-01 8.000E-01 9.000E-01 1.000E+00 1.250E+00 1.500E+00 1.750E+00 2.000E+00 2.500E+00 3.000E+00 3.200E+00 3.390E+00 3.500E+00 3.750E+00 4.000E+00 4.500E+00 5.000E+00 5.500E+00 6.000E+00 6.200E+00 6.500E+00 7.200E+00 7.900E+00 8.200E+00 8.500E+00 8.700E+00 9.000E+00 9.200E+00 9.500E+00 9.800E+00 1.000E+01 1.060E+01 1.100E+01 1.150E+01 1.250E+01 1.300E+01 1.400E+01 1.480E+01 1.500E+01 1.640E+01 1.720E+01 1.800E+01 1.850E+01 2.000E+01 2.130E+01 2.250E+01 2.500E+01 2.790E+01 3.000E+01 3.500E+01 4.000E+01
#
  0.000E+00  1.285E+00 9.073E-01 6.725E-01 5.255E-01 4.209E-01 3.450E-01 2.892E-01 2.468E-01 2.121E-01 1.853E-01 1.651E-01 1.460E-01 1.190E-01 9.876E-02 6.877E-02 5.131E-02 4.064E-02 3.317E-02 2.384E-02 1.141E-02 1.239E-02 1.289E-02 1.285E-02 1.177E-02 1.047E-02 8.036E-03 6.518E-03 5.152E-03 2.712E-03 3.371E-03 3.378E-03 2.578E-03 1.926E-03 1.698E-03 1.504E-03 1.400E-03 1.230E-03 1.110E-03 9.462E-04 7.934E-04 6.938E-04 4.257E-04 2.984E-04 2.256E-04 2.348E-04 2.502E-04 2.664E-04 2.623E-04 2.613E-04 2.457E-04 2.361E-04 2.235E-04 2.145E-04 1.837E-04 1.570E-04 1.383E-04 1.072E-04 8.034E-05 6.471E-05 3.850E-05 2.532E-05
  1.000E-01  1.254E+00 8.920E-01 6.641E-01 5.205E-01 4.177E-01 3.429E-01 2.877E-01 2.457E-01 2.114E-01 1.848E-01 1.646E-01 1.457E-01 1.188E-01 9.861E-02 6.871E-02 5.127E-02 4.062E-02 3.316E-02 2.383E-02 1.141E-02 1.239E-02 1.289E-02 1.285E-02 1.177E-02 1.047E-02 8.035E-03 6.518E-03 5.152E-03 2.712E-03 3.371E-03 3.378E-03 2.578E-03 1.925E-03 1.698E-03 1.503E-03 1.400E-03 1.230E-03 1.110E-03 9.462E-04 7.934E-04 6.938E-04 4.257E-04 2.984E-04 2.256E-04 2.348E-04 2.502E-04 2.664E-04 2.623E-04 2.613E-04 2.457E-04 2.361E-04 2.235E-04 2.145E-04 1.837E-04 1.570E-04 1.383E-04 1.072E-04 8.034E-05 6.471E-05 3.850E-05 2.532E-05
  2.000E-01  1.177E+00 8.521E-01 6.414E-01 5.066E-01 4.088E-01 3.369E-01 2.835E-01 2.427E-01 2.092E-01 1.831E-01 1.633E-01 1.447E-01 1.181E-01 9.819E-02 6.852E-02 5.118E-02 4.057E-02 3.313E-02 2.382E-02 1.140E-02 1.239E-02 1.289E-02 1.284E-02 1.176E-02 1.046E-02 8.034E-03 6.516E-03 5.151E-03 2.711E-03 3.371E-03 3.378E-03 2.578E-03 1.925E-03 1.698E-03 1.503E-03 1.400E-03 1.230E-03 1.110E-03 9.461E-04 7.933E-04 6.937E-04 4.256E-04 2.984E-04 2.256E-04 2.347E-04 2.502E-04 2.663E-04 2.622E-04 2.613E-04 2.457E-04 2.361E-04 2.235E-04 2.145E-04 1.837E-04 1.570E-04 1.383E-04 1.072E-04 8.034E-05 6.471E-05 3.850E-05 2.531E-05
  3.000E-01  1.079E+00 7.984E-01 6.096E-01 4.866E-01 3.956E-01 3.279E-01 2.772E-01 2.381E-01 2.057E-01 1.805E-01 1.613E-01 1.431E-01 1.171E-01 9.751E-02 6.823E-02 5.103E-02 4.049E-02 3.308E-02 2.379E-02 1.139E-02 1.238E-02 1.288E-02 1.284E-02 1.176E-02 1.046E-02 8.031E-03 6.515E-03 5.149E-03 2.710E-03 3.370E-03 3.377E-03 2.577E-03 1.925E-03 1.697E-03 1.503E-03 1.400E-03 1.230E-03 1.110E-03 9.460E-04 7.932E-04 6.936E-04 4.256E-04 2.983E-04 2.256E-04 2.347E-04 2.502E-04 2.663E-04 2.622E-04 2.613E-04 2.457E-04 2.361E-04 2.235E-04 2.144E-04 1.837E-04 1.570E-04 1.383E-04 1.072E-04 8.034E-05 6.471E-05 3.849E-05 2.531E-05
  4.000E-01  9.758E-01 7.388E-01 5.731E-01 4.629E-01 3.796E-01 3.167E-01 2.692E-01 2.321E-01 2.013E-01 1.771E-01 1.586E-01 1.410E-01 1.157E-01 9.659E-02 6.782E-02 5.083E-02 4.037E-02 3.301E-02 2.376E-02 1.138E-02 1.237E-02 1.287E-02 1.283E-02 1.175E-02 1.045E-02 8.027E-03 6.512E-03 5.148E-03 2.709E-03 3.369E-03 3.376E-03 2.576E-03 1.924E-03 1.697E-03 1.503E-03 1.400E-03 1.229E-03 1.109E-03 9.458E-04 7.930E-04 6.935E-04 4.255E-04 2.983E-04 2.255E-04 2.347E-04 2.502E-04 2.663E-04 2.622E-04 2.612E-04 2.456E-04 2.361E-04 2.235E-04 2.144E-04 1.837E-04 1.570E-04 1.383E-04 1.072E-04 8.034E-05 6.471E-05 3.849E-05 2.531E-05
  5.000E-01  8.755E-01 6.783E-01 5.347E-01 4.373E-01 3.620E-01 3.042E-01 2.600E-01 2.253E-01 1.961E-01 1.731E-01 1.554E-01 1.385E-01 1.141E-01 9.547E-02 6.731E-02 5.057E-02 4.023E-02 3.292E-02 2.372E-02 1.136E-02 1.235E-02 1.286E-02 1.282E-02 1.174E-02 1.045E-02 8.022E-03 6.509E-03 5.145E-03 2.708E-03 3.368E-03 3.375E-03 2.576E-03 1.924E-03 1.696E-03 1.502E-03 1.399E-03 1.229E-03 1.109E-03 9.455E-04 7.928E-04 6.933E-04 4.253E-04 2.982E-04 2.255E-04 2.346E-04 2.501E-04 2.663E-04 2.622E-04 2.612E-04 2.456E-04 2.361E-04 2.235E-04 2.144E-04 1.836E-04 1.570E-04 1.383E-04 1.072E-04 8.033E-05 6.470E-05 3.849E-05 2.531E-05
  6.000E-01  7.824E-01 6.198E-01 4.964E-01 4.111E-01 3.435E-01 2.909E-01 2.502E-01 2.179E-01 1.904E-01 1.686E-01 1.519E-01 1.356E-01 1.122E-01 9.417E-02 6.672E-02 5.026E-02 4.005E-02 3.281E-02 2.367E-02 1.134E-02 1.233E-02 1.284E-02 1.280E-02 1.173E-02 1.044E-02 8.016E-03 6.504E-03 5.142E-03 2.706E-03 3.366E-03 3.373E-03 2.575E-03 1.923E-03 1.696E-03 1.502E-03 1.399E-03 1.228E-03 1.109E-03 9.452E-04 7.925E-04 6.930E-04 4.252E-04 2.981E-04 2.254E-04 2.346E-04 2.501E-04 2.662E-04 2.621E-04 2.612E-04 2.456E-04 2.360E-04 2.234E-04 2.144E-04 1.836E-04 1.570E-04 1.383E-04 1.072E-04 8.033E-05 6.470E-05 3.849E-05 2.531E-05
  7.000E-01  6.979E-01 5.647E-01 4.594E-01 3.852E-01 3.250E-01 2.772E-01 2.400E-01 2.100E-01 1.843E-01 1.638E-01 1.480E-01 1.326E-01 1.101E-01 9.273E-02 6.605E-02 4.991E-02 3.985E-02 3.268E-02 2.362E-02 1.131E-02 1.231E-02 1.283E-02 1.279E-02 1.172E-02 1.043E-02 8.009E-03 6.500E-03 5.139E-03 2.704E-03 3.364E-03 3.372E-03 2.573E-03 1.922E-03 1.695E-03 1.501E-03 1.398E-03 1.228E-03 1.108E-03 9.448E-04 7.922E-04 6.927E-04 4.250E-04 2.980E-04 2.253E-04 2.345E-04 2.500E-04 2.661E-04 2.621E-04 2.611E-04 2.456E-04 2.360E-04 2.234E-04 2.144E-04 1.836E-04 1.570E-04 1.383E-04 1.071E-04 8.032E-05 6.469E-05 3.849E-05 2.531E-05
  8.000E-01  6.222E-01 5.138E-01 4.243E-01 3.600E-01 3.066E-01 2.636E-01 2.296E-01 2.020E-01 1.780E-01 1.588E-01 1.440E-01 1.293E-01 1.079E-01 9.118E-02 6.531E-02 4.952E-02 3.962E-02 3.254E-02 2.355E-02 1.128E-02 1.229E-02 1.280E-02 1.277E-02 1.170E-02 1.041E-02 8.001E-03 6.494E-03 5.135E-03 2.702E-03 3.362E-03 3.370E-03 2.572E-03 1.921E-03 1.694E-03 1.500E-03 1.397E-03 1.227E-03 1.108E-03 9.444E-04 7.919E-04 6.924E-04 4.248E-04 2.978E-04 2.252E-04 2.344E-04 2.499E-04 2.661E-04 2.620E-04 2.611E-04 2.455E-04 2.360E-04 2.234E-04 2.143E-04 1.836E-04 1.570E-04 1.383E-04 1.071E-04 8.031E-05 6.469E-05 3.848E-05 2.531E-05
  9.000E-01  5.549E-01 4.672E-01 3.914E-01 3.360E-01 2.888E-01 2.501E-01 2.193E-01 1.939E-01 1.716E-01 1.537E-01 1.398E-01 1.259E-01 1.055E-01 8.953E-02 6.451E-02 4.909E-02 3.938E-02 3.238E-02 2.348E-02 1.125E-02 1.226E-02 1.278E-02 1.275E-02 1.169E-02 1.040E-02 7.992E-03 6.488E-03 5.130E-03 2.699E-03 3.359E-03 3.367E-03 2.570E-03 1.920E-03 1.693E-03 1.500E-03 1.397E-03 1.227E-03 1.107E-03 9.439E-04 7.915E-04 6.921E-04 4.246E-04 2.977E-04 2.251E-04 2.343E-04 2.498E-04 2.660E-04 2.620E-04 2.610E-04 2.455E-04 2.359E-04 2.233E-04 2.143E-04 1.836E-04 1.569E-04 1.382E-04 1.071E-04 8.031E-05 6.468E-05 3.848E-05 2.531E-05
  1.000E+00  4.955E-01 4.248E-01 3.608E-01 3.133E-01 2.717E-01 2.370E-01 2.091E-01 1.858E-01 1.652E-01 1.485E-01 1.355E-01 1.224E-01 1.031E-01 8.781E-02 6.367E-02 4.863E-02 3.911E-02 3.221E-02 2.340E-02 1.122E-02 1.223E-02 1.276E-02 1.272E-02 1.167E-02 1.039E-02 7.982E-03 6.481E-03 5.125E-03 2.697E-03 3.356E-03 3.365E-03 2.568E-03 1.919E-03 1.692E-03 1.499E-03 1.396E-03 1.226E-03 1.107E-03 9.434E-04 7.910E-04 6.917E-04 4.243E-04 2.975E-04 2.250E-04 2.342E-04 2.498E-04 2.659E-04 2.619E-04 2.609E-04 2.454E-04 2.359E-04 2.233E-04 2.143E-04 1.835E-04 1.569E-04 1.382E-04 1.071E-04 8.030E-05 6.468E-05 3.848E-05 2.530E-05
  1.100E+00  4.430E-01 3.865E-01 3.327E-01 2.919E-01 2.554E-01 2.243E-01 1.992E-01 1.779E-01 1.589E-01 1.434E-01 1.312E-01 1.189E-01 1.006E-01 8.604E-02 6.278E-02 4.815E-02 3.882E-02 3.203E-02 2.331E-02 1.118E-02 1.220E-02 1.273E-02 1.270E-02 1.165E-02 1.037E-02 7.972E-03 6.473E-03 5.120E-03 2.693E-03 3.353E-03 3.362E-03 2.566E-03 1.918E-03 1.691E-03 1.498E-03 1.395E-03 1.225E-03 1.106E-03 9.427E-04 7.905E-04 6.912E-04 4.241E-04 2.973E-04 2.248E-04 2.341E-04 2.497E-04 2.658E-04 2.618E-04 2.609E-04 2.453E-04 2.358E-04 2.233E-04 2.142E-04 1.835E-04 1.569E-04 1.382E-04 1.071E-04 8.029E-05 6.467E-05 3.847E-05 2.530E-05
  1.200E+00  3.968E-01 3.519E-01 3.068E-01 2.719E-01 2.399E-01 2.122E-01 1.896E-01 1.702E-01 1.527E-01 1.383E-01 1.270E-01 1.154E-01 9.809E-02 8.422E-02 6.186E-02 4.764E-02 3.852E-02 3.183E-02 2.322E-02 1.113E-02 1.216E-02 1.270E-02 1.267E-02 1.162E-02 1.035E-02 7.960E-03 6.465E-03 5.114E-03 2.690E-03 3.350E-03 3.359E-03 2.564E-03 1.916E-03 1.690E-03 1.497E-03 1.394E-03 1.224E-03 1.105E-03 9.421E-04 7.899E-04 6.907E-04 4.237E-04 2.971E-04 2.247E-04 2.340E-04 2.495E-04 2.657E-04 2.617E-04 2.608E-04 2.453E-04 2.358E-04 2.232E-04 2.142E-04 1.835E-04 1.569E-04 1.382E-04 1.071E-04 8.028E-05 6.466E-05 3.847E-05 2.530E-05
  1.300E+00  3.561E-01 3.207E-01 2.830E-01 2.533E-01 2.253E-01 2.007E-01 1.803E-01 1.627E-01 1.465E-01 1.332E-01 1.227E-01 1.119E-01 9.556E-02 8.239E-02 6.092E-02 4.711E-02 3.820E-02 3.163E-02 2.312E-02 1.109E-02 1.212E-02 1.266E-02 1.264E-02 1.160E-02 1.033E-02 7.947E-03 6.456E-03 5.107E-03 2.686E-03 3.346E-03 3.355E-03 2.562E-03 1.914E-03 1.688E-03 1.495E-03 1.393E-03 1.223E-03 1.104E-03 9.414E-04 7.893E-04 6.902E-04 4.234E-04 2.969E-04 2.245E-04 2.339E-04 2.494E-04 2.656E-04 2.616E-04 2.607E-04 2.452E-04 2.357E-04 2.231E-04 2.141E-04 1.834E-04 1.568E-04 1.382E-04 1.071E-04 8.027E-05 6.465E-05 3.847E-05 2.530E-05
  1.400E+00  3.202E-01 2.927E-01 2.613E-01 2.361E-01 2.117E-01 1.897E-01 1.715E-01 1.554E-01 1.406E-01 1.283E-01 1.186E-01 1.084E-01 9.304E-02 8.054E-02 5.995E-02 4.656E-02 3.787E-02 3.141E-02 2.301E-02 1.104E-02 1.208E-02 1.263E-02 1.261E-02 1.157E-02 1.031E-02 7.933E-03 6.446E-03 5.100E-03 2.682E-03 3.342E-03 3.352E-03 2.559E-03 1.913E-03 1.687E-03 1.494E-03 1.392E-03 1.222E-03 1.103E-03 9.406E-04 7.887E-04 6.896E-04 4.231E-04 2.966E-04 2.244E-04 2.338E-04 2.493E-04 2.655E-04 2.615E-04 2.606E-04 2.451E-04 2.356E-04 2.231E-04 2.141E-04 1.834E-04 1.568E-04 1.381E-04 1.070E-04 8.025E-05 6.464E-05 3.846E-05 2.530E-05
  1.500E+00  2.885E-01 2.674E-01 2.414E-01 2.201E-01 1.988E-01 1.793E-01 1.630E-01 1.484E-01 1.348E-01 1.235E-01 1.145E-01 1.050E-01 9.053E-02 7.869E-02 5.897E-02 4.600E-02 3.753E-02 3.118E-02 2.290E-02 1.099E-02 1.204E-02 1.259E-02 1.257E-02 1.155E-02 1.029E-02 7.918E-03 6.436E-03 5.093E-03 2.678E-03 3.338E-03 3.348E-03 2.557E-03 1.911E-03 1.685E-03 1.493E-03 1.390E-03 1.221E-03 1.102E-03 9.398E-04 7.880E-04 6.890E-04 4.227E-04 2.964E-04 2.242E-04 2.336E-04 2.492E-04 2.654E-04 2.614E-04 2.605E-04 2.451E-04 2.356E-04 2.230E-04 2.140E-04 1.833E-04 1.568E-04 1.381E-04 1.070E-04 8.024E-05 6.463E-05 3.846E-05 2.529E-05
  1.600E+00  2.605E-01 2.446E-01 2.233E-01 2.053E-01 1.868E-01 1.695E-01 1.549E-01 1.418E-01 1.293E-01 1.188E-01 1.105E-01 1.017E-01 8.804E-02 7.685E-02 5.797E-02 4.542E-02 3.717E-02 3.095E-02 2.278E-02 1.094E-02 1.199E-02 1.255E-02 1.254E-02 1.152E-02 1.027E-02 7.903E-03 6.425E-03 5.085E-03 2.674E-03 3.334E-03 3.344E-03 2.554E-03 1.909E-03 1.684E-03 1.491E-03 1.389E-03 1.220E-03 1.101E-03 9.389E-04 7.873E-04 6.884E-04 4.223E-04 2.961E-04 2.240E-04 2.335E-04 2.490E-04 2.653E-04 2.613E-04 2.604E-04 2.450E-04 2.355E-04 2.230E-04 2.139E-04 1.833E-04 1.567E-04 1.381E-04 1.070E-04 8.023E-05 6.462E-05 3.845E-05 2.529E-05
  1.700E+00  2.356E-01 2.241E-01 2.067E-01 1.916E-01 1.755E-01 1.602E-01 1.473E-01 1.353E-01 1.239E-01 1.143E-01 1.066E-01 9.840E-02 8.560E-02 7.502E-02 5.697E-02 4.484E-02 3.681E-02 3.071E-02 2.266E-02 1.088E-02 1.194E-02 1.251E-02 1.250E-02 1.149E-02 1.024E-02 7.886E-03 6.414E-03 5.076E-03 2.669E-03 3.329E-03 3.339E-03 2.551E-03 1.907E-03 1.682E-03 1.490E-03 1.388E-03 1.219E-03 1.100E-03 9.380E-04 7.865E-04 6.877E-04 4.218E-04 2.958E-04 2.238E-04 2.333E-04 2.488E-04 2.651E-04 2.612E-04 2.603E-04 2.449E-04 2.354E-04 2.229E-04 2.139E-04 1.832E-04 1.567E-04 1.380E-04 1.070E-04 8.021E-05 6.461E-05 3.844E-05 2.529E-05
  1.800E+00  2.136E-01 2.055E-01 1.915E-01 1.789E-01 1.650E-01 1.515E-01 1.400E-01 1.292E-01 1.188E-01 1.099E-01 1.028E-01 9.520E-02 8.319E-02 7.320E-02 5.597E-02 4.425E-02 3.644E-02 3.046E-02 2.254E-02 1.082E-02 1.189E-02 1.247E-02 1.246E-02 1.146E-02 1.022E-02 7.869E-03 6.401E-03 5.068E-03 2.664E-03 3.324E-03 3.335E-03 2.548E-03 1.904E-03 1.680E-03 1.488E-03 1.386E-03 1.218E-03 1.099E-03 9.370E-04 7.856E-04 6.869E-04 4.214E-04 2.955E-04 2.236E-04 2.331E-04 2.487E-04 2.650E-04 2.610E-04 2.601E-04 2.448E-04 2.353E-04 2.228E-04 2.138E-04 1.832E-04 1.566E-04 1.380E-04 1.070E-04 8.019E-05 6.460E-05 3.844E-05 2.528E-05
  1.900E+00  1.939E-01 1.888E-01 1.776E-01 1.672E-01 1.552E-01 1.433E-01 1.331E-01 1.234E-01 1.138E-01 1.057E-01 9.913E-02 9.209E-02 8.083E-02 7.141E-02 5.497E-02 4.365E-02 3.606E-02 3.021E-02 2.241E-02 1.076E-02 1.184E-02 1.242E-02 1.242E-02 1.142E-02 1.019E-02 7.851E-03 6.389E-03 5.058E-03 2.659E-03 3.319E-03 3.330E-03 2.544E-03 1.902E-03 1.678E-03 1.486E-03 1.385E-03 1.216E-03 1.098E-03 9.359E-04 7.848E-04 6.862E-04 4.209E-04 2.951E-04 2.233E-04 2.329E-04 2.485E-04 2.648E-04 2.609E-04 2.600E-04 2.447E-04 2.352E-04 2.227E-04 2.137E-04 1.831E-04 1.566E-04 1.380E-04 1.069E-04 8.018E-05 6.459E-05 3.843E-05 2.528E-05
  2.000E+00  1.764E-01 1.736E-01 1.649E-01 1.563E-01 1.461E-01 1.356E-01 1.265E-01 1.178E-01 1.091E-01 1.016E-01 9.559E-02 8.906E-02 7.852E-02 6.965E-02 5.396E-02 4.305E-02 3.568E-02 2.995E-02 2.228E-02 1.070E-02 1.179E-02 1.238E-02 1.238E-02 1.139E-02 1.016E-02 7.832E-03 6.375E-03 5.049E-03 2.653E-03 3.313E-03 3.325E-03 2.541E-03 1.900E-03 1.676E-03 1.484E-03 1.383E-03 1.215E-03 1.097E-03 9.348E-04 7.838E-04 6.854E-04 4.204E-04 2.948E-04 2.231E-04 2.327E-04 2.483E-04 2.647E-04 2.608E-04 2.599E-04 2.446E-04 2.351E-04 2.226E-04 2.136E-04 1.831E-04 1.565E-04 1.379E-04 1.069E-04 8.016E-05 6.457E-05 3.842E-05 2.527E-05
  3.000E+00  7.587E-02 8.100E-02 8.314E-02 8.344E-02 8.222E-02 8.022E-02 7.782E-02 7.534E-02 7.194E-02 6.903E-02 6.664E-02 6.386E-02 5.858E-02 5.392E-02 4.448E-02 3.708E-02 3.175E-02 2.722E-02 2.080E-02 1.000E-02 1.117E-02 1.184E-02 1.188E-02 1.098E-02 9.828E-03 7.605E-03 6.213E-03 4.930E-03 2.586E-03 3.245E-03 3.262E-03 2.497E-03 1.869E-03 1.649E-03 1.461E-03 1.362E-03 1.197E-03 1.080E-03 9.211E-04 7.723E-04 6.752E-04 4.140E-04 2.904E-04 2.200E-04 2.303E-04 2.460E-04 2.626E-04 2.589E-04 2.581E-04 2.431E-04 2.339E-04 2.215E-04 2.126E-04 1.823E-04 1.559E-04 1.374E-04 1.066E-04 7.993E-05 6.440E-05 3.834E-05 2.522E-05
  4.000E+00  3.834E-02 4.290E-02 4.642E-02 4.827E-02 4.940E-02 5.016E-02 5.003E-02 4.991E-02 4.889E-02 4.804E-02 4.738E-02 4.649E-02 4.407E-02 4.189E-02 3.650E-02 3.169E-02 2.796E-02 2.446E-02 1.920E-02 9.221E-03 1.047E-02 1.122E-02 1.130E-02 1.050E-02 9.424E-03 7.324E-03 6.009E-03 4.778E-03 2.500E-03 3.158E-03 3.181E-03 2.439E-03 1.828E-03 1.614E-03 1.431E-03 1.334E-03 1.173E-03 1.059E-03 9.028E-04 7.569E-04 6.617E-04 4.056E-04 2.846E-04 2.160E-04 2.270E-04 2.428E-04 2.597E-04 2.564E-04 2.557E-04 2.412E-04 2.322E-04 2.200E-04 2.113E-04 1.812E-04 1.551E-04 1.367E-04 1.061E-04 7.961E-05 6.416E-05 3.821E-05 2.515E-05
  5.000E+00  2.209E-02 2.541E-02 2.832E-02 3.020E-02 3.173E-02 3.315E-02 3.378E-02 3.443E-02 3.452E-02 3.457E-02 3.460E-02 3.459E-02 3.374E-02 3.292E-02 3.011E-02 2.709E-02 2.454E-02 2.187E-02 1.758E-02 8.428E-03 9.742E-03 1.056E-02 1.068E-02 9.972E-03 8.978E-03 7.007E-03 5.775E-03 4.601E-03 2.401E-03 3.055E-03 3.085E-03 2.370E-03 1.779E-03 1.572E-03 1.394E-03 1.301E-03 1.144E-03 1.033E-03 8.806E-04 7.383E-04 6.453E-04 3.953E-04 2.776E-04 2.110E-04 2.229E-04 2.389E-04 2.562E-04 2.533E-04 2.526E-04 2.388E-04 2.300E-04 2.182E-04 2.095E-04 1.799E-04 1.540E-04 1.358E-04 1.055E-04 7.921E-05 6.386E-05 3.805E-05 2.506E-05
  6.000E+00  1.408E-02 1.654E-02 1.861E-02 2.025E-02 2.172E-02 2.306E-02 2.391E-02 2.477E-02 2.532E-02 2.573E-02 2.601E-02 2.632E-02 2.636E-02 2.625E-02 2.505E-02 2.327E-02 2.155E-02 1.953E-02 1.603E-02 7.659E-03 9.017E-03 9.887E-03 1.004E-02 9.424E-03 8.509E-03 6.669E-03 5.522E-03 4.408E-03 2.293E-03 2.943E-03 2.977E-03 2.292E-03 1.723E-03 1.523E-03 1.353E-03 1.263E-03 1.111E-03 1.003E-03 8.552E-04 7.170E-04 6.266E-04 3.836E-04 2.696E-04 2.054E-04 2.182E-04 2.344E-04 2.521E-04 2.497E-04 2.491E-04 2.359E-04 2.275E-04 2.159E-04 2.075E-04 1.783E-04 1.527E-04 1.348E-04 1.047E-04 7.872E-05 6.349E-05 3.786E-05 2.495E-05
  8.000E+00  7.479E-03 8.737E-03 9.830E-03 1.095E-02 1.198E-02 1.273E-02 1.360E-02 1.433E-02 1.500E-02 1.555E-02 1.600E-02 1.638E-02 1.708E-02 1.751E-02 1.789E-02 1.746E-02 1.674E-02 1.561E-02 1.322E-02 6.265E-03 7.658E-03 8.597E-03 8.797E-03 8.332E-03 7.561E-03 5.968E-03 4.986E-03 3.994E-03 2.065E-03 2.698E-03 2.743E-03 2.120E-03 1.599E-03 1.416E-03 1.259E-03 1.176E-03 1.036E-03 9.355E-04 7.978E-04 6.687E-04 5.842E-04 3.573E-04 2.516E-04 1.927E-04 2.074E-04 2.238E-04 2.424E-04 2.410E-04 2.406E-04 2.290E-04 2.213E-04 2.105E-04 2.024E-04 1.743E-04 1.496E-04 1.322E-04 1.029E-04 7.750E-05 6.257E-05 3.739E-05 2.468E-05
  1.000E+01  5.195E-03 5.729E-03 6.484E-03 6.994E-03 7.647E-03 8.188E-03 8.798E-03 9.399E-03 9.900E-03 1.037E-02 1.081E-02 1.116E-02 1.189E-02 1.243E-02 1.328E-02 1.340E-02 1.319E-02 1.254E-02 1.085E-02 5.098E-03 6.471E-03 7.431E-03 7.658E-03 7.301E-03 6.651E-03 5.281E-03 4.448E-03 3.571E-03 1.835E-03 2.446E-03 2.496E-03 1.936E-03 1.465E-03 1.299E-03 1.157E-03 1.083E-03 9.546E-04 8.620E-04 7.352E-04 6.162E-04 5.381E-04 3.289E-04 2.322E-04 1.788E-04 1.953E-04 2.118E-04 2.312E-04 2.309E-04 2.307E-04 2.209E-04 2.140E-04 2.039E-04 1.964E-04 1.696E-04 1.458E-04 1.290E-04 1.007E-04 7.600E-05 6.144E-05 3.679E-05 2.433E-05
  1.200E+01  3.983E-03 4.374E-03 4.787E-03 5.121E-03 5.528E-03 5.882E-03 6.313E-03 6.756E-03 7.146E-03 7.505E-03 7.860E-03 8.167E-03 8.759E-03 9.291E-03 1.019E-02 1.051E-02 1.054E-02 1.015E-02 8.877E-03 4.146E-03 5.463E-03 6.408E-03 6.643E-03 6.362E-03 5.811E-03 4.635E-03 3.933E-03 3.161E-03 1.617E-03 2.199E-03 2.251E-03 1.751E-03 1.330E-03 1.180E-03 1.053E-03 9.870E-04 8.711E-04 7.867E-04 6.711E-04 5.624E-04 4.910E-04 3.000E-04 2.124E-04 1.647E-04 1.826E-04 1.991E-04 2.191E-04 2.198E-04 2.199E-04 2.118E-04 2.058E-04 1.966E-04 1.895E-04 1.641E-04 1.414E-04 1.253E-04 9.814E-05 7.425E-05 6.010E-05 3.609E-05 2.392E-05
  1.400E+01  3.299E-03 3.559E-03 3.816E-03 4.087E-03 4.347E-03 4.602E-03 4.892E-03 5.198E-03 5.489E-03 5.760E-03 6.035E-03 6.310E-03 6.783E-03 7.222E-03 8.029E-03 8.394E-03 8.521E-03 8.275E-03 7.259E-03 3.379E-03 4.618E-03 5.522E-03 5.753E-03 5.526E-03 5.055E-03 4.045E-03 3.455E-03 2.778E-03 1.416E-03 1.965E-03 2.015E-03 1.572E-03 1.198E-03 1.065E-03 9.511E-04 8.930E-04 7.890E-04 7.127E-04 6.080E-04 5.096E-04 4.448E-04 2.718E-04 1.931E-04 1.507E-04 1.697E-04 1.861E-04 2.065E-04 2.082E-04 2.085E-04 2.021E-04 1.970E-04 1.886E-04 1.821E-04 1.582E-04 1.366E-04 1.213E-04 9.528E-05 7.229E-05 5.861E-05 3.529E-05 2.346E-05
  1.600E+01  2.856E-03 3.040E-03 3.231E-03 3.390E-03 3.579E-03 3.771E-03 3.982E-03 4.200E-03 4.403E-03 4.609E-03 4.845E-03 5.044E-03 5.434E-03 5.785E-03 6.464E-03 6.806E-03 6.952E-03 6.786E-03 5.936E-03 2.764E-03 3.913E-03 4.760E-03 4.978E-03 4.789E-03 4.383E-03 3.516E-03 3.020E-03 2.428E-03 1.234E-03 1.747E-03 1.795E-03 1.404E-03 1.073E-03 9.546E-04 8.542E-04 8.033E-04 7.105E-04 6.419E-04 5.478E-04 4.592E-04 4.008E-04 2.451E-04 1.747E-04 1.372E-04 1.570E-04 1.731E-04 1.938E-04 1.963E-04 1.968E-04 1.921E-04 1.878E-04 1.803E-04 1.743E-04 1.519E-04 1.314E-04 1.169E-04 9.218E-05 7.015E-05 5.697E-05 3.442E-05 2.294E-05
  1.800E+01  2.521E-03 2.665E-03 2.777E-03 2.905E-03 3.026E-03 3.190E-03 3.348E-03 3.485E-03 3.650E-03 3.810E-03 3.980E-03 4.152E-03 4.466E-03 4.734E-03 5.285E-03 5.587E-03 5.716E-03 5.593E-03 4.858E-03 2.270E-03 3.326E-03 4.107E-03 4.307E-03 4.145E-03 3.793E-03 3.047E-03 2.631E-03 2.113E-03 1.073E-03 1.549E-03 1.593E-03 1.248E-03 9.562E-04 8.522E-04 7.638E-04 7.194E-04 6.371E-04 5.757E-04 4.914E-04 4.121E-04 3.597E-04 2.201E-04 1.575E-04 1.246E-04 1.447E-04 1.605E-04 1.812E-04 1.844E-04 1.851E-04 1.818E-04 1.784E-04 1.717E-04 1.662E-04 1.454E-04 1.261E-04 1.124E-04 8.891E-05 6.788E-05 5.522E-05 3.347E-05 2.238E-05
  2.000E+01  2.202E-03 2.376E-03 2.394E-03 2.570E-03 2.630E-03 2.767E-03 2.877E-03 2.933E-03 3.106E-03 3.228E-03 3.330E-03 3.477E-03 3.737E-03 3.928E-03 4.367E-03 4.629E-03 4.728E-03 4.631E-03 3.980E-03 1.872E-03 2.835E-03 3.548E-03 3.727E-03 3.584E-03 3.277E-03 2.635E-03 2.286E-03 1.834E-03 9.321E-04 1.370E-03 1.409E-03 1.106E-03 8.497E-04 7.582E-04 6.807E-04 6.421E-04 5.693E-04 5.146E-04 4.395E-04 3.686E-04 3.218E-04 1.972E-04 1.416E-04 1.128E-04 1.329E-04 1.483E-04 1.688E-04 1.727E-04 1.735E-04 1.716E-04 1.689E-04 1.630E-04 1.581E-04 1.387E-04 1.206E-04 1.077E-04 8.552E-05 6.550E-05 5.338E-05 3.247E-05 2.178E-05
  2.200E+01  1.963E-03 2.070E-03 2.126E-03 2.217E-03 2.304E-03 2.362E-03 2.466E-03 2.561E-03 2.669E-03 2.765E-03 2.853E-03 2.951E-03 3.141E-03 3.308E-03 3.655E-03 3.857E-03 3.933E-03 3.847E-03 3.268E-03 1.551E-03 2.424E-03 3.068E-03 3.227E-03 3.097E-03 2.829E-03 2.276E-03 1.983E-03 1.589E-03 8.087E-04 1.210E-03 1.244E-03 9.773E-04 7.532E-04 6.730E-04 6.052E-04 5.717E-04 5.075E-04 4.589E-04 3.921E-04 3.291E-04 2.873E-04 1.763E-04 1.272E-04 1.019E-04 1.219E-04 1.367E-04 1.569E-04 1.613E-04 1.623E-04 1.616E-04 1.595E-04 1.544E-04 1.499E-04 1.320E-04 1.150E-04 1.030E-04 8.204E-05 6.305E-05 5.148E-05 3.143E-05 2.115E-05
  2.400E+01  1.757E-03 1.835E-03 1.884E-03 1.923E-03 2.004E-03 2.067E-03 2.135E-03 2.218E-03 2.293E-03 2.370E-03 2.450E-03 2.532E-03 2.677E-03 2.818E-03 3.082E-03 3.231E-03 3.288E-03 3.207E-03 2.690E-03 1.292E-03 2.080E-03 2.658E-03 2.796E-03 2.676E-03 2.441E-03 1.965E-03 1.718E-03 1.376E-03 7.015E-04 1.067E-03 1.096E-03 8.625E-04 6.665E-04 5.964E-04 5.372E-04 5.082E-04 4.517E-04 4.085E-04 3.493E-04 2.933E-04 2.562E-04 1.575E-04 1.140E-04 9.198E-05 1.115E-04 1.257E-04 1.455E-04 1.503E-04 1.514E-04 1.517E-04 1.503E-04 1.458E-04 1.418E-04 1.253E-04 1.094E-04 9.817E-05 7.852E-05 6.054E-05 4.953E-05 3.035E-05 2.050E-05
  2.600E+01  1.578E-03 1.630E-03 1.658E-03 1.707E-03 1.765E-03 1.822E-03 1.872E-03 1.927E-03 1.997E-03 2.057E-03 2.116E-03 2.180E-03 2.303E-03 2.408E-03 2.610E-03 2.723E-03 2.761E-03 2.684E-03 2.220E-03 1.080E-03 1.790E-03 2.305E-03 2.425E-03 2.314E-03 2.107E-03 1.696E-03 1.489E-03 1.190E-03 6.087E-04 9.409E-04 9.652E-04 7.604E-04 5.892E-04 5.279E-04 4.763E-04 4.512E-04 4.015E-04 3.633E-04 3.109E-04 2.612E-04 2.282E-04 1.406E-04 1.022E-04 8.293E-05 1.019E-04 1.155E-04 1.347E-04 1.398E-04 1.410E-04 1.422E-04 1.413E-04 1.375E-04 1.339E-04 1.187E-04 1.039E-04 9.340E-05 7.499E-05 5.802E-05 4.755E-05 2.926E-05 1.983E-05
  2.800E+01  1.416E-03 1.429E-03 1.491E-03 1.499E-03 1.540E-03 1.585E-03 1.640E-03 1.697E-03 1.734E-03 1.784E-03 1.835E-03 1.897E-03 1.979E-03 2.074E-03 2.224E-03 2.306E-03 2.327E-03 2.254E-03 1.838E-03 9.075E-04 1.546E-03 2.003E-03 2.106E-03 2.002E-03 1.820E-03 1.465E-03 1.290E-03 1.030E-03 5.286E-04 8.294E-04 8.496E-04 6.700E-04 5.206E-04 4.671E-04 4.220E-04 4.004E-04 3.567E-04 3.229E-04 2.765E-04 2.325E-04 2.032E-04 1.254E-04 9.152E-05 7.473E-05 9.307E-05 1.060E-04 1.246E-04 1.298E-04 1.311E-04 1.331E-04 1.326E-04 1.294E-04 1.262E-04 1.122E-04 9.846E-05 8.870E-05 7.148E-05 5.549E-05 4.557E-05 2.814E-05 1.914E-05
  3.000E+01  1.248E-03 1.282E-03 1.292E-03 1.342E-03 1.361E-03 1.409E-03 1.451E-03 1.474E-03 1.530E-03 1.570E-03 1.594E-03 1.646E-03 1.716E-03 1.780E-03 1.895E-03 1.962E-03 1.966E-03 1.900E-03 1.528E-03 7.658E-04 1.338E-03 1.743E-03 1.830E-03 1.734E-03 1.573E-03 1.266E-03 1.118E-03 8.919E-04 4.595E-04 7.312E-04 7.477E-04 5.903E-04 4.599E-04 4.132E-04 3.739E-04 3.552E-04 3.169E-04 2.870E-04 2.459E-04 2.069E-04 1.809E-04 1.119E-04 8.197E-05 6.732E-05 8.490E-05 9.713E-05 1.150E-04 1.204E-04 1.217E-04 1.243E-04 1.243E-04 1.215E-04 1.187E-04 1.059E-04 9.315E-05 8.409E-05 6.801E-05 5.298E-05 4.359E-05 2.703E-05 1.845E-05
  3.200E+01  1.091E-03 1.135E-03 1.143E-03 1.171E-03 1.218E-03 1.237E-03 1.266E-03 1.301E-03 1.347E-03 1.379E-03 1.398E-03 1.422E-03 1.491E-03 1.535E-03 1.627E-03 1.674E-03 1.667E-03 1.607E-03 1.275E-03 6.490E-04 1.162E-03 1.520E-03 1.594E-03 1.504E-03 1.361E-03 1.095E-03 9.700E-04 7.730E-04 3.999E-04 6.449E-04 6.583E-04 5.202E-04 4.064E-04 3.656E-04 3.313E-04 3.152E-04 2.815E-04 2.550E-04 2.187E-04 1.842E-04 1.611E-04 9.989E-05 7.342E-05 6.064E-05 7.741E-05 8.897E-05 1.061E-04 1.116E-04 1.129E-04 1.160E-04 1.163E-04 1.140E-04 1.115E-04 9.985E-05 8.799E-05 7.960E-05 6.461E-05 5.050E-05 4.163E-05 2.591E-05 1.776E-05
  3.400E+01  9.940E-04 9.921E-04 1.034E-03 1.027E-03 1.056E-03 1.092E-03 1.119E-03 1.145E-03 1.176E-03 1.203E-03 1.223E-03 1.246E-03 1.297E-03 1.336E-03 1.403E-03 1.433E-03 1.421E-03 1.364E-03 1.067E-03 5.523E-04 1.012E-03 1.327E-03 1.390E-03 1.306E-03 1.180E-03 9.490E-04 8.427E-04 6.708E-04 3.485E-04 5.692E-04 5.799E-04 4.587E-04 3.593E-04 3.236E-04 2.937E-04 2.797E-04 2.501E-04 2.267E-04 1.946E-04 1.640E-04 1.435E-04 8.919E-05 6.579E-05 5.463E-05 7.056E-05 8.145E-05 9.784E-05 1.033E-04 1.046E-04 1.082E-04 1.087E-04 1.069E-04 1.047E-04 9.399E-05 8.301E-05 7.524E-05 6.130E-05 4.807E-05 3.970E-05 2.481E-05 1.706E-05
  3.600E+01  8.771E-04 8.768E-04 9.038E-04 9.191E-04 9.430E-04 9.529E-04 9.828E-04 1.011E-03 1.034E-03 1.056E-03 1.076E-03 1.093E-03 1.124E-03 1.164E-03 1.213E-03 1.230E-03 1.216E-03 1.161E-03 8.976E-04 4.720E-04 8.841E-04 1.162E-03 1.214E-03 1.136E-03 1.024E-03 8.236E-04 7.331E-04 5.830E-04 3.041E-04 5.028E-04 5.112E-04 4.048E-04 3.178E-04 2.866E-04 2.605E-04 2.484E-04 2.224E-04 2.017E-04 1.732E-04 1.461E-04 1.279E-04 7.968E-05 5.897E-05 4.923E-05 6.430E-05 7.455E-05 9.016E-05 9.556E-05 9.686E-05 1.007E-04 1.016E-04 1.001E-04 9.811E-05 8.838E-05 7.822E-05 7.104E-05 5.808E-05 4.569E-05 3.781E-05 2.372E-05 1.637E-05
  3.800E+01  7.746E-04 7.737E-04 8.049E-04 8.002E-04 8.262E-04 8.430E-04 8.571E-04 8.911E-04 9.062E-04 9.247E-04 9.391E-04 9.645E-04 9.843E-04 1.016E-03 1.050E-03 1.059E-03 1.043E-03 9.922E-04 7.580E-04 4.050E-04 7.743E-04 1.019E-03 1.062E-03 9.895E-04 8.904E-04 7.160E-04 6.387E-04 5.075E-04 2.659E-04 4.446E-04 4.511E-04 3.575E-04 2.814E-04 2.540E-04 2.312E-04 2.207E-04 1.978E-04 1.795E-04 1.543E-04 1.302E-04 1.141E-04 7.123E-05 5.289E-05 4.437E-05 5.860E-05 6.822E-05 8.305E-05 8.837E-05 8.966E-05 9.378E-05 9.479E-05 9.362E-05 9.189E-05 8.303E-05 7.364E-05 6.700E-05 5.496E-05 4.338E-05 3.596E-05 2.265E-05 1.569E-05
  4.000E+01  6.810E-04 6.964E-04 7.060E-04 7.203E-04 7.308E-04 7.539E-04 7.697E-04 7.801E-04 8.017E-04 8.171E-04 8.241E-04 8.427E-04 8.679E-04 8.831E-04 9.108E-04 9.172E-04 8.967E-04 8.516E-04 6.428E-04 3.488E-04 6.800E-04 8.951E-04 9.314E-04 8.641E-04 7.760E-04 6.237E-04 5.576E-04 4.426E-04 2.329E-04 3.935E-04 3.985E-04 3.161E-04 2.494E-04 2.254E-04 2.054E-04 1.963E-04 1.761E-04 1.599E-04 1.375E-04 1.162E-04 1.019E-04 6.373E-05 4.748E-05 4.002E-05 5.341E-05 6.243E-05 7.648E-05 8.169E-05 8.296E-05 8.724E-05 8.842E-05 8.752E-05 8.601E-05 7.793E-05 6.926E-05 6.313E-05 5.196E-05 4.114E-05 3.417E-05 2.160E-05 1.502E-05
  4.200E+01  6.069E-04 6.048E-04 6.258E-04 6.339E-04 6.509E-04 6.643E-04 6.784E-04 6.945E-04 7.065E-04 7.202E-04 7.330E-04 7.358E-04 7.612E-04 7.721E-04 7.937E-04 7.965E-04 7.742E-04 7.335E-04 5.474E-04 3.016E-04 5.988E-04 7.881E-04 8.184E-04 7.561E-04 6.777E-04 5.445E-04 4.876E-04 3.868E-04 2.043E-04 3.488E-04 3.524E-04 2.798E-04 2.212E-04 2.002E-04 1.827E-04 1.748E-04 1.570E-04 1.426E-04 1.227E-04 1.038E-04 9.101E-05 5.707E-05 4.265E-05 3.612E-05 4.869E-05 5.714E-05 7.044E-05 7.551E-05 7.675E-05 8.114E-05 8.244E-05 8.178E-05 8.046E-05 7.310E-05 6.509E-05 5.944E-05 4.908E-05 3.898E-05 3.243E-05 2.058E-05 1.437E-05
  4.400E+01  5.303E-04 5.410E-04 5.485E-04 5.694E-04 5.786E-04 5.824E-04 5.991E-04 6.132E-04 6.260E-04 6.374E-04 6.446E-04 6.495E-04 6.653E-04 6.780E-04 6.937E-04 6.931E-04 6.711E-04 6.337E-04 4.681E-04 2.618E-04 5.287E-04 6.955E-04 7.206E-04 6.631E-04 5.932E-04 4.764E-04 4.274E-04 3.387E-04 1.796E-04 3.096E-04 3.122E-04 2.480E-04 1.965E-04 1.780E-04 1.626E-04 1.558E-04 1.400E-04 1.273E-04 1.096E-04 9.277E-05 8.140E-05 5.115E-05 3.834E-05 3.262E-05 4.441E-05 5.232E-05 6.487E-05 6.979E-05 7.100E-05 7.544E-05 7.684E-05 7.638E-05 7.524E-05 6.853E-05 6.113E-05 5.592E-05 4.633E-05 3.690E-05 3.075E-05 1.959E-05 1.373E-05
  4.600E+01  4.807E-04 4.722E-04 4.891E-04 4.902E-04 5.042E-04 5.161E-04 5.243E-04 5.465E-04 5.487E-04 5.590E-04 5.701E-04 5.800E-04 5.863E-04 5.984E-04 6.089E-04 6.036E-04 5.842E-04 5.491E-04 4.020E-04 2.281E-04 4.680E-04 6.151E-04 6.359E-04 5.828E-04 5.204E-04 4.177E-04 3.753E-04 2.972E-04 1.581E-04 2.751E-04 2.769E-04 2.202E-04 1.748E-04 1.585E-04 1.450E-04 1.390E-04 1.251E-04 1.137E-04 9.805E-05 8.303E-05 7.288E-05 4.590E-05 3.450E-05 2.948E-05 4.053E-05 4.792E-05 5.976E-05 6.452E-05 6.568E-05 7.014E-05 7.160E-05 7.132E-05 7.033E-05 6.422E-05 5.739E-05 5.259E-05 4.370E-05 3.491E-05 2.914E-05 1.863E-05 1.311E-05
  4.800E+01  4.199E-04 4.216E-04 4.308E-04 4.414E-04 4.474E-04 4.650E-04 4.691E-04 4.788E-04 4.825E-04 4.915E-04 5.042E-04 5.110E-04 5.214E-04 5.275E-04 5.338E-04 5.287E-04 5.098E-04 4.779E-04 3.468E-04 1.994E-04 4.153E-04 5.453E-04 5.625E-04 5.135E-04 4.577E-04 3.671E-04 3.304E-04 2.614E-04 1.395E-04 2.449E-04 2.460E-04 1.957E-04 1.557E-04 1.413E-04 1.294E-04 1.242E-04 1.119E-04 1.017E-04 8.778E-05 7.439E-05 6.533E-05 4.123E-05 3.108E-05 2.667E-05 3.701E-05 4.391E-05 5.508E-05 5.965E-05 6.078E-05 6.521E-05 6.672E-05 6.659E-05 6.573E-05 6.016E-05 5.386E-05 4.943E-05 4.120E-05 3.301E-05 2.760E-05 1.771E-05 1.251E-05
  5.000E+01  3.671E-04 3.694E-04 3.769E-04 3.932E-04 3.999E-04 4.048E-04 4.189E-04 4.264E-04 4.307E-04 4.387E-04 4.448E-04 4.506E-04 4.592E-04 4.640E-04 4.700E-04 4.656E-04 4.459E-04 4.177E-04 3.003E-04 1.750E-04 3.695E-04 4.845E-04 4.987E-04 4.536E-04 4.035E-04 3.235E-04 2.915E-04 2.304E-04 1.234E-04 2.183E-04 2.189E-04 1.743E-04 1.389E-04 1.262E-04 1.157E-04 1.111E-04 1.002E-04 9.115E-05 7.869E-05 6.674E-05 5.864E-05 3.708E-05 2.803E-05 2.415E-05 3.382E-05 4.027E-05 5.078E-05 5.518E-05 5.626E-05 6.064E-05 6.218E-05 6.217E-05 6.143E-05 5.635E-05 5.053E-05 4.645E-05 3.883E-05 3.119E-05 2.612E-05 1.682E-05 1.193E-05
  5.200E+01  3.232E-04 3.300E-04 3.294E-04 3.488E-04 3.550E-04 3.655E-04 3.692E-04 3.787E-04 3.850E-04 3.919E-04 3.983E-04 3.986E-04 4.081E-04 4.099E-04 4.154E-04 4.099E-04 3.915E-04 3.660E-04 2.611E-04 1.541E-04 3.296E-04 4.315E-04 4.433E-04 4.016E-04 3.567E-04 2.857E-04 2.577E-04 2.036E-04 1.093E-04 1.950E-04 1.951E-04 1.555E-04 1.241E-04 1.128E-04 1.035E-04 9.953E-05 8.982E-05 8.176E-05 7.064E-05 5.995E-05 5.270E-05 3.339E-05 2.531E-05 2.190E-05 3.094E-05 3.696E-05 4.685E-05 5.106E-05 5.211E-05 5.640E-05 5.796E-05 5.805E-05 5.741E-05 5.278E-05 4.741E-05 4.364E-05 3.658E-05 2.947E-05 2.472E-05 1.597E-05 1.137E-05
  5.400E+01  2.947E-04 2.889E-04 2.988E-04 3.034E-04 3.149E-04 3.181E-04 3.253E-04 3.383E-04 3.377E-04 3.442E-04 3.574E-04 3.565E-04 3.594E-04 3.656E-04 3.687E-04 3.613E-04 3.455E-04 3.217E-04 2.279E-04 1.361E-04 2.948E-04 3.852E-04 3.949E-04 3.565E-04 3.161E-04 2.530E-04 2.285E-04 1.803E-04 9.704E-05 1.744E-04 1.743E-04 1.389E-04 1.111E-04 1.011E-04 9.283E-05 8.930E-05 8.065E-05 7.345E-05 6.350E-05 5.392E-05 4.743E-05 3.011E-05 2.288E-05 1.988E-05 2.833E-05 3.396E-05 4.326E-05 4.729E-05 4.829E-05 5.249E-05 5.405E-05 5.422E-05 5.367E-05 4.944E-05 4.448E-05 4.100E-05 3.446E-05 2.783E-05 2.338E-05 1.516E-05 1.083E-05
  5.600E+01  2.606E-04 2.547E-04 2.605E-04 2.708E-04 2.767E-04 2.844E-04 2.918E-04 3.010E-04 2.991E-04 3.050E-04 3.143E-04 3.178E-04 3.207E-04 3.257E-04 3.270E-04 3.207E-04 3.056E-04 2.840E-04 1.998E-04 1.207E-04 2.643E-04 3.447E-04 3.527E-04 3.174E-04 2.809E-04 2.246E-04 2.030E-04 1.601E-04 8.633E-05 1.563E-04 1.559E-04 1.243E-04 9.957E-05 9.068E-05 8.335E-05 8.025E-05 7.253E-05 6.608E-05 5.716E-05 4.858E-05 4.274E-05 2.719E-05 2.071E-05 1.807E-05 2.597E-05 3.123E-05 3.998E-05 4.383E-05 4.478E-05 4.888E-05 5.042E-05 5.066E-05 5.019E-05 4.632E-05 4.173E-05 3.853E-05 3.246E-05 2.628E-05 2.211E-05 1.439E-05 1.032E-05
  5.800E+01  2.283E-04 2.271E-04 2.321E-04 2.438E-04 2.444E-04 2.580E-04 2.615E-04 2.663E-04 2.689E-04 2.741E-04 2.781E-04 2.835E-04 2.894E-04 2.891E-04 2.906E-04 2.857E-04 2.709E-04 2.518E-04 1.759E-04 1.074E-04 2.375E-04 3.092E-04 3.158E-04 2.833E-04 2.503E-04 1.999E-04 1.808E-04 1.425E-04 7.697E-05 1.403E-04 1.397E-04 1.115E-04 8.942E-05 8.149E-05 7.497E-05 7.223E-05 6.533E-05 5.954E-05 5.154E-05 4.383E-05 3.858E-05 2.459E-05 1.878E-05 1.644E-05 2.384E-05 2.875E-05 3.699E-05 4.066E-05 4.157E-05 4.555E-05 4.707E-05 4.736E-05 4.696E-05 4.341E-05 3.917E-05 3.621E-05 3.059E-05 2.482E-05 2.091E-05 1.366E-05 9.826E-06
  6.000E+01  2.014E-04 2.001E-04 1.998E-04 2.157E-04 2.236E-04 2.288E-04 2.337E-04 2.343E-04 2.410E-04 2.457E-04 2.525E-04 2.524E-04 2.577E-04 2.572E-04 2.586E-04 2.547E-04 2.408E-04 2.237E-04 1.554E-04 9.589E-05 2.140E-04 2.780E-04 2.835E-04 2.536E-04 2.237E-04 1.784E-04 1.615E-04 1.271E-04 6.879E-05 1.262E-04 1.255E-04 1.002E-04 8.044E-05 7.336E-05 6.755E-05 6.512E-05 5.895E-05 5.374E-05 4.655E-05 3.961E-05 3.488E-05 2.227E-05 1.706E-05 1.499E-05 2.191E-05 2.651E-05 3.426E-05 3.776E-05 3.863E-05 4.248E-05 4.397E-05 4.431E-05 4.397E-05 4.071E-05 3.678E-05 3.404E-05 2.882E-05 2.344E-05 1.978E-05 1.296E-05 9.360E-06
  6.200E+01  1.781E-04 1.770E-04 1.811E-04 1.909E-04 1.948E-04 1.997E-04 2.071E-04 2.168E-04 2.134E-04 2.179E-04 2.277E-04 2.252E-04 2.277E-04 2.316E-04 2.333E-04 2.273E-04 2.154E-04 1.993E-04 1.378E-04 8.590E-05 1.933E-04 2.507E-04 2.552E-04 2.275E-04 2.004E-04 1.597E-04 1.446E-04 1.137E-04 6.161E-05 1.137E-04 1.129E-04 9.016E-05 7.251E-05 6.616E-05 6.097E-05 5.882E-05 5.328E-05 4.859E-05 4.211E-05 3.585E-05 3.159E-05 2.021E-05 1.551E-05 1.369E-05 2.017E-05 2.448E-05 3.178E-05 3.511E-05 3.594E-05 3.966E-05 4.111E-05 4.149E-05 4.119E-05 3.820E-05 3.455E-05 3.202E-05 2.717E-05 2.215E-05 1.872E-05 1.230E-05 8.919E-06
  6.400E+01  1.567E-04 1.530E-04 1.619E-04 1.694E-04 1.741E-04 1.790E-04 1.847E-04 1.930E-04 1.920E-04 1.960E-04 2.027E-04 2.034E-04 2.052E-04 2.090E-04 2.102E-04 2.037E-04 1.934E-04 1.784E-04 1.228E-04 7.721E-05 1.750E-04 2.266E-04 2.304E-04 2.047E-04 1.800E-04 1.433E-04 1.298E-04 1.020E-04 5.531E-05 1.027E-04 1.019E-04 8.133E-05 6.548E-05 5.979E-05 5.514E-05 5.322E-05 4.824E-05 4.401E-05 3.816E-05 3.251E-05 2.866E-05 1.837E-05 1.414E-05 1.252E-05 1.860E-05 2.264E-05 2.952E-05 3.269E-05 3.348E-05 3.707E-05 3.848E-05 3.888E-05 3.863E-05 3.587E-05 3.249E-05 3.014E-05 2.563E-05 2.094E-05 1.771E-05 1.169E-05 8.502E-06
  6.600E+01  1.353E-04 1.436E-04 1.410E-04 1.522E-04 1.554E-04 1.659E-04 1.669E-04 1.674E-04 1.725E-04 1.763E-04 1.800E-04 1.832E-04 1.870E-04 1.876E-04 1.874E-04 1.838E-04 1.737E-04 1.603E-04 1.098E-04 6.963E-05 1.588E-04 2.053E-04 2.085E-04 1.848E-04 1.623E-04 1.289E-04 1.168E-04 9.171E-05 4.978E-05 9.292E-05 9.205E-05 7.352E-05 5.926E-05 5.414E-05 4.996E-05 4.825E-05 4.377E-05 3.994E-05 3.466E-05 2.954E-05 2.605E-05 1.673E-05 1.291E-05 1.148E-05 1.719E-05 2.098E-05 2.747E-05 3.048E-05 3.124E-05 3.469E-05 3.606E-05 3.648E-05 3.626E-05 3.372E-05 3.057E-05 2.839E-05 2.419E-05 1.981E-05 1.678E-05 1.110E-05 8.109E-06
  6.800E+01  1.248E-04 1.242E-04 1.244E-04 1.374E-04 1.391E-04 1.450E-04 1.519E-04 1.535E-04 1.550E-04 1.586E-04 1.643E-04 1.644E-04 1.678E-04 1.681E-04 1.693E-04 1.662E-04 1.563E-04 1.446E-04 9.855E-05 6.301E-05 1.445E-04 1.865E-04 1.891E-04 1.673E-04 1.467E-04 1.163E-04 1.054E-04 8.269E-05 4.491E-05 8.427E-05 8.338E-05 6.661E-05 5.374E-05 4.913E-05 4.537E-05 4.384E-05 3.979E-05 3.632E-05 3.153E-05 2.690E-05 2.373E-05 1.527E-05 1.181E-05 1.054E-05 1.592E-05 1.948E-05 2.560E-05 2.847E-05 2.919E-05 3.251E-05 3.384E-05 3.427E-05 3.408E-05 3.173E-05 2.879E-05 2.677E-05 2.286E-05 1.875E-05 1.590E-05 1.056E-05 7.740E-06
  7.000E+01  1.030E-04 1.094E-04 1.116E-04 1.222E-04 1.243E-04 1.302E-04 1.358E-04 1.405E-04 1.402E-04 1.435E-04 1.500E-04 1.473E-04 1.513E-04 1.526E-04 1.545E-04 1.504E-04 1.417E-04 1.307E-04 8.878E-05 5.721E-05 1.319E-04 1.699E-04 1.721E-04 1.519E-04 1.329E-04 1.053E-04 9.542E-05 7.476E-05 4.062E-05 7.659E-05 7.570E-05 6.048E-05 4.885E-05 4.468E-05 4.128E-05 3.991E-05 3.625E-05 3.310E-05 2.875E-05 2.454E-05 2.166E-05 1.397E-05 1.083E-05 9.706E-06 1.477E-05 1.812E-05 2.391E-05 2.664E-05 2.733E-05 3.052E-05 3.181E-05 3.224E-05 3.208E-05 2.989E-05 2.715E-05 2.527E-05 2.162E-05 1.776E-05 1.508E-05 1.005E-05 7.395E-06
  7.200E+01  9.756E-05 9.758E-05 1.031E-04 1.072E-04 1.124E-04 1.162E-04 1.190E-04 1.245E-04 1.260E-04 1.292E-04 1.332E-04 1.356E-04 1.368E-04 1.403E-04 1.402E-04 1.363E-04 1.291E-04 1.186E-04 8.035E-05 5.212E-05 1.206E-04 1.551E-04 1.570E-04 1.383E-04 1.209E-04 9.555E-05 8.661E-05 6.779E-05 3.684E-05 6.977E-05 6.889E-05 5.505E-05 4.450E-05 4.072E-05 3.765E-05 3.642E-05 3.310E-05 3.023E-05 2.628E-05 2.244E-05 1.982E-05 1.281E-05 9.960E-06 8.957E-06 1.374E-05 1.690E-05 2.238E-05 2.498E-05 2.564E-05 2.871E-05 2.995E-05 3.037E-05 3.024E-05 2.820E-05 2.564E-05 2.388E-05 2.047E-05 1.685E-05 1.432E-05 9.574E-06 7.073E-06
  7.400E+01  8.784E-05 8.812E-05 9.030E-05 9.634E-05 9.936E-05 1.068E-04 1.108E-04 1.118E-04 1.138E-04 1.169E-04 1.209E-04 1.233E-04 1.256E-04 1.272E-04 1.272E-04 1.245E-04 1.176E-04 1.081E-04 7.299E-05 4.764E-05 1.106E-04 1.420E-04 1.437E-04 1.263E-04 1.102E-04 8.698E-05 7.884E-05 6.165E-05 3.350E-05 6.370E-05 6.285E-05 5.023E-05 4.064E-05 3.721E-05 3.442E-05 3.332E-05 3.029E-05 2.768E-05 2.407E-05 2.057E-05 1.818E-05 1.177E-05 9.179E-06 8.287E-06 1.281E-05 1.580E-05 2.099E-05 2.348E-05 2.410E-05 2.705E-05 2.824E-05 2.867E-05 2.855E-05 2.664E-05 2.425E-05 2.260E-05 1.940E-05 1.600E-05 1.362E-05 9.134E-06 6.774E-06
  7.600E+01  7.515E-05 7.889E-05 7.997E-05 8.943E-05 9.040E-05 9.625E-05 1.011E-04 1.030E-04 1.046E-04 1.074E-04 1.110E-04 1.108E-04 1.146E-04 1.155E-04 1.168E-04 1.143E-04 1.074E-04 9.888E-05 6.653E-05 4.370E-05 1.016E-04 1.304E-04 1.319E-04 1.157E-04 1.008E-04 7.941E-05 7.198E-05 5.623E-05 3.055E-05 5.831E-05 5.748E-05 4.596E-05 3.721E-05 3.409E-05 3.155E-05 3.055E-05 2.779E-05 2.541E-05 2.211E-05 1.891E-05 1.672E-05 1.085E-05 8.483E-06 7.688E-06 1.197E-05 1.481E-05 1.974E-05 2.211E-05 2.271E-05 2.554E-05 2.669E-05 2.711E-05 2.701E-05 2.522E-05 2.297E-05 2.142E-05 1.842E-05 1.522E-05 1.297E-05 8.726E-06 6.496E-06
  7.800E+01  6.611E-05 7.049E-05 7.330E-05 7.787E-05 8.337E-05 8.461E-05 8.930E-05 9.505E-05 9.482E-05 9.760E-05 1.026E-04 1.011E-04 1.032E-04 1.065E-04 1.077E-04 1.045E-04 9.881E-05 9.067E-05 6.092E-05 4.022E-05 9.365E-05 1.201E-04 1.214E-04 1.063E-04 9.253E-05 7.273E-05 6.592E-05 5.144E-05 2.794E-05 5.350E-05 5.271E-05 4.215E-05 3.416E-05 3.131E-05 2.899E-05 2.809E-05 2.557E-05 2.338E-05 2.036E-05 1.742E-05 1.541E-05 1.003E-05 7.861E-06 7.153E-06 1.122E-05 1.391E-05 1.861E-05 2.088E-05 2.145E-05 2.417E-05 2.527E-05 2.569E-05 2.560E-05 2.391E-05 2.179E-05 2.035E-05 1.752E-05 1.450E-05 1.237E-05 8.349E-06 6.241E-06
  8.000E+01  6.097E-05 6.050E-05 6.732E-05 6.903E-05 7.481E-05 7.793E-05 8.091E-05 8.602E-05 8.645E-05 8.906E-05 9.362E-05 9.401E-05 9.557E-05 9.826E-05 9.891E-05 9.622E-05 9.115E-05 8.352E-05 5.605E-05 3.714E-05 8.652E-05 1.109E-04 1.120E-04 9.802E-05 8.519E-05 6.683E-05 6.055E-05 4.721E-05 2.563E-05 4.922E-05 4.847E-05 3.877E-05 3.145E-05 2.883E-05 2.672E-05 2.589E-05 2.358E-05 2.158E-05 1.880E-05 1.610E-05 1.425E-05 9.294E-06 7.307E-06 6.675E-06 1.055E-05 1.311E-05 1.759E-05 1.976E-05 2.031E-05 2.293E-05 2.399E-05 2.439E-05 2.431E-05 2.272E-05 2.072E-05 1.936E-05 1.670E-05 1.383E-05 1.181E-05 8.003E-06 6.006E-06
  8.200E+01  5.174E-05 5.985E-05 5.834E-05 6.511E-05 6.797E-05 7.336E-05 7.634E-05 7.760E-05 7.931E-05 8.185E-05 8.413E-05 8.651E-05 8.946E-05 9.051E-05 9.108E-05 8.953E-05 8.437E-05 7.739E-05 5.173E-05 3.441E-05 8.014E-05 1.027E-04 1.037E-04 9.069E-05 7.871E-05 6.160E-05 5.580E-05 4.347E-05 2.359E-05 4.541E-05 4.470E-05 3.576E-05 2.903E-05 2.663E-05 2.469E-05 2.394E-05 2.182E-05 1.997E-05 1.741E-05 1.492E-05 1.322E-05 8.641E-06 6.813E-06 6.249E-06 9.952E-06 1.239E-05 1.667E-05 1.876E-05 1.928E-05 2.180E-05 2.282E-05 2.321E-05 2.314E-05 2.163E-05 1.974E-05 1.846E-05 1.594E-05 1.323E-05 1.131E-05 7.687E-06 5.792E-06
  8.400E+01  4.743E-05 5.209E-05 5.417E-05 5.977E-05 6.352E-05 6.624E-05 7.027E-05 7.091E-05 7.400E-05 7.636E-05 7.781E-05 7.970E-05 8.225E-05 8.423E-05 8.431E-05 8.333E-05 7.841E-05 7.190E-05 4.794E-05 3.199E-05 7.443E-05 9.532E-05 9.632E-05 8.418E-05 7.296E-05 5.696E-05 5.158E-05 4.015E-05 2.177E-05 4.200E-05 4.133E-05 3.309E-05 2.688E-05 2.467E-05 2.289E-05 2.220E-05 2.024E-05 1.853E-05 1.617E-05 1.387E-05 1.229E-05 8.061E-06 6.374E-06 5.869E-06 9.415E-06 1.175E-05 1.585E-05 1.785E-05 1.836E-05 2.079E-05 2.177E-05 2.215E-05 2.208E-05 2.065E-05 1.886E-05 1.764E-05 1.525E-05 1.267E-05 1.085E-05 7.399E-06 5.598E-06
  8.600E+01  4.559E-05 4.533E-05 5.062E-05 5.154E-05 5.769E-05 5.972E-05 6.246E-05 6.791E-05 6.744E-05 6.982E-05 7.486E-05 7.433E-05 7.585E-05 7.814E-05 7.927E-05 7.739E-05 7.314E-05 6.696E-05 4.465E-05 2.984E-05 6.930E-05 8.877E-05 8.974E-05 7.836E-05 6.784E-05 5.285E-05 4.785E-05 3.721E-05 2.016E-05 3.896E-05 3.834E-05 3.070E-05 2.497E-05 2.293E-05 2.128E-05 2.065E-05 1.884E-05 1.726E-05 1.507E-05 1.294E-05 1.148E-05 7.544E-06 5.982E-06 5.530E-06 8.935E-06 1.118E-05 1.511E-05 1.704E-05 1.753E-05 1.987E-05 2.082E-05 2.118E-05 2.113E-05 1.975E-05 1.805E-05 1.689E-05 1.463E-05 1.217E-05 1.043E-05 7.138E-06 5.422E-06
  8.800E+01  4.078E-05 4.292E-05 4.744E-05 4.755E-05 5.353E-05 5.570E-05 5.836E-05 6.275E-05 6.303E-05 6.521E-05 6.834E-05 6.926E-05 7.129E-05 7.331E-05 7.428E-05 7.249E-05 6.863E-05 6.274E-05 4.177E-05 2.792E-05 6.470E-05 8.292E-05 8.388E-05 7.319E-05 6.330E-05 4.920E-05 4.453E-05 3.461E-05 1.874E-05 3.625E-05 3.567E-05 2.858E-05 2.327E-05 2.137E-05 1.985E-05 1.927E-05 1.759E-05 1.612E-05 1.409E-05 1.211E-05 1.075E-05 7.085E-06 5.635E-06 5.229E-06 8.507E-06 1.066E-05 1.445E-05 1.631E-05 1.678E-05 1.905E-05 1.996E-05 2.032E-05 2.026E-05 1.895E-05 1.732E-05 1.622E-05 1.406E-05 1.172E-05 1.005E-05 6.902E-06 5.265E-06
  9.000E+01  3.498E-05 4.206E-05 4.127E-05 4.631E-05 4.969E-05 5.389E-05 5.647E-05 5.619E-05 5.861E-05 6.081E-05 6.286E-05 6.549E-05 6.766E-05 6.914E-05 6.918E-05 6.855E-05 6.464E-05 5.906E-05 3.922E-05 2.622E-05 6.056E-05 7.769E-05 7.865E-05 6.860E-05 5.928E-05 4.596E-05 4.159E-05 3.230E-05 1.747E-05 3.382E-05 3.329E-05 2.670E-05 2.175E-05 1.999E-05 1.858E-05 1.804E-05 1.648E-05 1.511E-05 1.322E-05 1.137E-05 1.010E-05 6.678E-06 5.326E-06 4.962E-06 8.126E-06 1.020E-05 1.386E-05 1.566E-05 1.612E-05 1.831E-05 1.919E-05 1.954E-05 1.948E-05 1.822E-05 1.667E-05 1.561E-05 1.355E-05 1.131E-05 9.706E-06 6.691E-06 5.125E-06
  9.200E+01  3.439E-05 3.836E-05 3.934E-05 4.275E-05 4.631E-05 4.945E-05 5.157E-05 5.372E-05 5.549E-05 5.758E-05 6.039E-05 6.178E-05 6.331E-05 6.504E-05 6.569E-05 6.467E-05 6.102E-05 5.577E-05 3.699E-05 2.470E-05 5.684E-05 7.301E-05 7.398E-05 6.454E-05 5.571E-05 4.308E-05 3.897E-05 3.026E-05 1.634E-05 3.166E-05 3.117E-05 2.502E-05 2.040E-05 1.876E-05 1.745E-05 1.695E-05 1.550E-05 1.422E-05 1.244E-05 1.072E-05 9.524E-06 6.316E-06 5.053E-06 4.725E-06 7.788E-06 9.798E-06 1.334E-05 1.508E-05 1.552E-05 1.766E-05 1.850E-05 1.884E-05 1.879E-05 1.757E-05 1.608E-05 1.507E-05 1.309E-05 1.094E-05 9.401E-06 6.504E-06 5.002E-06
  9.400E+01  3.337E-05 3.474E-05 3.780E-05 3.800E-05 4.338E-05 4.560E-05 4.787E-05 5.287E-05 5.219E-05 5.429E-05 5.801E-05 5.806E-05 5.946E-05 6.141E-05 6.290E-05 6.138E-05 5.790E-05 5.294E-05 3.508E-05 2.334E-05 5.350E-05 6.882E-05 6.982E-05 6.095E-05 5.256E-05 4.053E-05 3.666E-05 2.845E-05 1.534E-05 2.972E-05 2.928E-05 2.353E-05 1.921E-05 1.767E-05 1.644E-05 1.598E-05 1.462E-05 1.342E-05 1.176E-05 1.014E-05 9.015E-06 5.997E-06 4.811E-06 4.515E-06 7.489E-06 9.438E-06 1.288E-05 1.457E-05 1.500E-05 1.707E-05 1.789E-05 1.822E-05 1.817E-05 1.698E-05 1.555E-05 1.459E-05 1.269E-05 1.061E-05 9.129E-06 6.339E-06 4.895E-06
  9.600E+01  2.995E-05 3.294E-05 3.527E-05 3.850E-05 4.140E-05 4.397E-05 4.708E-05 4.747E-05 5.026E-05 5.225E-05 5.389E-05 5.507E-05 5.746E-05 5.866E-05 5.923E-05 5.905E-05 5.521E-05 5.061E-05 3.342E-05 2.212E-05 5.049E-05 6.509E-05 6.610E-05 5.778E-05 4.977E-05 3.827E-05 3.460E-05 2.684E-05 1.446E-05 2.799E-05 2.760E-05 2.220E-05 1.814E-05 1.670E-05 1.555E-05 1.512E-05 1.384E-05 1.271E-05 1.115E-05 9.621E-06 8.564E-06 5.714E-06 4.597E-06 4.330E-06 7.225E-06 9.120E-06 1.247E-05 1.411E-05 1.453E-05 1.655E-05 1.735E-05 1.766E-05 1.762E-05 1.647E-05 1.509E-05 1.416E-05 1.233E-05 1.033E-05 8.890E-06 6.195E-06 4.803E-06
  9.800E+01  2.691E-05 3.479E-05 3.116E-05 3.797E-05 3.894E-05 4.421E-05 4.623E-05 4.456E-05 4.796E-05 4.991E-05 5.115E-05 5.294E-05 5.625E-05 5.560E-05 5.654E-05 5.677E-05 5.285E-05 4.852E-05 3.198E-05 2.103E-05 4.777E-05 6.175E-05 6.281E-05 5.496E-05 4.730E-05 3.627E-05 3.278E-05 2.542E-05 1.367E-05 2.644E-05 2.611E-05 2.102E-05 1.720E-05 1.585E-05 1.476E-05 1.436E-05 1.315E-05 1.209E-05 1.061E-05 9.166E-06 8.166E-06 5.465E-06 4.409E-06 4.167E-06 6.992E-06 8.840E-06 1.210E-05 1.371E-05 1.412E-05 1.610E-05 1.687E-05 1.718E-05 1.713E-05 1.601E-05 1.468E-05 1.378E-05 1.201E-05 1.007E-05 8.681E-06 6.071E-06 4.726E-06
  1.000E+02  2.664E-05 3.052E-05 3.128E-05 3.506E-05 3.785E-05 4.077E-05 4.303E-05 4.485E-05 4.618E-05 4.804E-05 4.999E-05 5.137E-05 5.320E-05 5.413E-05 5.526E-05 5.433E-05 5.111E-05 4.656E-05 3.072E-05 2.006E-05 4.533E-05 5.879E-05 5.991E-05 5.245E-05 4.511E-05 3.450E-05 3.118E-05 2.417E-05 1.297E-05 2.506E-05 2.478E-05 1.998E-05 1.637E-05 1.509E-05 1.406E-05 1.368E-05 1.254E-05 1.153E-05 1.013E-05 8.765E-06 7.815E-06 5.246E-06 4.244E-06 4.024E-06 6.788E-06 8.594E-06 1.179E-05 1.336E-05 1.376E-05 1.570E-05 1.645E-05 1.675E-05 1.670E-05 1.561E-05 1.432E-05 1.344E-05 1.173E-05 9.852E-06 8.500E-06 5.966E-06 4.662E-06
  1.020E+02  2.683E-05 2.944E-05 3.138E-05 3.316E-05 3.724E-05 3.814E-05 4.037E-05 4.432E-05 4.499E-05 4.677E-05 4.934E-05 4.948E-05 5.048E-05 5.307E-05 5.394E-05 5.243E-05 4.963E-05 4.497E-05 2.966E-05 1.919E-05 4.314E-05 5.615E-05 5.736E-05 5.023E-05 4.318E-05 3.294E-05 2.976E-05 2.307E-05 1.235E-05 2.383E-05 2.360E-05 1.905E-05 1.563E-05 1.442E-05 1.345E-05 1.309E-05 1.201E-05 1.105E-05 9.716E-06 8.413E-06 7.507E-06 5.055E-06 4.099E-06 3.898E-06 6.609E-06 8.380E-06 1.151E-05 1.306E-05 1.345E-05 1.535E-05 1.609E-05 1.638E-05 1.633E-05 1.526E-05 1.400E-05 1.316E-05 1.149E-05 9.664E-06 8.346E-06 5.878E-06 4.611E-06
  1.040E+02  2.713E-05 2.918E-05 2.977E-05 3.414E-05 3.697E-05 3.796E-05 4.074E-05 4.223E-05 4.497E-05 4.662E-05 4.853E-05 4.773E-05 4.986E-05 5.083E-05 5.221E-05 5.145E-05 4.808E-05 4.385E-05 2.880E-05 1.841E-05 4.116E-05 5.383E-05 5.512E-05 4.831E-05 4.151E-05 3.156E-05 2.852E-05 2.210E-05 1.180E-05 2.274E-05 2.255E-05 1.824E-05 1.498E-05 1.383E-05 1.290E-05 1.256E-05 1.154E-05 1.062E-05 9.349E-06 8.104E-06 7.237E-06 4.887E-06 3.972E-06 3.789E-06 6.454E-06 8.194E-06 1.127E-05 1.279E-05 1.318E-05 1.505E-05 1.577E-05 1.605E-05 1.601E-05 1.496E-05 1.373E-05 1.291E-05 1.129E-05 9.504E-06 8.217E-06 5.807E-06 4.572E-06
  1.060E+02  2.732E-05 2.943E-05 2.901E-05 3.487E-05 3.608E-05 3.835E-05 4.187E-05 4.135E-05 4.391E-05 4.558E-05 4.715E-05 4.653E-05 4.974E-05 4.972E-05 5.088E-05 5.062E-05 4.700E-05 4.292E-05 2.811E-05 1.770E-05 3.939E-05 5.177E-05 5.315E-05 4.667E-05 4.007E-05 3.037E-05 2.743E-05 2.126E-05 1.131E-05 2.176E-05 2.163E-05 1.752E-05 1.441E-05 1.331E-05 1.243E-05 1.210E-05 1.112E-05 1.025E-05 9.029E-06 7.834E-06 7.002E-06 4.741E-06 3.862E-06 3.694E-06 6.320E-06 8.033E-06 1.107E-05 1.257E-05 1.295E-05 1.479E-05 1.550E-05 1.578E-05 1.573E-05 1.470E-05 1.350E-05 1.270E-05 1.112E-05 9.371E-06 8.111E-06 5.751E-06 4.544E-06
  1.080E+02  2.902E-05 2.775E-05 3.100E-05 3.243E-05 3.673E-05 3.777E-05 3.869E-05 4.162E-05 4.305E-05 4.461E-05 4.624E-05 4.674E-05 4.878E-05 5.003E-05 5.062E-05 4.945E-05 4.650E-05 4.201E-05 2.754E-05 1.707E-05 3.780E-05 4.998E-05 5.144E-05 4.525E-05 3.883E-05 2.933E-05 2.648E-05 2.052E-05 1.088E-05 2.089E-05 2.082E-05 1.689E-05 1.391E-05 1.285E-05 1.201E-05 1.170E-05 1.076E-05 9.920E-06 8.749E-06 7.600E-06 6.798E-06 4.615E-06 3.767E-06 3.612E-06 6.205E-06 7.896E-06 1.089E-05 1.238E-05 1.275E-05 1.458E-05 1.527E-05 1.555E-05 1.550E-05 1.449E-05 1.331E-05 1.252E-05 1.098E-05 9.264E-06 8.026E-06 5.710E-06 4.527E-06
  1.100E+02  2.792E-05 2.814E-05 3.176E-05 3.178E-05 3.542E-05 3.614E-05 3.832E-05 4.294E-05 4.234E-05 4.391E-05 4.747E-05 4.665E-05 4.754E-05 4.968E-05 5.083E-05 4.870E-05 4.603E-05 4.136E-05 2.710E-05 1.651E-05 3.638E-05 4.842E-05 4.999E-05 4.406E-05 3.777E-05 2.843E-05 2.566E-05 1.989E-05 1.050E-05 2.013E-05 2.011E-05 1.634E-05 1.348E-05 1.246E-05 1.165E-05 1.136E-05 1.045E-05 9.638E-06 8.508E-06 7.397E-06 6.622E-06 4.506E-06 3.685E-06 3.541E-06 6.107E-06 7.779E-06 1.074E-05 1.221E-05 1.259E-05 1.440E-05 1.509E-05 1.536E-05 1.531E-05 1.431E-05 1.316E-05 1.238E-05 1.086E-05 9.180E-06 7.961E-06 5.682E-06 4.520E-06
  1.120E+02  3.046E-05 2.863E-05 3.125E-05 3.233E-05 3.600E-05 3.635E-05 3.873E-05 4.329E-05 4.280E-05 4.433E-05 4.827E-05 4.637E-05 4.755E-05 4.918E-05 5.041E-05 4.866E-05 4.562E-05 4.110E-05 2.682E-05 1.600E-05 3.511E-05 4.709E-05 4.878E-05 4.307E-05 3.690E-05 2.767E-05 2.497E-05 1.935E-05 1.017E-05 1.945E-05 1.949E-05 1.587E-05 1.310E-05 1.212E-05 1.134E-05 1.106E-05 1.018E-05 9.394E-06 8.300E-06 7.223E-06 6.471E-06 4.413E-06 3.616E-06 3.482E-06 6.024E-06 7.681E-06 1.062E-05 1.208E-05 1.245E-05 1.425E-05 1.493E-05 1.520E-05 1.515E-05 1.416E-05 1.303E-05 1.227E-05 1.077E-05 9.118E-06 7.915E-06 5.667E-06 4.522E-06
  1.140E+02  3.004E-05 3.026E-05 3.208E-05 3.408E-05 3.698E-05 3.848E-05 3.977E-05 4.170E-05 4.339E-05 4.489E-05 4.690E-05 4.681E-05 4.864E-05 4.984E-05 5.015E-05 4.888E-05 4.567E-05 4.105E-05 2.669E-05 1.555E-05 3.398E-05 4.596E-05 4.779E-05 4.227E-05 3.619E-05 2.703E-05 2.438E-05 1.889E-05 9.879E-06 1.885E-05 1.895E-05 1.546E-05 1.278E-05 1.183E-05 1.107E-05 1.080E-05 9.950E-06 9.187E-06 8.124E-06 7.076E-06 6.342E-06 4.335E-06 3.556E-06 3.431E-06 5.955E-06 7.600E-06 1.052E-05 1.197E-05 1.234E-05 1.413E-05 1.481E-05 1.507E-05 1.503E-05 1.405E-05 1.293E-05 1.219E-05 1.071E-05 9.075E-06 7.886E-06 5.663E-06 4.533E-06
  1.160E+02  2.982E-05 3.016E-05 3.334E-05 3.412E-05 3.497E-05 3.910E-05 4.061E-05 4.355E-05 4.297E-05 4.445E-05 4.691E-05 4.820E-05 4.955E-05 5.070E-05 5.113E-05 4.905E-05 4.607E-05 4.110E-05 2.667E-05 1.514E-05 3.298E-05 4.504E-05 4.702E-05 4.166E-05 3.564E-05 2.650E-05 2.390E-05 1.851E-05 9.624E-06 1.832E-05 1.849E-05 1.511E-05 1.250E-05 1.158E-05 1.084E-05 1.058E-05 9.755E-06 9.012E-06 7.975E-06 6.952E-06 6.235E-06 4.269E-06 3.507E-06 3.389E-06 5.898E-06 7.534E-06 1.044E-05 1.189E-05 1.226E-05 1.404E-05 1.472E-05 1.498E-05 1.494E-05 1.396E-05 1.286E-05 1.213E-05 1.067E-05 9.051E-06 7.873E-06 5.670E-06 4.551E-06
  1.180E+02  3.031E-05 3.233E-05 3.291E-05 3.583E-05 3.466E-05 4.040E-05 4.152E-05 4.414E-05 4.249E-05 4.410E-05 4.759E-05 4.995E-05 5.041E-05 5.175E-05 5.192E-05 4.951E-05 4.666E-05 4.132E-05 2.675E-05 1.477E-05 3.210E-05 4.431E-05 4.646E-05 4.125E-05 3.525E-05 2.609E-05 2.352E-05 1.821E-05 9.403E-06 1.787E-05 1.810E-05 1.482E-05 1.228E-05 1.137E-05 1.066E-05 1.040E-05 9.593E-06 8.866E-06 7.851E-06 6.849E-06 6.146E-06 4.215E-06 3.466E-06 3.354E-06 5.852E-06 7.482E-06 1.038E-05 1.183E-05 1.219E-05 1.398E-05 1.465E-05 1.491E-05 1.487E-05 1.391E-05 1.282E-05 1.209E-05 1.065E-05 9.044E-06 7.874E-06 5.687E-06 4.576E-06
  1.200E+02  2.781E-05 3.093E-05 3.161E-05 3.662E-05 3.776E-05 4.140E-05 4.254E-05 4.417E-05 4.572E-05 4.710E-05 4.925E-05 5.096E-05 5.162E-05 5.286E-05 5.303E-05 5.039E-05 4.744E-05 4.183E-05 2.691E-05 1.445E-05 3.134E-05 4.376E-05 4.610E-05 4.102E-05 3.501E-05 2.578E-05 2.322E-05 1.797E-05 9.212E-06 1.747E-05 1.777E-05 1.458E-05 1.209E-05 1.120E-05 1.050E-05 1.025E-05 9.460E-06 8.746E-06 7.750E-06 6.765E-06 6.073E-06 4.171E-06 3.433E-06 3.326E-06 5.816E-06 7.442E-06 1.034E-05 1.178E-05 1.215E-05 1.393E-05 1.461E-05 1.487E-05 1.483E-05 1.387E-05 1.280E-05 1.207E-05 1.064E-05 9.051E-06 7.888E-06 5.712E-06 4.608E-06
  1.220E+02  2.530E-05 3.056E-05 3.288E-05 3.739E-05 3.832E-05 4.256E-05 4.410E-05 4.703E-05 4.745E-05 4.888E-05 5.038E-05 5.217E-05 5.342E-05 5.434E-05 5.457E-05 5.177E-05 4.843E-05 4.263E-05 2.722E-05 1.415E-05 3.068E-05 4.340E-05 4.594E-05 4.097E-05 3.492E-05 2.556E-05 2.301E-05 1.779E-05 9.049E-06 1.713E-05 1.751E-05 1.438E-05 1.194E-05 1.107E-05 1.038E-05 1.013E-05 9.354E-06 8.651E-06 7.670E-06 6.699E-06 6.016E-06 4.136E-06 3.407E-06 3.304E-06 5.789E-06 7.413E-06 1.031E-05 1.175E-05 1.212E-05 1.391E-05 1.459E-05 1.485E-05 1.482E-05 1.386E-05 1.279E-05 1.207E-05 1.066E-05 9.073E-06 7.914E-06 5.745E-06 4.646E-06
  1.240E+02  2.222E-05 3.096E-05 3.124E-05 3.967E-05 4.082E-05 4.408E-05 4.676E-05 4.823E-05 4.947E-05 5.092E-05 5.301E-05 5.411E-05 5.568E-05 5.608E-05 5.609E-05 5.356E-05 4.968E-05 4.370E-05 2.767E-05 1.389E-05 3.011E-05 4.322E-05 4.599E-05 4.109E-05 3.497E-05 2.545E-05 2.289E-05 1.768E-05 8.910E-06 1.685E-05 1.729E-05 1.423E-05 1.182E-05 1.096E-05 1.028E-05 1.004E-05 9.272E-06 8.578E-06 7.608E-06 6.648E-06 5.972E-06 4.110E-06 3.387E-06 3.287E-06 5.769E-06 7.393E-06 1.029E-05 1.174E-05 1.211E-05 1.391E-05 1.458E-05 1.485E-05 1.482E-05 1.387E-05 1.281E-05 1.209E-05 1.069E-05 9.107E-06 7.950E-06 5.785E-06 4.688E-06
  1.260E+02  2.349E-05 2.990E-05 3.344E-05 4.015E-05 4.409E-05 4.628E-05 4.908E-05 5.021E-05 5.405E-05 5.533E-05 5.570E-05 5.720E-05 5.902E-05 5.893E-05 5.853E-05 5.569E-05 5.141E-05 4.500E-05 2.815E-05 1.366E-05 2.964E-05 4.321E-05 4.624E-05 4.142E-05 3.518E-05 2.542E-05 2.284E-05 1.761E-05 8.795E-06 1.661E-05 1.713E-05 1.412E-05 1.173E-05 1.088E-05 1.021E-05 9.971E-06 9.213E-06 8.525E-06 7.564E-06 6.612E-06 5.941E-06 4.090E-06 3.372E-06 3.274E-06 5.757E-06 7.382E-06 1.028E-05 1.174E-05 1.211E-05 1.392E-05 1.460E-05 1.487E-05 1.484E-05 1.389E-05 1.284E-05 1.213E-05 1.073E-05 9.152E-06 7.996E-06 5.831E-06 4.735E-06
  1.280E+02  2.323E-05 3.072E-05 3.548E-05 4.439E-05 4.580E-05 4.968E-05 5.397E-05 5.438E-05 5.725E-05 5.874E-05 5.843E-05 6.068E-05 6.281E-05 6.233E-05 6.141E-05 5.837E-05 5.342E-05 4.648E-05 2.866E-05 1.345E-05 2.925E-05 4.339E-05 4.670E-05 4.193E-05 3.553E-05 2.548E-05 2.286E-05 1.761E-05 8.700E-06 1.641E-05 1.702E-05 1.405E-05 1.167E-05 1.083E-05 1.016E-05 9.927E-06 9.174E-06 8.491E-06 7.535E-06 6.588E-06 5.921E-06 4.078E-06 3.362E-06 3.266E-06 5.750E-06 7.378E-06 1.029E-05 1.175E-05 1.212E-05 1.394E-05 1.463E-05 1.491E-05 1.487E-05 1.393E-05 1.288E-05 1.218E-05 1.078E-05 9.206E-06 8.050E-06 5.883E-06 4.786E-06
  1.300E+02  2.458E-05 3.257E-05 3.832E-05 4.596E-05 5.098E-05 5.390E-05 5.674E-05 6.001E-05 6.120E-05 6.256E-05 6.478E-05 6.533E-05 6.744E-05 6.635E-05 6.513E-05 6.108E-05 5.570E-05 4.815E-05 2.925E-05 1.327E-05 2.895E-05 4.374E-05 4.737E-05 4.262E-05 3.601E-05 2.562E-05 2.296E-05 1.765E-05 8.623E-06 1.626E-05 1.696E-05 1.401E-05 1.164E-05 1.080E-05 1.014E-05 9.903E-06 9.153E-06 8.473E-06 7.521E-06 6.576E-06 5.911E-06 4.071E-06 3.357E-06 3.262E-06 5.749E-06 7.380E-06 1.030E-05 1.177E-05 1.215E-05 1.398E-05 1.467E-05 1.496E-05 1.492E-05 1.399E-05 1.294E-05 1.224E-05 1.084E-05 9.269E-06 8.111E-06 5.939E-06 4.841E-06
  1.320E+02  2.705E-05 3.783E-05 4.395E-05 5.139E-05 5.515E-05 6.082E-05 6.371E-05 6.623E-05 6.720E-05 6.851E-05 7.108E-05 7.145E-05 7.299E-05 7.150E-05 6.975E-05 6.437E-05 5.837E-05 5.007E-05 2.986E-05 1.311E-05 2.872E-05 4.427E-05 4.827E-05 4.349E-05 3.664E-05 2.584E-05 2.313E-05 1.773E-05 8.565E-06 1.614E-05 1.693E-05 1.401E-05 1.164E-05 1.080E-05 1.013E-05 9.899E-06 9.150E-06 8.470E-06 7.519E-06 6.575E-06 5.909E-06 4.070E-06 3.355E-06 3.260E-06 5.752E-06 7.389E-06 1.032E-05 1.181E-05 1.218E-05 1.403E-05 1.473E-05 1.502E-05 1.499E-05 1.405E-05 1.301E-05 1.231E-05 1.091E-05 9.340E-06 8.179E-06 6.000E-06 4.898E-06
  1.340E+02  3.158E-05 4.175E-05 5.501E-05 5.802E-05 6.444E-05 6.725E-05 7.002E-05 7.622E-05 7.554E-05 7.660E-05 7.869E-05 7.767E-05 7.846E-05 7.789E-05 7.516E-05 6.820E-05 6.149E-05 5.216E-05 3.042E-05 1.297E-05 2.855E-05 4.500E-05 4.941E-05 4.455E-05 3.741E-05 2.615E-05 2.336E-05 1.786E-05 8.521E-06 1.606E-05 1.695E-05 1.403E-05 1.166E-05 1.081E-05 1.015E-05 9.912E-06 9.162E-06 8.481E-06 7.528E-06 6.583E-06 5.916E-06 4.073E-06 3.356E-06 3.261E-06 5.760E-06 7.402E-06 1.035E-05 1.184E-05 1.222E-05 1.409E-05 1.480E-05 1.509E-05 1.506E-05 1.413E-05 1.308E-05 1.238E-05 1.099E-05 9.417E-06 8.252E-06 6.063E-06 4.957E-06
  1.360E+02  3.811E-05 5.544E-05 6.018E-05 7.396E-05 7.666E-05 8.075E-05 8.405E-05 8.541E-05 8.600E-05 8.652E-05 8.749E-05 8.684E-05 8.750E-05 8.416E-05 8.011E-05 7.283E-05 6.466E-05 5.456E-05 3.099E-05 1.284E-05 2.845E-05 4.591E-05 5.079E-05 4.582E-05 3.833E-05 2.653E-05 2.366E-05 1.803E-05 8.492E-06 1.600E-05 1.700E-05 1.408E-05 1.169E-05 1.085E-05 1.018E-05 9.942E-06 9.189E-06 8.505E-06 7.548E-06 6.599E-06 5.930E-06 4.080E-06 3.361E-06 3.265E-06 5.770E-06 7.420E-06 1.039E-05 1.189E-05 1.227E-05 1.416E-05 1.487E-05 1.517E-05 1.514E-05 1.421E-05 1.317E-05 1.247E-05 1.108E-05 9.499E-06 8.329E-06 6.130E-06 5.018E-06
  1.380E+02  4.940E-05 7.145E-05 7.679E-05 8.965E-05 8.885E-05 9.701E-05 9.930E-05 9.596E-05 9.687E-05 9.685E-05 9.628E-05 9.675E-05 9.758E-05 9.181E-05 8.573E-05 7.761E-05 6.793E-05 5.698E-05 3.150E-05 1.273E-05 2.840E-05 4.702E-05 5.241E-05 4.731E-05 3.939E-05 2.698E-05 2.401E-05 1.824E-05 8.477E-06 1.598E-05 1.708E-05 1.416E-05 1.175E-05 1.090E-05 1.022E-05 9.986E-06 9.228E-06 8.540E-06 7.578E-06 6.623E-06 5.951E-06 4.091E-06 3.367E-06 3.271E-06 5.784E-06 7.441E-06 1.042E-05 1.194E-05 1.232E-05 1.423E-05 1.495E-05 1.526E-05 1.524E-05 1.430E-05 1.326E-05 1.256E-05 1.117E-05 9.585E-06 8.410E-06 6.198E-06 5.080E-06
  1.400E+02  6.876E-05 9.027E-05 9.699E-05 1.069E-04 1.080E-04 1.103E-04 1.103E-04 1.105E-04 1.096E-04 1.088E-04 1.082E-04 1.070E-04 1.058E-04 1.000E-04 9.180E-05 8.192E-05 7.147E-05 5.914E-05 3.188E-05 1.264E-05 2.840E-05 4.832E-05 5.428E-05 4.899E-05 4.058E-05 2.750E-05 2.443E-05 1.848E-05 8.473E-06 1.598E-05 1.720E-05 1.426E-05 1.183E-05 1.097E-05 1.028E-05 1.004E-05 9.279E-06 8.585E-06 7.616E-06 6.654E-06 5.977E-06 4.105E-06 3.376E-06 3.278E-06 5.800E-06 7.465E-06 1.047E-05 1.200E-05 1.238E-05 1.431E-05 1.504E-05 1.535E-05 1.533E-05 1.440E-05 1.336E-05 1.266E-05 1.126E-05 9.674E-06 8.493E-06 6.267E-06 5.143E-06
  1.420E+02  9.385E-05 1.179E-04 1.205E-04 1.271E-04 1.278E-04 1.259E-04 1.260E-04 1.265E-04 1.210E-04 1.194E-04 1.201E-04 1.165E-04 1.141E-04 1.086E-04 9.934E-05 8.620E-05 7.499E-05 6.121E-05 3.217E-05 1.256E-05 2.843E-05 4.981E-05 5.639E-05 5.087E-05 4.190E-05 2.809E-05 2.489E-05 1.876E-05 8.480E-06 1.600E-05 1.734E-05 1.439E-05 1.192E-05 1.105E-05 1.036E-05 1.011E-05 9.341E-06 8.640E-06 7.662E-06 6.691E-06 6.008E-06 4.121E-06 3.387E-06 3.287E-06 5.818E-06 7.491E-06 1.051E-05 1.205E-05 1.244E-05 1.439E-05 1.513E-05 1.545E-05 1.543E-05 1.450E-05 1.346E-05 1.276E-05 1.136E-05 9.766E-06 8.578E-06 6.338E-06 5.206E-06
  1.440E+02  1.353E-04 1.479E-04 1.374E-04 1.428E-04 1.352E-04 1.396E-04 1.372E-04 1.367E-04 1.295E-04 1.279E-04 1.281E-04 1.271E-04 1.216E-04 1.160E-04 1.053E-04 9.050E-05 7.803E-05 6.323E-05 3.243E-05 1.249E-05 2.847E-05 5.149E-05 5.876E-05 5.292E-05 4.334E-05 2.873E-05 2.540E-05 1.906E-05 8.497E-06 1.605E-05 1.752E-05 1.453E-05 1.202E-05 1.114E-05 1.044E-05 1.019E-05 9.412E-06 8.703E-06 7.714E-06 6.734E-06 6.044E-06 4.140E-06 3.399E-06 3.297E-06 5.837E-06 7.519E-06 1.056E-05 1.212E-05 1.251E-05 1.448E-05 1.523E-05 1.555E-05 1.554E-05 1.461E-05 1.356E-05 1.286E-05 1.146E-05 9.858E-06 8.664E-06 6.408E-06 5.269E-06
  1.460E+02  1.657E-04 1.502E-04 1.494E-04 1.463E-04 1.481E-04 1.413E-04 1.373E-04 1.396E-04 1.367E-04 1.351E-04 1.358E-04 1.321E-04 1.251E-04 1.213E-04 1.080E-04 9.366E-05 8.055E-05 6.491E-05 3.269E-05 1.243E-05 2.851E-05 5.334E-05 6.137E-05 5.513E-05 4.487E-05 2.942E-05 2.595E-05 1.939E-05 8.522E-06 1.611E-05 1.771E-05 1.469E-05 1.214E-05 1.125E-05 1.053E-05 1.028E-05 9.491E-06 8.773E-06 7.772E-06 6.780E-06 6.083E-06 4.160E-06 3.412E-06 3.308E-06 5.857E-06 7.548E-06 1.061E-05 1.218E-05 1.258E-05 1.456E-05 1.533E-05 1.566E-05 1.565E-05 1.472E-05 1.367E-05 1.297E-05 1.156E-05 9.952E-06 8.749E-06 6.478E-06 5.330E-06
  1.480E+02  1.682E-04 1.552E-04 1.440E-04 1.446E-04 1.447E-04 1.451E-04 1.418E-04 1.440E-04 1.376E-04 1.367E-04 1.400E-04 1.354E-04 1.302E-04 1.243E-04 1.114E-04 9.650E-05 8.246E-05 6.647E-05 3.297E-05 1.238E-05 2.852E-05 5.533E-05 6.417E-05 5.749E-05 4.649E-05 3.016E-05 2.653E-05 1.975E-05 8.556E-06 1.618E-05 1.792E-05 1.487E-05 1.228E-05 1.136E-05 1.064E-05 1.038E-05 9.578E-06 8.850E-06 7.835E-06 6.831E-06 6.125E-06 4.182E-06 3.426E-06 3.319E-06 5.878E-06 7.578E-06 1.066E-05 1.224E-05 1.264E-05 1.465E-05 1.542E-05 1.576E-05 1.575E-05 1.483E-05 1.377E-05 1.307E-05 1.166E-05 1.004E-05 8.835E-06 6.547E-06 5.391E-06
  1.500E+02  1.608E-04 1.490E-04 1.351E-04 1.441E-04 1.357E-04 1.482E-04 1.413E-04 1.389E-04 1.354E-04 1.352E-04 1.356E-04 1.371E-04 1.351E-04 1.268E-04 1.130E-04 9.927E-05 8.436E-05 6.793E-05 3.328E-05 1.233E-05 2.847E-05 5.741E-05 6.711E-05 5.996E-05 4.816E-05 3.092E-05 2.714E-05 2.012E-05 8.596E-06 1.627E-05 1.815E-05 1.506E-05 1.242E-05 1.149E-05 1.075E-05 1.049E-05 9.670E-06 8.932E-06 7.903E-06 6.885E-06 6.170E-06 4.205E-06 3.441E-06 3.331E-06 5.900E-06 7.608E-06 1.071E-05 1.231E-05 1.271E-05 1.474E-05 1.552E-05 1.587E-05 1.586E-05 1.494E-05 1.388E-05 1.318E-05 1.176E-05 1.014E-05 8.919E-06 6.615E-06 5.450E-06
  1.520E+02  1.484E-04 1.405E-04 1.292E-04 1.416E-04 1.311E-04 1.431E-04 1.416E-04 1.330E-04 1.338E-04 1.346E-04 1.368E-04 1.370E-04 1.350E-04 1.269E-04 1.133E-04 1.018E-04 8.575E-05 6.937E-05 3.370E-05 1.230E-05 2.834E-05 5.950E-05 7.013E-05 6.247E-05 4.985E-05 3.169E-05 2.776E-05 2.050E-05 8.642E-06 1.636E-05 1.839E-05 1.526E-05 1.257E-05 1.162E-05 1.087E-05 1.060E-05 9.768E-06 9.018E-06 7.973E-06 6.941E-06 6.217E-06 4.229E-06 3.456E-06 3.343E-06 5.922E-06 7.639E-06 1.076E-05 1.237E-05 1.278E-05 1.483E-05 1.562E-05 1.597E-05 1.597E-05 1.504E-05 1.398E-05 1.328E-05 1.186E-05 1.023E-05 9.001E-06 6.680E-06 5.508E-06
  1.540E+02  1.329E-04 1.221E-04 1.245E-04 1.295E-04 1.313E-04 1.299E-04 1.340E-04 1.354E-04 1.338E-04 1.349E-04 1.376E-04 1.351E-04 1.302E-04 1.281E-04 1.160E-04 1.037E-04 8.731E-05 7.068E-05 3.421E-05 1.227E-05 2.809E-05 6.150E-05 7.314E-05 6.488E-05 5.147E-05 3.246E-05 2.838E-05 2.090E-05 8.694E-06 1.645E-05 1.863E-05 1.547E-05 1.272E-05 1.175E-05 1.099E-05 1.071E-05 9.869E-06 9.107E-06 8.046E-06 6.999E-06 6.265E-06 4.253E-06 3.471E-06 3.355E-06 5.943E-06 7.669E-06 1.081E-05 1.243E-05 1.284E-05 1.492E-05 1.572E-05 1.608E-05 1.607E-05 1.515E-05 1.409E-05 1.338E-05 1.196E-05 1.031E-05 9.080E-06 6.743E-06 5.563E-06
  1.560E+02  1.339E-04 1.180E-04 1.216E-04 1.252E-04 1.250E-04 1.270E-04 1.285E-04 1.353E-04 1.320E-04 1.336E-04 1.361E-04 1.363E-04 1.307E-04 1.303E-04 1.191E-04 1.049E-04 8.948E-05 7.212E-05 3.491E-05 1.225E-05 2.769E-05 6.323E-05 7.596E-05 6.706E-05 5.298E-05 3.320E-05 2.899E-05 2.130E-05 8.748E-06 1.654E-05 1.887E-05 1.568E-05 1.288E-05 1.189E-05 1.111E-05 1.083E-05 9.973E-06 9.198E-06 8.121E-06 7.058E-06 6.314E-06 4.277E-06 3.486E-06 3.367E-06 5.964E-06 7.698E-06 1.086E-05 1.249E-05 1.291E-05 1.500E-05 1.581E-05 1.617E-05 1.617E-05 1.525E-05 1.418E-05 1.348E-05 1.205E-05 1.040E-05 9.156E-06 6.804E-06 5.615E-06
  1.580E+02  1.247E-04 1.190E-04 1.219E-04 1.226E-04 1.287E-04 1.294E-04 1.318E-04 1.344E-04 1.327E-04 1.344E-04 1.407E-04 1.375E-04 1.343E-04 1.332E-04 1.221E-04 1.077E-04 9.207E-05 7.425E-05 3.587E-05 1.223E-05 2.714E-05 6.451E-05 7.833E-05 6.897E-05 5.432E-05 3.387E-05 2.956E-05 2.169E-05 8.806E-06 1.663E-05 1.909E-05 1.588E-05 1.303E-05 1.203E-05 1.124E-05 1.095E-05 1.008E-05 9.290E-06 8.196E-06 7.117E-06 6.363E-06 4.301E-06 3.501E-06 3.379E-06 5.984E-06 7.726E-06 1.090E-05 1.255E-05 1.297E-05 1.508E-05 1.590E-05 1.627E-05 1.627E-05 1.535E-05 1.428E-05 1.357E-05 1.213E-05 1.048E-05 9.228E-06 6.861E-06 5.664E-06
  1.600E+02  1.259E-04 1.217E-04 1.203E-04 1.313E-04 1.316E-04 1.321E-04 1.372E-04 1.415E-04 1.381E-04 1.400E-04 1.448E-04 1.411E-04 1.384E-04 1.376E-04 1.272E-04 1.125E-04 9.545E-05 7.701E-05 3.703E-05 1.222E-05 2.644E-05 6.507E-05 7.990E-05 7.050E-05 5.543E-05 3.444E-05 3.005E-05 2.206E-05 8.865E-06 1.672E-05 1.930E-05 1.608E-05 1.319E-05 1.217E-05 1.136E-05 1.107E-05 1.018E-05 9.381E-06 8.271E-06 7.176E-06 6.412E-06 4.325E-06 3.516E-06 3.390E-06 6.004E-06 7.753E-06 1.095E-05 1.261E-05 1.303E-05 1.516E-05 1.598E-05 1.636E-05 1.636E-05 1.544E-05 1.437E-05 1.366E-05 1.222E-05 1.055E-05 9.296E-06 6.914E-06 5.711E-06
  1.620E+02  1.284E-04 1.263E-04 1.272E-04 1.355E-04 1.382E-04 1.398E-04 1.438E-04 1.475E-04 1.478E-04 1.499E-04 1.519E-04 1.480E-04 1.478E-04 1.452E-04 1.343E-04 1.182E-04 9.952E-05 8.032E-05 3.838E-05 1.222E-05 2.566E-05 6.471E-05 8.033E-05 7.138E-05 5.614E-05 3.484E-05 3.043E-05 2.240E-05 8.925E-06 1.680E-05 1.948E-05 1.627E-05 1.334E-05 1.230E-05 1.148E-05 1.119E-05 1.028E-05 9.470E-06 8.344E-06 7.234E-06 6.459E-06 4.348E-06 3.530E-06 3.401E-06 6.022E-06 7.778E-06 1.099E-05 1.266E-05 1.308E-05 1.523E-05 1.606E-05 1.644E-05 1.645E-05 1.552E-05 1.445E-05 1.374E-05 1.229E-05 1.062E-05 9.360E-06 6.964E-06 5.753E-06
  1.640E+02  1.307E-04 1.378E-04 1.306E-04 1.457E-04 1.495E-04 1.570E-04 1.632E-04 1.599E-04 1.623E-04 1.645E-04 1.677E-04 1.609E-04 1.637E-04 1.550E-04 1.422E-04 1.260E-04 1.041E-04 8.402E-05 3.980E-05 1.223E-05 2.487E-05 6.331E-05 7.933E-05 7.123E-05 5.624E-05 3.500E-05 3.066E-05 2.267E-05 8.984E-06 1.687E-05 1.963E-05 1.643E-05 1.348E-05 1.243E-05 1.160E-05 1.130E-05 1.038E-05 9.556E-06 8.414E-06 7.289E-06 6.505E-06 4.369E-06 3.543E-06 3.411E-06 6.039E-06 7.801E-06 1.102E-05 1.270E-05 1.313E-05 1.529E-05 1.614E-05 1.652E-05 1.653E-05 1.560E-05 1.453E-05 1.381E-05 1.236E-05 1.068E-05 9.417E-06 7.009E-06 5.792E-06
  1.660E+02  1.475E-04 1.475E-04 1.515E-04 1.622E-04 1.633E-04 1.723E-04 1.815E-04 1.786E-04 1.773E-04 1.795E-04 1.850E-04 1.830E-04 1.782E-04 1.728E-04 1.522E-04 1.322E-04 1.094E-04 8.668E-05 4.105E-05 1.224E-05 2.421E-05 6.102E-05 7.685E-05 6.975E-05 5.551E-05 3.486E-05 3.068E-05 2.285E-05 9.042E-06 1.694E-05 1.975E-05 1.658E-05 1.361E-05 1.255E-05 1.171E-05 1.140E-05 1.047E-05 9.638E-06 8.481E-06 7.342E-06 6.548E-06 4.389E-06 3.555E-06 3.420E-06 6.054E-06 7.822E-06 1.106E-05 1.275E-05 1.318E-05 1.535E-05 1.620E-05 1.659E-05 1.660E-05 1.568E-05 1.460E-05 1.388E-05 1.243E-05 1.074E-05 9.470E-06 7.050E-06 5.827E-06
  1.680E+02  1.615E-04 1.698E-04 1.719E-04 1.785E-04 1.858E-04 1.978E-04 1.967E-04 2.041E-04 1.978E-04 1.986E-04 2.023E-04 2.027E-04 1.919E-04 1.874E-04 1.604E-04 1.337E-04 1.119E-04 8.677E-05 4.175E-05 1.226E-05 2.380E-05 5.840E-05 7.326E-05 6.703E-05 5.395E-05 3.443E-05 3.052E-05 2.292E-05 9.098E-06 1.702E-05 1.986E-05 1.672E-05 1.373E-05 1.266E-05 1.181E-05 1.150E-05 1.056E-05 9.714E-06 8.543E-06 7.391E-06 6.588E-06 4.408E-06 3.566E-06 3.428E-06 6.067E-06 7.841E-06 1.109E-05 1.279E-05 1.322E-05 1.540E-05 1.626E-05 1.666E-05 1.667E-05 1.574E-05 1.466E-05 1.394E-05 1.248E-05 1.079E-05 9.516E-06 7.086E-06 5.857E-06
  1.700E+02  1.825E-04 1.886E-04 1.968E-04 1.993E-04 2.049E-04 2.152E-04 2.137E-04 2.220E-04 2.082E-04 2.069E-04 2.162E-04 2.101E-04 1.943E-04 1.881E-04 1.592E-04 1.280E-04 1.078E-04 8.261E-05 4.114E-05 1.229E-05 2.373E-05 5.633E-05 6.961E-05 6.383E-05 5.196E-05 3.386E-05 3.026E-05 2.292E-05 9.150E-06 1.711E-05 1.998E-05 1.684E-05 1.384E-05 1.277E-05 1.190E-05 1.159E-05 1.064E-05 9.784E-06 8.600E-06 7.435E-06 6.624E-06 4.424E-06 3.576E-06 3.435E-06 6.079E-06 7.857E-06 1.112E-05 1.282E-05 1.325E-05 1.545E-05 1.631E-05 1.671E-05 1.672E-05 1.580E-05 1.471E-05 1.399E-05 1.253E-05 1.084E-05 9.555E-06 7.116E-06 5.884E-06
  1.720E+02  2.048E-04 1.987E-04 2.152E-04 2.046E-04 2.174E-04 2.154E-04 2.123E-04 2.238E-04 2.041E-04 2.001E-04 2.132E-04 2.004E-04 1.798E-04 1.744E-04 1.445E-04 1.137E-04 9.664E-05 7.424E-05 3.865E-05 1.232E-05 2.402E-05 5.578E-05 6.745E-05 6.155E-05 5.047E-05 3.347E-05 3.011E-05 2.294E-05 9.198E-06 1.721E-05 2.012E-05 1.698E-05 1.395E-05 1.286E-05 1.199E-05 1.167E-05 1.071E-05 9.848E-06 8.651E-06 7.474E-06 6.655E-06 4.438E-06 3.584E-06 3.441E-06 6.089E-06 7.871E-06 1.114E-05 1.285E-05 1.328E-05 1.549E-05 1.635E-05 1.676E-05 1.677E-05 1.584E-05 1.476E-05 1.403E-05 1.257E-05 1.087E-05 9.588E-06 7.142E-06 5.905E-06
  1.740E+02  2.432E-04 2.559E-04 2.323E-04 2.337E-04 2.282E-04 2.224E-04 2.298E-04 2.109E-04 1.960E-04 1.901E-04 1.942E-04 1.840E-04 1.670E-04 1.565E-04 1.269E-04 1.039E-04 8.591E-05 6.780E-05 3.558E-05 1.235E-05 2.457E-05 5.722E-05 6.810E-05 6.173E-05 5.057E-05 3.363E-05 3.032E-05 2.310E-05 9.240E-06 1.732E-05 2.031E-05 1.712E-05 1.406E-05 1.295E-05 1.207E-05 1.175E-05 1.077E-05 9.903E-06 8.694E-06 7.507E-06 6.682E-06 4.450E-06 3.590E-06 3.446E-06 6.097E-06 7.881E-06 1.115E-05 1.287E-05 1.331E-05 1.552E-05 1.639E-05 1.679E-05 1.681E-05 1.588E-05 1.479E-05 1.407E-05 1.260E-05 1.090E-05 9.614E-06 7.162E-06 5.922E-06
  1.760E+02  2.974E-04 3.058E-04 2.623E-04 2.527E-04 2.456E-04 2.521E-04 2.445E-04 2.141E-04 2.076E-04 2.012E-04 1.943E-04 1.897E-04 1.813E-04 1.607E-04 1.292E-04 1.113E-04 8.875E-05 7.146E-05 3.571E-05 1.238E-05 2.521E-05 6.018E-05 7.156E-05 6.475E-05 5.263E-05 3.445E-05 3.095E-05 2.346E-05 9.273E-06 1.741E-05 2.051E-05 1.727E-05 1.416E-05 1.304E-05 1.214E-05 1.181E-05 1.083E-05 9.947E-06 8.728E-06 7.532E-06 6.702E-06 4.458E-06 3.595E-06 3.450E-06 6.102E-06 7.889E-06 1.117E-05 1.288E-05 1.332E-05 1.554E-05 1.641E-05 1.682E-05 1.683E-05 1.590E-05 1.482E-05 1.409E-05 1.263E-05 1.092E-05 9.632E-06 7.176E-06 5.934E-06
  1.780E+02  2.961E-04 3.019E-04 2.497E-04 2.840E-04 2.880E-04 2.840E-04 2.735E-04 2.660E-04 2.563E-04 2.499E-04 2.544E-04 2.320E-04 2.321E-04 1.947E-04 1.647E-04 1.382E-04 1.080E-04 8.534E-05 4.061E-05 1.240E-05 2.571E-05 6.320E-05 7.589E-05 6.896E-05 5.552E-05 3.549E-05 3.171E-05 2.390E-05 9.294E-06 1.748E-05 2.067E-05 1.739E-05 1.423E-05 1.309E-05 1.219E-05 1.185E-05 1.086E-05 9.977E-06 8.751E-06 7.549E-06 6.715E-06 4.464E-06 3.598E-06 3.452E-06 6.106E-06 7.894E-06 1.117E-05 1.289E-05 1.333E-05 1.555E-05 1.643E-05 1.683E-05 1.685E-05 1.592E-05 1.483E-05 1.411E-05 1.264E-05 1.093E-05 9.644E-06 7.184E-06 5.942E-06
  1.800E+02  3.902E-04 3.978E-04 3.090E-04 3.876E-04 3.945E-04 3.806E-04 3.554E-04 3.558E-04 3.393E-04 3.252E-04 3.324E-04 2.916E-04 2.879E-04 2.337E-04 1.983E-04 1.594E-04 1.224E-04 9.473E-05 4.416E-05 1.240E-05 2.590E-05 6.449E-05 7.792E-05 7.104E-05 5.694E-05 3.598E-05 3.206E-05 2.409E-05 9.301E-06 1.750E-05 2.073E-05 1.743E-05 1.425E-05 1.312E-05 1.220E-05 1.187E-05 1.087E-05 9.988E-06 8.759E-06 7.554E-06 6.719E-06 4.465E-06 3.599E-06 3.452E-06 6.107E-06 7.895E-06 1.118E-05 1.290E-05 1.334E-05 1.556E-05 1.643E-05 1.684E-05 1.685E-05 1.593E-05 1.484E-05 1.411E-05 1.265E-05 1.094E-05 9.647E-06 7.187E-06 5.944E-06
