# sea salt (acc., 0%) 
#
# size distribution: lognormal
# ------------------
#
#   minimum radius, [um]:      5.000E-03
#   maximum radius, [um]:      2.000E+01
#                  sigma:      2.030E+00
#       Rmod (wet), [um]:      2.090E-01
#       Rmod (dry), [um]:      2.090E-01
#
# optical parameters:
# -------------------
#
# wavelength ext.coef  sca.coef  abs.coef  si.sc.alb  asym.par  ext.nor    ref.real  ref.imag
#     [um]     [1/km]    [1/km]    [1/km]
#
#  2.500E-01 9.046E-04 9.044E-04 1.664E-07 9.998E-01 0.721E+00 8.801E-01  1.510E+00 -5.000E-06
#  3.000E-01 9.368E-04 9.367E-04 6.511E-08 9.999E-01 0.706E+00 9.114E-01  1.510E+00 -2.000E-06
#  3.500E-01 9.615E-04 9.615E-04 1.049E-08 1.000E+00 0.699E+00 9.354E-01  1.510E+00 -3.240E-07
#  4.000E-01 9.847E-04 9.847E-04 5.869E-10 1.000E+00 0.698E+00 9.580E-01  1.500E+00 -3.000E-08
#  4.500E-01 1.000E-03 1.000E-03 7.752E-10 1.000E+00 0.696E+00 9.733E-01  1.500E+00 -2.430E-08
#  5.000E-01 1.016E-03 1.016E-03 2.423E-10 1.000E+00 0.693E+00 9.887E-01  1.500E+00 -1.550E-08
#  5.500E-01 1.028E-03 1.028E-03 2.451E-10 1.000E+00 0.691E+00 1.000E+00  1.500E+00 -1.000E-08
#  6.000E-01 1.030E-03 1.030E-03 3.682E-10 1.000E+00 0.697E+00 1.002E+00  1.490E+00 -1.600E-08
#  6.500E-01 1.034E-03 1.034E-03 6.776E-10 1.000E+00 0.696E+00 1.005E+00  1.490E+00 -4.240E-08
#  7.000E-01 1.031E-03 1.031E-03 3.073E-09 1.000E+00 0.696E+00 1.003E+00  1.490E+00 -2.000E-07
#  7.500E-01 1.024E-03 1.024E-03 1.331E-08 1.000E+00 0.697E+00 9.963E-01  1.490E+00 -1.080E-06
#  8.000E-01 1.012E-03 1.012E-03 2.184E-08 1.000E+00 0.702E+00 9.846E-01  1.480E+00 -1.950E-06
#  9.000E-01 9.886E-04 9.882E-04 4.255E-07 9.996E-01 0.702E+00 9.618E-01  1.480E+00 -4.240E-05
#  1.000E+00 9.489E-04 9.477E-04 1.231E-06 9.987E-01 0.708E+00 9.232E-01  1.470E+00 -1.410E-04
#  1.250E+00 8.546E-04 8.522E-04 2.436E-06 9.971E-01 0.704E+00 8.315E-01  1.470E+00 -3.580E-04
#  1.500E+00 7.431E-04 7.400E-04 3.080E-06 9.959E-01 0.705E+00 7.230E-01  1.460E+00 -5.700E-04
#  1.750E+00 6.363E-04 6.329E-04 3.400E-06 9.947E-01 0.703E+00 6.190E-01  1.450E+00 -7.620E-04
#  2.000E+00 5.531E-04 5.494E-04 3.779E-06 9.932E-01 0.695E+00 5.382E-01  1.450E+00 -1.000E-03
#  2.500E+00 3.971E-04 3.861E-04 1.102E-05 9.723E-01 0.688E+00 3.864E-01  1.430E+00 -4.000E-03
#  3.000E+00 4.717E-04 4.468E-04 2.494E-05 9.471E-01 0.598E+00 4.589E-01  1.610E+00 -1.000E-02
#  3.200E+00 3.260E-04 3.196E-04 6.417E-06 9.803E-01 0.635E+00 3.172E-01  1.490E+00 -3.000E-03
#  3.390E+00 2.887E-04 2.846E-04 4.046E-06 9.860E-01 0.631E+00 2.808E-01  1.480E+00 -2.050E-03
#  3.500E+00 2.730E-04 2.700E-04 3.031E-06 9.889E-01 0.627E+00 2.656E-01  1.480E+00 -1.600E-03
#  3.750E+00 2.347E-04 2.323E-04 2.399E-06 9.898E-01 0.622E+00 2.284E-01  1.470E+00 -1.400E-03
#  4.000E+00 2.155E-04 2.133E-04 2.216E-06 9.897E-01 0.609E+00 2.097E-01  1.480E+00 -1.400E-03
#  4.500E+00 1.779E-04 1.760E-04 1.899E-06 9.893E-01 0.589E+00 1.731E-01  1.490E+00 -1.400E-03
#  5.000E+00 1.352E-04 1.323E-04 2.887E-06 9.786E-01 0.577E+00 1.315E-01  1.470E+00 -2.500E-03
#  5.500E+00 9.193E-05 8.838E-05 3.553E-06 9.614E-01 0.572E+00 8.944E-02  1.420E+00 -3.600E-03
#  6.000E+00 7.717E-05 6.766E-05 9.510E-06 8.768E-01 0.556E+00 7.508E-02  1.410E+00 -1.100E-02
#  6.200E+00 1.361E-04 1.170E-04 1.915E-05 8.593E-01 0.514E+00 1.324E-01  1.600E+00 -2.200E-02
#  6.500E+00 7.433E-05 7.033E-05 3.999E-06 9.462E-01 0.530E+00 7.231E-02  1.460E+00 -5.000E-03
#  7.200E+00 5.102E-05 4.620E-05 4.822E-06 9.055E-01 0.514E+00 4.964E-02  1.420E+00 -7.000E-03
#  7.900E+00 4.064E-05 3.277E-05 7.867E-06 8.064E-01 0.494E+00 3.954E-02  1.400E+00 -1.300E-02
#  8.200E+00 4.355E-05 3.206E-05 1.148E-05 7.363E-01 0.482E+00 4.237E-02  1.420E+00 -2.000E-02
#  8.500E+00 5.118E-05 3.695E-05 1.422E-05 7.221E-01 0.468E+00 4.979E-02  1.480E+00 -2.600E-02
#  8.700E+00 6.757E-05 5.159E-05 1.598E-05 7.636E-01 0.453E+00 6.574E-02  1.600E+00 -3.000E-02
#  9.000E+00 6.899E-05 5.467E-05 1.432E-05 7.925E-01 0.442E+00 6.712E-02  1.650E+00 -2.800E-02
#  9.200E+00 5.939E-05 4.642E-05 1.297E-05 7.816E-01 0.441E+00 5.778E-02  1.610E+00 -2.620E-02
#  9.500E+00 4.831E-05 3.973E-05 8.587E-06 8.223E-01 0.437E+00 4.701E-02  1.580E+00 -1.800E-02
#  9.800E+00 4.179E-05 3.446E-05 7.327E-06 8.246E-01 0.432E+00 4.065E-02  1.560E+00 -1.600E-02
#  1.000E+01 3.728E-05 3.059E-05 6.693E-06 8.205E-01 0.429E+00 3.627E-02  1.540E+00 -1.500E-02
#  1.060E+01 2.841E-05 2.261E-05 5.804E-06 7.957E-01 0.418E+00 2.764E-02  1.500E+00 -1.400E-02
#  1.100E+01 2.440E-05 1.886E-05 5.547E-06 7.727E-01 0.410E+00 2.374E-02  1.480E+00 -1.400E-02
#  1.150E+01 2.185E-05 1.660E-05 5.241E-06 7.601E-01 0.399E+00 2.125E-02  1.480E+00 -1.400E-02
#  1.250E+01 1.550E-05 1.003E-05 5.465E-06 6.473E-01 0.378E+00 1.508E-02  1.420E+00 -1.600E-02
#  1.300E+01 1.436E-05 8.489E-06 5.875E-06 5.910E-01 0.367E+00 1.397E-02  1.410E+00 -1.800E-02
#  1.400E+01 1.360E-05 6.738E-06 6.863E-06 4.954E-01 0.347E+00 1.323E-02  1.410E+00 -2.300E-02
#  1.480E+01 1.449E-05 6.178E-06 8.311E-06 4.264E-01 0.333E+00 1.410E-02  1.430E+00 -3.000E-02
#  1.500E+01 1.589E-05 6.433E-06 9.461E-06 4.047E-01 0.330E+00 1.546E-02  1.450E+00 -3.500E-02
#  1.640E+01 2.766E-05 7.028E-06 2.063E-05 2.541E-01 0.305E+00 2.691E-02  1.560E+00 -9.000E-02
#  1.720E+01 3.350E-05 9.767E-06 2.373E-05 2.915E-01 0.301E+00 3.259E-02  1.740E+00 -1.200E-01
#  1.800E+01 3.299E-05 9.225E-06 2.376E-05 2.797E-01 0.293E+00 3.209E-02  1.780E+00 -1.300E-01
#  1.850E+01 3.219E-05 8.261E-06 2.393E-05 2.566E-01 0.286E+00 3.132E-02  1.770E+00 -1.350E-01
#  2.000E+01 3.078E-05 6.265E-06 2.451E-05 2.035E-01 0.267E+00 2.994E-02  1.760E+00 -1.520E-01
#  2.130E+01 2.970E-05 5.096E-06 2.461E-05 1.716E-01 0.252E+00 2.890E-02  1.760E+00 -1.650E-01
#  2.250E+01 2.934E-05 4.251E-06 2.509E-05 1.449E-01 0.240E+00 2.855E-02  1.760E+00 -1.800E-01
#  2.500E+01 2.819E-05 2.996E-06 2.519E-05 1.063E-01 0.216E+00 2.742E-02  1.760E+00 -2.050E-01
#  2.790E+01 3.155E-05 2.144E-06 2.941E-05 6.794E-02 0.188E+00 3.070E-02  1.770E+00 -2.750E-01
#  3.000E+01 3.120E-05 1.691E-06 2.951E-05 5.419E-02 0.173E+00 3.036E-02  1.770E+00 -3.000E-01
#  3.500E+01 4.219E-05 1.138E-06 4.105E-05 2.697E-02 0.131E+00 4.105E-02  1.760E+00 -5.000E-01
#  4.000E+01 6.742E-05 1.263E-06 6.616E-05 1.874E-02 0.844E-01 6.559E-02  1.740E+00 -1.000E+00
#
# volume phase function [1/km]:
# -----------------------------
#
# sca.ang. | wavelengths --->
# ---------|------------------
#          | 2.500E-01 3.000E-01 3.500E-01 4.000E-01 4.500E-01 5.000E-01 5.500E-01 6.000E-01 6.500E-01 7.000E-01 7.500E-01 8.000E-01 9.000E-01 1.000E+00 1.250E+00 1.500E+00 1.750E+00 2.000E+00 2.500E+00 3.000E+00 3.200E+00 3.390E+00 3.500E+00 3.750E+00 4.000E+00 4.500E+00 5.000E+00 5.500E+00 6.000E+00 6.200E+00 6.500E+00 7.200E+00 7.900E+00 8.200E+00 8.500E+00 8.700E+00 9.000E+00 9.200E+00 9.500E+00 9.800E+00 1.000E+01 1.060E+01 1.100E+01 1.150E+01 1.250E+01 1.300E+01 1.400E+01 1.480E+01 1.500E+01 1.640E+01 1.720E+01 1.800E+01 1.850E+01 2.000E+01 2.130E+01 2.250E+01 2.500E+01 2.790E+01 3.000E+01 3.500E+01 4.000E+01
#
  0.000E+00  2.031E-02 1.472E-02 1.113E-02 8.824E-03 7.136E-03 6.009E-03 5.179E-03 4.441E-03 3.972E-03 3.536E-03 3.133E-03 2.863E-03 2.412E-03 2.068E-03 1.476E-03 1.105E-03 8.512E-04 6.670E-04 4.160E-04 3.197E-04 2.597E-04 2.257E-04 2.096E-04 1.749E-04 1.513E-04 1.138E-04 8.186E-05 5.455E-05 3.950E-05 5.474E-05 3.670E-05 2.328E-05 1.561E-05 1.455E-05 1.558E-05 1.972E-05 1.985E-05 1.707E-05 1.462E-05 1.260E-05 1.118E-05 8.139E-06 6.689E-06 5.714E-06 3.333E-06 2.748E-06 2.060E-06 1.801E-06 1.845E-06 1.821E-06 2.385E-06 2.187E-06 1.932E-06 1.406E-06 1.106E-06 8.954E-07 5.976E-07 4.009E-07 3.053E-07 1.866E-07 1.860E-07
  1.000E-01  2.025E-02 1.469E-02 1.111E-02 8.815E-03 7.130E-03 6.005E-03 5.177E-03 4.439E-03 3.970E-03 3.534E-03 3.132E-03 2.862E-03 2.412E-03 2.068E-03 1.476E-03 1.105E-03 8.512E-04 6.670E-04 4.159E-04 3.197E-04 2.597E-04 2.257E-04 2.096E-04 1.749E-04 1.513E-04 1.138E-04 8.186E-05 5.455E-05 3.950E-05 5.474E-05 3.670E-05 2.328E-05 1.561E-05 1.455E-05 1.558E-05 1.972E-05 1.985E-05 1.707E-05 1.462E-05 1.260E-05 1.118E-05 8.139E-06 6.689E-06 5.714E-06 3.333E-06 2.748E-06 2.060E-06 1.801E-06 1.845E-06 1.821E-06 2.385E-06 2.187E-06 1.932E-06 1.406E-06 1.106E-06 8.954E-07 5.976E-07 4.009E-07 3.053E-07 1.866E-07 1.860E-07
  2.000E-01  2.008E-02 1.460E-02 1.106E-02 8.786E-03 7.111E-03 5.992E-03 5.168E-03 4.433E-03 3.966E-03 3.531E-03 3.129E-03 2.860E-03 2.411E-03 2.067E-03 1.475E-03 1.105E-03 8.510E-04 6.669E-04 4.159E-04 3.197E-04 2.597E-04 2.256E-04 2.096E-04 1.749E-04 1.513E-04 1.138E-04 8.186E-05 5.454E-05 3.950E-05 5.474E-05 3.670E-05 2.328E-05 1.561E-05 1.455E-05 1.558E-05 1.972E-05 1.985E-05 1.707E-05 1.462E-05 1.260E-05 1.118E-05 8.139E-06 6.689E-06 5.714E-06 3.333E-06 2.748E-06 2.060E-06 1.801E-06 1.845E-06 1.821E-06 2.385E-06 2.187E-06 1.932E-06 1.406E-06 1.106E-06 8.954E-07 5.976E-07 4.009E-07 3.053E-07 1.866E-07 1.860E-07
  3.000E-01  1.980E-02 1.446E-02 1.099E-02 8.739E-03 7.081E-03 5.972E-03 5.154E-03 4.423E-03 3.958E-03 3.525E-03 3.125E-03 2.856E-03 2.408E-03 2.065E-03 1.475E-03 1.105E-03 8.508E-04 6.668E-04 4.158E-04 3.197E-04 2.596E-04 2.256E-04 2.096E-04 1.749E-04 1.513E-04 1.138E-04 8.186E-05 5.454E-05 3.949E-05 5.474E-05 3.670E-05 2.328E-05 1.561E-05 1.455E-05 1.558E-05 1.972E-05 1.985E-05 1.707E-05 1.462E-05 1.260E-05 1.118E-05 8.139E-06 6.689E-06 5.714E-06 3.333E-06 2.747E-06 2.060E-06 1.800E-06 1.845E-06 1.821E-06 2.385E-06 2.187E-06 1.932E-06 1.406E-06 1.106E-06 8.954E-07 5.976E-07 4.009E-07 3.053E-07 1.866E-07 1.860E-07
  4.000E-01  1.944E-02 1.428E-02 1.088E-02 8.675E-03 7.040E-03 5.944E-03 5.134E-03 4.409E-03 3.947E-03 3.517E-03 3.119E-03 2.852E-03 2.405E-03 2.063E-03 1.474E-03 1.104E-03 8.505E-04 6.666E-04 4.158E-04 3.196E-04 2.596E-04 2.256E-04 2.096E-04 1.749E-04 1.513E-04 1.138E-04 8.185E-05 5.454E-05 3.949E-05 5.473E-05 3.669E-05 2.328E-05 1.561E-05 1.455E-05 1.558E-05 1.972E-05 1.985E-05 1.706E-05 1.462E-05 1.260E-05 1.118E-05 8.138E-06 6.688E-06 5.714E-06 3.333E-06 2.747E-06 2.060E-06 1.800E-06 1.845E-06 1.821E-06 2.385E-06 2.187E-06 1.932E-06 1.406E-06 1.106E-06 8.953E-07 5.976E-07 4.009E-07 3.053E-07 1.866E-07 1.860E-07
  5.000E-01  1.902E-02 1.405E-02 1.075E-02 8.596E-03 6.989E-03 5.909E-03 5.109E-03 4.391E-03 3.934E-03 3.507E-03 3.111E-03 2.846E-03 2.401E-03 2.060E-03 1.473E-03 1.104E-03 8.501E-04 6.663E-04 4.156E-04 3.196E-04 2.596E-04 2.256E-04 2.095E-04 1.748E-04 1.513E-04 1.138E-04 8.184E-05 5.453E-05 3.949E-05 5.473E-05 3.669E-05 2.328E-05 1.561E-05 1.454E-05 1.558E-05 1.971E-05 1.985E-05 1.706E-05 1.462E-05 1.260E-05 1.118E-05 8.138E-06 6.688E-06 5.714E-06 3.333E-06 2.747E-06 2.060E-06 1.800E-06 1.845E-06 1.821E-06 2.385E-06 2.187E-06 1.932E-06 1.406E-06 1.106E-06 8.953E-07 5.976E-07 4.009E-07 3.053E-07 1.866E-07 1.860E-07
  6.000E-01  1.855E-02 1.380E-02 1.060E-02 8.504E-03 6.928E-03 5.868E-03 5.080E-03 4.370E-03 3.918E-03 3.495E-03 3.102E-03 2.838E-03 2.396E-03 2.057E-03 1.471E-03 1.103E-03 8.497E-04 6.660E-04 4.155E-04 3.195E-04 2.595E-04 2.255E-04 2.095E-04 1.748E-04 1.512E-04 1.137E-04 8.183E-05 5.452E-05 3.948E-05 5.472E-05 3.669E-05 2.327E-05 1.561E-05 1.454E-05 1.558E-05 1.971E-05 1.985E-05 1.706E-05 1.462E-05 1.260E-05 1.117E-05 8.137E-06 6.688E-06 5.713E-06 3.333E-06 2.747E-06 2.060E-06 1.800E-06 1.844E-06 1.821E-06 2.385E-06 2.187E-06 1.932E-06 1.406E-06 1.106E-06 8.953E-07 5.976E-07 4.009E-07 3.053E-07 1.866E-07 1.860E-07
  7.000E-01  1.804E-02 1.352E-02 1.044E-02 8.400E-03 6.860E-03 5.821E-03 5.046E-03 4.346E-03 3.899E-03 3.480E-03 3.091E-03 2.830E-03 2.391E-03 2.053E-03 1.469E-03 1.102E-03 8.491E-04 6.657E-04 4.154E-04 3.194E-04 2.594E-04 2.255E-04 2.094E-04 1.748E-04 1.512E-04 1.137E-04 8.181E-05 5.451E-05 3.948E-05 5.472E-05 3.668E-05 2.327E-05 1.561E-05 1.454E-05 1.557E-05 1.971E-05 1.985E-05 1.706E-05 1.461E-05 1.260E-05 1.117E-05 8.137E-06 6.687E-06 5.713E-06 3.332E-06 2.747E-06 2.060E-06 1.800E-06 1.844E-06 1.821E-06 2.385E-06 2.187E-06 1.932E-06 1.406E-06 1.106E-06 8.953E-07 5.975E-07 4.009E-07 3.053E-07 1.866E-07 1.860E-07
  8.000E-01  1.750E-02 1.322E-02 1.026E-02 8.286E-03 6.785E-03 5.769E-03 5.008E-03 4.319E-03 3.879E-03 3.464E-03 3.079E-03 2.820E-03 2.384E-03 2.049E-03 1.467E-03 1.101E-03 8.485E-04 6.653E-04 4.152E-04 3.193E-04 2.594E-04 2.254E-04 2.094E-04 1.747E-04 1.512E-04 1.137E-04 8.180E-05 5.450E-05 3.947E-05 5.471E-05 3.668E-05 2.327E-05 1.560E-05 1.454E-05 1.557E-05 1.971E-05 1.984E-05 1.706E-05 1.461E-05 1.259E-05 1.117E-05 8.136E-06 6.687E-06 5.712E-06 3.332E-06 2.747E-06 2.060E-06 1.800E-06 1.844E-06 1.821E-06 2.384E-06 2.187E-06 1.932E-06 1.406E-06 1.106E-06 8.952E-07 5.975E-07 4.009E-07 3.053E-07 1.866E-07 1.860E-07
  9.000E-01  1.696E-02 1.290E-02 1.007E-02 8.165E-03 6.703E-03 5.712E-03 4.967E-03 4.289E-03 3.856E-03 3.447E-03 3.065E-03 2.810E-03 2.377E-03 2.044E-03 1.465E-03 1.100E-03 8.478E-04 6.649E-04 4.150E-04 3.192E-04 2.593E-04 2.253E-04 2.093E-04 1.747E-04 1.511E-04 1.137E-04 8.178E-05 5.449E-05 3.946E-05 5.470E-05 3.667E-05 2.326E-05 1.560E-05 1.454E-05 1.557E-05 1.971E-05 1.984E-05 1.706E-05 1.461E-05 1.259E-05 1.117E-05 8.135E-06 6.686E-06 5.712E-06 3.332E-06 2.746E-06 2.059E-06 1.800E-06 1.844E-06 1.821E-06 2.384E-06 2.187E-06 1.932E-06 1.405E-06 1.106E-06 8.952E-07 5.975E-07 4.009E-07 3.053E-07 1.866E-07 1.860E-07
  1.000E+00  1.640E-02 1.258E-02 9.869E-03 8.036E-03 6.617E-03 5.652E-03 4.922E-03 4.257E-03 3.831E-03 3.427E-03 3.050E-03 2.798E-03 2.369E-03 2.038E-03 1.463E-03 1.098E-03 8.470E-04 6.644E-04 4.147E-04 3.191E-04 2.592E-04 2.252E-04 2.092E-04 1.746E-04 1.511E-04 1.136E-04 8.176E-05 5.448E-05 3.945E-05 5.469E-05 3.666E-05 2.326E-05 1.560E-05 1.454E-05 1.557E-05 1.970E-05 1.984E-05 1.706E-05 1.461E-05 1.259E-05 1.117E-05 8.134E-06 6.685E-06 5.711E-06 3.331E-06 2.746E-06 2.059E-06 1.800E-06 1.844E-06 1.821E-06 2.384E-06 2.186E-06 1.931E-06 1.405E-06 1.106E-06 8.951E-07 5.975E-07 4.008E-07 3.052E-07 1.866E-07 1.860E-07
  1.100E+00  1.585E-02 1.225E-02 9.663E-03 7.902E-03 6.526E-03 5.587E-03 4.875E-03 4.223E-03 3.804E-03 3.407E-03 3.035E-03 2.785E-03 2.361E-03 2.032E-03 1.460E-03 1.097E-03 8.462E-04 6.638E-04 4.145E-04 3.190E-04 2.591E-04 2.252E-04 2.092E-04 1.746E-04 1.510E-04 1.136E-04 8.174E-05 5.447E-05 3.944E-05 5.468E-05 3.666E-05 2.326E-05 1.560E-05 1.453E-05 1.557E-05 1.970E-05 1.984E-05 1.705E-05 1.461E-05 1.259E-05 1.117E-05 8.133E-06 6.684E-06 5.710E-06 3.331E-06 2.746E-06 2.059E-06 1.800E-06 1.844E-06 1.821E-06 2.384E-06 2.186E-06 1.931E-06 1.405E-06 1.105E-06 8.951E-07 5.974E-07 4.008E-07 3.052E-07 1.865E-07 1.860E-07
  1.200E+00  1.529E-02 1.192E-02 9.454E-03 7.764E-03 6.432E-03 5.520E-03 4.825E-03 4.186E-03 3.775E-03 3.384E-03 3.018E-03 2.772E-03 2.351E-03 2.026E-03 1.457E-03 1.095E-03 8.452E-04 6.632E-04 4.142E-04 3.188E-04 2.590E-04 2.251E-04 2.091E-04 1.745E-04 1.510E-04 1.136E-04 8.172E-05 5.445E-05 3.943E-05 5.467E-05 3.665E-05 2.325E-05 1.559E-05 1.453E-05 1.556E-05 1.970E-05 1.983E-05 1.705E-05 1.461E-05 1.259E-05 1.117E-05 8.132E-06 6.683E-06 5.710E-06 3.331E-06 2.745E-06 2.059E-06 1.799E-06 1.844E-06 1.820E-06 2.384E-06 2.186E-06 1.931E-06 1.405E-06 1.105E-06 8.950E-07 5.974E-07 4.008E-07 3.052E-07 1.865E-07 1.859E-07
  1.300E+00  1.475E-02 1.159E-02 9.241E-03 7.622E-03 6.334E-03 5.450E-03 4.773E-03 4.148E-03 3.745E-03 3.361E-03 3.000E-03 2.757E-03 2.342E-03 2.019E-03 1.454E-03 1.094E-03 8.442E-04 6.626E-04 4.139E-04 3.187E-04 2.588E-04 2.250E-04 2.090E-04 1.744E-04 1.509E-04 1.135E-04 8.169E-05 5.443E-05 3.942E-05 5.466E-05 3.664E-05 2.325E-05 1.559E-05 1.453E-05 1.556E-05 1.970E-05 1.983E-05 1.705E-05 1.460E-05 1.259E-05 1.117E-05 8.131E-06 6.682E-06 5.709E-06 3.330E-06 2.745E-06 2.059E-06 1.799E-06 1.843E-06 1.820E-06 2.384E-06 2.186E-06 1.931E-06 1.405E-06 1.105E-06 8.950E-07 5.974E-07 4.008E-07 3.052E-07 1.865E-07 1.859E-07
  1.400E+00  1.421E-02 1.126E-02 9.027E-03 7.478E-03 6.234E-03 5.378E-03 4.719E-03 4.109E-03 3.714E-03 3.337E-03 2.981E-03 2.742E-03 2.331E-03 2.012E-03 1.450E-03 1.092E-03 8.431E-04 6.619E-04 4.136E-04 3.185E-04 2.587E-04 2.248E-04 2.089E-04 1.743E-04 1.509E-04 1.135E-04 8.166E-05 5.441E-05 3.941E-05 5.465E-05 3.663E-05 2.324E-05 1.559E-05 1.452E-05 1.556E-05 1.969E-05 1.983E-05 1.705E-05 1.460E-05 1.258E-05 1.116E-05 8.129E-06 6.681E-06 5.708E-06 3.330E-06 2.745E-06 2.058E-06 1.799E-06 1.843E-06 1.820E-06 2.383E-06 2.186E-06 1.931E-06 1.405E-06 1.105E-06 8.949E-07 5.973E-07 4.008E-07 3.052E-07 1.865E-07 1.859E-07
  1.500E+00  1.369E-02 1.093E-02 8.813E-03 7.333E-03 6.133E-03 5.305E-03 4.664E-03 4.068E-03 3.682E-03 3.311E-03 2.961E-03 2.726E-03 2.320E-03 2.004E-03 1.447E-03 1.090E-03 8.419E-04 6.612E-04 4.132E-04 3.183E-04 2.585E-04 2.247E-04 2.088E-04 1.743E-04 1.508E-04 1.135E-04 8.163E-05 5.440E-05 3.940E-05 5.463E-05 3.662E-05 2.323E-05 1.558E-05 1.452E-05 1.555E-05 1.969E-05 1.983E-05 1.704E-05 1.460E-05 1.258E-05 1.116E-05 8.128E-06 6.680E-06 5.707E-06 3.329E-06 2.744E-06 2.058E-06 1.799E-06 1.843E-06 1.820E-06 2.383E-06 2.186E-06 1.931E-06 1.405E-06 1.105E-06 8.948E-07 5.973E-07 4.007E-07 3.052E-07 1.865E-07 1.859E-07
  1.600E+00  1.318E-02 1.060E-02 8.599E-03 7.186E-03 6.030E-03 5.229E-03 4.607E-03 4.026E-03 3.648E-03 3.285E-03 2.941E-03 2.710E-03 2.309E-03 1.996E-03 1.443E-03 1.088E-03 8.407E-04 6.604E-04 4.129E-04 3.182E-04 2.584E-04 2.246E-04 2.087E-04 1.742E-04 1.507E-04 1.134E-04 8.160E-05 5.437E-05 3.938E-05 5.462E-05 3.661E-05 2.323E-05 1.558E-05 1.452E-05 1.555E-05 1.969E-05 1.982E-05 1.704E-05 1.460E-05 1.258E-05 1.116E-05 8.126E-06 6.679E-06 5.706E-06 3.329E-06 2.744E-06 2.058E-06 1.798E-06 1.843E-06 1.820E-06 2.383E-06 2.185E-06 1.931E-06 1.405E-06 1.105E-06 8.948E-07 5.972E-07 4.007E-07 3.051E-07 1.865E-07 1.859E-07
  1.700E+00  1.269E-02 1.028E-02 8.386E-03 7.039E-03 5.926E-03 5.153E-03 4.549E-03 3.983E-03 3.614E-03 3.258E-03 2.919E-03 2.692E-03 2.297E-03 1.987E-03 1.439E-03 1.086E-03 8.394E-04 6.596E-04 4.125E-04 3.180E-04 2.582E-04 2.245E-04 2.085E-04 1.741E-04 1.507E-04 1.134E-04 8.157E-05 5.435E-05 3.937E-05 5.460E-05 3.659E-05 2.322E-05 1.557E-05 1.451E-05 1.555E-05 1.968E-05 1.982E-05 1.704E-05 1.459E-05 1.258E-05 1.116E-05 8.125E-06 6.678E-06 5.705E-06 3.328E-06 2.743E-06 2.057E-06 1.798E-06 1.842E-06 1.819E-06 2.383E-06 2.185E-06 1.930E-06 1.405E-06 1.105E-06 8.947E-07 5.972E-07 4.007E-07 3.051E-07 1.865E-07 1.859E-07
  1.800E+00  1.221E-02 9.969E-03 8.175E-03 6.893E-03 5.822E-03 5.076E-03 4.490E-03 3.939E-03 3.578E-03 3.230E-03 2.898E-03 2.675E-03 2.285E-03 1.979E-03 1.434E-03 1.083E-03 8.380E-04 6.587E-04 4.121E-04 3.177E-04 2.580E-04 2.243E-04 2.084E-04 1.740E-04 1.506E-04 1.133E-04 8.153E-05 5.433E-05 3.935E-05 5.459E-05 3.658E-05 2.321E-05 1.557E-05 1.451E-05 1.554E-05 1.968E-05 1.981E-05 1.703E-05 1.459E-05 1.257E-05 1.116E-05 8.123E-06 6.676E-06 5.704E-06 3.327E-06 2.743E-06 2.057E-06 1.798E-06 1.842E-06 1.819E-06 2.382E-06 2.185E-06 1.930E-06 1.404E-06 1.105E-06 8.946E-07 5.971E-07 4.006E-07 3.051E-07 1.865E-07 1.859E-07
  1.900E+00  1.175E-02 9.663E-03 7.967E-03 6.746E-03 5.718E-03 4.998E-03 4.430E-03 3.894E-03 3.542E-03 3.201E-03 2.875E-03 2.657E-03 2.272E-03 1.970E-03 1.430E-03 1.081E-03 8.366E-04 6.578E-04 4.116E-04 3.175E-04 2.579E-04 2.242E-04 2.083E-04 1.739E-04 1.505E-04 1.132E-04 8.150E-05 5.430E-05 3.933E-05 5.457E-05 3.657E-05 2.320E-05 1.556E-05 1.450E-05 1.554E-05 1.967E-05 1.981E-05 1.703E-05 1.459E-05 1.257E-05 1.115E-05 8.121E-06 6.675E-06 5.703E-06 3.327E-06 2.742E-06 2.056E-06 1.797E-06 1.842E-06 1.819E-06 2.382E-06 2.185E-06 1.930E-06 1.404E-06 1.105E-06 8.945E-07 5.971E-07 4.006E-07 3.051E-07 1.865E-07 1.859E-07
  2.000E+00  1.130E-02 9.363E-03 7.762E-03 6.601E-03 5.614E-03 4.920E-03 4.370E-03 3.849E-03 3.506E-03 3.172E-03 2.853E-03 2.638E-03 2.259E-03 1.960E-03 1.426E-03 1.079E-03 8.350E-04 6.568E-04 4.112E-04 3.173E-04 2.577E-04 2.240E-04 2.081E-04 1.737E-04 1.504E-04 1.132E-04 8.146E-05 5.428E-05 3.932E-05 5.455E-05 3.655E-05 2.319E-05 1.556E-05 1.450E-05 1.553E-05 1.967E-05 1.980E-05 1.702E-05 1.458E-05 1.257E-05 1.115E-05 8.119E-06 6.673E-06 5.701E-06 3.326E-06 2.742E-06 2.056E-06 1.797E-06 1.841E-06 1.819E-06 2.382E-06 2.184E-06 1.930E-06 1.404E-06 1.105E-06 8.944E-07 5.970E-07 4.006E-07 3.050E-07 1.864E-07 1.859E-07
  3.000E+00  7.706E-03 6.805E-03 5.938E-03 5.255E-03 4.621E-03 4.154E-03 3.766E-03 3.386E-03 3.124E-03 2.863E-03 2.608E-03 2.435E-03 2.114E-03 1.854E-03 1.372E-03 1.049E-03 8.167E-04 6.450E-04 4.055E-04 3.143E-04 2.552E-04 2.220E-04 2.063E-04 1.723E-04 1.493E-04 1.124E-04 8.095E-05 5.395E-05 3.909E-05 5.432E-05 3.637E-05 2.308E-05 1.549E-05 1.444E-05 1.547E-05 1.960E-05 1.975E-05 1.697E-05 1.454E-05 1.253E-05 1.112E-05 8.095E-06 6.653E-06 5.685E-06 3.316E-06 2.734E-06 2.051E-06 1.793E-06 1.837E-06 1.815E-06 2.378E-06 2.181E-06 1.927E-06 1.402E-06 1.103E-06 8.932E-07 5.962E-07 4.001E-07 3.047E-07 1.862E-07 1.857E-07
  4.000E+00  5.353E-03 4.981E-03 4.548E-03 4.162E-03 3.777E-03 3.473E-03 3.209E-03 2.946E-03 2.750E-03 2.553E-03 2.357E-03 2.222E-03 1.957E-03 1.736E-03 1.310E-03 1.013E-03 7.936E-04 6.299E-04 3.980E-04 3.104E-04 2.519E-04 2.192E-04 2.039E-04 1.704E-04 1.477E-04 1.114E-04 8.027E-05 5.349E-05 3.878E-05 5.399E-05 3.613E-05 2.293E-05 1.539E-05 1.435E-05 1.539E-05 1.952E-05 1.967E-05 1.690E-05 1.448E-05 1.248E-05 1.107E-05 8.061E-06 6.626E-06 5.662E-06 3.303E-06 2.723E-06 2.043E-06 1.787E-06 1.831E-06 1.810E-06 2.372E-06 2.176E-06 1.922E-06 1.399E-06 1.101E-06 8.914E-07 5.951E-07 3.994E-07 3.042E-07 1.860E-07 1.854E-07
  5.000E+00  3.818E-03 3.708E-03 3.519E-03 3.315E-03 3.095E-03 2.904E-03 2.728E-03 2.554E-03 2.411E-03 2.265E-03 2.119E-03 2.016E-03 1.800E-03 1.616E-03 1.242E-03 9.725E-04 7.671E-04 6.121E-04 3.890E-04 3.056E-04 2.478E-04 2.159E-04 2.008E-04 1.680E-04 1.458E-04 1.101E-04 7.940E-05 5.292E-05 3.839E-05 5.359E-05 3.582E-05 2.274E-05 1.527E-05 1.425E-05 1.529E-05 1.941E-05 1.956E-05 1.681E-05 1.440E-05 1.241E-05 1.101E-05 8.018E-06 6.590E-06 5.633E-06 3.287E-06 2.710E-06 2.034E-06 1.779E-06 1.824E-06 1.804E-06 2.365E-06 2.170E-06 1.917E-06 1.395E-06 1.098E-06 8.892E-07 5.938E-07 3.985E-07 3.036E-07 1.856E-07 1.851E-07
  6.000E+00  2.797E-03 2.815E-03 2.761E-03 2.669E-03 2.553E-03 2.439E-03 2.327E-03 2.217E-03 2.114E-03 2.008E-03 1.902E-03 1.824E-03 1.651E-03 1.498E-03 1.173E-03 9.295E-04 7.383E-04 5.924E-04 3.788E-04 3.000E-04 2.431E-04 2.120E-04 1.973E-04 1.652E-04 1.435E-04 1.086E-04 7.838E-05 5.224E-05 3.793E-05 5.310E-05 3.544E-05 2.251E-05 1.512E-05 1.412E-05 1.517E-05 1.927E-05 1.944E-05 1.670E-05 1.431E-05 1.233E-05 1.094E-05 7.966E-06 6.548E-06 5.598E-06 3.266E-06 2.694E-06 2.023E-06 1.770E-06 1.815E-06 1.796E-06 2.356E-06 2.162E-06 1.910E-06 1.391E-06 1.095E-06 8.865E-07 5.921E-07 3.975E-07 3.028E-07 1.852E-07 1.847E-07
  8.000E+00  1.623E-03 1.723E-03 1.777E-03 1.793E-03 1.784E-03 1.758E-03 1.721E-03 1.690E-03 1.640E-03 1.588E-03 1.535E-03 1.494E-03 1.383E-03 1.282E-03 1.039E-03 8.409E-04 6.775E-04 5.495E-04 3.559E-04 2.871E-04 2.322E-04 2.028E-04 1.890E-04 1.585E-04 1.382E-04 1.050E-04 7.591E-05 5.060E-05 3.680E-05 5.190E-05 3.453E-05 2.195E-05 1.476E-05 1.380E-05 1.487E-05 1.894E-05 1.913E-05 1.643E-05 1.407E-05 1.213E-05 1.076E-05 7.836E-06 6.442E-06 5.511E-06 3.216E-06 2.654E-06 1.995E-06 1.747E-06 1.792E-06 1.777E-06 2.335E-06 2.143E-06 1.894E-06 1.379E-06 1.086E-06 8.797E-07 5.878E-07 3.948E-07 3.009E-07 1.841E-07 1.837E-07
  1.000E+01  1.038E-03 1.135E-03 1.215E-03 1.264E-03 1.298E-03 1.308E-03 1.309E-03 1.315E-03 1.296E-03 1.274E-03 1.250E-03 1.231E-03 1.162E-03 1.096E-03 9.146E-04 7.544E-04 6.160E-04 5.046E-04 3.309E-04 2.726E-04 2.198E-04 1.924E-04 1.795E-04 1.509E-04 1.319E-04 1.007E-04 7.298E-05 4.864E-05 3.545E-05 5.045E-05 3.343E-05 2.126E-05 1.433E-05 1.342E-05 1.450E-05 1.854E-05 1.875E-05 1.610E-05 1.378E-05 1.188E-05 1.054E-05 7.675E-06 6.311E-06 5.403E-06 3.154E-06 2.603E-06 1.959E-06 1.718E-06 1.763E-06 1.753E-06 2.307E-06 2.119E-06 1.873E-06 1.365E-06 1.075E-06 8.711E-07 5.824E-07 3.915E-07 2.984E-07 1.828E-07 1.825E-07
  1.200E+01  7.254E-04 8.006E-04 8.749E-04 9.352E-04 9.823E-04 1.005E-03 1.025E-03 1.045E-03 1.045E-03 1.039E-03 1.029E-03 1.022E-03 9.812E-04 9.395E-04 8.036E-04 6.731E-04 5.565E-04 4.600E-04 3.052E-04 2.573E-04 2.065E-04 1.811E-04 1.692E-04 1.426E-04 1.251E-04 9.597E-05 6.971E-05 4.646E-05 3.394E-05 4.880E-05 3.218E-05 2.049E-05 1.383E-05 1.298E-05 1.407E-05 1.806E-05 1.830E-05 1.570E-05 1.345E-05 1.159E-05 1.028E-05 7.487E-06 6.158E-06 5.277E-06 3.081E-06 2.545E-06 1.918E-06 1.684E-06 1.729E-06 1.725E-06 2.274E-06 2.090E-06 1.848E-06 1.347E-06 1.062E-06 8.608E-07 5.759E-07 3.874E-07 2.954E-07 1.811E-07 1.810E-07
  1.400E+01  5.400E-04 6.027E-04 6.616E-04 7.224E-04 7.677E-04 7.960E-04 8.224E-04 8.454E-04 8.565E-04 8.595E-04 8.567E-04 8.565E-04 8.337E-04 8.075E-04 7.053E-04 5.987E-04 5.002E-04 4.171E-04 2.797E-04 2.415E-04 1.929E-04 1.695E-04 1.586E-04 1.339E-04 1.179E-04 9.093E-05 6.621E-05 4.412E-05 3.231E-05 4.698E-05 3.082E-05 1.964E-05 1.328E-05 1.250E-05 1.359E-05 1.753E-05 1.780E-05 1.527E-05 1.307E-05 1.127E-05 9.988E-06 7.276E-06 5.986E-06 5.134E-06 2.999E-06 2.478E-06 1.871E-06 1.646E-06 1.691E-06 1.692E-06 2.237E-06 2.057E-06 1.819E-06 1.327E-06 1.046E-06 8.488E-07 5.684E-07 3.827E-07 2.920E-07 1.792E-07 1.792E-07
  1.600E+01  4.232E-04 4.765E-04 5.217E-04 5.773E-04 6.154E-04 6.460E-04 6.722E-04 6.963E-04 7.111E-04 7.186E-04 7.204E-04 7.246E-04 7.129E-04 6.959E-04 6.186E-04 5.314E-04 4.479E-04 3.765E-04 2.549E-04 2.257E-04 1.792E-04 1.578E-04 1.478E-04 1.251E-04 1.105E-04 8.572E-05 6.257E-05 4.168E-05 3.061E-05 4.504E-05 2.938E-05 1.874E-05 1.270E-05 1.198E-05 1.308E-05 1.696E-05 1.725E-05 1.479E-05 1.265E-05 1.091E-05 9.672E-06 7.047E-06 5.799E-06 4.979E-06 2.909E-06 2.406E-06 1.820E-06 1.603E-06 1.648E-06 1.656E-06 2.194E-06 2.020E-06 1.786E-06 1.304E-06 1.029E-06 8.353E-07 5.599E-07 3.774E-07 2.880E-07 1.770E-07 1.772E-07
  1.800E+01  3.467E-04 3.881E-04 4.253E-04 4.741E-04 5.052E-04 5.354E-04 5.588E-04 5.825E-04 5.976E-04 6.071E-04 6.116E-04 6.184E-04 6.133E-04 6.016E-04 5.425E-04 4.710E-04 3.999E-04 3.387E-04 2.313E-04 2.101E-04 1.658E-04 1.462E-04 1.372E-04 1.163E-04 1.031E-04 8.046E-05 5.887E-05 3.920E-05 2.888E-05 4.303E-05 2.789E-05 1.781E-05 1.210E-05 1.144E-05 1.254E-05 1.634E-05 1.667E-05 1.428E-05 1.221E-05 1.053E-05 9.335E-06 6.802E-06 5.599E-06 4.813E-06 2.813E-06 2.329E-06 1.765E-06 1.558E-06 1.603E-06 1.616E-06 2.148E-06 1.979E-06 1.751E-06 1.279E-06 1.010E-06 8.204E-07 5.505E-07 3.714E-07 2.837E-07 1.745E-07 1.750E-07
  2.000E+01  2.927E-04 3.259E-04 3.571E-04 3.976E-04 4.236E-04 4.515E-04 4.720E-04 4.938E-04 5.083E-04 5.181E-04 5.239E-04 5.314E-04 5.302E-04 5.218E-04 4.763E-04 4.170E-04 3.563E-04 3.039E-04 2.092E-04 1.951E-04 1.529E-04 1.350E-04 1.268E-04 1.077E-04 9.590E-05 7.523E-05 5.518E-05 3.673E-05 2.713E-05 4.096E-05 2.638E-05 1.687E-05 1.149E-05 1.089E-05 1.199E-05 1.571E-05 1.606E-05 1.374E-05 1.176E-05 1.014E-05 8.983E-06 6.546E-06 5.390E-06 4.639E-06 2.713E-06 2.247E-06 1.707E-06 1.509E-06 1.554E-06 1.574E-06 2.098E-06 1.935E-06 1.712E-06 1.252E-06 9.895E-07 8.042E-07 5.402E-07 3.650E-07 2.789E-07 1.719E-07 1.725E-07
  2.200E+01  2.535E-04 2.813E-04 3.073E-04 3.388E-04 3.618E-04 3.857E-04 4.039E-04 4.234E-04 4.366E-04 4.460E-04 4.521E-04 4.593E-04 4.602E-04 4.543E-04 4.186E-04 3.690E-04 3.170E-04 2.720E-04 1.887E-04 1.807E-04 1.405E-04 1.242E-04 1.169E-04 9.946E-05 8.887E-05 7.011E-05 5.155E-05 3.430E-05 2.542E-05 3.888E-05 2.487E-05 1.593E-05 1.087E-05 1.034E-05 1.143E-05 1.505E-05 1.543E-05 1.319E-05 1.128E-05 9.730E-06 8.620E-06 6.283E-06 5.175E-06 4.459E-06 2.609E-06 2.163E-06 1.646E-06 1.459E-06 1.503E-06 1.529E-06 2.045E-06 1.888E-06 1.671E-06 1.224E-06 9.675E-07 7.868E-07 5.292E-07 3.580E-07 2.738E-07 1.690E-07 1.699E-07
  2.400E+01  2.248E-04 2.457E-04 2.684E-04 2.932E-04 3.137E-04 3.330E-04 3.492E-04 3.666E-04 3.779E-04 3.866E-04 3.928E-04 3.990E-04 4.011E-04 3.967E-04 3.682E-04 3.264E-04 2.817E-04 2.431E-04 1.698E-04 1.669E-04 1.288E-04 1.140E-04 1.074E-04 9.157E-05 8.212E-05 6.516E-05 4.802E-05 3.194E-05 2.374E-05 3.681E-05 2.339E-05 1.499E-05 1.026E-05 9.782E-06 1.086E-05 1.439E-05 1.479E-05 1.263E-05 1.080E-05 9.315E-06 8.251E-06 6.015E-06 4.956E-06 4.275E-06 2.503E-06 2.078E-06 1.585E-06 1.407E-06 1.451E-06 1.483E-06 1.989E-06 1.839E-06 1.628E-06 1.193E-06 9.443E-07 7.685E-07 5.176E-07 3.506E-07 2.683E-07 1.659E-07 1.671E-07
  2.600E+01  1.998E-04 2.184E-04 2.368E-04 2.574E-04 2.743E-04 2.907E-04 3.043E-04 3.196E-04 3.291E-04 3.369E-04 3.429E-04 3.481E-04 3.509E-04 3.471E-04 3.241E-04 2.886E-04 2.501E-04 2.170E-04 1.525E-04 1.540E-04 1.178E-04 1.044E-04 9.849E-05 8.412E-05 7.571E-05 6.040E-05 4.462E-05 2.967E-05 2.212E-05 3.476E-05 2.193E-05 1.408E-05 9.664E-06 9.236E-06 1.030E-05 1.372E-05 1.414E-05 1.207E-05 1.032E-05 8.897E-06 7.880E-06 5.745E-06 4.735E-06 4.090E-06 2.396E-06 1.991E-06 1.522E-06 1.354E-06 1.398E-06 1.435E-06 1.931E-06 1.788E-06 1.583E-06 1.162E-06 9.200E-07 7.493E-07 5.053E-07 3.428E-07 2.626E-07 1.626E-07 1.640E-07
  2.800E+01  1.781E-04 1.973E-04 2.107E-04 2.282E-04 2.412E-04 2.565E-04 2.670E-04 2.802E-04 2.880E-04 2.949E-04 3.004E-04 3.050E-04 3.079E-04 3.043E-04 2.856E-04 2.553E-04 2.220E-04 1.936E-04 1.368E-04 1.418E-04 1.075E-04 9.547E-05 9.015E-05 7.712E-05 6.966E-05 5.588E-05 4.137E-05 2.750E-05 2.057E-05 3.276E-05 2.053E-05 1.320E-05 9.080E-06 8.702E-06 9.742E-06 1.306E-05 1.349E-05 1.151E-05 9.831E-06 8.480E-06 7.509E-06 5.476E-06 4.515E-06 3.905E-06 2.290E-06 1.904E-06 1.459E-06 1.301E-06 1.344E-06 1.386E-06 1.872E-06 1.735E-06 1.537E-06 1.129E-06 8.949E-07 7.294E-07 4.926E-07 3.347E-07 2.566E-07 1.592E-07 1.609E-07
  3.000E+01  1.612E-04 1.771E-04 1.891E-04 2.032E-04 2.139E-04 2.276E-04 2.359E-04 2.469E-04 2.536E-04 2.596E-04 2.644E-04 2.681E-04 2.709E-04 2.674E-04 2.519E-04 2.259E-04 1.970E-04 1.726E-04 1.226E-04 1.304E-04 9.803E-05 8.714E-05 8.238E-05 7.059E-05 6.398E-05 5.160E-05 3.829E-05 2.545E-05 1.909E-05 3.081E-05 1.917E-05 1.234E-05 8.517E-06 8.183E-06 9.200E-06 1.240E-05 1.285E-05 1.095E-05 9.351E-06 8.066E-06 7.141E-06 5.209E-06 4.297E-06 3.721E-06 2.183E-06 1.817E-06 1.396E-06 1.247E-06 1.289E-06 1.336E-06 1.811E-06 1.680E-06 1.489E-06 1.095E-06 8.690E-07 7.089E-07 4.794E-07 3.263E-07 2.503E-07 1.556E-07 1.576E-07
  3.200E+01  1.470E-04 1.589E-04 1.700E-04 1.817E-04 1.913E-04 2.026E-04 2.100E-04 2.187E-04 2.247E-04 2.297E-04 2.338E-04 2.364E-04 2.388E-04 2.356E-04 2.226E-04 2.000E-04 1.748E-04 1.538E-04 1.098E-04 1.199E-04 8.927E-05 7.945E-05 7.519E-05 6.453E-05 5.869E-05 4.758E-05 3.539E-05 2.351E-05 1.769E-05 2.893E-05 1.788E-05 1.153E-05 7.975E-06 7.682E-06 8.673E-06 1.176E-05 1.222E-05 1.040E-05 8.878E-06 7.660E-06 6.780E-06 4.946E-06 4.082E-06 3.540E-06 2.079E-06 1.732E-06 1.333E-06 1.194E-06 1.235E-06 1.286E-06 1.750E-06 1.625E-06 1.441E-06 1.061E-06 8.426E-07 6.879E-07 4.659E-07 3.176E-07 2.439E-07 1.520E-07 1.542E-07
  3.400E+01  1.346E-04 1.436E-04 1.535E-04 1.632E-04 1.720E-04 1.808E-04 1.877E-04 1.946E-04 1.999E-04 2.041E-04 2.075E-04 2.090E-04 2.110E-04 2.081E-04 1.970E-04 1.772E-04 1.553E-04 1.371E-04 9.832E-05 1.101E-04 8.123E-05 7.237E-05 6.857E-05 5.893E-05 5.378E-05 4.382E-05 3.266E-05 2.170E-05 1.638E-05 2.712E-05 1.665E-05 1.075E-05 7.458E-06 7.202E-06 8.163E-06 1.113E-05 1.159E-05 9.862E-06 8.416E-06 7.262E-06 6.426E-06 4.690E-06 3.872E-06 3.362E-06 1.976E-06 1.648E-06 1.271E-06 1.141E-06 1.181E-06 1.236E-06 1.687E-06 1.570E-06 1.392E-06 1.026E-06 8.157E-07 6.665E-07 4.521E-07 3.088E-07 2.373E-07 1.482E-07 1.506E-07
  3.600E+01  1.228E-04 1.300E-04 1.401E-04 1.467E-04 1.548E-04 1.615E-04 1.678E-04 1.739E-04 1.779E-04 1.815E-04 1.845E-04 1.854E-04 1.869E-04 1.842E-04 1.745E-04 1.571E-04 1.379E-04 1.222E-04 8.804E-05 1.010E-04 7.387E-05 6.588E-05 6.248E-05 5.378E-05 4.923E-05 4.032E-05 3.012E-05 2.001E-05 1.514E-05 2.539E-05 1.549E-05 1.001E-05 6.965E-06 6.744E-06 7.673E-06 1.052E-05 1.099E-05 9.338E-06 7.967E-06 6.874E-06 6.082E-06 4.440E-06 3.667E-06 3.188E-06 1.876E-06 1.566E-06 1.211E-06 1.089E-06 1.128E-06 1.186E-06 1.625E-06 1.514E-06 1.343E-06 9.908E-07 7.886E-07 6.450E-07 4.382E-07 2.998E-07 2.306E-07 1.443E-07 1.471E-07
  3.800E+01  1.119E-04 1.184E-04 1.274E-04 1.323E-04 1.396E-04 1.450E-04 1.502E-04 1.556E-04 1.586E-04 1.616E-04 1.644E-04 1.649E-04 1.660E-04 1.632E-04 1.548E-04 1.395E-04 1.226E-04 1.090E-04 7.885E-05 9.264E-05 6.715E-05 5.994E-05 5.691E-05 4.905E-05 4.504E-05 3.706E-05 2.775E-05 1.843E-05 1.399E-05 2.375E-05 1.439E-05 9.319E-06 6.499E-06 6.307E-06 7.204E-06 9.929E-06 1.040E-05 8.830E-06 7.531E-06 6.499E-06 5.749E-06 4.198E-06 3.469E-06 3.020E-06 1.778E-06 1.486E-06 1.152E-06 1.038E-06 1.076E-06 1.137E-06 1.563E-06 1.458E-06 1.294E-06 9.557E-07 7.615E-07 6.233E-07 4.241E-07 2.907E-07 2.238E-07 1.404E-07 1.434E-07
  4.000E+01  1.029E-04 1.083E-04 1.152E-04 1.198E-04 1.262E-04 1.309E-04 1.349E-04 1.394E-04 1.417E-04 1.442E-04 1.468E-04 1.469E-04 1.478E-04 1.448E-04 1.375E-04 1.240E-04 1.091E-04 9.733E-05 7.064E-05 8.496E-05 6.104E-05 5.453E-05 5.182E-05 4.473E-05 4.119E-05 3.405E-05 2.555E-05 1.697E-05 1.292E-05 2.219E-05 1.336E-05 8.665E-06 6.058E-06 5.894E-06 6.756E-06 9.362E-06 9.832E-06 8.340E-06 7.111E-06 6.137E-06 5.428E-06 3.965E-06 3.278E-06 2.857E-06 1.684E-06 1.409E-06 1.094E-06 9.881E-07 1.026E-06 1.088E-06 1.502E-06 1.402E-06 1.245E-06 9.207E-07 7.343E-07 6.016E-07 4.100E-07 2.815E-07 2.170E-07 1.364E-07 1.397E-07
  4.200E+01  9.383E-05 9.921E-05 1.049E-04 1.088E-04 1.141E-04 1.184E-04 1.216E-04 1.252E-04 1.270E-04 1.291E-04 1.314E-04 1.312E-04 1.317E-04 1.288E-04 1.223E-04 1.104E-04 9.720E-05 8.696E-05 6.333E-05 7.791E-05 5.548E-05 4.960E-05 4.718E-05 4.077E-05 3.766E-05 3.128E-05 2.351E-05 1.561E-05 1.192E-05 2.071E-05 1.239E-05 8.051E-06 5.644E-06 5.503E-06 6.331E-06 8.818E-06 9.285E-06 7.869E-06 6.707E-06 5.789E-06 5.120E-06 3.741E-06 3.094E-06 2.700E-06 1.593E-06 1.334E-06 1.039E-06 9.397E-07 9.761E-07 1.040E-06 1.441E-06 1.347E-06 1.196E-06 8.859E-07 7.073E-07 5.800E-07 3.959E-07 2.723E-07 2.101E-07 1.325E-07 1.359E-07
  4.400E+01  8.604E-05 9.003E-05 9.567E-05 9.898E-05 1.035E-04 1.071E-04 1.101E-04 1.127E-04 1.144E-04 1.161E-04 1.178E-04 1.174E-04 1.176E-04 1.147E-04 1.090E-04 9.837E-05 8.671E-05 7.777E-05 5.681E-05 7.145E-05 5.043E-05 4.512E-05 4.296E-05 3.717E-05 3.443E-05 2.872E-05 2.163E-05 1.436E-05 1.100E-05 1.932E-05 1.149E-05 7.476E-06 5.254E-06 5.134E-06 5.927E-06 8.298E-06 8.760E-06 7.417E-06 6.320E-06 5.455E-06 4.824E-06 3.526E-06 2.918E-06 2.549E-06 1.506E-06 1.262E-06 9.849E-07 8.928E-07 9.281E-07 9.938E-07 1.381E-06 1.293E-06 1.148E-06 8.514E-07 6.805E-07 5.586E-07 3.819E-07 2.632E-07 2.033E-07 1.285E-07 1.322E-07
  4.600E+01  7.835E-05 8.211E-05 8.739E-05 8.995E-05 9.405E-05 9.698E-05 9.989E-05 1.016E-04 1.033E-04 1.047E-04 1.057E-04 1.051E-04 1.053E-04 1.025E-04 9.734E-05 8.780E-05 7.746E-05 6.964E-05 5.101E-05 6.553E-05 4.586E-05 4.106E-05 3.913E-05 3.389E-05 3.148E-05 2.637E-05 1.989E-05 1.321E-05 1.014E-05 1.801E-05 1.065E-05 6.940E-06 4.889E-06 4.788E-06 5.546E-06 7.802E-06 8.257E-06 6.986E-06 5.950E-06 5.137E-06 4.542E-06 3.321E-06 2.749E-06 2.405E-06 1.422E-06 1.193E-06 9.332E-07 8.476E-07 8.817E-07 9.483E-07 1.322E-06 1.239E-06 1.101E-06 8.175E-07 6.541E-07 5.374E-07 3.681E-07 2.541E-07 1.965E-07 1.245E-07 1.285E-07
  4.800E+01  7.179E-05 7.525E-05 7.971E-05 8.220E-05 8.578E-05 8.815E-05 9.089E-05 9.171E-05 9.346E-05 9.458E-05 9.517E-05 9.431E-05 9.450E-05 9.180E-05 8.712E-05 7.848E-05 6.930E-05 6.243E-05 4.585E-05 6.013E-05 4.172E-05 3.738E-05 3.565E-05 3.091E-05 2.879E-05 2.421E-05 1.829E-05 1.215E-05 9.351E-06 1.679E-05 9.869E-06 6.440E-06 4.548E-06 4.463E-06 5.187E-06 7.331E-06 7.778E-06 6.575E-06 5.599E-06 4.834E-06 4.274E-06 3.126E-06 2.589E-06 2.268E-06 1.342E-06 1.127E-06 8.836E-07 8.040E-07 8.370E-07 9.041E-07 1.264E-06 1.187E-06 1.055E-06 7.843E-07 6.282E-07 5.165E-07 3.544E-07 2.452E-07 1.897E-07 1.206E-07 1.248E-07
  5.000E+01  6.600E-05 6.882E-05 7.228E-05 7.504E-05 7.839E-05 8.033E-05 8.257E-05 8.302E-05 8.456E-05 8.547E-05 8.595E-05 8.481E-05 8.494E-05 8.238E-05 7.811E-05 7.027E-05 6.210E-05 5.604E-05 4.126E-05 5.519E-05 3.797E-05 3.405E-05 3.250E-05 2.821E-05 2.633E-05 2.223E-05 1.683E-05 1.118E-05 8.624E-06 1.564E-05 9.143E-06 5.975E-06 4.230E-06 4.159E-06 4.848E-06 6.885E-06 7.322E-06 6.185E-06 5.265E-06 4.546E-06 4.019E-06 2.940E-06 2.437E-06 2.137E-06 1.266E-06 1.065E-06 8.362E-07 7.623E-07 7.941E-07 8.613E-07 1.208E-06 1.136E-06 1.010E-06 7.518E-07 6.028E-07 4.961E-07 3.409E-07 2.363E-07 1.831E-07 1.167E-07 1.211E-07
  5.200E+01  6.037E-05 6.373E-05 6.575E-05 6.900E-05 7.147E-05 7.348E-05 7.507E-05 7.542E-05 7.658E-05 7.732E-05 7.781E-05 7.651E-05 7.641E-05 7.404E-05 7.014E-05 6.305E-05 5.573E-05 5.038E-05 3.717E-05 5.069E-05 3.459E-05 3.103E-05 2.964E-05 2.575E-05 2.410E-05 2.042E-05 1.548E-05 1.029E-05 7.954E-06 1.457E-05 8.470E-06 5.543E-06 3.934E-06 3.875E-06 4.531E-06 6.463E-06 6.890E-06 5.815E-06 4.948E-06 4.273E-06 3.777E-06 2.765E-06 2.292E-06 2.012E-06 1.194E-06 1.005E-06 7.909E-07 7.223E-07 7.529E-07 8.201E-07 1.154E-06 1.086E-06 9.660E-07 7.201E-07 5.780E-07 4.762E-07 3.278E-07 2.277E-07 1.766E-07 1.128E-07 1.175E-07
  5.400E+01  5.522E-05 5.782E-05 6.053E-05 6.310E-05 6.519E-05 6.690E-05 6.839E-05 6.870E-05 6.948E-05 7.009E-05 7.052E-05 6.924E-05 6.892E-05 6.666E-05 6.310E-05 5.669E-05 5.010E-05 4.537E-05 3.354E-05 4.658E-05 3.153E-05 2.830E-05 2.705E-05 2.352E-05 2.206E-05 1.876E-05 1.425E-05 9.466E-06 7.337E-06 1.356E-05 7.847E-06 5.143E-06 3.658E-06 3.611E-06 4.234E-06 6.065E-06 6.480E-06 5.465E-06 4.649E-06 4.015E-06 3.549E-06 2.599E-06 2.156E-06 1.895E-06 1.126E-06 9.482E-07 7.479E-07 6.842E-07 7.137E-07 7.804E-07 1.102E-06 1.038E-06 9.235E-07 6.893E-07 5.539E-07 4.567E-07 3.150E-07 2.192E-07 1.702E-07 1.091E-07 1.139E-07
  5.600E+01  5.045E-05 5.263E-05 5.568E-05 5.726E-05 5.945E-05 6.064E-05 6.245E-05 6.256E-05 6.319E-05 6.367E-05 6.395E-05 6.283E-05 6.241E-05 6.013E-05 5.689E-05 5.110E-05 4.512E-05 4.092E-05 3.030E-05 4.283E-05 2.877E-05 2.584E-05 2.471E-05 2.151E-05 2.022E-05 1.725E-05 1.312E-05 8.716E-06 6.771E-06 1.263E-05 7.271E-06 4.772E-06 3.402E-06 3.364E-06 3.955E-06 5.690E-06 6.093E-06 5.134E-06 4.367E-06 3.772E-06 3.334E-06 2.442E-06 2.027E-06 1.783E-06 1.061E-06 8.946E-07 7.070E-07 6.480E-07 6.763E-07 7.424E-07 1.051E-06 9.911E-07 8.824E-07 6.595E-07 5.305E-07 4.379E-07 3.025E-07 2.110E-07 1.640E-07 1.054E-07 1.105E-07
  5.800E+01  4.604E-05 4.857E-05 5.142E-05 5.211E-05 5.441E-05 5.535E-05 5.704E-05 5.693E-05 5.756E-05 5.795E-05 5.810E-05 5.709E-05 5.668E-05 5.438E-05 5.140E-05 4.614E-05 4.071E-05 3.698E-05 2.741E-05 3.942E-05 2.628E-05 2.361E-05 2.259E-05 1.968E-05 1.854E-05 1.587E-05 1.208E-05 8.030E-06 6.252E-06 1.177E-05 6.740E-06 4.430E-06 3.165E-06 3.135E-06 3.696E-06 5.338E-06 5.728E-06 4.823E-06 4.102E-06 3.543E-06 3.131E-06 2.295E-06 1.906E-06 1.679E-06 1.000E-06 8.440E-07 6.684E-07 6.136E-07 6.407E-07 7.060E-07 1.002E-06 9.463E-07 8.428E-07 6.307E-07 5.079E-07 4.197E-07 2.904E-07 2.030E-07 1.580E-07 1.018E-07 1.071E-07
  6.000E+01  4.253E-05 4.511E-05 4.674E-05 4.826E-05 5.000E-05 5.111E-05 5.232E-05 5.189E-05 5.259E-05 5.290E-05 5.292E-05 5.187E-05 5.151E-05 4.931E-05 4.656E-05 4.173E-05 3.682E-05 3.348E-05 2.484E-05 3.632E-05 2.403E-05 2.159E-05 2.068E-05 1.802E-05 1.701E-05 1.461E-05 1.114E-05 7.402E-06 5.775E-06 1.096E-05 6.250E-06 4.114E-06 2.946E-06 2.922E-06 3.454E-06 5.007E-06 5.385E-06 4.531E-06 3.852E-06 3.328E-06 2.941E-06 2.157E-06 1.792E-06 1.580E-06 9.426E-07 7.963E-07 6.319E-07 5.810E-07 6.071E-07 6.714E-07 9.554E-07 9.032E-07 8.048E-07 6.030E-07 4.862E-07 4.021E-07 2.788E-07 1.953E-07 1.521E-07 9.841E-08 1.039E-07
  6.200E+01  3.907E-05 4.144E-05 4.288E-05 4.500E-05 4.595E-05 4.724E-05 4.817E-05 4.749E-05 4.823E-05 4.847E-05 4.835E-05 4.715E-05 4.682E-05 4.483E-05 4.228E-05 3.781E-05 3.337E-05 3.036E-05 2.255E-05 3.349E-05 2.199E-05 1.978E-05 1.895E-05 1.653E-05 1.563E-05 1.346E-05 1.027E-05 6.829E-06 5.339E-06 1.022E-05 5.799E-06 3.822E-06 2.743E-06 2.726E-06 3.229E-06 4.698E-06 5.062E-06 4.257E-06 3.618E-06 3.127E-06 2.763E-06 2.027E-06 1.685E-06 1.488E-06 8.887E-07 7.515E-07 5.975E-07 5.503E-07 5.753E-07 6.384E-07 9.107E-07 8.619E-07 7.683E-07 5.765E-07 4.653E-07 3.852E-07 2.676E-07 1.878E-07 1.465E-07 9.509E-08 1.007E-07
  6.400E+01  3.604E-05 3.797E-05 3.952E-05 4.165E-05 4.235E-05 4.345E-05 4.439E-05 4.365E-05 4.431E-05 4.448E-05 4.428E-05 4.303E-05 4.265E-05 4.085E-05 3.847E-05 3.434E-05 3.031E-05 2.759E-05 2.051E-05 3.092E-05 2.016E-05 1.813E-05 1.738E-05 1.517E-05 1.437E-05 1.241E-05 9.486E-06 6.306E-06 4.940E-06 9.526E-06 5.384E-06 3.553E-06 2.555E-06 2.543E-06 3.020E-06 4.409E-06 4.760E-06 4.000E-06 3.400E-06 2.938E-06 2.596E-06 1.906E-06 1.585E-06 1.401E-06 8.382E-07 7.095E-07 5.653E-07 5.214E-07 5.453E-07 6.072E-07 8.681E-07 8.225E-07 7.335E-07 5.511E-07 4.453E-07 3.691E-07 2.568E-07 1.807E-07 1.411E-07 9.191E-08 9.775E-08
  6.600E+01  3.305E-05 3.511E-05 3.652E-05 3.795E-05 3.892E-05 3.980E-05 4.081E-05 4.019E-05 4.069E-05 4.082E-05 4.062E-05 3.948E-05 3.902E-05 3.729E-05 3.509E-05 3.127E-05 2.759E-05 2.513E-05 1.869E-05 2.858E-05 1.851E-05 1.665E-05 1.597E-05 1.394E-05 1.323E-05 1.145E-05 8.766E-06 5.829E-06 4.574E-06 8.887E-06 5.002E-06 3.306E-06 2.383E-06 2.375E-06 2.826E-06 4.139E-06 4.477E-06 3.760E-06 3.195E-06 2.762E-06 2.441E-06 1.793E-06 1.492E-06 1.320E-06 7.911E-07 6.703E-07 5.350E-07 4.943E-07 5.172E-07 5.777E-07 8.276E-07 7.849E-07 7.003E-07 5.270E-07 4.263E-07 3.537E-07 2.466E-07 1.739E-07 1.360E-07 8.887E-08 9.491E-08
  6.800E+01  3.052E-05 3.264E-05 3.386E-05 3.483E-05 3.589E-05 3.664E-05 3.765E-05 3.694E-05 3.741E-05 3.751E-05 3.731E-05 3.628E-05 3.583E-05 3.413E-05 3.207E-05 2.855E-05 2.515E-05 2.293E-05 1.706E-05 2.646E-05 1.701E-05 1.531E-05 1.469E-05 1.283E-05 1.220E-05 1.059E-05 8.111E-06 5.394E-06 4.241E-06 8.297E-06 4.652E-06 3.079E-06 2.224E-06 2.220E-06 2.646E-06 3.888E-06 4.213E-06 3.536E-06 3.005E-06 2.598E-06 2.296E-06 1.688E-06 1.405E-06 1.244E-06 7.471E-07 6.336E-07 5.068E-07 4.689E-07 4.908E-07 5.499E-07 7.893E-07 7.493E-07 6.689E-07 5.040E-07 4.082E-07 3.390E-07 2.368E-07 1.674E-07 1.311E-07 8.598E-08 9.222E-08
  7.000E+01  2.794E-05 3.033E-05 3.144E-05 3.227E-05 3.312E-05 3.387E-05 3.471E-05 3.401E-05 3.442E-05 3.451E-05 3.434E-05 3.337E-05 3.295E-05 3.129E-05 2.937E-05 2.614E-05 2.299E-05 2.098E-05 1.560E-05 2.452E-05 1.566E-05 1.410E-05 1.353E-05 1.183E-05 1.126E-05 9.796E-06 7.513E-06 4.997E-06 3.937E-06 7.752E-06 4.331E-06 2.871E-06 2.078E-06 2.077E-06 2.480E-06 3.655E-06 3.967E-06 3.328E-06 2.828E-06 2.445E-06 2.161E-06 1.590E-06 1.325E-06 1.174E-06 7.062E-07 5.996E-07 4.805E-07 4.452E-07 4.661E-07 5.238E-07 7.530E-07 7.156E-07 6.391E-07 4.823E-07 3.911E-07 3.252E-07 2.276E-07 1.613E-07 1.264E-07 8.326E-08 8.969E-08
  7.200E+01  2.601E-05 2.804E-05 2.900E-05 2.998E-05 3.070E-05 3.144E-05 3.210E-05 3.147E-05 3.179E-05 3.185E-05 3.171E-05 3.077E-05 3.033E-05 2.876E-05 2.697E-05 2.398E-05 2.107E-05 1.923E-05 1.430E-05 2.276E-05 1.445E-05 1.301E-05 1.249E-05 1.092E-05 1.041E-05 9.078E-06 6.969E-06 4.637E-06 3.659E-06 7.250E-06 4.037E-06 2.680E-06 1.944E-06 1.945E-06 2.327E-06 3.438E-06 3.737E-06 3.134E-06 2.663E-06 2.304E-06 2.036E-06 1.499E-06 1.250E-06 1.109E-06 6.683E-07 5.680E-07 4.560E-07 4.231E-07 4.432E-07 4.994E-07 7.189E-07 6.838E-07 6.110E-07 4.618E-07 3.750E-07 3.121E-07 2.189E-07 1.555E-07 1.221E-07 8.070E-08 8.732E-08
  7.400E+01  2.424E-05 2.596E-05 2.695E-05 2.802E-05 2.848E-05 2.926E-05 2.986E-05 2.917E-05 2.951E-05 2.955E-05 2.932E-05 2.843E-05 2.797E-05 2.651E-05 2.484E-05 2.204E-05 1.936E-05 1.767E-05 1.314E-05 2.116E-05 1.335E-05 1.202E-05 1.155E-05 1.010E-05 9.639E-06 8.425E-06 6.474E-06 4.309E-06 3.406E-06 6.788E-06 3.768E-06 2.506E-06 1.821E-06 1.825E-06 2.186E-06 3.237E-06 3.524E-06 2.955E-06 2.510E-06 2.172E-06 1.920E-06 1.415E-06 1.181E-06 1.049E-06 6.333E-07 5.387E-07 4.334E-07 4.026E-07 4.219E-07 4.766E-07 6.868E-07 6.539E-07 5.846E-07 4.426E-07 3.598E-07 2.998E-07 2.107E-07 1.501E-07 1.180E-07 7.830E-08 8.514E-08
  7.600E+01  2.214E-05 2.398E-05 2.508E-05 2.622E-05 2.640E-05 2.726E-05 2.793E-05 2.696E-05 2.753E-05 2.754E-05 2.713E-05 2.626E-05 2.590E-05 2.452E-05 2.294E-05 2.031E-05 1.784E-05 1.627E-05 1.210E-05 1.970E-05 1.236E-05 1.113E-05 1.069E-05 9.358E-06 8.942E-06 7.832E-06 6.024E-06 4.011E-06 3.176E-06 6.363E-06 3.523E-06 2.346E-06 1.709E-06 1.714E-06 2.057E-06 3.051E-06 3.327E-06 2.788E-06 2.369E-06 2.051E-06 1.813E-06 1.337E-06 1.117E-06 9.931E-07 6.009E-07 5.118E-07 4.125E-07 3.837E-07 4.022E-07 4.555E-07 6.568E-07 6.259E-07 5.599E-07 4.246E-07 3.456E-07 2.883E-07 2.031E-07 1.450E-07 1.142E-07 7.609E-08 8.313E-08
  7.800E+01  2.075E-05 2.266E-05 2.328E-05 2.439E-05 2.464E-05 2.539E-05 2.604E-05 2.501E-05 2.563E-05 2.561E-05 2.521E-05 2.431E-05 2.403E-05 2.274E-05 2.124E-05 1.876E-05 1.647E-05 1.503E-05 1.116E-05 1.838E-05 1.146E-05 1.032E-05 9.923E-06 8.687E-06 8.312E-06 7.293E-06 5.615E-06 3.741E-06 2.967E-06 5.973E-06 3.299E-06 2.201E-06 1.607E-06 1.613E-06 1.938E-06 2.880E-06 3.144E-06 2.635E-06 2.239E-06 1.939E-06 1.715E-06 1.266E-06 1.058E-06 9.418E-07 5.712E-07 4.870E-07 3.932E-07 3.663E-07 3.840E-07 4.359E-07 6.289E-07 5.998E-07 5.369E-07 4.078E-07 3.324E-07 2.776E-07 1.960E-07 1.404E-07 1.106E-07 7.404E-08 8.130E-08
  8.000E+01  1.918E-05 2.128E-05 2.173E-05 2.247E-05 2.294E-05 2.357E-05 2.410E-05 2.343E-05 2.372E-05 2.373E-05 2.354E-05 2.270E-05 2.233E-05 2.112E-05 1.970E-05 1.740E-05 1.524E-05 1.391E-05 1.033E-05 1.718E-05 1.066E-05 9.597E-06 9.228E-06 8.081E-06 7.741E-06 6.805E-06 5.244E-06 3.496E-06 2.778E-06 5.615E-06 3.095E-06 2.068E-06 1.513E-06 1.521E-06 1.829E-06 2.722E-06 2.975E-06 2.493E-06 2.119E-06 1.836E-06 1.624E-06 1.201E-06 1.004E-06 8.947E-07 5.440E-07 4.643E-07 3.756E-07 3.503E-07 3.673E-07 4.178E-07 6.030E-07 5.755E-07 5.154E-07 3.922E-07 3.202E-07 2.677E-07 1.894E-07 1.360E-07 1.074E-07 7.218E-08 7.966E-08
  8.200E+01  1.801E-05 1.941E-05 2.037E-05 2.073E-05 2.137E-05 2.182E-05 2.239E-05 2.202E-05 2.205E-05 2.206E-05 2.201E-05 2.130E-05 2.082E-05 1.965E-05 1.831E-05 1.618E-05 1.414E-05 1.291E-05 9.580E-06 1.608E-05 9.928E-06 8.942E-06 8.600E-06 7.534E-06 7.224E-06 6.362E-06 4.907E-06 3.274E-06 2.606E-06 5.287E-06 2.909E-06 1.948E-06 1.428E-06 1.437E-06 1.730E-06 2.577E-06 2.820E-06 2.363E-06 2.009E-06 1.741E-06 1.541E-06 1.140E-06 9.550E-07 8.516E-07 5.191E-07 4.436E-07 3.595E-07 3.357E-07 3.521E-07 4.012E-07 5.790E-07 5.530E-07 4.956E-07 3.779E-07 3.088E-07 2.586E-07 1.834E-07 1.321E-07 1.044E-07 7.050E-08 7.821E-08
  8.400E+01  1.656E-05 1.800E-05 1.924E-05 1.946E-05 1.994E-05 2.039E-05 2.100E-05 2.053E-05 2.066E-05 2.067E-05 2.054E-05 1.994E-05 1.950E-05 1.833E-05 1.708E-05 1.509E-05 1.317E-05 1.202E-05 8.910E-06 1.509E-05 9.271E-06 8.351E-06 8.034E-06 7.041E-06 6.758E-06 5.961E-06 4.603E-06 3.073E-06 2.451E-06 4.987E-06 2.741E-06 1.839E-06 1.352E-06 1.361E-06 1.639E-06 2.444E-06 2.677E-06 2.243E-06 1.908E-06 1.655E-06 1.465E-06 1.086E-06 9.100E-07 8.123E-07 4.965E-07 4.248E-07 3.449E-07 3.224E-07 3.382E-07 3.860E-07 5.569E-07 5.323E-07 4.774E-07 3.647E-07 2.985E-07 2.502E-07 1.779E-07 1.285E-07 1.017E-07 6.900E-08 7.695E-08
  8.600E+01  1.553E-05 1.676E-05 1.804E-05 1.835E-05 1.874E-05 1.922E-05 1.973E-05 1.911E-05 1.942E-05 1.942E-05 1.922E-05 1.859E-05 1.830E-05 1.717E-05 1.598E-05 1.409E-05 1.230E-05 1.122E-05 8.309E-06 1.419E-05 8.678E-06 7.818E-06 7.524E-06 6.595E-06 6.336E-06 5.599E-06 4.327E-06 2.892E-06 2.310E-06 4.713E-06 2.588E-06 1.740E-06 1.282E-06 1.292E-06 1.557E-06 2.323E-06 2.546E-06 2.133E-06 1.816E-06 1.576E-06 1.396E-06 1.036E-06 8.691E-07 7.766E-07 4.761E-07 4.077E-07 3.317E-07 3.105E-07 3.256E-07 3.722E-07 5.367E-07 5.133E-07 4.607E-07 3.526E-07 2.890E-07 2.426E-07 1.729E-07 1.252E-07 9.930E-08 6.767E-08 7.587E-08
  8.800E+01  1.457E-05 1.598E-05 1.651E-05 1.734E-05 1.764E-05 1.820E-05 1.859E-05 1.795E-05 1.830E-05 1.830E-05 1.808E-05 1.739E-05 1.715E-05 1.614E-05 1.501E-05 1.319E-05 1.152E-05 1.050E-05 7.772E-06 1.337E-05 8.144E-06 7.339E-06 7.063E-06 6.194E-06 5.956E-06 5.271E-06 4.078E-06 2.729E-06 2.184E-06 4.463E-06 2.450E-06 1.651E-06 1.219E-06 1.230E-06 1.482E-06 2.212E-06 2.426E-06 2.034E-06 1.732E-06 1.504E-06 1.333E-06 9.907E-07 8.321E-07 7.443E-07 4.577E-07 3.924E-07 3.199E-07 2.997E-07 3.143E-07 3.598E-07 5.182E-07 4.960E-07 4.455E-07 3.416E-07 2.805E-07 2.358E-07 1.684E-07 1.223E-07 9.717E-08 6.653E-08 7.499E-08
  9.000E+01  1.343E-05 1.503E-05 1.542E-05 1.624E-05 1.664E-05 1.714E-05 1.758E-05 1.696E-05 1.728E-05 1.728E-05 1.705E-05 1.638E-05 1.611E-05 1.522E-05 1.413E-05 1.239E-05 1.082E-05 9.857E-06 7.291E-06 1.263E-05 7.663E-06 6.907E-06 6.649E-06 5.833E-06 5.614E-06 4.976E-06 3.854E-06 2.582E-06 2.070E-06 4.236E-06 2.325E-06 1.571E-06 1.163E-06 1.174E-06 1.415E-06 2.111E-06 2.316E-06 1.943E-06 1.655E-06 1.438E-06 1.276E-06 9.499E-07 7.988E-07 7.152E-07 4.412E-07 3.787E-07 3.093E-07 2.901E-07 3.042E-07 3.487E-07 5.015E-07 4.803E-07 4.317E-07 3.318E-07 2.728E-07 2.296E-07 1.644E-07 1.198E-07 9.530E-08 6.556E-08 7.430E-08
  9.200E+01  1.279E-05 1.388E-05 1.467E-05 1.522E-05 1.571E-05 1.607E-05 1.658E-05 1.603E-05 1.630E-05 1.631E-05 1.611E-05 1.548E-05 1.524E-05 1.436E-05 1.333E-05 1.168E-05 1.019E-05 9.283E-06 6.860E-06 1.196E-05 7.231E-06 6.518E-06 6.277E-06 5.508E-06 5.306E-06 4.709E-06 3.652E-06 2.451E-06 1.968E-06 4.030E-06 2.213E-06 1.499E-06 1.113E-06 1.124E-06 1.355E-06 2.019E-06 2.217E-06 1.860E-06 1.586E-06 1.380E-06 1.224E-06 9.133E-07 7.689E-07 6.892E-07 4.265E-07 3.666E-07 2.999E-07 2.815E-07 2.953E-07 3.387E-07 4.865E-07 4.661E-07 4.194E-07 3.230E-07 2.660E-07 2.242E-07 1.609E-07 1.176E-07 9.371E-08 6.477E-08 7.379E-08
  9.400E+01  1.185E-05 1.279E-05 1.405E-05 1.429E-05 1.471E-05 1.510E-05 1.559E-05 1.510E-05 1.537E-05 1.538E-05 1.523E-05 1.470E-05 1.451E-05 1.357E-05 1.260E-05 1.106E-05 9.626E-06 8.772E-06 6.475E-06 1.135E-05 6.844E-06 6.169E-06 5.943E-06 5.217E-06 5.029E-06 4.470E-06 3.471E-06 2.333E-06 1.877E-06 3.843E-06 2.113E-06 1.435E-06 1.068E-06 1.079E-06 1.300E-06 1.937E-06 2.126E-06 1.786E-06 1.524E-06 1.327E-06 1.178E-06 8.806E-07 7.423E-07 6.661E-07 4.135E-07 3.559E-07 2.917E-07 2.741E-07 2.875E-07 3.300E-07 4.731E-07 4.535E-07 4.084E-07 3.152E-07 2.600E-07 2.195E-07 1.579E-07 1.158E-07 9.238E-08 6.414E-08 7.346E-08
  9.600E+01  1.082E-05 1.212E-05 1.340E-05 1.332E-05 1.375E-05 1.420E-05 1.464E-05 1.430E-05 1.450E-05 1.453E-05 1.445E-05 1.403E-05 1.382E-05 1.286E-05 1.195E-05 1.051E-05 9.120E-06 8.316E-06 6.131E-06 1.080E-05 6.496E-06 5.857E-06 5.644E-06 4.956E-06 4.781E-06 4.256E-06 3.308E-06 2.228E-06 1.795E-06 3.674E-06 2.023E-06 1.378E-06 1.028E-06 1.039E-06 1.252E-06 1.862E-06 2.045E-06 1.719E-06 1.468E-06 1.279E-06 1.137E-06 8.516E-07 7.188E-07 6.456E-07 4.022E-07 3.465E-07 2.845E-07 2.676E-07 2.807E-07 3.224E-07 4.613E-07 4.423E-07 3.987E-07 3.084E-07 2.547E-07 2.154E-07 1.554E-07 1.142E-07 9.130E-08 6.369E-08 7.332E-08
  9.800E+01  1.005E-05 1.157E-05 1.262E-05 1.251E-05 1.301E-05 1.344E-05 1.379E-05 1.366E-05 1.372E-05 1.376E-05 1.377E-05 1.339E-05 1.316E-05 1.225E-05 1.138E-05 1.001E-05 8.671E-06 7.908E-06 5.824E-06 1.031E-05 6.185E-06 5.577E-06 5.376E-06 4.723E-06 4.559E-06 4.064E-06 3.163E-06 2.134E-06 1.723E-06 3.522E-06 1.944E-06 1.327E-06 9.926E-07 1.004E-06 1.209E-06 1.796E-06 1.972E-06 1.659E-06 1.419E-06 1.237E-06 1.100E-06 8.260E-07 6.981E-07 6.277E-07 3.924E-07 3.385E-07 2.784E-07 2.621E-07 2.748E-07 3.159E-07 4.509E-07 4.326E-07 3.902E-07 3.025E-07 2.503E-07 2.119E-07 1.533E-07 1.130E-07 9.047E-08 6.340E-08 7.335E-08
  1.000E+02  9.706E-06 1.100E-05 1.173E-05 1.198E-05 1.249E-05 1.289E-05 1.315E-05 1.308E-05 1.310E-05 1.315E-05 1.319E-05 1.276E-05 1.255E-05 1.173E-05 1.088E-05 9.548E-06 8.278E-06 7.543E-06 5.552E-06 9.863E-06 5.907E-06 5.328E-06 5.137E-06 4.516E-06 4.362E-06 3.893E-06 3.034E-06 2.052E-06 1.660E-06 3.386E-06 1.873E-06 1.283E-06 9.618E-07 9.735E-07 1.172E-06 1.737E-06 1.906E-06 1.606E-06 1.375E-06 1.200E-06 1.068E-06 8.037E-07 6.801E-07 6.121E-07 3.840E-07 3.316E-07 2.732E-07 2.574E-07 2.699E-07 3.103E-07 4.420E-07 4.241E-07 3.830E-07 2.976E-07 2.466E-07 2.091E-07 1.516E-07 1.121E-07 8.988E-08 6.326E-08 7.354E-08
  1.020E+02  9.179E-06 1.031E-05 1.110E-05 1.165E-05 1.199E-05 1.245E-05 1.276E-05 1.247E-05 1.268E-05 1.272E-05 1.264E-05 1.217E-05 1.202E-05 1.128E-05 1.045E-05 9.140E-06 7.935E-06 7.219E-06 5.311E-06 9.463E-06 5.659E-06 5.107E-06 4.924E-06 4.331E-06 4.186E-06 3.740E-06 2.920E-06 1.979E-06 1.604E-06 3.264E-06 1.811E-06 1.244E-06 9.351E-07 9.468E-07 1.139E-06 1.684E-06 1.848E-06 1.559E-06 1.336E-06 1.167E-06 1.040E-06 7.843E-07 6.646E-07 5.988E-07 3.769E-07 3.259E-07 2.690E-07 2.536E-07 2.659E-07 3.058E-07 4.344E-07 4.170E-07 3.769E-07 2.935E-07 2.436E-07 2.068E-07 1.503E-07 1.115E-07 8.951E-08 6.328E-08 7.391E-08
  1.040E+02  8.598E-06 9.659E-06 1.051E-05 1.122E-05 1.148E-05 1.194E-05 1.235E-05 1.192E-05 1.227E-05 1.230E-05 1.216E-05 1.170E-05 1.158E-05 1.087E-05 1.007E-05 8.787E-06 7.630E-06 6.935E-06 5.099E-06 9.105E-06 5.440E-06 4.911E-06 4.736E-06 4.168E-06 4.031E-06 3.606E-06 2.819E-06 1.915E-06 1.555E-06 3.155E-06 1.756E-06 1.210E-06 9.121E-07 9.238E-07 1.110E-06 1.638E-06 1.797E-06 1.517E-06 1.302E-06 1.139E-06 1.016E-06 7.678E-07 6.515E-07 5.875E-07 3.711E-07 3.212E-07 2.656E-07 2.506E-07 2.627E-07 3.022E-07 4.281E-07 4.110E-07 3.718E-07 2.902E-07 2.413E-07 2.051E-07 1.494E-07 1.111E-07 8.937E-08 6.344E-08 7.443E-08
  1.060E+02  8.125E-06 9.373E-06 1.008E-05 1.061E-05 1.096E-05 1.140E-05 1.182E-05 1.150E-05 1.178E-05 1.183E-05 1.173E-05 1.132E-05 1.119E-05 1.049E-05 9.722E-06 8.487E-06 7.358E-06 6.687E-06 4.912E-06 8.786E-06 5.247E-06 4.739E-06 4.571E-06 4.024E-06 3.894E-06 3.488E-06 2.731E-06 1.860E-06 1.512E-06 3.059E-06 1.709E-06 1.181E-06 8.925E-07 9.042E-07 1.086E-06 1.598E-06 1.752E-06 1.481E-06 1.273E-06 1.115E-06 9.952E-07 7.539E-07 6.406E-07 5.782E-07 3.665E-07 3.176E-07 2.629E-07 2.483E-07 2.602E-07 2.994E-07 4.230E-07 4.062E-07 3.678E-07 2.877E-07 2.396E-07 2.039E-07 1.489E-07 1.111E-07 8.944E-08 6.374E-08 7.510E-08
  1.080E+02  7.542E-06 9.154E-06 9.808E-06 1.006E-05 1.045E-05 1.096E-05 1.129E-05 1.112E-05 1.131E-05 1.137E-05 1.134E-05 1.099E-05 1.087E-05 1.016E-05 9.416E-06 8.231E-06 7.120E-06 6.472E-06 4.748E-06 8.503E-06 5.078E-06 4.587E-06 4.426E-06 3.899E-06 3.775E-06 3.385E-06 2.655E-06 1.812E-06 1.476E-06 2.974E-06 1.669E-06 1.157E-06 8.761E-07 8.878E-07 1.065E-06 1.563E-06 1.712E-06 1.450E-06 1.248E-06 1.094E-06 9.778E-07 7.425E-07 6.317E-07 5.707E-07 3.630E-07 3.148E-07 2.610E-07 2.466E-07 2.585E-07 2.974E-07 4.190E-07 4.025E-07 3.648E-07 2.860E-07 2.385E-07 2.033E-07 1.488E-07 1.112E-07 8.970E-08 6.417E-08 7.592E-08
  1.100E+02  7.155E-06 8.756E-06 9.580E-06 9.748E-06 1.006E-05 1.064E-05 1.093E-05 1.077E-05 1.096E-05 1.104E-05 1.101E-05 1.071E-05 1.060E-05 9.882E-06 9.160E-06 8.008E-06 6.918E-06 6.288E-06 4.607E-06 8.253E-06 4.931E-06 4.456E-06 4.301E-06 3.791E-06 3.671E-06 3.295E-06 2.588E-06 1.771E-06 1.445E-06 2.900E-06 1.634E-06 1.136E-06 8.627E-07 8.744E-07 1.048E-06 1.533E-06 1.679E-06 1.424E-06 1.227E-06 1.077E-06 9.635E-07 7.333E-07 6.248E-07 5.649E-07 3.604E-07 3.129E-07 2.598E-07 2.457E-07 2.574E-07 2.961E-07 4.162E-07 3.998E-07 3.627E-07 2.849E-07 2.379E-07 2.031E-07 1.490E-07 1.116E-07 9.016E-08 6.473E-08 7.687E-08
  1.120E+02  7.058E-06 8.314E-06 9.155E-06 9.542E-06 9.831E-06 1.040E-05 1.072E-05 1.051E-05 1.075E-05 1.082E-05 1.077E-05 1.046E-05 1.035E-05 9.667E-06 8.954E-06 7.816E-06 6.751E-06 6.130E-06 4.487E-06 8.034E-06 4.804E-06 4.343E-06 4.193E-06 3.698E-06 3.582E-06 3.219E-06 2.532E-06 1.737E-06 1.420E-06 2.835E-06 1.605E-06 1.119E-06 8.519E-07 8.636E-07 1.034E-06 1.508E-06 1.650E-06 1.401E-06 1.210E-06 1.063E-06 9.520E-07 7.263E-07 6.195E-07 5.607E-07 3.588E-07 3.118E-07 2.593E-07 2.453E-07 2.570E-07 2.956E-07 4.143E-07 3.981E-07 3.615E-07 2.845E-07 2.379E-07 2.033E-07 1.495E-07 1.123E-07 9.079E-08 6.540E-08 7.795E-08
  1.140E+02  6.874E-06 8.029E-06 8.670E-06 9.433E-06 9.636E-06 1.023E-05 1.057E-05 1.032E-05 1.060E-05 1.066E-05 1.060E-05 1.025E-05 1.014E-05 9.502E-06 8.793E-06 7.659E-06 6.616E-06 5.998E-06 4.385E-06 7.844E-06 4.696E-06 4.248E-06 4.101E-06 3.619E-06 3.507E-06 3.154E-06 2.485E-06 1.709E-06 1.399E-06 2.780E-06 1.582E-06 1.106E-06 8.436E-07 8.553E-07 1.023E-06 1.487E-06 1.626E-06 1.383E-06 1.196E-06 1.053E-06 9.432E-07 7.212E-07 6.159E-07 5.579E-07 3.580E-07 3.114E-07 2.593E-07 2.454E-07 2.571E-07 2.957E-07 4.133E-07 3.973E-07 3.610E-07 2.848E-07 2.384E-07 2.040E-07 1.503E-07 1.131E-07 9.158E-08 6.619E-08 7.915E-08
  1.160E+02  6.675E-06 7.890E-06 8.435E-06 9.262E-06 9.467E-06 1.008E-05 1.040E-05 1.016E-05 1.045E-05 1.052E-05 1.044E-05 1.009E-05 9.986E-06 9.380E-06 8.671E-06 7.540E-06 6.507E-06 5.892E-06 4.302E-06 7.681E-06 4.607E-06 4.168E-06 4.025E-06 3.553E-06 3.445E-06 3.100E-06 2.446E-06 1.687E-06 1.382E-06 2.733E-06 1.563E-06 1.096E-06 8.376E-07 8.493E-07 1.015E-06 1.471E-06 1.606E-06 1.369E-06 1.185E-06 1.044E-06 9.368E-07 7.178E-07 6.138E-07 5.564E-07 3.581E-07 3.117E-07 2.598E-07 2.461E-07 2.577E-07 2.964E-07 4.133E-07 3.972E-07 3.613E-07 2.855E-07 2.394E-07 2.050E-07 1.513E-07 1.142E-07 9.253E-08 6.707E-08 8.046E-08
  1.180E+02  6.478E-06 7.773E-06 8.503E-06 8.960E-06 9.311E-06 9.902E-06 1.022E-05 1.003E-05 1.030E-05 1.038E-05 1.032E-05 1.002E-05 9.919E-06 9.295E-06 8.582E-06 7.459E-06 6.422E-06 5.813E-06 4.235E-06 7.543E-06 4.534E-06 4.103E-06 3.963E-06 3.500E-06 3.394E-06 3.057E-06 2.415E-06 1.669E-06 1.370E-06 2.694E-06 1.549E-06 1.089E-06 8.337E-07 8.454E-07 1.009E-06 1.458E-06 1.590E-06 1.358E-06 1.178E-06 1.039E-06 9.327E-07 7.162E-07 6.131E-07 5.561E-07 3.588E-07 3.126E-07 2.608E-07 2.472E-07 2.589E-07 2.977E-07 4.140E-07 3.980E-07 3.623E-07 2.868E-07 2.407E-07 2.064E-07 1.526E-07 1.154E-07 9.362E-08 6.805E-08 8.187E-08
  1.200E+02  6.188E-06 7.762E-06 8.567E-06 8.758E-06 9.137E-06 9.773E-06 1.010E-05 9.981E-06 1.020E-05 1.029E-05 1.027E-05 1.002E-05 9.905E-06 9.247E-06 8.528E-06 7.410E-06 6.364E-06 5.756E-06 4.184E-06 7.428E-06 4.476E-06 4.053E-06 3.915E-06 3.459E-06 3.354E-06 3.023E-06 2.392E-06 1.656E-06 1.361E-06 2.662E-06 1.539E-06 1.084E-06 8.317E-07 8.434E-07 1.006E-06 1.449E-06 1.579E-06 1.350E-06 1.173E-06 1.036E-06 9.306E-07 7.160E-07 6.136E-07 5.570E-07 3.602E-07 3.140E-07 2.623E-07 2.487E-07 2.604E-07 2.994E-07 4.155E-07 3.995E-07 3.639E-07 2.886E-07 2.425E-07 2.081E-07 1.542E-07 1.168E-07 9.483E-08 6.912E-08 8.337E-08
  1.220E+02  6.120E-06 7.687E-06 8.368E-06 8.750E-06 9.096E-06 9.748E-06 1.009E-05 1.001E-05 1.021E-05 1.030E-05 1.030E-05 1.003E-05 9.913E-06 9.252E-06 8.519E-06 7.387E-06 6.335E-06 5.721E-06 4.149E-06 7.336E-06 4.434E-06 4.015E-06 3.879E-06 3.429E-06 3.325E-06 2.997E-06 2.375E-06 1.648E-06 1.355E-06 2.636E-06 1.533E-06 1.082E-06 8.314E-07 8.431E-07 1.004E-06 1.442E-06 1.570E-06 1.345E-06 1.170E-06 1.034E-06 9.304E-07 7.172E-07 6.152E-07 5.588E-07 3.622E-07 3.160E-07 2.642E-07 2.506E-07 2.624E-07 3.016E-07 4.176E-07 4.016E-07 3.660E-07 2.908E-07 2.446E-07 2.101E-07 1.559E-07 1.183E-07 9.616E-08 7.026E-08 8.495E-08
  1.240E+02  6.253E-06 7.674E-06 8.230E-06 8.861E-06 9.206E-06 9.842E-06 1.022E-05 1.010E-05 1.032E-05 1.041E-05 1.040E-05 1.006E-05 9.954E-06 9.323E-06 8.559E-06 7.393E-06 6.335E-06 5.707E-06 4.128E-06 7.263E-06 4.405E-06 3.991E-06 3.855E-06 3.408E-06 3.305E-06 2.980E-06 2.364E-06 1.644E-06 1.352E-06 2.616E-06 1.530E-06 1.083E-06 8.327E-07 8.444E-07 1.005E-06 1.439E-06 1.564E-06 1.343E-06 1.170E-06 1.035E-06 9.320E-07 7.197E-07 6.179E-07 5.616E-07 3.647E-07 3.184E-07 2.664E-07 2.528E-07 2.647E-07 3.042E-07 4.203E-07 4.042E-07 3.687E-07 2.934E-07 2.471E-07 2.124E-07 1.579E-07 1.200E-07 9.760E-08 7.146E-08 8.660E-08
  1.260E+02  6.272E-06 7.727E-06 8.227E-06 9.082E-06 9.383E-06 1.003E-05 1.042E-05 1.021E-05 1.052E-05 1.061E-05 1.053E-05 1.017E-05 1.006E-05 9.448E-06 8.645E-06 7.436E-06 6.362E-06 5.717E-06 4.121E-06 7.210E-06 4.389E-06 3.978E-06 3.843E-06 3.398E-06 3.295E-06 2.971E-06 2.359E-06 1.643E-06 1.352E-06 2.602E-06 1.530E-06 1.085E-06 8.354E-07 8.472E-07 1.008E-06 1.438E-06 1.562E-06 1.343E-06 1.171E-06 1.038E-06 9.350E-07 7.233E-07 6.215E-07 5.652E-07 3.677E-07 3.211E-07 2.689E-07 2.553E-07 2.673E-07 3.072E-07 4.236E-07 4.075E-07 3.719E-07 2.963E-07 2.498E-07 2.149E-07 1.600E-07 1.217E-07 9.912E-08 7.272E-08 8.831E-08
  1.280E+02  6.303E-06 7.681E-06 8.411E-06 9.304E-06 9.583E-06 1.024E-05 1.067E-05 1.037E-05 1.077E-05 1.085E-05 1.072E-05 1.037E-05 1.026E-05 9.615E-06 8.768E-06 7.517E-06 6.413E-06 5.750E-06 4.128E-06 7.173E-06 4.387E-06 3.976E-06 3.841E-06 3.396E-06 3.292E-06 2.969E-06 2.359E-06 1.645E-06 1.355E-06 2.593E-06 1.533E-06 1.089E-06 8.394E-07 8.512E-07 1.012E-06 1.439E-06 1.562E-06 1.345E-06 1.175E-06 1.042E-06 9.395E-07 7.279E-07 6.259E-07 5.695E-07 3.711E-07 3.243E-07 2.717E-07 2.580E-07 2.702E-07 3.105E-07 4.274E-07 4.111E-07 3.755E-07 2.996E-07 2.528E-07 2.177E-07 1.622E-07 1.236E-07 1.007E-07 7.404E-08 9.007E-08
  1.300E+02  6.366E-06 7.780E-06 8.709E-06 9.489E-06 9.777E-06 1.048E-05 1.089E-05 1.063E-05 1.102E-05 1.110E-05 1.098E-05 1.065E-05 1.052E-05 9.821E-06 8.925E-06 7.636E-06 6.489E-06 5.805E-06 4.148E-06 7.153E-06 4.396E-06 3.984E-06 3.849E-06 3.403E-06 3.298E-06 2.973E-06 2.364E-06 1.651E-06 1.360E-06 2.588E-06 1.539E-06 1.095E-06 8.446E-07 8.564E-07 1.017E-06 1.443E-06 1.564E-06 1.349E-06 1.180E-06 1.048E-06 9.452E-07 7.334E-07 6.311E-07 5.745E-07 3.749E-07 3.277E-07 2.748E-07 2.610E-07 2.733E-07 3.140E-07 4.316E-07 4.152E-07 3.794E-07 3.031E-07 2.559E-07 2.206E-07 1.646E-07 1.256E-07 1.024E-07 7.539E-08 9.188E-08
  1.320E+02  6.406E-06 8.154E-06 9.082E-06 9.760E-06 1.001E-05 1.082E-05 1.112E-05 1.103E-05 1.129E-05 1.138E-05 1.134E-05 1.104E-05 1.085E-05 1.008E-05 9.126E-06 7.791E-06 6.592E-06 5.882E-06 4.180E-06 7.146E-06 4.417E-06 4.003E-06 3.867E-06 3.419E-06 3.311E-06 2.984E-06 2.373E-06 1.660E-06 1.367E-06 2.587E-06 1.547E-06 1.102E-06 8.508E-07 8.625E-07 1.024E-06 1.448E-06 1.568E-06 1.354E-06 1.187E-06 1.054E-06 9.520E-07 7.396E-07 6.369E-07 5.800E-07 3.790E-07 3.314E-07 2.781E-07 2.642E-07 2.766E-07 3.178E-07 4.362E-07 4.197E-07 3.837E-07 3.069E-07 2.593E-07 2.236E-07 1.670E-07 1.276E-07 1.041E-07 7.677E-08 9.371E-08
  1.340E+02  6.764E-06 8.514E-06 9.419E-06 1.007E-05 1.051E-05 1.124E-05 1.154E-05 1.159E-05 1.172E-05 1.180E-05 1.183E-05 1.150E-05 1.124E-05 1.044E-05 9.393E-06 7.982E-06 6.723E-06 5.980E-06 4.226E-06 7.153E-06 4.449E-06 4.031E-06 3.893E-06 3.441E-06 3.331E-06 3.000E-06 2.387E-06 1.671E-06 1.376E-06 2.590E-06 1.558E-06 1.110E-06 8.579E-07 8.696E-07 1.031E-06 1.455E-06 1.574E-06 1.362E-06 1.195E-06 1.062E-06 9.598E-07 7.466E-07 6.433E-07 5.860E-07 3.833E-07 3.353E-07 2.815E-07 2.675E-07 2.801E-07 3.218E-07 4.410E-07 4.244E-07 3.882E-07 3.108E-07 2.628E-07 2.268E-07 1.696E-07 1.297E-07 1.059E-07 7.818E-08 9.556E-08
  1.360E+02  7.503E-06 8.785E-06 9.888E-06 1.053E-05 1.128E-05 1.179E-05 1.222E-05 1.225E-05 1.238E-05 1.244E-05 1.246E-05 1.204E-05 1.171E-05 1.091E-05 9.733E-06 8.210E-06 6.886E-06 6.099E-06 4.284E-06 7.171E-06 4.490E-06 4.068E-06 3.928E-06 3.471E-06 3.358E-06 3.022E-06 2.405E-06 1.685E-06 1.387E-06 2.595E-06 1.570E-06 1.120E-06 8.658E-07 8.774E-07 1.040E-06 1.464E-06 1.581E-06 1.370E-06 1.204E-06 1.071E-06 9.684E-07 7.541E-07 6.501E-07 5.924E-07 3.879E-07 3.394E-07 2.850E-07 2.710E-07 2.837E-07 3.259E-07 4.462E-07 4.294E-07 3.929E-07 3.149E-07 2.665E-07 2.300E-07 1.722E-07 1.318E-07 1.076E-07 7.960E-08 9.742E-08
  1.380E+02  8.056E-06 9.192E-06 1.034E-05 1.127E-05 1.212E-05 1.256E-05 1.310E-05 1.299E-05 1.321E-05 1.324E-05 1.318E-05 1.266E-05 1.229E-05 1.145E-05 1.013E-05 8.480E-06 7.079E-06 6.242E-06 4.353E-06 7.198E-06 4.541E-06 4.113E-06 3.971E-06 3.507E-06 3.390E-06 3.048E-06 2.426E-06 1.700E-06 1.399E-06 2.604E-06 1.584E-06 1.131E-06 8.743E-07 8.859E-07 1.049E-06 1.473E-06 1.590E-06 1.380E-06 1.214E-06 1.081E-06 9.777E-07 7.622E-07 6.573E-07 5.992E-07 3.926E-07 3.436E-07 2.887E-07 2.745E-07 2.874E-07 3.301E-07 4.515E-07 4.346E-07 3.978E-07 3.191E-07 2.702E-07 2.334E-07 1.748E-07 1.339E-07 1.094E-07 8.103E-08 9.928E-08
  1.400E+02  8.435E-06 1.005E-05 1.101E-05 1.230E-05 1.293E-05 1.358E-05 1.407E-05 1.384E-05 1.412E-05 1.412E-05 1.397E-05 1.342E-05 1.302E-05 1.205E-05 1.058E-05 8.794E-06 7.301E-06 6.409E-06 4.434E-06 7.232E-06 4.601E-06 4.166E-06 4.021E-06 3.550E-06 3.428E-06 3.079E-06 2.450E-06 1.718E-06 1.413E-06 2.615E-06 1.600E-06 1.143E-06 8.834E-07 8.950E-07 1.059E-06 1.484E-06 1.601E-06 1.391E-06 1.224E-06 1.091E-06 9.875E-07 7.706E-07 6.649E-07 6.062E-07 3.975E-07 3.479E-07 2.924E-07 2.781E-07 2.912E-07 3.344E-07 4.570E-07 4.399E-07 4.029E-07 3.234E-07 2.740E-07 2.367E-07 1.775E-07 1.361E-07 1.113E-07 8.245E-08 1.011E-07
  1.420E+02  9.221E-06 1.122E-05 1.226E-05 1.333E-05 1.395E-05 1.468E-05 1.508E-05 1.492E-05 1.509E-05 1.507E-05 1.490E-05 1.433E-05 1.389E-05 1.273E-05 1.108E-05 9.154E-06 7.552E-06 6.598E-06 4.525E-06 7.272E-06 4.669E-06 4.226E-06 4.078E-06 3.597E-06 3.471E-06 3.113E-06 2.476E-06 1.737E-06 1.428E-06 2.628E-06 1.617E-06 1.155E-06 8.930E-07 9.045E-07 1.070E-06 1.496E-06 1.612E-06 1.402E-06 1.236E-06 1.102E-06 9.979E-07 7.793E-07 6.726E-07 6.134E-07 4.024E-07 3.523E-07 2.962E-07 2.818E-07 2.950E-07 3.388E-07 4.626E-07 4.453E-07 4.080E-07 3.277E-07 2.778E-07 2.401E-07 1.801E-07 1.382E-07 1.130E-07 8.386E-08 1.030E-07
  1.440E+02  1.029E-05 1.229E-05 1.396E-05 1.463E-05 1.533E-05 1.597E-05 1.635E-05 1.626E-05 1.631E-05 1.624E-05 1.605E-05 1.542E-05 1.488E-05 1.354E-05 1.166E-05 9.561E-06 7.831E-06 6.808E-06 4.625E-06 7.315E-06 4.743E-06 4.292E-06 4.140E-06 3.650E-06 3.517E-06 3.151E-06 2.505E-06 1.758E-06 1.444E-06 2.643E-06 1.634E-06 1.168E-06 9.029E-07 9.143E-07 1.081E-06 1.508E-06 1.624E-06 1.414E-06 1.248E-06 1.114E-06 1.009E-06 7.882E-07 6.805E-07 6.207E-07 4.074E-07 3.567E-07 2.999E-07 2.854E-07 2.988E-07 3.431E-07 4.682E-07 4.508E-07 4.131E-07 3.321E-07 2.816E-07 2.435E-07 1.828E-07 1.403E-07 1.148E-07 8.525E-08 1.048E-07
  1.460E+02  1.173E-05 1.364E-05 1.578E-05 1.627E-05 1.714E-05 1.760E-05 1.803E-05 1.788E-05 1.786E-05 1.771E-05 1.745E-05 1.673E-05 1.598E-05 1.450E-05 1.233E-05 1.001E-05 8.136E-06 7.034E-06 4.734E-06 7.360E-06 4.822E-06 4.362E-06 4.206E-06 3.706E-06 3.567E-06 3.191E-06 2.536E-06 1.779E-06 1.460E-06 2.660E-06 1.653E-06 1.182E-06 9.131E-07 9.244E-07 1.092E-06 1.521E-06 1.637E-06 1.427E-06 1.260E-06 1.125E-06 1.020E-06 7.973E-07 6.885E-07 6.281E-07 4.124E-07 3.611E-07 3.037E-07 2.890E-07 3.026E-07 3.475E-07 4.739E-07 4.563E-07 4.182E-07 3.364E-07 2.853E-07 2.468E-07 1.854E-07 1.424E-07 1.166E-07 8.662E-08 1.065E-07
  1.480E+02  1.367E-05 1.551E-05 1.782E-05 1.833E-05 1.932E-05 1.968E-05 2.010E-05 1.981E-05 1.970E-05 1.943E-05 1.907E-05 1.823E-05 1.725E-05 1.558E-05 1.306E-05 1.050E-05 8.462E-06 7.276E-06 4.849E-06 7.406E-06 4.905E-06 4.435E-06 4.276E-06 3.765E-06 3.620E-06 3.233E-06 2.569E-06 1.802E-06 1.477E-06 2.678E-06 1.672E-06 1.195E-06 9.234E-07 9.346E-07 1.104E-06 1.535E-06 1.651E-06 1.440E-06 1.273E-06 1.137E-06 1.031E-06 8.064E-07 6.966E-07 6.355E-07 4.174E-07 3.655E-07 3.074E-07 2.926E-07 3.063E-07 3.517E-07 4.795E-07 4.618E-07 4.233E-07 3.406E-07 2.890E-07 2.501E-07 1.879E-07 1.445E-07 1.183E-07 8.795E-08 1.082E-07
  1.500E+02  1.608E-05 1.831E-05 2.035E-05 2.105E-05 2.183E-05 2.227E-05 2.245E-05 2.205E-05 2.173E-05 2.133E-05 2.087E-05 1.987E-05 1.871E-05 1.672E-05 1.383E-05 1.102E-05 8.804E-06 7.528E-06 4.968E-06 7.453E-06 4.989E-06 4.511E-06 4.347E-06 3.825E-06 3.674E-06 3.276E-06 2.602E-06 1.825E-06 1.494E-06 2.697E-06 1.692E-06 1.209E-06 9.338E-07 9.448E-07 1.116E-06 1.549E-06 1.666E-06 1.454E-06 1.286E-06 1.149E-06 1.042E-06 8.156E-07 7.045E-07 6.428E-07 4.222E-07 3.697E-07 3.110E-07 2.961E-07 3.100E-07 3.559E-07 4.850E-07 4.671E-07 4.283E-07 3.448E-07 2.927E-07 2.533E-07 1.904E-07 1.464E-07 1.199E-07 8.924E-08 1.099E-07
  1.520E+02  1.930E-05 2.197E-05 2.350E-05 2.458E-05 2.489E-05 2.538E-05 2.521E-05 2.460E-05 2.409E-05 2.352E-05 2.287E-05 2.167E-05 2.026E-05 1.794E-05 1.464E-05 1.155E-05 9.157E-06 7.781E-06 5.087E-06 7.506E-06 5.073E-06 4.586E-06 4.419E-06 3.886E-06 3.728E-06 3.320E-06 2.636E-06 1.849E-06 1.512E-06 2.719E-06 1.712E-06 1.224E-06 9.442E-07 9.550E-07 1.127E-06 1.563E-06 1.681E-06 1.468E-06 1.299E-06 1.161E-06 1.053E-06 8.246E-07 7.124E-07 6.501E-07 4.270E-07 3.739E-07 3.146E-07 2.995E-07 3.135E-07 3.599E-07 4.904E-07 4.724E-07 4.332E-07 3.489E-07 2.962E-07 2.564E-07 1.929E-07 1.484E-07 1.215E-07 9.048E-08 1.115E-07
  1.540E+02  2.373E-05 2.619E-05 2.734E-05 2.863E-05 2.876E-05 2.879E-05 2.863E-05 2.738E-05 2.693E-05 2.611E-05 2.506E-05 2.361E-05 2.179E-05 1.928E-05 1.550E-05 1.206E-05 9.510E-06 8.022E-06 5.202E-06 7.569E-06 5.154E-06 4.660E-06 4.488E-06 3.946E-06 3.782E-06 3.364E-06 2.670E-06 1.873E-06 1.530E-06 2.742E-06 1.732E-06 1.238E-06 9.545E-07 9.651E-07 1.139E-06 1.578E-06 1.697E-06 1.482E-06 1.312E-06 1.173E-06 1.064E-06 8.335E-07 7.201E-07 6.571E-07 4.316E-07 3.780E-07 3.180E-07 3.027E-07 3.169E-07 3.639E-07 4.956E-07 4.775E-07 4.379E-07 3.528E-07 2.996E-07 2.594E-07 1.952E-07 1.502E-07 1.231E-07 9.166E-08 1.130E-07
  1.560E+02  3.002E-05 3.101E-05 3.192E-05 3.293E-05 3.343E-05 3.236E-05 3.243E-05 3.046E-05 3.006E-05 2.891E-05 2.737E-05 2.558E-05 2.332E-05 2.066E-05 1.634E-05 1.253E-05 9.836E-06 8.240E-06 5.310E-06 7.654E-06 5.231E-06 4.731E-06 4.556E-06 4.004E-06 3.835E-06 3.408E-06 2.704E-06 1.896E-06 1.547E-06 2.767E-06 1.752E-06 1.251E-06 9.645E-07 9.749E-07 1.150E-06 1.593E-06 1.713E-06 1.496E-06 1.326E-06 1.185E-06 1.075E-06 8.421E-07 7.276E-07 6.640E-07 4.361E-07 3.818E-07 3.212E-07 3.058E-07 3.202E-07 3.676E-07 5.007E-07 4.824E-07 4.425E-07 3.565E-07 3.028E-07 2.622E-07 1.974E-07 1.519E-07 1.245E-07 9.278E-08 1.144E-07
  1.580E+02  3.690E-05 3.708E-05 3.761E-05 3.758E-05 3.800E-05 3.619E-05 3.604E-05 3.360E-05 3.291E-05 3.143E-05 2.955E-05 2.741E-05 2.486E-05 2.185E-05 1.703E-05 1.293E-05 1.010E-05 8.425E-06 5.402E-06 7.774E-06 5.303E-06 4.797E-06 4.620E-06 4.060E-06 3.887E-06 3.452E-06 2.737E-06 1.919E-06 1.564E-06 2.795E-06 1.772E-06 1.265E-06 9.743E-07 9.845E-07 1.161E-06 1.608E-06 1.730E-06 1.511E-06 1.339E-06 1.197E-06 1.086E-06 8.505E-07 7.349E-07 6.706E-07 4.403E-07 3.855E-07 3.243E-07 3.088E-07 3.233E-07 3.711E-07 5.055E-07 4.871E-07 4.468E-07 3.601E-07 3.059E-07 2.649E-07 1.995E-07 1.536E-07 1.259E-07 9.384E-08 1.158E-07
  1.600E+02  4.320E-05 4.379E-05 4.375E-05 4.259E-05 4.163E-05 4.010E-05 3.891E-05 3.637E-05 3.496E-05 3.323E-05 3.132E-05 2.905E-05 2.618E-05 2.264E-05 1.746E-05 1.324E-05 1.027E-05 8.563E-06 5.473E-06 7.949E-06 5.372E-06 4.858E-06 4.681E-06 4.113E-06 3.937E-06 3.496E-06 2.770E-06 1.941E-06 1.581E-06 2.825E-06 1.791E-06 1.278E-06 9.837E-07 9.937E-07 1.171E-06 1.623E-06 1.748E-06 1.525E-06 1.352E-06 1.209E-06 1.096E-06 8.586E-07 7.418E-07 6.769E-07 4.443E-07 3.890E-07 3.273E-07 3.116E-07 3.263E-07 3.745E-07 5.100E-07 4.915E-07 4.509E-07 3.634E-07 3.088E-07 2.675E-07 2.014E-07 1.551E-07 1.272E-07 9.482E-08 1.170E-07
  1.620E+02  4.879E-05 4.931E-05 4.907E-05 4.678E-05 4.437E-05 4.308E-05 4.103E-05 3.833E-05 3.626E-05 3.432E-05 3.240E-05 3.021E-05 2.697E-05 2.297E-05 1.761E-05 1.339E-05 1.034E-05 8.642E-06 5.521E-06 8.198E-06 5.439E-06 4.919E-06 4.740E-06 4.165E-06 3.987E-06 3.542E-06 2.804E-06 1.963E-06 1.597E-06 2.859E-06 1.810E-06 1.290E-06 9.926E-07 1.002E-06 1.182E-06 1.638E-06 1.765E-06 1.540E-06 1.365E-06 1.220E-06 1.107E-06 8.663E-07 7.483E-07 6.828E-07 4.481E-07 3.923E-07 3.300E-07 3.142E-07 3.290E-07 3.775E-07 5.142E-07 4.956E-07 4.546E-07 3.665E-07 3.114E-07 2.698E-07 2.032E-07 1.565E-07 1.283E-07 9.573E-08 1.182E-07
  1.640E+02  5.286E-05 5.346E-05 5.239E-05 4.942E-05 4.609E-05 4.458E-05 4.259E-05 3.897E-05 3.705E-05 3.496E-05 3.266E-05 3.045E-05 2.701E-05 2.286E-05 1.754E-05 1.336E-05 1.031E-05 8.655E-06 5.549E-06 8.541E-06 5.513E-06 4.983E-06 4.803E-06 4.217E-06 4.040E-06 3.590E-06 2.837E-06 1.984E-06 1.612E-06 2.896E-06 1.829E-06 1.302E-06 1.001E-06 1.011E-06 1.191E-06 1.653E-06 1.783E-06 1.554E-06 1.378E-06 1.231E-06 1.116E-06 8.736E-07 7.545E-07 6.884E-07 4.515E-07 3.953E-07 3.325E-07 3.166E-07 3.315E-07 3.804E-07 5.181E-07 4.993E-07 4.581E-07 3.693E-07 3.138E-07 2.719E-07 2.048E-07 1.578E-07 1.294E-07 9.655E-08 1.192E-07
  1.660E+02  5.564E-05 5.664E-05 5.366E-05 5.103E-05 4.705E-05 4.525E-05 4.406E-05 3.844E-05 3.769E-05 3.546E-05 3.230E-05 2.969E-05 2.645E-05 2.244E-05 1.735E-05 1.317E-05 1.025E-05 8.624E-06 5.566E-06 8.987E-06 5.602E-06 5.057E-06 4.873E-06 4.274E-06 4.099E-06 3.644E-06 2.872E-06 2.004E-06 1.627E-06 2.936E-06 1.847E-06 1.314E-06 1.009E-06 1.018E-06 1.201E-06 1.668E-06 1.801E-06 1.569E-06 1.390E-06 1.242E-06 1.126E-06 8.804E-07 7.602E-07 6.935E-07 4.547E-07 3.980E-07 3.347E-07 3.187E-07 3.337E-07 3.829E-07 5.216E-07 5.028E-07 4.612E-07 3.719E-07 3.160E-07 2.738E-07 2.063E-07 1.590E-07 1.304E-07 9.728E-08 1.202E-07
  1.680E+02  5.793E-05 5.953E-05 5.497E-05 5.215E-05 4.787E-05 4.595E-05 4.523E-05 3.782E-05 3.803E-05 3.574E-05 3.194E-05 2.867E-05 2.585E-05 2.194E-05 1.717E-05 1.295E-05 1.018E-05 8.600E-06 5.587E-06 9.536E-06 5.718E-06 5.151E-06 4.960E-06 4.341E-06 4.168E-06 3.704E-06 2.910E-06 2.023E-06 1.641E-06 2.978E-06 1.865E-06 1.324E-06 1.016E-06 1.025E-06 1.209E-06 1.682E-06 1.818E-06 1.582E-06 1.402E-06 1.252E-06 1.134E-06 8.866E-07 7.653E-07 6.981E-07 4.575E-07 4.004E-07 3.367E-07 3.206E-07 3.357E-07 3.852E-07 5.247E-07 5.058E-07 4.640E-07 3.741E-07 3.180E-07 2.755E-07 2.076E-07 1.600E-07 1.312E-07 9.793E-08 1.210E-07
  1.700E+02  6.167E-05 6.141E-05 5.719E-05 5.281E-05 4.901E-05 4.683E-05 4.563E-05 3.841E-05 3.786E-05 3.568E-05 3.235E-05 2.847E-05 2.575E-05 2.163E-05 1.716E-05 1.293E-05 1.019E-05 8.659E-06 5.634E-06 1.016E-05 5.869E-06 5.267E-06 5.069E-06 4.422E-06 4.249E-06 3.771E-06 2.949E-06 2.043E-06 1.654E-06 3.020E-06 1.882E-06 1.334E-06 1.023E-06 1.032E-06 1.217E-06 1.695E-06 1.833E-06 1.594E-06 1.413E-06 1.261E-06 1.142E-06 8.922E-07 7.699E-07 7.022E-07 4.599E-07 4.025E-07 3.384E-07 3.222E-07 3.374E-07 3.871E-07 5.274E-07 5.084E-07 4.664E-07 3.760E-07 3.196E-07 2.769E-07 2.087E-07 1.608E-07 1.319E-07 9.848E-08 1.217E-07
  1.720E+02  6.542E-05 6.372E-05 6.093E-05 5.390E-05 5.039E-05 4.835E-05 4.629E-05 4.010E-05 3.805E-05 3.607E-05 3.384E-05 2.953E-05 2.663E-05 2.194E-05 1.759E-05 1.327E-05 1.038E-05 8.864E-06 5.726E-06 1.083E-05 6.053E-06 5.406E-06 5.200E-06 4.516E-06 4.339E-06 3.844E-06 2.990E-06 2.061E-06 1.666E-06 3.059E-06 1.899E-06 1.343E-06 1.028E-06 1.037E-06 1.223E-06 1.707E-06 1.847E-06 1.605E-06 1.423E-06 1.269E-06 1.149E-06 8.970E-07 7.738E-07 7.057E-07 4.620E-07 4.042E-07 3.399E-07 3.236E-07 3.388E-07 3.887E-07 5.296E-07 5.105E-07 4.684E-07 3.776E-07 3.210E-07 2.781E-07 2.096E-07 1.616E-07 1.325E-07 9.893E-08 1.223E-07
  1.740E+02  6.719E-05 6.851E-05 6.623E-05 5.660E-05 5.244E-05 5.138E-05 4.881E-05 4.260E-05 4.008E-05 3.820E-05 3.646E-05 3.182E-05 2.879E-05 2.324E-05 1.866E-05 1.403E-05 1.080E-05 9.226E-06 5.867E-06 1.147E-05 6.255E-06 5.556E-06 5.341E-06 4.617E-06 4.433E-06 3.917E-06 3.030E-06 2.079E-06 1.677E-06 3.095E-06 1.914E-06 1.351E-06 1.033E-06 1.042E-06 1.229E-06 1.717E-06 1.859E-06 1.615E-06 1.431E-06 1.276E-06 1.155E-06 9.009E-07 7.770E-07 7.085E-07 4.636E-07 4.056E-07 3.410E-07 3.247E-07 3.399E-07 3.899E-07 5.314E-07 5.122E-07 4.699E-07 3.789E-07 3.220E-07 2.791E-07 2.103E-07 1.621E-07 1.330E-07 9.929E-08 1.227E-07
  1.760E+02  6.788E-05 7.226E-05 7.139E-05 6.075E-05 5.592E-05 5.619E-05 5.402E-05 4.643E-05 4.455E-05 4.255E-05 4.026E-05 3.530E-05 3.194E-05 2.546E-05 2.028E-05 1.505E-05 1.141E-05 9.677E-06 6.032E-06 1.201E-05 6.444E-06 5.698E-06 5.473E-06 4.711E-06 4.517E-06 3.981E-06 3.064E-06 2.093E-06 1.685E-06 3.122E-06 1.926E-06 1.356E-06 1.036E-06 1.045E-06 1.233E-06 1.724E-06 1.868E-06 1.622E-06 1.437E-06 1.281E-06 1.159E-06 9.038E-07 7.793E-07 7.106E-07 4.648E-07 4.066E-07 3.418E-07 3.254E-07 3.408E-07 3.908E-07 5.326E-07 5.134E-07 4.710E-07 3.798E-07 3.228E-07 2.797E-07 2.108E-07 1.625E-07 1.333E-07 9.955E-08 1.230E-07
  1.780E+02  6.505E-05 7.702E-05 7.741E-05 6.748E-05 6.108E-05 6.280E-05 6.137E-05 5.128E-05 5.050E-05 4.809E-05 4.439E-05 3.920E-05 3.531E-05 2.793E-05 2.192E-05 1.600E-05 1.199E-05 1.007E-05 6.171E-06 1.238E-05 6.581E-06 5.802E-06 5.569E-06 4.780E-06 4.576E-06 4.025E-06 3.087E-06 2.103E-06 1.691E-06 3.140E-06 1.933E-06 1.360E-06 1.039E-06 1.047E-06 1.236E-06 1.729E-06 1.874E-06 1.626E-06 1.440E-06 1.284E-06 1.162E-06 9.056E-07 7.808E-07 7.119E-07 4.655E-07 4.072E-07 3.423E-07 3.259E-07 3.413E-07 3.914E-07 5.334E-07 5.142E-07 4.717E-07 3.803E-07 3.233E-07 2.801E-07 2.111E-07 1.628E-07 1.335E-07 9.970E-08 1.232E-07
  1.800E+02  6.708E-05 8.441E-05 8.402E-05 7.334E-05 6.540E-05 6.741E-05 6.610E-05 5.429E-05 5.398E-05 5.119E-05 4.658E-05 4.121E-05 3.702E-05 2.914E-05 2.266E-05 1.641E-05 1.225E-05 1.023E-05 6.226E-06 1.250E-05 6.632E-06 5.840E-06 5.605E-06 4.805E-06 4.598E-06 4.041E-06 3.095E-06 2.107E-06 1.693E-06 3.146E-06 1.936E-06 1.362E-06 1.039E-06 1.048E-06 1.237E-06 1.730E-06 1.876E-06 1.627E-06 1.442E-06 1.285E-06 1.163E-06 9.063E-07 7.813E-07 7.123E-07 4.657E-07 4.074E-07 3.425E-07 3.261E-07 3.414E-07 3.916E-07 5.337E-07 5.144E-07 4.719E-07 3.805E-07 3.234E-07 2.803E-07 2.112E-07 1.628E-07 1.336E-07 9.975E-08 1.233E-07
