# sea salt (coa., 70%)
#
# size distribution: lognormal
# ------------------
#
#   minimum radius, [um]:      8.500E-03
#   maximum radius, [um]:      1.000E+02
#                  sigma:      2.030E+00
#       Rmod (wet), [um]:      3.170E+00
#       Rmod (dry), [um]:      1.750E+00
#
# optical parameters:
# -------------------
#
# wavelength ext.coef  sca.coef  abs.coef  si.sc.alb  asym.par  ext.nor    ref.real  ref.imag
#     [um]     [1/km]    [1/km]    [1/km]
#
#  2.500E-01 1.773E-01 1.772E-01 7.781E-05 9.996E-01 0.848E+00 9.786E-01  1.387E+00 -8.691E-07
#  3.000E-01 1.781E-01 1.781E-01 2.586E-05 9.999E-01 0.849E+00 9.834E-01  1.376E+00 -3.498E-07
#  3.500E-01 1.788E-01 1.788E-01 3.944E-06 1.000E+00 0.854E+00 9.872E-01  1.371E+00 -5.992E-08
#  4.000E-01 1.792E-01 1.792E-01 4.380E-07 1.000E+00 0.858E+00 9.894E-01  1.366E+00 -6.594E-09
#  4.500E-01 1.799E-01 1.799E-01 1.715E-07 1.000E+00 0.859E+00 9.929E-01  1.364E+00 -4.937E-09
#  5.000E-01 1.806E-01 1.806E-01 1.184E-07 1.000E+00 0.850E+00 9.969E-01  1.363E+00 -3.440E-09
#  5.500E-01 1.812E-01 1.812E-01 1.944E-07 1.000E+00 0.850E+00 1.000E+00  1.361E+00 -3.313E-09
#  6.000E-01 1.816E-01 1.816E-01 4.656E-07 1.000E+00 0.854E+00 1.003E+00  1.359E+00 -1.176E-08
#  6.500E-01 1.823E-01 1.823E-01 7.388E-07 1.000E+00 0.849E+00 1.006E+00  1.358E+00 -2.077E-08
#  7.000E-01 1.829E-01 1.829E-01 2.420E-06 1.000E+00 0.848E+00 1.010E+00  1.358E+00 -6.151E-08
#  7.500E-01 1.835E-01 1.834E-01 9.907E-06 9.999E-01 0.848E+00 1.013E+00  1.357E+00 -3.115E-07
#  8.000E-01 1.837E-01 1.837E-01 1.285E-05 9.999E-01 0.850E+00 1.014E+00  1.354E+00 -4.320E-07
#  9.000E-01 1.845E-01 1.843E-01 1.993E-04 9.989E-01 0.845E+00 1.019E+00  1.354E+00 -7.538E-06
#  1.000E+00 1.862E-01 1.856E-01 6.210E-04 9.967E-01 0.842E+00 1.028E+00  1.351E+00 -2.613E-05
#  1.250E+00 1.885E-01 1.872E-01 1.286E-03 9.932E-01 0.837E+00 1.040E+00  1.348E+00 -6.747E-05
#  1.500E+00 1.905E-01 1.864E-01 4.048E-03 9.787E-01 0.833E+00 1.051E+00  1.344E+00 -2.622E-04
#  1.750E+00 1.938E-01 1.909E-01 2.874E-03 9.852E-01 0.827E+00 1.070E+00  1.336E+00 -2.114E-04
#  2.000E+00 1.960E-01 1.844E-01 1.166E-02 9.405E-01 0.833E+00 1.082E+00  1.330E+00 -1.083E-03
#  2.500E+00 2.031E-01 1.860E-01 1.709E-02 9.159E-01 0.847E+00 1.121E+00  1.289E+00 -2.120E-03
#  3.000E+00 1.963E-01 9.925E-02 9.701E-02 5.057E-01 0.940E+00 1.083E+00  1.411E+00 -2.279E-01
#  3.200E+00 2.022E-01 1.077E-01 9.454E-02 5.325E-01 0.914E+00 1.116E+00  1.480E+00 -7.736E-02
#  3.390E+00 2.065E-01 1.406E-01 6.592E-02 6.808E-01 0.845E+00 1.140E+00  1.433E+00 -1.960E-02
#  3.500E+00 2.085E-01 1.689E-01 3.959E-02 8.101E-01 0.809E+00 1.151E+00  1.413E+00 -8.088E-03
#  3.750E+00 2.123E-01 1.937E-01 1.855E-02 9.126E-01 0.790E+00 1.172E+00  1.386E+00 -3.147E-03
#  4.000E+00 2.148E-01 1.932E-01 2.162E-02 8.993E-01 0.798E+00 1.186E+00  1.373E+00 -4.062E-03
#  4.500E+00 2.183E-01 1.759E-01 4.237E-02 8.059E-01 0.827E+00 1.205E+00  1.359E+00 -1.138E-02
#  5.000E+00 2.215E-01 1.835E-01 3.806E-02 8.282E-01 0.825E+00 1.223E+00  1.349E+00 -1.073E-02
#  5.500E+00 2.234E-01 1.894E-01 3.400E-02 8.478E-01 0.839E+00 1.233E+00  1.319E+00 -1.025E-02
#  6.000E+00 2.053E-01 1.143E-01 9.098E-02 5.568E-01 0.918E+00 1.133E+00  1.289E+00 -9.085E-02
#  6.200E+00 2.176E-01 1.269E-01 9.074E-02 5.831E-01 0.878E+00 1.201E+00  1.403E+00 -7.690E-02
#  6.500E+00 2.224E-01 1.573E-01 6.516E-02 7.071E-01 0.852E+00 1.228E+00  1.359E+00 -3.345E-02
#  7.200E+00 2.208E-01 1.653E-01 5.548E-02 7.487E-01 0.855E+00 1.219E+00  1.330E+00 -2.788E-02
#  7.900E+00 2.155E-01 1.608E-01 5.468E-02 7.462E-01 0.864E+00 1.189E+00  1.312E+00 -3.038E-02
#  8.200E+00 2.131E-01 1.575E-01 5.556E-02 7.392E-01 0.866E+00 1.176E+00  1.309E+00 -3.256E-02
#  8.500E+00 2.119E-01 1.551E-01 5.676E-02 7.321E-01 0.865E+00 1.170E+00  1.312E+00 -3.490E-02
#  8.700E+00 2.138E-01 1.557E-01 5.815E-02 7.280E-01 0.858E+00 1.180E+00  1.327E+00 -3.657E-02
#  9.000E+00 2.122E-01 1.540E-01 5.822E-02 7.257E-01 0.858E+00 1.172E+00  1.327E+00 -3.790E-02
#  9.200E+00 2.082E-01 1.504E-01 5.784E-02 7.222E-01 0.864E+00 1.149E+00  1.315E+00 -3.893E-02
#  9.500E+00 2.024E-01 1.454E-01 5.697E-02 7.185E-01 0.870E+00 1.117E+00  1.300E+00 -3.996E-02
#  9.800E+00 1.954E-01 1.382E-01 5.723E-02 7.071E-01 0.877E+00 1.079E+00  1.285E+00 -4.253E-02
#  1.000E+01 1.895E-01 1.319E-01 5.758E-02 6.961E-01 0.883E+00 1.046E+00  1.272E+00 -4.478E-02
#  1.060E+01 1.680E-01 1.061E-01 6.190E-02 6.316E-01 0.900E+00 9.275E-01  1.233E+00 -5.842E-02
#  1.100E+01 1.540E-01 8.403E-02 6.995E-02 5.457E-01 0.908E+00 8.500E-01  1.208E+00 -8.287E-02
#  1.150E+01 1.450E-01 6.676E-02 7.819E-02 4.606E-01 0.909E+00 8.002E-01  1.186E+00 -1.205E-01
#  1.250E+01 1.502E-01 5.922E-02 9.100E-02 3.942E-01 0.892E+00 8.293E-01  1.173E+00 -2.181E-01
#  1.300E+01 1.570E-01 6.200E-02 9.500E-02 3.949E-01 0.880E+00 8.667E-01  1.190E+00 -2.567E-01
#  1.400E+01 1.686E-01 6.800E-02 1.006E-01 4.034E-01 0.858E+00 9.305E-01  1.244E+00 -3.116E-01
#  1.480E+01 1.745E-01 7.147E-02 1.031E-01 4.095E-01 0.844E+00 9.635E-01  1.287E+00 -3.344E-01
#  1.500E+01 1.763E-01 7.256E-02 1.038E-01 4.115E-01 0.840E+00 9.733E-01  1.300E+00 -3.403E-01
#  1.640E+01 1.854E-01 7.819E-02 1.072E-01 4.218E-01 0.816E+00 1.023E+00  1.382E+00 -3.703E-01
#  1.720E+01 1.915E-01 8.271E-02 1.088E-01 4.319E-01 0.800E+00 1.057E+00  1.446E+00 -3.770E-01
#  1.800E+01 1.940E-01 8.475E-02 1.092E-01 4.369E-01 0.789E+00 1.071E+00  1.483E+00 -3.762E-01
#  1.850E+01 1.944E-01 8.531E-02 1.091E-01 4.388E-01 0.783E+00 1.073E+00  1.498E+00 -3.729E-01
#  2.000E+01 1.935E-01 8.603E-02 1.074E-01 4.447E-01 0.769E+00 1.068E+00  1.527E+00 -3.525E-01
#  2.130E+01 1.908E-01 8.498E-02 1.058E-01 4.454E-01 0.759E+00 1.053E+00  1.536E+00 -3.430E-01
#  2.250E+01 1.889E-01 8.429E-02 1.046E-01 4.464E-01 0.749E+00 1.043E+00  1.549E+00 -3.380E-01
#  2.500E+01 1.840E-01 8.229E-02 1.017E-01 4.472E-01 0.730E+00 1.016E+00  1.570E+00 -3.306E-01
#  2.790E+01 1.775E-01 7.899E-02 9.855E-02 4.449E-01 0.709E+00 9.801E-01  1.586E+00 -3.282E-01
#  3.000E+01 1.713E-01 7.576E-02 9.558E-02 4.421E-01 0.697E+00 9.458E-01  1.588E+00 -3.233E-01
#  3.500E+01 1.578E-01 6.442E-02 9.337E-02 4.083E-01 0.669E+00 8.711E-01  1.570E+00 -3.636E-01
#  4.000E+01 1.548E-01 5.581E-02 9.898E-02 3.605E-01 0.625E+00 8.545E-01  1.556E+00 -4.885E-01
#
# volume phase function [1/km]:
# -----------------------------
#
# sca.ang. | wavelengths --->
# ---------|------------------
#          | 2.500E-01 3.000E-01 3.500E-01 4.000E-01 4.500E-01 5.000E-01 5.500E-01 6.000E-01 6.500E-01 7.000E-01 7.500E-01 8.000E-01 9.000E-01 1.000E+00 1.250E+00 1.500E+00 1.750E+00 2.000E+00 2.500E+00 3.000E+00 3.200E+00 3.390E+00 3.500E+00 3.750E+00 4.000E+00 4.500E+00 5.000E+00 5.500E+00 6.000E+00 6.200E+00 6.500E+00 7.200E+00 7.900E+00 8.200E+00 8.500E+00 8.700E+00 9.000E+00 9.200E+00 9.500E+00 9.800E+00 1.000E+01 1.060E+01 1.100E+01 1.150E+01 1.250E+01 1.300E+01 1.400E+01 1.480E+01 1.500E+01 1.640E+01 1.720E+01 1.800E+01 1.850E+01 2.000E+01 2.130E+01 2.250E+01 2.500E+01 2.790E+01 3.000E+01 3.500E+01 4.000E+01
#
  0.000E+00  8.894E+02 6.212E+02 4.581E+02 3.514E+02 2.786E+02 2.273E+02 1.884E+02 1.588E+02 1.354E+02 1.173E+02 1.027E+02 9.064E+01 7.194E+01 5.856E+01 3.813E+01 2.674E+01 1.996E+01 1.543E+01 1.015E+01 6.966E+00 6.242E+00 5.650E+00 5.355E+00 4.750E+00 4.226E+00 3.404E+00 2.836E+00 2.432E+00 1.947E+00 1.848E+00 1.758E+00 1.502E+00 1.292E+00 1.212E+00 1.136E+00 1.085E+00 1.024E+00 9.892E-01 9.391E-01 8.881E-01 8.536E-01 7.312E-01 6.196E-01 5.041E-01 3.927E-01 3.726E-01 3.411E-01 3.170E-01 3.119E-01 2.766E-01 2.613E-01 2.443E-01 2.338E-01 2.060E-01 1.845E-01 1.679E-01 1.399E-01 1.150E-01 1.006E-01 7.219E-02 5.302E-02
  1.000E-01  5.988E+02 4.614E+02 3.635E+02 2.923E+02 2.399E+02 2.010E+02 1.698E+02 1.454E+02 1.256E+02 1.098E+02 9.698E+01 8.615E+01 6.909E+01 5.667E+01 3.733E+01 2.634E+01 1.975E+01 1.530E+01 1.010E+01 6.940E+00 6.221E+00 5.634E+00 5.341E+00 4.738E+00 4.217E+00 3.399E+00 2.832E+00 2.429E+00 1.946E+00 1.847E+00 1.756E+00 1.501E+00 1.291E+00 1.211E+00 1.136E+00 1.085E+00 1.024E+00 9.888E-01 9.388E-01 8.878E-01 8.533E-01 7.310E-01 6.194E-01 5.039E-01 3.926E-01 3.726E-01 3.411E-01 3.170E-01 3.119E-01 2.765E-01 2.613E-01 2.443E-01 2.338E-01 2.059E-01 1.845E-01 1.679E-01 1.398E-01 1.150E-01 1.005E-01 7.219E-02 5.302E-02
  2.000E-01  3.280E+02 2.804E+02 2.386E+02 2.039E+02 1.758E+02 1.534E+02 1.340E+02 1.180E+02 1.044E+02 9.315E+01 8.371E+01 7.548E+01 6.200E+01 5.181E+01 3.516E+01 2.525E+01 1.914E+01 1.493E+01 9.944E+00 6.864E+00 6.161E+00 5.586E+00 5.298E+00 4.706E+00 4.192E+00 3.383E+00 2.821E+00 2.422E+00 1.940E+00 1.842E+00 1.752E+00 1.498E+00 1.290E+00 1.210E+00 1.134E+00 1.084E+00 1.023E+00 9.878E-01 9.379E-01 8.870E-01 8.525E-01 7.303E-01 6.189E-01 5.035E-01 3.923E-01 3.723E-01 3.409E-01 3.168E-01 3.117E-01 2.764E-01 2.612E-01 2.442E-01 2.337E-01 2.059E-01 1.845E-01 1.679E-01 1.398E-01 1.150E-01 1.005E-01 7.218E-02 5.302E-02
  3.000E-01  1.860E+02 1.721E+02 1.556E+02 1.399E+02 1.257E+02 1.137E+02 1.022E+02 9.224E+01 8.349E+01 7.589E+01 6.936E+01 6.349E+01 5.349E+01 4.568E+01 3.217E+01 2.366E+01 1.822E+01 1.436E+01 9.697E+00 6.741E+00 6.064E+00 5.507E+00 5.229E+00 4.652E+00 4.150E+00 3.356E+00 2.803E+00 2.409E+00 1.932E+00 1.834E+00 1.746E+00 1.494E+00 1.286E+00 1.207E+00 1.132E+00 1.081E+00 1.021E+00 9.860E-01 9.363E-01 8.856E-01 8.512E-01 7.293E-01 6.180E-01 5.028E-01 3.919E-01 3.719E-01 3.406E-01 3.166E-01 3.115E-01 2.762E-01 2.610E-01 2.441E-01 2.336E-01 2.058E-01 1.844E-01 1.678E-01 1.398E-01 1.149E-01 1.005E-01 7.217E-02 5.301E-02
  4.000E-01  1.112E+02 1.093E+02 1.038E+02 9.724E+01 9.050E+01 8.429E+01 7.771E+01 7.169E+01 6.621E+01 6.125E+01 5.683E+01 5.273E+01 4.546E+01 3.962E+01 2.893E+01 2.181E+01 1.710E+01 1.366E+01 9.376E+00 6.578E+00 5.935E+00 5.403E+00 5.135E+00 4.580E+00 4.094E+00 3.320E+00 2.779E+00 2.392E+00 1.919E+00 1.824E+00 1.737E+00 1.488E+00 1.282E+00 1.203E+00 1.129E+00 1.078E+00 1.018E+00 9.835E-01 9.341E-01 8.836E-01 8.494E-01 7.279E-01 6.168E-01 5.019E-01 3.912E-01 3.713E-01 3.401E-01 3.162E-01 3.111E-01 2.760E-01 2.608E-01 2.439E-01 2.335E-01 2.057E-01 1.843E-01 1.677E-01 1.397E-01 1.149E-01 1.005E-01 7.215E-02 5.300E-02
  5.000E-01  6.990E+01 7.194E+01 7.117E+01 6.899E+01 6.610E+01 6.309E+01 5.948E+01 5.594E+01 5.259E+01 4.941E+01 4.647E+01 4.366E+01 3.846E+01 3.417E+01 2.579E+01 1.992E+01 1.590E+01 1.287E+01 9.002E+00 6.382E+00 5.778E+00 5.275E+00 5.022E+00 4.492E+00 4.024E+00 3.274E+00 2.748E+00 2.371E+00 1.904E+00 1.810E+00 1.725E+00 1.480E+00 1.276E+00 1.198E+00 1.124E+00 1.075E+00 1.015E+00 9.804E-01 9.313E-01 8.812E-01 8.471E-01 7.261E-01 6.153E-01 5.006E-01 3.904E-01 3.706E-01 3.395E-01 3.157E-01 3.107E-01 2.756E-01 2.605E-01 2.436E-01 2.332E-01 2.055E-01 1.841E-01 1.676E-01 1.397E-01 1.149E-01 1.004E-01 7.213E-02 5.299E-02
  6.000E-01  4.592E+01 4.891E+01 5.011E+01 4.997E+01 4.909E+01 4.780E+01 4.598E+01 4.397E+01 4.202E+01 4.002E+01 3.809E+01 3.618E+01 3.252E+01 2.942E+01 2.291E+01 1.809E+01 1.470E+01 1.205E+01 8.593E+00 6.161E+00 5.600E+00 5.129E+00 4.891E+00 4.389E+00 3.942E+00 3.221E+00 2.712E+00 2.345E+00 1.886E+00 1.794E+00 1.712E+00 1.470E+00 1.270E+00 1.193E+00 1.119E+00 1.070E+00 1.011E+00 9.766E-01 9.279E-01 8.781E-01 8.444E-01 7.238E-01 6.134E-01 4.992E-01 3.893E-01 3.697E-01 3.388E-01 3.151E-01 3.101E-01 2.752E-01 2.602E-01 2.433E-01 2.330E-01 2.053E-01 1.840E-01 1.675E-01 1.396E-01 1.148E-01 1.004E-01 7.211E-02 5.297E-02
  7.000E-01  3.131E+01 3.425E+01 3.616E+01 3.692E+01 3.706E+01 3.669E+01 3.593E+01 3.488E+01 3.381E+01 3.260E+01 3.137E+01 3.009E+01 2.754E+01 2.534E+01 2.032E+01 1.640E+01 1.355E+01 1.124E+01 8.169E+00 5.925E+00 5.407E+00 4.969E+00 4.747E+00 4.275E+00 3.851E+00 3.161E+00 2.670E+00 2.316E+00 1.865E+00 1.775E+00 1.696E+00 1.459E+00 1.262E+00 1.186E+00 1.113E+00 1.064E+00 1.006E+00 9.722E-01 9.240E-01 8.746E-01 8.411E-01 7.212E-01 6.112E-01 4.974E-01 3.881E-01 3.686E-01 3.380E-01 3.145E-01 3.095E-01 2.748E-01 2.598E-01 2.430E-01 2.327E-01 2.051E-01 1.838E-01 1.673E-01 1.395E-01 1.147E-01 1.003E-01 7.208E-02 5.295E-02
  8.000E-01  2.201E+01 2.463E+01 2.667E+01 2.779E+01 2.842E+01 2.853E+01 2.840E+01 2.793E+01 2.741E+01 2.674E+01 2.598E+01 2.514E+01 2.340E+01 2.186E+01 1.802E+01 1.484E+01 1.246E+01 1.046E+01 7.742E+00 5.679E+00 5.205E+00 4.800E+00 4.594E+00 4.153E+00 3.753E+00 3.095E+00 2.625E+00 2.283E+00 1.842E+00 1.754E+00 1.678E+00 1.447E+00 1.253E+00 1.178E+00 1.107E+00 1.058E+00 1.000E+00 9.671E-01 9.195E-01 8.706E-01 8.374E-01 7.182E-01 6.087E-01 4.954E-01 3.868E-01 3.674E-01 3.371E-01 3.137E-01 3.087E-01 2.742E-01 2.593E-01 2.426E-01 2.323E-01 2.048E-01 1.836E-01 1.672E-01 1.393E-01 1.146E-01 1.003E-01 7.204E-02 5.293E-02
  9.000E-01  1.589E+01 1.814E+01 2.005E+01 2.126E+01 2.210E+01 2.248E+01 2.269E+01 2.259E+01 2.240E+01 2.207E+01 2.165E+01 2.112E+01 1.996E+01 1.891E+01 1.599E+01 1.343E+01 1.145E+01 9.723E+00 7.324E+00 5.431E+00 4.998E+00 4.626E+00 4.436E+00 4.026E+00 3.649E+00 3.025E+00 2.575E+00 2.247E+00 1.816E+00 1.731E+00 1.658E+00 1.433E+00 1.243E+00 1.169E+00 1.099E+00 1.051E+00 9.942E-01 9.615E-01 9.145E-01 8.661E-01 8.332E-01 7.149E-01 6.059E-01 4.932E-01 3.852E-01 3.661E-01 3.360E-01 3.128E-01 3.079E-01 2.736E-01 2.588E-01 2.422E-01 2.319E-01 2.045E-01 1.833E-01 1.670E-01 1.392E-01 1.146E-01 1.002E-01 7.200E-02 5.291E-02
  1.000E+00  1.173E+01 1.366E+01 1.534E+01 1.651E+01 1.739E+01 1.792E+01 1.832E+01 1.844E+01 1.845E+01 1.835E+01 1.815E+01 1.783E+01 1.710E+01 1.640E+01 1.421E+01 1.215E+01 1.052E+01 9.029E+00 6.919E+00 5.184E+00 4.790E+00 4.449E+00 4.275E+00 3.895E+00 3.542E+00 2.951E+00 2.523E+00 2.209E+00 1.788E+00 1.706E+00 1.637E+00 1.419E+00 1.233E+00 1.160E+00 1.091E+00 1.044E+00 9.875E-01 9.553E-01 9.089E-01 8.612E-01 8.286E-01 7.112E-01 6.028E-01 4.907E-01 3.835E-01 3.646E-01 3.349E-01 3.118E-01 3.070E-01 2.729E-01 2.582E-01 2.417E-01 2.314E-01 2.041E-01 1.831E-01 1.667E-01 1.391E-01 1.145E-01 1.001E-01 7.196E-02 5.288E-02
  1.100E+00  8.843E+00 1.049E+01 1.191E+01 1.299E+01 1.384E+01 1.446E+01 1.494E+01 1.518E+01 1.531E+01 1.535E+01 1.531E+01 1.514E+01 1.471E+01 1.427E+01 1.265E+01 1.100E+01 9.661E+00 8.382E+00 6.531E+00 4.942E+00 4.585E+00 4.274E+00 4.114E+00 3.763E+00 3.433E+00 2.875E+00 2.468E+00 2.169E+00 1.759E+00 1.680E+00 1.614E+00 1.403E+00 1.221E+00 1.150E+00 1.082E+00 1.036E+00 9.802E-01 9.485E-01 9.029E-01 8.558E-01 8.236E-01 7.072E-01 5.994E-01 4.880E-01 3.816E-01 3.629E-01 3.336E-01 3.108E-01 3.060E-01 2.722E-01 2.576E-01 2.411E-01 2.310E-01 2.038E-01 1.828E-01 1.665E-01 1.389E-01 1.143E-01 1.001E-01 7.191E-02 5.285E-02
  1.200E+00  6.804E+00 8.206E+00 9.369E+00 1.034E+01 1.114E+01 1.178E+01 1.229E+01 1.260E+01 1.280E+01 1.293E+01 1.298E+01 1.292E+01 1.271E+01 1.246E+01 1.129E+01 9.971E+00 8.876E+00 7.780E+00 6.161E+00 4.708E+00 4.385E+00 4.101E+00 3.955E+00 3.631E+00 3.323E+00 2.798E+00 2.412E+00 2.128E+00 1.728E+00 1.652E+00 1.590E+00 1.386E+00 1.209E+00 1.139E+00 1.072E+00 1.027E+00 9.724E-01 9.413E-01 8.965E-01 8.500E-01 8.182E-01 7.029E-01 5.958E-01 4.850E-01 3.796E-01 3.612E-01 3.322E-01 3.096E-01 3.049E-01 2.713E-01 2.569E-01 2.405E-01 2.304E-01 2.034E-01 1.825E-01 1.662E-01 1.387E-01 1.142E-01 9.996E-02 7.186E-02 5.282E-02
  1.300E+00  5.323E+00 6.523E+00 7.466E+00 8.331E+00 9.054E+00 9.692E+00 1.019E+01 1.054E+01 1.077E+01 1.096E+01 1.107E+01 1.109E+01 1.103E+01 1.091E+01 1.009E+01 9.049E+00 8.160E+00 7.222E+00 5.811E+00 4.482E+00 4.190E+00 3.931E+00 3.799E+00 3.501E+00 3.214E+00 2.719E+00 2.355E+00 2.085E+00 1.697E+00 1.623E+00 1.566E+00 1.368E+00 1.196E+00 1.128E+00 1.062E+00 1.018E+00 9.642E-01 9.337E-01 8.896E-01 8.438E-01 8.125E-01 6.983E-01 5.919E-01 4.819E-01 3.774E-01 3.592E-01 3.307E-01 3.084E-01 3.037E-01 2.705E-01 2.561E-01 2.399E-01 2.298E-01 2.029E-01 1.821E-01 1.660E-01 1.385E-01 1.141E-01 9.986E-02 7.180E-02 5.279E-02
  1.400E+00  4.236E+00 5.256E+00 6.027E+00 6.790E+00 7.442E+00 8.035E+00 8.507E+00 8.868E+00 9.126E+00 9.341E+00 9.495E+00 9.556E+00 9.604E+00 9.591E+00 9.035E+00 8.223E+00 7.507E+00 6.707E+00 5.479E+00 4.264E+00 4.001E+00 3.767E+00 3.647E+00 3.373E+00 3.106E+00 2.641E+00 2.297E+00 2.041E+00 1.664E+00 1.594E+00 1.540E+00 1.349E+00 1.182E+00 1.116E+00 1.052E+00 1.008E+00 9.554E-01 9.256E-01 8.824E-01 8.373E-01 8.064E-01 6.934E-01 5.877E-01 4.786E-01 3.751E-01 3.572E-01 3.291E-01 3.070E-01 3.024E-01 2.695E-01 2.553E-01 2.392E-01 2.292E-01 2.025E-01 1.817E-01 1.656E-01 1.383E-01 1.139E-01 9.975E-02 7.174E-02 5.275E-02
  1.500E+00  3.430E+00 4.274E+00 4.932E+00 5.598E+00 6.181E+00 6.708E+00 7.152E+00 7.510E+00 7.778E+00 8.008E+00 8.182E+00 8.273E+00 8.398E+00 8.457E+00 8.111E+00 7.484E+00 6.912E+00 6.232E+00 5.167E+00 4.056E+00 3.820E+00 3.608E+00 3.499E+00 3.248E+00 3.000E+00 2.563E+00 2.239E+00 1.997E+00 1.631E+00 1.563E+00 1.513E+00 1.330E+00 1.168E+00 1.103E+00 1.041E+00 9.975E-01 9.463E-01 9.171E-01 8.747E-01 8.305E-01 8.000E-01 6.882E-01 5.834E-01 4.751E-01 3.726E-01 3.550E-01 3.274E-01 3.056E-01 3.010E-01 2.685E-01 2.545E-01 2.385E-01 2.285E-01 2.019E-01 1.813E-01 1.653E-01 1.381E-01 1.138E-01 9.963E-02 7.167E-02 5.271E-02
  1.600E+00  2.829E+00 3.502E+00 4.091E+00 4.665E+00 5.183E+00 5.637E+00 6.049E+00 6.397E+00 6.668E+00 6.902E+00 7.083E+00 7.194E+00 7.370E+00 7.481E+00 7.297E+00 6.821E+00 6.370E+00 5.794E+00 4.872E+00 3.857E+00 3.646E+00 3.455E+00 3.357E+00 3.127E+00 2.896E+00 2.487E+00 2.181E+00 1.953E+00 1.597E+00 1.533E+00 1.487E+00 1.311E+00 1.153E+00 1.090E+00 1.029E+00 9.869E-01 9.368E-01 9.082E-01 8.668E-01 8.233E-01 7.933E-01 6.828E-01 5.788E-01 4.714E-01 3.700E-01 3.528E-01 3.256E-01 3.041E-01 2.996E-01 2.675E-01 2.536E-01 2.377E-01 2.278E-01 2.014E-01 1.809E-01 1.650E-01 1.378E-01 1.136E-01 9.950E-02 7.160E-02 5.267E-02
  1.700E+00  2.377E+00 2.897E+00 3.433E+00 3.927E+00 4.386E+00 4.769E+00 5.148E+00 5.482E+00 5.748E+00 5.978E+00 6.160E+00 6.283E+00 6.493E+00 6.638E+00 6.580E+00 6.227E+00 5.877E+00 5.391E+00 4.596E+00 3.668E+00 3.479E+00 3.307E+00 3.219E+00 3.010E+00 2.796E+00 2.411E+00 2.123E+00 1.908E+00 1.563E+00 1.502E+00 1.459E+00 1.291E+00 1.138E+00 1.077E+00 1.017E+00 9.759E-01 9.270E-01 8.991E-01 8.586E-01 8.159E-01 7.863E-01 6.771E-01 5.740E-01 4.675E-01 3.673E-01 3.504E-01 3.237E-01 3.026E-01 2.981E-01 2.663E-01 2.526E-01 2.369E-01 2.271E-01 2.008E-01 1.804E-01 1.646E-01 1.376E-01 1.135E-01 9.937E-02 7.152E-02 5.262E-02
  1.800E+00  2.021E+00 2.423E+00 2.911E+00 3.336E+00 3.741E+00 4.065E+00 4.408E+00 4.726E+00 4.980E+00 5.202E+00 5.382E+00 5.511E+00 5.740E+00 5.907E+00 5.946E+00 5.693E+00 5.427E+00 5.019E+00 4.336E+00 3.487E+00 3.319E+00 3.165E+00 3.086E+00 2.897E+00 2.698E+00 2.338E+00 2.067E+00 1.864E+00 1.529E+00 1.470E+00 1.432E+00 1.270E+00 1.123E+00 1.063E+00 1.005E+00 9.646E-01 9.169E-01 8.897E-01 8.501E-01 8.082E-01 7.791E-01 6.713E-01 5.690E-01 4.635E-01 3.645E-01 3.479E-01 3.217E-01 3.009E-01 2.965E-01 2.652E-01 2.516E-01 2.360E-01 2.263E-01 2.002E-01 1.800E-01 1.642E-01 1.373E-01 1.133E-01 9.923E-02 7.145E-02 5.258E-02
  1.900E+00  1.732E+00 2.050E+00 2.489E+00 2.855E+00 3.213E+00 3.494E+00 3.800E+00 4.099E+00 4.335E+00 4.547E+00 4.724E+00 4.855E+00 5.092E+00 5.272E+00 5.384E+00 5.214E+00 5.018E+00 4.678E+00 4.093E+00 3.316E+00 3.167E+00 3.029E+00 2.959E+00 2.787E+00 2.603E+00 2.266E+00 2.011E+00 1.821E+00 1.495E+00 1.439E+00 1.404E+00 1.250E+00 1.107E+00 1.049E+00 9.926E-01 9.531E-01 9.065E-01 8.800E-01 8.413E-01 8.003E-01 7.717E-01 6.652E-01 5.639E-01 4.593E-01 3.615E-01 3.453E-01 3.197E-01 2.992E-01 2.949E-01 2.639E-01 2.505E-01 2.351E-01 2.255E-01 1.996E-01 1.795E-01 1.638E-01 1.370E-01 1.131E-01 9.908E-02 7.136E-02 5.252E-02
  2.000E+00  1.489E+00 1.756E+00 2.141E+00 2.457E+00 2.774E+00 3.027E+00 3.298E+00 3.575E+00 3.793E+00 3.993E+00 4.164E+00 4.295E+00 4.533E+00 4.719E+00 4.886E+00 4.782E+00 4.644E+00 4.363E+00 3.866E+00 3.153E+00 3.021E+00 2.899E+00 2.837E+00 2.681E+00 2.511E+00 2.195E+00 1.956E+00 1.777E+00 1.462E+00 1.408E+00 1.377E+00 1.229E+00 1.092E+00 1.035E+00 9.800E-01 9.414E-01 8.960E-01 8.701E-01 8.324E-01 7.922E-01 7.641E-01 6.590E-01 5.586E-01 4.551E-01 3.585E-01 3.426E-01 3.175E-01 2.974E-01 2.932E-01 2.626E-01 2.494E-01 2.341E-01 2.246E-01 1.990E-01 1.789E-01 1.633E-01 1.367E-01 1.129E-01 9.892E-02 7.127E-02 5.247E-02
  3.000E+00  4.980E-01 5.563E-01 6.760E-01 7.695E-01 8.729E-01 9.490E-01 1.047E+00 1.153E+00 1.247E+00 1.339E+00 1.432E+00 1.514E+00 1.663E+00 1.805E+00 2.057E+00 2.194E+00 2.283E+00 2.286E+00 2.246E+00 1.932E+00 1.905E+00 1.880E+00 1.871E+00 1.829E+00 1.756E+00 1.597E+00 1.476E+00 1.388E+00 1.153E+00 1.120E+00 1.117E+00 1.027E+00 9.332E-01 8.919E-01 8.502E-01 8.199E-01 7.856E-01 7.663E-01 7.374E-01 7.053E-01 6.823E-01 5.911E-01 5.004E-01 4.076E-01 3.244E-01 3.122E-01 2.930E-01 2.766E-01 2.732E-01 2.474E-01 2.363E-01 2.228E-01 2.142E-01 1.910E-01 1.725E-01 1.580E-01 1.330E-01 1.104E-01 9.697E-02 7.017E-02 5.180E-02
  4.000E+00  2.604E-01 2.823E-01 3.345E-01 3.743E-01 4.081E-01 4.389E-01 4.845E-01 5.276E-01 5.636E-01 6.060E-01 6.511E-01 6.962E-01 7.785E-01 8.586E-01 1.019E+00 1.156E+00 1.251E+00 1.309E+00 1.387E+00 1.223E+00 1.235E+00 1.250E+00 1.263E+00 1.273E+00 1.247E+00 1.171E+00 1.117E+00 1.084E+00 9.033E-01 8.847E-01 9.006E-01 8.515E-01 7.894E-01 7.598E-01 7.288E-01 7.053E-01 6.799E-01 6.658E-01 6.442E-01 6.189E-01 6.001E-01 5.213E-01 4.401E-01 3.580E-01 2.876E-01 2.790E-01 2.653E-01 2.527E-01 2.501E-01 2.294E-01 2.205E-01 2.090E-01 2.016E-01 1.811E-01 1.644E-01 1.512E-01 1.282E-01 1.071E-01 9.439E-02 6.868E-02 5.090E-02
  5.000E+00  1.782E-01 1.852E-01 2.139E-01 2.347E-01 2.563E-01 2.642E-01 2.847E-01 3.075E-01 3.297E-01 3.508E-01 3.680E-01 3.956E-01 4.422E-01 4.811E-01 5.826E-01 6.795E-01 7.531E-01 8.112E-01 9.081E-01 8.027E-01 8.262E-01 8.555E-01 8.793E-01 9.097E-01 9.064E-01 8.733E-01 8.572E-01 8.549E-01 7.105E-01 7.008E-01 7.278E-01 7.059E-01 6.665E-01 6.456E-01 6.228E-01 6.047E-01 5.861E-01 5.760E-01 5.601E-01 5.401E-01 5.247E-01 4.563E-01 3.837E-01 3.115E-01 2.525E-01 2.467E-01 2.377E-01 2.284E-01 2.265E-01 2.105E-01 2.036E-01 1.941E-01 1.877E-01 1.700E-01 1.553E-01 1.435E-01 1.227E-01 1.031E-01 9.130E-02 6.687E-02 4.978E-02
  6.000E+00  1.384E-01 1.431E-01 1.594E-01 1.749E-01 1.842E-01 1.881E-01 2.006E-01 2.136E-01 2.235E-01 2.356E-01 2.495E-01 2.643E-01 2.879E-01 3.117E-01 3.756E-01 4.384E-01 4.936E-01 5.373E-01 6.275E-01 5.442E-01 5.692E-01 6.031E-01 6.309E-01 6.673E-01 6.750E-01 6.639E-01 6.684E-01 6.830E-01 5.631E-01 5.589E-01 5.922E-01 5.879E-01 5.642E-01 5.494E-01 5.326E-01 5.186E-01 5.051E-01 4.980E-01 4.863E-01 4.705E-01 4.576E-01 3.979E-01 3.331E-01 2.698E-01 2.205E-01 2.170E-01 2.118E-01 2.052E-01 2.039E-01 1.918E-01 1.868E-01 1.790E-01 1.737E-01 1.586E-01 1.457E-01 1.353E-01 1.166E-01 9.879E-02 8.783E-02 6.480E-02 4.849E-02
  8.000E+00  1.038E-01 1.046E-01 1.152E-01 1.243E-01 1.274E-01 1.272E-01 1.323E-01 1.408E-01 1.417E-01 1.463E-01 1.538E-01 1.579E-01 1.680E-01 1.787E-01 2.082E-01 2.300E-01 2.629E-01 2.812E-01 3.458E-01 2.723E-01 2.923E-01 3.250E-01 3.535E-01 3.892E-01 4.027E-01 4.071E-01 4.274E-01 4.546E-01 3.635E-01 3.650E-01 4.025E-01 4.161E-01 4.099E-01 4.026E-01 3.934E-01 3.850E-01 3.780E-01 3.745E-01 3.681E-01 3.576E-01 3.484E-01 3.016E-01 2.498E-01 2.012E-01 1.672E-01 1.668E-01 1.668E-01 1.643E-01 1.639E-01 1.578E-01 1.556E-01 1.507E-01 1.470E-01 1.363E-01 1.266E-01 1.187E-01 1.040E-01 8.948E-02 8.028E-02 6.014E-02 4.551E-02
  1.000E+01  8.726E-02 8.826E-02 9.476E-02 9.972E-02 1.036E-01 1.040E-01 1.038E-01 1.097E-01 1.096E-01 1.116E-01 1.161E-01 1.217E-01 1.243E-01 1.292E-01 1.417E-01 1.526E-01 1.732E-01 1.794E-01 2.222E-01 1.497E-01 1.641E-01 1.928E-01 2.187E-01 2.520E-01 2.637E-01 2.688E-01 2.908E-01 3.190E-01 2.433E-01 2.472E-01 2.838E-01 3.031E-01 3.043E-01 3.007E-01 2.955E-01 2.904E-01 2.870E-01 2.852E-01 2.814E-01 2.740E-01 2.668E-01 2.291E-01 1.876E-01 1.502E-01 1.268E-01 1.281E-01 1.310E-01 1.309E-01 1.311E-01 1.291E-01 1.288E-01 1.259E-01 1.236E-01 1.162E-01 1.091E-01 1.032E-01 9.183E-02 8.015E-02 7.254E-02 5.516E-02 4.223E-02
  1.200E+01  7.716E-02 7.910E-02 8.426E-02 8.907E-02 9.063E-02 8.795E-02 9.031E-02 9.417E-02 9.435E-02 9.560E-02 9.617E-02 1.001E-01 1.014E-01 1.048E-01 1.114E-01 1.166E-01 1.298E-01 1.306E-01 1.597E-01 8.896E-02 9.926E-02 1.242E-01 1.474E-01 1.771E-01 1.863E-01 1.891E-01 2.089E-01 2.343E-01 1.684E-01 1.733E-01 2.070E-01 2.269E-01 2.306E-01 2.288E-01 2.258E-01 2.228E-01 2.212E-01 2.201E-01 2.177E-01 2.119E-01 2.061E-01 1.749E-01 1.415E-01 1.128E-01 9.662E-02 9.874E-02 1.031E-01 1.044E-01 1.049E-01 1.054E-01 1.064E-01 1.050E-01 1.036E-01 9.876E-02 9.361E-02 8.925E-02 8.063E-02 7.135E-02 6.510E-02 5.021E-02 3.886E-02
  1.400E+01  6.885E-02 7.440E-02 7.554E-02 7.883E-02 8.091E-02 7.853E-02 7.982E-02 8.390E-02 8.214E-02 8.272E-02 8.522E-02 8.580E-02 8.721E-02 8.844E-02 9.342E-02 9.602E-02 1.042E-01 1.040E-01 1.242E-01 5.634E-02 6.397E-02 8.605E-02 1.068E-01 1.329E-01 1.399E-01 1.403E-01 1.570E-01 1.784E-01 1.200E-01 1.254E-01 1.556E-01 1.738E-01 1.780E-01 1.770E-01 1.752E-01 1.736E-01 1.729E-01 1.721E-01 1.703E-01 1.655E-01 1.605E-01 1.345E-01 1.075E-01 8.529E-02 7.415E-02 7.659E-02 8.148E-02 8.360E-02 8.425E-02 8.628E-02 8.801E-02 8.758E-02 8.678E-02 8.381E-02 8.016E-02 7.702E-02 7.056E-02 6.327E-02 5.818E-02 4.547E-02 3.556E-02
  1.600E+01  6.474E-02 6.862E-02 6.771E-02 7.083E-02 7.289E-02 6.939E-02 7.111E-02 7.426E-02 7.378E-02 7.451E-02 7.425E-02 7.694E-02 7.582E-02 7.865E-02 8.086E-02 8.133E-02 8.842E-02 8.583E-02 1.004E-01 3.764E-02 4.352E-02 6.328E-02 8.214E-02 1.047E-01 1.101E-01 1.086E-01 1.224E-01 1.399E-01 8.772E-02 9.326E-02 1.200E-01 1.359E-01 1.396E-01 1.389E-01 1.379E-01 1.371E-01 1.369E-01 1.361E-01 1.345E-01 1.304E-01 1.261E-01 1.041E-01 8.236E-02 6.506E-02 5.736E-02 5.984E-02 6.478E-02 6.723E-02 6.795E-02 7.082E-02 7.296E-02 7.318E-02 7.283E-02 7.117E-02 6.863E-02 6.643E-02 6.165E-02 5.598E-02 5.185E-02 4.104E-02 3.242E-02
  1.800E+01  6.440E-02 6.430E-02 5.997E-02 6.351E-02 6.301E-02 6.258E-02 6.396E-02 6.616E-02 6.469E-02 6.521E-02 6.626E-02 6.797E-02 6.873E-02 6.855E-02 7.044E-02 7.120E-02 7.520E-02 7.313E-02 8.318E-02 2.630E-02 3.103E-02 4.891E-02 6.628E-02 8.518E-02 8.956E-02 8.674E-02 9.821E-02 1.121E-01 6.557E-02 7.111E-02 9.461E-02 1.080E-01 1.110E-01 1.104E-01 1.098E-01 1.096E-01 1.096E-01 1.088E-01 1.072E-01 1.036E-01 9.978E-02 8.117E-02 6.358E-02 5.007E-02 4.473E-02 4.710E-02 5.182E-02 5.435E-02 5.508E-02 5.836E-02 6.068E-02 6.132E-02 6.127E-02 6.052E-02 5.882E-02 5.731E-02 5.384E-02 4.945E-02 4.613E-02 3.695E-02 2.948E-02
  2.000E+01  5.559E-02 5.653E-02 5.373E-02 5.601E-02 5.803E-02 5.651E-02 5.727E-02 5.917E-02 5.829E-02 5.876E-02 5.944E-02 6.000E-02 6.023E-02 5.909E-02 6.217E-02 6.247E-02 6.506E-02 6.342E-02 7.042E-02 1.909E-02 2.303E-02 3.932E-02 5.519E-02 7.122E-02 7.473E-02 7.110E-02 8.056E-02 9.144E-02 4.998E-02 5.541E-02 7.597E-02 8.711E-02 8.923E-02 8.872E-02 8.829E-02 8.853E-02 8.864E-02 8.773E-02 8.621E-02 8.291E-02 7.955E-02 6.375E-02 4.949E-02 3.886E-02 3.517E-02 3.735E-02 4.171E-02 4.419E-02 4.489E-02 4.829E-02 5.066E-02 5.154E-02 5.169E-02 5.158E-02 5.049E-02 4.950E-02 4.703E-02 4.367E-02 4.100E-02 3.321E-02 2.675E-02
  2.200E+01  4.863E-02 4.838E-02 5.264E-02 5.049E-02 5.137E-02 5.102E-02 5.248E-02 5.204E-02 5.298E-02 5.321E-02 5.186E-02 5.406E-02 5.309E-02 5.420E-02 5.540E-02 5.455E-02 5.795E-02 5.481E-02 5.995E-02 1.432E-02 1.769E-02 3.259E-02 4.685E-02 6.113E-02 6.361E-02 5.945E-02 6.714E-02 7.558E-02 3.875E-02 4.400E-02 6.193E-02 7.106E-02 7.244E-02 7.194E-02 7.165E-02 7.215E-02 7.228E-02 7.132E-02 6.983E-02 6.684E-02 6.386E-02 5.044E-02 3.882E-02 3.042E-02 2.787E-02 2.984E-02 3.379E-02 3.612E-02 3.679E-02 4.014E-02 4.246E-02 4.348E-02 4.376E-02 4.408E-02 4.342E-02 4.282E-02 4.112E-02 3.857E-02 3.643E-02 2.981E-02 2.423E-02
  2.400E+01  4.280E-02 4.375E-02 4.790E-02 4.630E-02 4.474E-02 4.769E-02 4.815E-02 4.619E-02 4.838E-02 4.840E-02 4.729E-02 4.676E-02 4.815E-02 4.791E-02 4.900E-02 4.901E-02 5.044E-02 4.851E-02 5.144E-02 1.103E-02 1.399E-02 2.766E-02 4.047E-02 5.332E-02 5.501E-02 5.044E-02 5.664E-02 6.313E-02 3.050E-02 3.552E-02 5.113E-02 5.854E-02 5.932E-02 5.881E-02 5.862E-02 5.927E-02 5.940E-02 5.841E-02 5.695E-02 5.425E-02 5.161E-02 4.019E-02 3.070E-02 2.402E-02 2.226E-02 2.401E-02 2.755E-02 2.970E-02 3.031E-02 3.351E-02 3.573E-02 3.681E-02 3.717E-02 3.776E-02 3.743E-02 3.711E-02 3.599E-02 3.408E-02 3.237E-02 2.675E-02 2.193E-02
  2.600E+01  4.201E-02 4.280E-02 4.085E-02 4.242E-02 4.252E-02 4.228E-02 4.203E-02 4.306E-02 4.260E-02 4.267E-02 4.280E-02 4.149E-02 4.249E-02 4.301E-02 4.376E-02 4.273E-02 4.451E-02 4.222E-02 4.432E-02 8.700E-03 1.135E-02 2.388E-02 3.544E-02 4.681E-02 4.799E-02 4.324E-02 4.825E-02 5.315E-02 2.432E-02 2.909E-02 4.267E-02 4.864E-02 4.895E-02 4.844E-02 4.830E-02 4.905E-02 4.915E-02 4.815E-02 4.674E-02 4.431E-02 4.197E-02 3.225E-02 2.446E-02 1.911E-02 1.791E-02 1.945E-02 2.259E-02 2.455E-02 2.511E-02 2.811E-02 3.019E-02 3.128E-02 3.168E-02 3.245E-02 3.235E-02 3.223E-02 3.154E-02 3.014E-02 2.878E-02 2.400E-02 1.984E-02
  2.800E+01  3.595E-02 3.700E-02 3.525E-02 3.571E-02 3.715E-02 3.649E-02 3.546E-02 3.749E-02 3.717E-02 3.730E-02 3.744E-02 3.855E-02 3.839E-02 3.800E-02 3.789E-02 3.775E-02 3.925E-02 3.700E-02 3.818E-02 7.001E-03 9.397E-03 2.088E-02 3.134E-02 4.120E-02 4.203E-02 3.734E-02 4.141E-02 4.505E-02 1.962E-02 2.412E-02 3.593E-02 4.071E-02 4.066E-02 4.016E-02 4.006E-02 4.085E-02 4.093E-02 3.994E-02 3.860E-02 3.641E-02 3.434E-02 2.605E-02 1.963E-02 1.532E-02 1.451E-02 1.586E-02 1.864E-02 2.040E-02 2.091E-02 2.368E-02 2.561E-02 2.668E-02 2.710E-02 2.797E-02 2.802E-02 2.805E-02 2.769E-02 2.668E-02 2.560E-02 2.153E-02 1.794E-02
  3.000E+01  3.045E-02 3.149E-02 3.362E-02 3.147E-02 3.237E-02 3.375E-02 3.322E-02 3.180E-02 3.294E-02 3.308E-02 3.267E-02 3.346E-02 3.378E-02 3.343E-02 3.303E-02 3.367E-02 3.434E-02 3.284E-02 3.322E-02 5.731E-03 7.919E-03 1.842E-02 2.793E-02 3.623E-02 3.687E-02 3.240E-02 3.579E-02 3.836E-02 1.600E-02 2.022E-02 3.048E-02 3.429E-02 3.399E-02 3.350E-02 3.343E-02 3.422E-02 3.428E-02 3.333E-02 3.206E-02 3.009E-02 2.827E-02 2.118E-02 1.587E-02 1.237E-02 1.184E-02 1.302E-02 1.546E-02 1.704E-02 1.750E-02 2.004E-02 2.182E-02 2.285E-02 2.326E-02 2.418E-02 2.434E-02 2.447E-02 2.435E-02 2.364E-02 2.279E-02 1.933E-02 1.623E-02
  3.200E+01  2.954E-02 2.997E-02 2.852E-02 3.016E-02 2.978E-02 2.932E-02 2.963E-02 2.948E-02 2.968E-02 2.969E-02 3.010E-02 2.939E-02 2.899E-02 2.993E-02 3.028E-02 2.919E-02 3.103E-02 2.858E-02 2.860E-02 4.761E-03 6.771E-03 1.638E-02 2.489E-02 3.204E-02 3.242E-02 2.827E-02 3.105E-02 3.283E-02 1.316E-02 1.710E-02 2.603E-02 2.905E-02 2.857E-02 2.810E-02 2.805E-02 2.883E-02 2.887E-02 2.795E-02 2.677E-02 2.501E-02 2.340E-02 1.734E-02 1.292E-02 1.006E-02 9.718E-03 1.076E-02 1.290E-02 1.431E-02 1.472E-02 1.703E-02 1.866E-02 1.963E-02 2.004E-02 2.096E-02 2.120E-02 2.140E-02 2.145E-02 2.098E-02 2.031E-02 1.735E-02 1.468E-02
  3.400E+01  2.456E-02 2.535E-02 2.651E-02 2.544E-02 2.515E-02 2.467E-02 2.533E-02 2.587E-02 2.540E-02 2.553E-02 2.594E-02 2.648E-02 2.617E-02 2.641E-02 2.599E-02 2.615E-02 2.686E-02 2.536E-02 2.494E-02 4.007E-03 5.862E-03 1.465E-02 2.218E-02 2.865E-02 2.871E-02 2.479E-02 2.703E-02 2.823E-02 1.092E-02 1.459E-02 2.235E-02 2.474E-02 2.414E-02 2.370E-02 2.366E-02 2.441E-02 2.443E-02 2.357E-02 2.247E-02 2.090E-02 1.948E-02 1.427E-02 1.059E-02 8.236E-03 8.029E-03 8.935E-03 1.082E-02 1.208E-02 1.244E-02 1.454E-02 1.602E-02 1.693E-02 1.733E-02 1.823E-02 1.851E-02 1.875E-02 1.893E-02 1.864E-02 1.812E-02 1.559E-02 1.328E-02
  3.600E+01  2.340E-02 2.360E-02 2.261E-02 2.353E-02 2.276E-02 2.331E-02 2.347E-02 2.245E-02 2.353E-02 2.357E-02 2.289E-02 2.234E-02 2.294E-02 2.285E-02 2.356E-02 2.290E-02 2.401E-02 2.213E-02 2.158E-02 3.411E-03 5.126E-03 1.315E-02 1.987E-02 2.563E-02 2.551E-02 2.179E-02 2.360E-02 2.436E-02 9.136E-03 1.253E-02 1.929E-02 2.117E-02 2.050E-02 2.009E-02 2.006E-02 2.077E-02 2.078E-02 1.997E-02 1.896E-02 1.755E-02 1.630E-02 1.183E-02 8.728E-03 6.785E-03 6.673E-03 7.466E-03 9.121E-03 1.024E-02 1.056E-02 1.246E-02 1.381E-02 1.466E-02 1.503E-02 1.590E-02 1.621E-02 1.648E-02 1.674E-02 1.659E-02 1.619E-02 1.402E-02 1.203E-02
  3.800E+01  1.894E-02 1.999E-02 2.074E-02 1.958E-02 1.999E-02 1.937E-02 1.944E-02 2.038E-02 1.999E-02 2.014E-02 2.032E-02 2.076E-02 2.017E-02 2.056E-02 2.046E-02 2.040E-02 2.084E-02 1.977E-02 1.888E-02 2.933E-03 4.522E-03 1.184E-02 1.784E-02 2.289E-02 2.270E-02 1.921E-02 2.068E-02 2.108E-02 7.693E-03 1.084E-02 1.673E-02 1.820E-02 1.749E-02 1.711E-02 1.708E-02 1.775E-02 1.775E-02 1.700E-02 1.607E-02 1.481E-02 1.372E-02 9.853E-03 7.240E-03 5.625E-03 5.577E-03 6.272E-03 7.728E-03 8.721E-03 9.008E-03 1.072E-02 1.195E-02 1.273E-02 1.308E-02 1.392E-02 1.423E-02 1.451E-02 1.484E-02 1.479E-02 1.448E-02 1.262E-02 1.090E-02
  4.000E+01  1.773E-02 1.846E-02 1.743E-02 1.837E-02 1.793E-02 1.793E-02 1.820E-02 1.716E-02 1.834E-02 1.836E-02 1.793E-02 1.767E-02 1.771E-02 1.745E-02 1.813E-02 1.793E-02 1.833E-02 1.736E-02 1.642E-02 2.544E-03 4.018E-03 1.068E-02 1.609E-02 2.032E-02 2.012E-02 1.695E-02 1.817E-02 1.830E-02 6.520E-03 9.422E-03 1.456E-02 1.571E-02 1.499E-02 1.464E-02 1.462E-02 1.524E-02 1.523E-02 1.454E-02 1.369E-02 1.257E-02 1.160E-02 8.255E-03 6.041E-03 4.690E-03 4.687E-03 5.297E-03 6.580E-03 7.463E-03 7.719E-03 9.262E-03 1.038E-02 1.110E-02 1.143E-02 1.221E-02 1.253E-02 1.282E-02 1.318E-02 1.321E-02 1.297E-02 1.137E-02 9.883E-03
  4.200E+01  1.662E-02 1.480E-02 1.607E-02 1.479E-02 1.530E-02 1.513E-02 1.489E-02 1.556E-02 1.507E-02 1.525E-02 1.552E-02 1.608E-02 1.574E-02 1.598E-02 1.602E-02 1.569E-02 1.628E-02 1.520E-02 1.431E-02 2.225E-03 3.593E-03 9.654E-03 1.449E-02 1.808E-02 1.782E-02 1.499E-02 1.602E-02 1.594E-02 5.559E-03 8.234E-03 1.272E-02 1.361E-02 1.290E-02 1.258E-02 1.256E-02 1.314E-02 1.312E-02 1.249E-02 1.171E-02 1.071E-02 9.854E-03 6.954E-03 5.069E-03 3.932E-03 3.961E-03 4.496E-03 5.629E-03 6.414E-03 6.643E-03 8.034E-03 9.049E-03 9.711E-03 1.001E-02 1.075E-02 1.106E-02 1.135E-02 1.173E-02 1.182E-02 1.164E-02 1.026E-02 8.970E-03
  4.400E+01  1.382E-02 1.365E-02 1.278E-02 1.363E-02 1.421E-02 1.346E-02 1.360E-02 1.389E-02 1.389E-02 1.395E-02 1.404E-02 1.349E-02 1.344E-02 1.390E-02 1.418E-02 1.376E-02 1.431E-02 1.335E-02 1.245E-02 1.960E-03 3.229E-03 8.747E-03 1.304E-02 1.622E-02 1.590E-02 1.329E-02 1.413E-02 1.392E-02 4.765E-03 7.228E-03 1.116E-02 1.184E-02 1.115E-02 1.085E-02 1.084E-02 1.137E-02 1.135E-02 1.077E-02 1.006E-02 9.169E-03 8.412E-03 5.888E-03 4.276E-03 3.314E-03 3.363E-03 3.835E-03 4.837E-03 5.537E-03 5.742E-03 6.996E-03 7.917E-03 8.524E-03 8.805E-03 9.489E-03 9.788E-03 1.007E-02 1.046E-02 1.059E-02 1.046E-02 9.263E-03 8.151E-03
  4.600E+01  1.219E-02 1.243E-02 1.191E-02 1.226E-02 1.149E-02 1.236E-02 1.225E-02 1.153E-02 1.193E-02 1.196E-02 1.173E-02 1.216E-02 1.233E-02 1.203E-02 1.225E-02 1.238E-02 1.254E-02 1.196E-02 1.098E-02 1.737E-03 2.916E-03 7.936E-03 1.174E-02 1.463E-02 1.426E-02 1.183E-02 1.249E-02 1.220E-02 4.106E-03 6.372E-03 9.816E-03 1.033E-02 9.675E-03 9.403E-03 9.392E-03 9.883E-03 9.860E-03 9.324E-03 8.681E-03 7.884E-03 7.214E-03 5.011E-03 3.626E-03 2.808E-03 2.871E-03 3.288E-03 4.176E-03 4.800E-03 4.983E-03 6.115E-03 6.951E-03 7.508E-03 7.767E-03 8.401E-03 8.687E-03 8.957E-03 9.344E-03 9.504E-03 9.413E-03 8.377E-03 7.415E-03
  4.800E+01  1.099E-02 9.740E-03 1.084E-02 9.836E-03 1.037E-02 1.038E-02 9.998E-03 1.041E-02 1.016E-02 1.021E-02 1.046E-02 1.087E-02 1.073E-02 1.071E-02 1.077E-02 1.092E-02 1.105E-02 1.057E-02 9.592E-03 1.550E-03 2.644E-03 7.202E-03 1.061E-02 1.308E-02 1.274E-02 1.052E-02 1.107E-02 1.072E-02 3.555E-03 5.639E-03 8.663E-03 9.050E-03 8.426E-03 8.178E-03 8.170E-03 8.620E-03 8.595E-03 8.105E-03 7.522E-03 6.809E-03 6.215E-03 4.285E-03 3.090E-03 2.391E-03 2.462E-03 2.831E-03 3.621E-03 4.179E-03 4.343E-03 5.365E-03 6.125E-03 6.636E-03 6.874E-03 7.460E-03 7.731E-03 7.989E-03 8.368E-03 8.548E-03 8.485E-03 7.585E-03 6.753E-03
  5.000E+01  9.151E-03 9.144E-03 9.443E-03 8.952E-03 9.274E-03 9.000E-03 8.908E-03 9.514E-03 9.074E-03 9.107E-03 9.617E-03 9.291E-03 9.139E-03 9.524E-03 9.678E-03 9.455E-03 9.745E-03 9.255E-03 8.408E-03 1.390E-03 2.406E-03 6.542E-03 9.603E-03 1.167E-02 1.133E-02 9.370E-03 9.842E-03 9.432E-03 3.092E-03 5.009E-03 7.668E-03 7.953E-03 7.366E-03 7.140E-03 7.133E-03 7.545E-03 7.521E-03 7.073E-03 6.543E-03 5.905E-03 5.376E-03 3.682E-03 2.646E-03 2.046E-03 2.121E-03 2.449E-03 3.153E-03 3.653E-03 3.801E-03 4.725E-03 5.417E-03 5.884E-03 6.103E-03 6.644E-03 6.899E-03 7.143E-03 7.511E-03 7.702E-03 7.662E-03 6.878E-03 6.159E-03
  5.200E+01  8.191E-03 8.046E-03 7.659E-03 8.117E-03 8.169E-03 8.093E-03 8.068E-03 7.846E-03 8.156E-03 8.176E-03 8.261E-03 7.956E-03 8.251E-03 7.967E-03 8.316E-03 8.501E-03 8.562E-03 8.204E-03 7.339E-03 1.254E-03 2.196E-03 5.951E-03 8.669E-03 1.047E-02 1.013E-02 8.366E-03 8.764E-03 8.327E-03 2.700E-03 4.464E-03 6.807E-03 7.012E-03 6.462E-03 6.256E-03 6.251E-03 6.628E-03 6.604E-03 6.195E-03 5.714E-03 5.142E-03 4.671E-03 3.178E-03 2.276E-03 1.759E-03 1.836E-03 2.128E-03 2.758E-03 3.206E-03 3.339E-03 4.177E-03 4.807E-03 5.235E-03 5.436E-03 5.935E-03 6.173E-03 6.403E-03 6.757E-03 6.954E-03 6.932E-03 6.247E-03 5.625E-03
  5.400E+01  7.234E-03 7.203E-03 6.971E-03 7.083E-03 6.777E-03 7.138E-03 7.071E-03 6.774E-03 7.017E-03 7.021E-03 6.830E-03 7.199E-03 7.402E-03 7.151E-03 7.338E-03 7.448E-03 7.636E-03 7.288E-03 6.549E-03 1.136E-03 2.010E-03 5.421E-03 7.820E-03 9.463E-03 9.097E-03 7.492E-03 7.810E-03 7.378E-03 2.369E-03 3.991E-03 6.059E-03 6.201E-03 5.689E-03 5.502E-03 5.498E-03 5.843E-03 5.819E-03 5.446E-03 5.009E-03 4.495E-03 4.075E-03 2.755E-03 1.967E-03 1.519E-03 1.596E-03 1.858E-03 2.422E-03 2.826E-03 2.945E-03 3.705E-03 4.280E-03 4.673E-03 4.858E-03 5.316E-03 5.538E-03 5.755E-03 6.093E-03 6.291E-03 6.282E-03 5.682E-03 5.145E-03
  5.600E+01  6.039E-03 6.198E-03 6.081E-03 5.946E-03 5.601E-03 6.301E-03 6.108E-03 5.999E-03 5.736E-03 5.816E-03 6.135E-03 6.180E-03 6.428E-03 6.315E-03 6.423E-03 6.662E-03 6.668E-03 6.457E-03 5.704E-03 1.034E-03 1.846E-03 4.946E-03 7.103E-03 8.526E-03 8.202E-03 6.717E-03 6.977E-03 6.551E-03 2.086E-03 3.578E-03 5.409E-03 5.502E-03 5.026E-03 4.855E-03 4.852E-03 5.168E-03 5.145E-03 4.804E-03 4.407E-03 3.945E-03 3.569E-03 2.399E-03 1.707E-03 1.317E-03 1.394E-03 1.628E-03 2.136E-03 2.500E-03 2.608E-03 3.299E-03 3.824E-03 4.185E-03 4.355E-03 4.776E-03 4.982E-03 5.185E-03 5.506E-03 5.703E-03 5.704E-03 5.177E-03 4.714E-03
  5.800E+01  5.429E-03 5.225E-03 5.297E-03 4.754E-03 5.037E-03 5.309E-03 4.961E-03 5.163E-03 5.074E-03 5.127E-03 5.365E-03 5.500E-03 5.621E-03 5.556E-03 5.614E-03 5.767E-03 5.870E-03 5.710E-03 5.065E-03 9.458E-04 1.699E-03 4.516E-03 6.457E-03 7.662E-03 7.375E-03 6.027E-03 6.252E-03 5.826E-03 1.844E-03 3.218E-03 4.841E-03 4.896E-03 4.455E-03 4.300E-03 4.298E-03 4.586E-03 4.564E-03 4.253E-03 3.892E-03 3.475E-03 3.138E-03 2.097E-03 1.488E-03 1.147E-03 1.222E-03 1.434E-03 1.891E-03 2.221E-03 2.319E-03 2.949E-03 3.429E-03 3.760E-03 3.916E-03 4.304E-03 4.495E-03 4.684E-03 4.988E-03 5.180E-03 5.189E-03 4.725E-03 4.326E-03
  6.000E+01  4.685E-03 4.165E-03 4.679E-03 4.206E-03 4.478E-03 4.218E-03 4.264E-03 4.623E-03 4.419E-03 4.473E-03 4.774E-03 4.629E-03 4.785E-03 4.946E-03 5.121E-03 5.078E-03 5.280E-03 5.054E-03 4.462E-03 8.687E-04 1.567E-03 4.123E-03 5.858E-03 6.889E-03 6.613E-03 5.419E-03 5.614E-03 5.199E-03 1.636E-03 2.903E-03 4.345E-03 4.370E-03 3.962E-03 3.821E-03 3.819E-03 4.083E-03 4.062E-03 3.778E-03 3.449E-03 3.073E-03 2.770E-03 1.841E-03 1.302E-03 1.003E-03 1.076E-03 1.267E-03 1.682E-03 1.980E-03 2.070E-03 2.645E-03 3.085E-03 3.389E-03 3.533E-03 3.889E-03 4.066E-03 4.243E-03 4.529E-03 4.715E-03 4.730E-03 4.320E-03 3.977E-03
  6.200E+01  3.961E-03 3.472E-03 4.015E-03 3.697E-03 3.846E-03 3.658E-03 3.833E-03 3.934E-03 3.912E-03 3.976E-03 4.043E-03 4.063E-03 4.105E-03 4.314E-03 4.380E-03 4.476E-03 4.727E-03 4.436E-03 3.943E-03 8.011E-04 1.450E-03 3.768E-03 5.305E-03 6.238E-03 5.952E-03 4.888E-03 5.047E-03 4.657E-03 1.457E-03 2.625E-03 3.909E-03 3.912E-03 3.535E-03 3.407E-03 3.406E-03 3.647E-03 3.627E-03 3.367E-03 3.068E-03 2.727E-03 2.454E-03 1.623E-03 1.145E-03 8.812E-04 9.521E-04 1.125E-03 1.501E-03 1.773E-03 1.855E-03 2.380E-03 2.785E-03 3.065E-03 3.197E-03 3.525E-03 3.688E-03 3.853E-03 4.122E-03 4.302E-03 4.320E-03 3.958E-03 3.663E-03
  6.400E+01  3.371E-03 2.965E-03 3.369E-03 3.154E-03 3.278E-03 3.117E-03 3.206E-03 3.452E-03 3.333E-03 3.405E-03 3.712E-03 3.503E-03 3.538E-03 3.782E-03 3.925E-03 3.922E-03 4.110E-03 3.935E-03 3.495E-03 7.418E-04 1.344E-03 3.450E-03 4.825E-03 5.665E-03 5.389E-03 4.415E-03 4.549E-03 4.180E-03 1.302E-03 2.381E-03 3.527E-03 3.513E-03 3.165E-03 3.048E-03 3.047E-03 3.269E-03 3.249E-03 3.011E-03 2.738E-03 2.429E-03 2.182E-03 1.436E-03 1.010E-03 7.771E-04 8.456E-04 1.003E-03 1.346E-03 1.594E-03 1.668E-03 2.151E-03 2.523E-03 2.781E-03 2.903E-03 3.204E-03 3.355E-03 3.508E-03 3.760E-03 3.933E-03 3.954E-03 3.632E-03 3.380E-03
  6.600E+01  2.881E-03 2.554E-03 2.943E-03 2.763E-03 2.793E-03 2.688E-03 2.843E-03 2.918E-03 2.956E-03 3.031E-03 3.039E-03 2.928E-03 3.093E-03 3.197E-03 3.382E-03 3.575E-03 3.601E-03 3.566E-03 3.127E-03 6.894E-04 1.248E-03 3.165E-03 4.405E-03 5.119E-03 4.890E-03 3.993E-03 4.111E-03 3.757E-03 1.168E-03 2.165E-03 3.190E-03 3.164E-03 2.843E-03 2.735E-03 2.735E-03 2.938E-03 2.920E-03 2.702E-03 2.452E-03 2.172E-03 1.948E-03 1.276E-03 8.946E-04 6.881E-04 7.542E-04 8.981E-04 1.211E-03 1.438E-03 1.506E-03 1.950E-03 2.293E-03 2.532E-03 2.644E-03 2.921E-03 3.061E-03 3.203E-03 3.439E-03 3.604E-03 3.627E-03 3.340E-03 3.125E-03
  6.800E+01  2.488E-03 2.140E-03 2.464E-03 2.337E-03 2.362E-03 2.249E-03 2.357E-03 2.561E-03 2.561E-03 2.622E-03 2.623E-03 2.576E-03 2.730E-03 2.871E-03 3.058E-03 3.063E-03 3.288E-03 3.146E-03 2.778E-03 6.432E-04 1.162E-03 2.905E-03 4.020E-03 4.638E-03 4.417E-03 3.619E-03 3.725E-03 3.390E-03 1.051E-03 1.974E-03 2.894E-03 2.858E-03 2.562E-03 2.463E-03 2.463E-03 2.650E-03 2.633E-03 2.432E-03 2.204E-03 1.948E-03 1.745E-03 1.138E-03 7.955E-04 6.117E-04 6.755E-04 8.073E-04 1.094E-03 1.302E-03 1.365E-03 1.774E-03 2.092E-03 2.312E-03 2.416E-03 2.671E-03 2.800E-03 2.932E-03 3.153E-03 3.310E-03 3.334E-03 3.078E-03 2.896E-03
  7.000E+01  2.082E-03 1.906E-03 2.147E-03 1.908E-03 2.059E-03 1.915E-03 2.003E-03 2.113E-03 2.209E-03 2.280E-03 2.331E-03 2.241E-03 2.248E-03 2.569E-03 2.617E-03 2.702E-03 2.912E-03 2.755E-03 2.455E-03 6.023E-04 1.084E-03 2.670E-03 3.673E-03 4.216E-03 4.007E-03 3.290E-03 3.381E-03 3.070E-03 9.497E-04 1.804E-03 2.632E-03 2.590E-03 2.316E-03 2.226E-03 2.225E-03 2.397E-03 2.381E-03 2.197E-03 1.987E-03 1.754E-03 1.569E-03 1.018E-03 7.102E-04 5.459E-04 6.076E-04 7.288E-04 9.930E-04 1.184E-03 1.242E-03 1.620E-03 1.914E-03 2.119E-03 2.215E-03 2.450E-03 2.568E-03 2.692E-03 2.898E-03 3.048E-03 3.071E-03 2.843E-03 2.689E-03
  7.200E+01  1.630E-03 1.747E-03 1.729E-03 1.576E-03 1.749E-03 1.768E-03 1.650E-03 1.777E-03 1.864E-03 1.933E-03 2.017E-03 1.975E-03 2.109E-03 2.133E-03 2.312E-03 2.439E-03 2.555E-03 2.511E-03 2.211E-03 5.659E-04 1.014E-03 2.460E-03 3.359E-03 3.864E-03 3.667E-03 3.001E-03 3.075E-03 2.787E-03 8.607E-04 1.654E-03 2.400E-03 2.354E-03 2.100E-03 2.017E-03 2.017E-03 2.175E-03 2.161E-03 1.991E-03 1.798E-03 1.584E-03 1.415E-03 9.148E-04 6.364E-04 4.892E-04 5.487E-04 6.606E-04 9.046E-04 1.081E-03 1.135E-03 1.485E-03 1.758E-03 1.948E-03 2.036E-03 2.253E-03 2.363E-03 2.478E-03 2.671E-03 2.812E-03 2.836E-03 2.631E-03 2.503E-03
  7.400E+01  1.395E-03 1.448E-03 1.447E-03 1.390E-03 1.378E-03 1.538E-03 1.487E-03 1.556E-03 1.578E-03 1.646E-03 1.668E-03 1.729E-03 1.839E-03 1.937E-03 2.030E-03 2.158E-03 2.303E-03 2.252E-03 2.003E-03 5.336E-04 9.504E-04 2.269E-03 3.080E-03 3.528E-03 3.354E-03 2.741E-03 2.805E-03 2.536E-03 7.827E-04 1.520E-03 2.194E-03 2.146E-03 1.911E-03 1.835E-03 1.835E-03 1.981E-03 1.967E-03 1.810E-03 1.632E-03 1.436E-03 1.282E-03 8.250E-04 5.724E-04 4.401E-04 4.977E-04 6.013E-04 8.273E-04 9.908E-04 1.040E-03 1.366E-03 1.620E-03 1.796E-03 1.879E-03 2.079E-03 2.180E-03 2.287E-03 2.468E-03 2.602E-03 2.625E-03 2.441E-03 2.335E-03
  7.600E+01  1.185E-03 1.171E-03 1.224E-03 1.226E-03 1.208E-03 1.285E-03 1.345E-03 1.344E-03 1.406E-03 1.463E-03 1.526E-03 1.459E-03 1.603E-03 1.662E-03 1.804E-03 1.887E-03 2.040E-03 1.992E-03 1.772E-03 5.049E-04 8.927E-04 2.093E-03 2.830E-03 3.218E-03 3.049E-03 2.508E-03 2.569E-03 2.317E-03 7.142E-04 1.401E-03 2.012E-03 1.962E-03 1.745E-03 1.674E-03 1.674E-03 1.809E-03 1.796E-03 1.651E-03 1.487E-03 1.307E-03 1.165E-03 7.468E-04 5.169E-04 3.974E-04 4.532E-04 5.496E-04 7.596E-04 9.115E-04 9.576E-04 1.261E-03 1.497E-03 1.662E-03 1.738E-03 1.923E-03 2.017E-03 2.117E-03 2.286E-03 2.412E-03 2.435E-03 2.269E-03 2.184E-03
  7.800E+01  9.662E-04 1.018E-03 1.010E-03 1.049E-03 1.081E-03 1.188E-03 1.209E-03 1.079E-03 1.274E-03 1.334E-03 1.247E-03 1.301E-03 1.449E-03 1.457E-03 1.584E-03 1.735E-03 1.862E-03 1.784E-03 1.597E-03 4.792E-04 8.404E-04 1.934E-03 2.601E-03 2.955E-03 2.789E-03 2.301E-03 2.359E-03 2.124E-03 6.539E-04 1.294E-03 1.850E-03 1.800E-03 1.598E-03 1.533E-03 1.533E-03 1.657E-03 1.645E-03 1.511E-03 1.359E-03 1.193E-03 1.062E-03 6.784E-04 4.684E-04 3.604E-04 4.145E-04 5.043E-04 7.003E-04 8.417E-04 8.847E-04 1.168E-03 1.389E-03 1.543E-03 1.614E-03 1.785E-03 1.872E-03 1.965E-03 2.123E-03 2.243E-03 2.264E-03 2.115E-03 2.047E-03
  8.000E+01  8.103E-04 8.734E-04 8.603E-04 8.612E-04 9.041E-04 9.846E-04 9.997E-04 9.969E-04 1.073E-03 1.121E-03 1.173E-03 1.149E-03 1.260E-03 1.316E-03 1.422E-03 1.534E-03 1.679E-03 1.632E-03 1.465E-03 4.563E-04 7.929E-04 1.793E-03 2.401E-03 2.722E-03 2.577E-03 2.120E-03 2.170E-03 1.952E-03 6.007E-04 1.199E-03 1.706E-03 1.656E-03 1.469E-03 1.408E-03 1.408E-03 1.523E-03 1.512E-03 1.387E-03 1.247E-03 1.093E-03 9.719E-04 6.185E-04 4.261E-04 3.280E-04 3.806E-04 4.648E-04 6.482E-04 7.803E-04 8.205E-04 1.086E-03 1.293E-03 1.436E-03 1.503E-03 1.662E-03 1.742E-03 1.829E-03 1.977E-03 2.090E-03 2.111E-03 1.976E-03 1.924E-03
  8.200E+01  7.200E-04 7.018E-04 7.924E-04 7.676E-04 8.146E-04 8.180E-04 8.300E-04 9.431E-04 9.913E-04 1.046E-03 1.018E-03 9.394E-04 1.080E-03 1.122E-03 1.296E-03 1.403E-03 1.483E-03 1.504E-03 1.344E-03 4.358E-04 7.498E-04 1.668E-03 2.224E-03 2.514E-03 2.392E-03 1.957E-03 2.003E-03 1.800E-03 5.537E-04 1.113E-03 1.577E-03 1.529E-03 1.354E-03 1.298E-03 1.297E-03 1.405E-03 1.394E-03 1.278E-03 1.147E-03 1.004E-03 8.926E-04 5.660E-04 3.891E-04 2.998E-04 3.510E-04 4.300E-04 6.022E-04 7.260E-04 7.638E-04 1.013E-03 1.207E-03 1.342E-03 1.404E-03 1.551E-03 1.626E-03 1.707E-03 1.846E-03 1.953E-03 1.973E-03 1.850E-03 1.813E-03
  8.400E+01  6.062E-04 6.467E-04 6.518E-04 6.554E-04 7.035E-04 7.274E-04 7.727E-04 8.018E-04 8.154E-04 8.528E-04 9.318E-04 8.668E-04 9.520E-04 9.603E-04 1.175E-03 1.248E-03 1.322E-03 1.333E-03 1.221E-03 4.175E-04 7.106E-04 1.553E-03 2.063E-03 2.331E-03 2.210E-03 1.813E-03 1.856E-03 1.668E-03 5.121E-04 1.037E-03 1.463E-03 1.416E-03 1.253E-03 1.201E-03 1.200E-03 1.300E-03 1.289E-03 1.181E-03 1.059E-03 9.265E-04 8.226E-04 5.198E-04 3.566E-04 2.751E-04 3.250E-04 3.995E-04 5.617E-04 6.781E-04 7.136E-04 9.480E-04 1.131E-03 1.257E-03 1.316E-03 1.453E-03 1.522E-03 1.598E-03 1.728E-03 1.829E-03 1.848E-03 1.737E-03 1.712E-03
  8.600E+01  5.834E-04 5.830E-04 6.066E-04 6.075E-04 5.790E-04 6.999E-04 6.961E-04 6.832E-04 7.123E-04 7.605E-04 7.587E-04 8.085E-04 8.968E-04 9.708E-04 1.066E-03 1.124E-03 1.300E-03 1.214E-03 1.122E-03 4.010E-04 6.750E-04 1.446E-03 1.914E-03 2.167E-03 2.045E-03 1.685E-03 1.725E-03 1.551E-03 4.752E-04 9.685E-04 1.361E-03 1.316E-03 1.164E-03 1.114E-03 1.113E-03 1.207E-03 1.196E-03 1.095E-03 9.816E-04 8.576E-04 7.608E-04 4.792E-04 3.280E-04 2.534E-04 3.022E-04 3.727E-04 5.260E-04 6.357E-04 6.692E-04 8.904E-04 1.063E-03 1.182E-03 1.237E-03 1.364E-03 1.429E-03 1.500E-03 1.623E-03 1.718E-03 1.736E-03 1.636E-03 1.622E-03
  8.800E+01  4.869E-04 4.950E-04 5.159E-04 5.224E-04 5.395E-04 5.900E-04 6.047E-04 6.144E-04 6.394E-04 6.735E-04 7.311E-04 7.453E-04 8.010E-04 8.324E-04 9.689E-04 1.044E-03 1.161E-03 1.128E-03 1.043E-03 3.863E-04 6.427E-04 1.350E-03 1.784E-03 2.018E-03 1.911E-03 1.571E-03 1.609E-03 1.447E-03 4.425E-04 9.070E-04 1.270E-03 1.228E-03 1.084E-03 1.038E-03 1.037E-03 1.124E-03 1.114E-03 1.019E-03 9.128E-04 7.967E-04 7.062E-04 4.432E-04 3.029E-04 2.343E-04 2.821E-04 3.490E-04 4.943E-04 5.981E-04 6.298E-04 8.391E-04 1.002E-03 1.115E-03 1.166E-03 1.285E-03 1.345E-03 1.411E-03 1.527E-03 1.618E-03 1.634E-03 1.544E-03 1.540E-03
  9.000E+01  4.559E-04 4.700E-04 4.860E-04 5.129E-04 5.136E-04 5.214E-04 5.608E-04 5.907E-04 6.351E-04 6.707E-04 6.819E-04 6.153E-04 7.039E-04 7.432E-04 8.957E-04 9.533E-04 1.031E-03 1.058E-03 9.859E-04 3.731E-04 6.133E-04 1.265E-03 1.667E-03 1.885E-03 1.793E-03 1.468E-03 1.507E-03 1.355E-03 4.134E-04 8.517E-04 1.189E-03 1.149E-03 1.014E-03 9.700E-04 9.687E-04 1.050E-03 1.041E-03 9.517E-04 8.517E-04 7.427E-04 6.578E-04 4.115E-04 2.807E-04 2.176E-04 2.644E-04 3.281E-04 4.663E-04 5.647E-04 5.947E-04 7.934E-04 9.479E-04 1.054E-03 1.102E-03 1.214E-03 1.269E-03 1.332E-03 1.441E-03 1.527E-03 1.543E-03 1.460E-03 1.466E-03
  9.200E+01  4.300E-04 4.226E-04 3.836E-04 4.466E-04 4.820E-04 4.964E-04 5.171E-04 5.240E-04 5.686E-04 5.951E-04 6.258E-04 5.835E-04 6.706E-04 6.619E-04 8.285E-04 8.917E-04 9.856E-04 9.787E-04 9.109E-04 3.613E-04 5.866E-04 1.188E-03 1.561E-03 1.774E-03 1.681E-03 1.378E-03 1.417E-03 1.276E-03 3.875E-04 8.021E-04 1.117E-03 1.079E-03 9.515E-04 9.099E-04 9.083E-04 9.847E-04 9.758E-04 8.918E-04 7.975E-04 6.948E-04 6.148E-04 3.834E-04 2.611E-04 2.028E-04 2.488E-04 3.096E-04 4.414E-04 5.350E-04 5.636E-04 7.526E-04 8.993E-04 9.999E-04 1.045E-03 1.150E-03 1.202E-03 1.261E-03 1.364E-03 1.445E-03 1.460E-03 1.385E-03 1.400E-03
  9.400E+01  4.140E-04 4.005E-04 4.142E-04 4.302E-04 3.959E-04 5.005E-04 4.985E-04 4.520E-04 5.023E-04 5.263E-04 5.211E-04 5.864E-04 6.650E-04 6.723E-04 7.388E-04 8.365E-04 9.359E-04 9.119E-04 8.445E-04 3.506E-04 5.623E-04 1.117E-03 1.468E-03 1.671E-03 1.578E-03 1.298E-03 1.338E-03 1.206E-03 3.644E-04 7.574E-04 1.052E-03 1.017E-03 8.962E-04 8.567E-04 8.547E-04 9.266E-04 9.179E-04 8.384E-04 7.494E-04 6.523E-04 5.768E-04 3.584E-04 2.437E-04 1.897E-04 2.350E-04 2.932E-04 4.193E-04 5.086E-04 5.359E-04 7.161E-04 8.557E-04 9.512E-04 9.943E-04 1.092E-03 1.141E-03 1.196E-03 1.294E-03 1.372E-03 1.386E-03 1.318E-03 1.339E-03
  9.600E+01  4.039E-04 3.937E-04 3.920E-04 3.875E-04 4.192E-04 4.542E-04 4.436E-04 4.431E-04 4.773E-04 5.038E-04 5.573E-04 5.185E-04 6.090E-04 5.891E-04 6.961E-04 7.808E-04 8.489E-04 8.579E-04 8.096E-04 3.411E-04 5.403E-04 1.053E-03 1.390E-03 1.567E-03 1.492E-03 1.225E-03 1.269E-03 1.142E-03 3.438E-04 7.173E-04 9.944E-04 9.617E-04 8.472E-04 8.095E-04 8.072E-04 8.749E-04 8.664E-04 7.911E-04 7.066E-04 6.145E-04 5.429E-04 3.363E-04 2.283E-04 1.782E-04 2.228E-04 2.788E-04 3.997E-04 4.851E-04 5.112E-04 6.835E-04 8.167E-04 9.075E-04 9.483E-04 1.040E-03 1.086E-03 1.138E-03 1.231E-03 1.305E-03 1.318E-03 1.257E-03 1.285E-03
  9.800E+01  3.918E-04 3.871E-04 3.857E-04 3.907E-04 4.128E-04 4.080E-04 3.954E-04 4.610E-04 5.013E-04 5.239E-04 5.286E-04 4.826E-04 5.404E-04 5.937E-04 6.910E-04 7.436E-04 8.208E-04 8.333E-04 7.780E-04 3.325E-04 5.202E-04 9.966E-04 1.322E-03 1.475E-03 1.419E-03 1.161E-03 1.208E-03 1.088E-03 3.254E-04 6.812E-04 9.432E-04 9.132E-04 8.040E-04 7.677E-04 7.651E-04 8.290E-04 8.207E-04 7.490E-04 6.687E-04 5.810E-04 5.129E-04 3.166E-04 2.146E-04 1.680E-04 2.120E-04 2.659E-04 3.822E-04 4.641E-04 4.891E-04 6.542E-04 7.816E-04 8.682E-04 9.069E-04 9.932E-04 1.036E-03 1.086E-03 1.174E-03 1.244E-03 1.257E-03 1.201E-03 1.236E-03
  1.000E+02  3.896E-04 3.864E-04 3.827E-04 3.978E-04 3.911E-04 4.260E-04 4.400E-04 4.400E-04 4.685E-04 4.923E-04 5.397E-04 4.752E-04 5.326E-04 5.734E-04 6.619E-04 7.267E-04 7.914E-04 7.964E-04 7.401E-04 3.248E-04 5.021E-04 9.450E-04 1.250E-03 1.408E-03 1.353E-03 1.108E-03 1.153E-03 1.046E-03 3.089E-04 6.487E-04 8.978E-04 8.701E-04 7.658E-04 7.307E-04 7.278E-04 7.882E-04 7.801E-04 7.117E-04 6.350E-04 5.512E-04 4.862E-04 2.991E-04 2.025E-04 1.590E-04 2.024E-04 2.545E-04 3.667E-04 4.454E-04 4.694E-04 6.281E-04 7.500E-04 8.327E-04 8.696E-04 9.509E-04 9.913E-04 1.039E-03 1.122E-03 1.190E-03 1.202E-03 1.152E-03 1.192E-03
  1.020E+02  4.301E-04 3.990E-04 3.702E-04 3.877E-04 4.204E-04 4.169E-04 4.567E-04 4.318E-04 4.782E-04 5.045E-04 5.029E-04 4.667E-04 4.919E-04 5.469E-04 6.451E-04 6.838E-04 7.709E-04 7.381E-04 7.078E-04 3.179E-04 4.856E-04 8.976E-04 1.179E-03 1.361E-03 1.294E-03 1.063E-03 1.105E-03 1.010E-03 2.942E-04 6.195E-04 8.575E-04 8.322E-04 7.322E-04 6.982E-04 6.948E-04 7.522E-04 7.441E-04 6.786E-04 6.052E-04 5.248E-04 4.625E-04 2.834E-04 1.917E-04 1.510E-04 1.940E-04 2.444E-04 3.529E-04 4.287E-04 4.519E-04 6.046E-04 7.216E-04 8.008E-04 8.359E-04 9.128E-04 9.509E-04 9.960E-04 1.076E-03 1.140E-03 1.152E-03 1.107E-03 1.153E-03
  1.040E+02  4.141E-04 4.181E-04 4.136E-04 4.006E-04 4.119E-04 4.005E-04 4.476E-04 4.457E-04 4.890E-04 5.087E-04 5.113E-04 4.589E-04 5.166E-04 5.265E-04 6.582E-04 6.675E-04 7.774E-04 7.226E-04 6.913E-04 3.117E-04 4.707E-04 8.549E-04 1.118E-03 1.304E-03 1.239E-03 1.021E-03 1.067E-03 9.752E-04 2.810E-04 5.933E-04 8.218E-04 7.992E-04 7.027E-04 6.697E-04 6.658E-04 7.204E-04 7.123E-04 6.494E-04 5.788E-04 5.014E-04 4.415E-04 2.695E-04 1.821E-04 1.439E-04 1.864E-04 2.354E-04 3.405E-04 4.138E-04 4.362E-04 5.835E-04 6.961E-04 7.721E-04 8.056E-04 8.784E-04 9.144E-04 9.574E-04 1.033E-03 1.096E-03 1.107E-03 1.066E-03 1.117E-03
  1.060E+02  4.744E-04 4.502E-04 4.193E-04 4.066E-04 4.133E-04 4.518E-04 4.278E-04 4.525E-04 5.019E-04 5.283E-04 5.156E-04 4.925E-04 5.154E-04 5.770E-04 6.232E-04 6.436E-04 7.589E-04 7.015E-04 6.840E-04 3.062E-04 4.572E-04 8.172E-04 1.072E-03 1.242E-03 1.191E-03 9.836E-04 1.035E-03 9.478E-04 2.692E-04 5.697E-04 7.906E-04 7.706E-04 6.770E-04 6.447E-04 6.403E-04 6.925E-04 6.843E-04 6.236E-04 5.555E-04 4.807E-04 4.228E-04 2.571E-04 1.736E-04 1.376E-04 1.798E-04 2.274E-04 3.295E-04 4.005E-04 4.221E-04 5.646E-04 6.731E-04 7.461E-04 7.782E-04 8.472E-04 8.813E-04 9.224E-04 9.951E-04 1.055E-03 1.066E-03 1.029E-03 1.085E-03
  1.080E+02  5.271E-04 4.725E-04 4.460E-04 4.450E-04 4.187E-04 4.780E-04 4.691E-04 4.836E-04 4.632E-04 4.853E-04 5.140E-04 5.058E-04 5.878E-04 5.704E-04 6.537E-04 6.614E-04 7.463E-04 7.088E-04 6.972E-04 3.012E-04 4.451E-04 7.849E-04 1.030E-03 1.201E-03 1.158E-03 9.562E-04 1.005E-03 9.303E-04 2.586E-04 5.487E-04 7.636E-04 7.460E-04 6.549E-04 6.230E-04 6.182E-04 6.680E-04 6.598E-04 6.010E-04 5.350E-04 4.624E-04 4.063E-04 2.461E-04 1.659E-04 1.320E-04 1.739E-04 2.203E-04 3.197E-04 3.886E-04 4.096E-04 5.476E-04 6.524E-04 7.227E-04 7.534E-04 8.191E-04 8.514E-04 8.908E-04 9.604E-04 1.018E-03 1.029E-03 9.962E-04 1.056E-03
  1.100E+02  6.681E-04 5.535E-04 5.007E-04 4.659E-04 4.818E-04 4.943E-04 5.038E-04 5.291E-04 5.069E-04 5.342E-04 5.581E-04 5.332E-04 5.779E-04 6.252E-04 6.644E-04 6.826E-04 7.582E-04 7.119E-04 7.025E-04 2.967E-04 4.342E-04 7.575E-04 9.864E-04 1.180E-03 1.138E-03 9.360E-04 9.797E-04 9.187E-04 2.491E-04 5.299E-04 7.403E-04 7.250E-04 6.360E-04 6.043E-04 5.989E-04 6.467E-04 6.385E-04 5.813E-04 5.171E-04 4.463E-04 3.917E-04 2.362E-04 1.591E-04 1.271E-04 1.686E-04 2.140E-04 3.109E-04 3.779E-04 3.983E-04 5.324E-04 6.338E-04 7.016E-04 7.311E-04 7.936E-04 8.244E-04 8.621E-04 9.291E-04 9.850E-04 9.952E-04 9.664E-04 1.031E-03
  1.120E+02  7.596E-04 6.627E-04 5.874E-04 5.291E-04 5.347E-04 5.806E-04 5.564E-04 5.714E-04 5.545E-04 5.704E-04 5.531E-04 5.945E-04 6.378E-04 6.912E-04 6.991E-04 6.832E-04 8.258E-04 7.035E-04 6.998E-04 2.927E-04 4.244E-04 7.331E-04 9.492E-04 1.156E-03 1.115E-03 9.184E-04 9.628E-04 9.093E-04 2.406E-04 5.131E-04 7.204E-04 7.074E-04 6.200E-04 5.884E-04 5.824E-04 6.285E-04 6.200E-04 5.641E-04 5.015E-04 4.322E-04 3.789E-04 2.274E-04 1.531E-04 1.227E-04 1.639E-04 2.084E-04 3.031E-04 3.684E-04 3.883E-04 5.187E-04 6.170E-04 6.825E-04 7.109E-04 7.706E-04 7.999E-04 8.362E-04 9.007E-04 9.548E-04 9.648E-04 9.395E-04 1.008E-03
  1.140E+02  8.862E-04 7.726E-04 7.873E-04 6.561E-04 6.283E-04 6.280E-04 6.460E-04 5.715E-04 6.211E-04 6.426E-04 5.948E-04 6.317E-04 6.616E-04 7.008E-04 6.996E-04 7.104E-04 8.031E-04 7.159E-04 7.315E-04 2.891E-04 4.156E-04 7.118E-04 9.186E-04 1.129E-03 1.097E-03 9.048E-04 9.521E-04 9.041E-04 2.329E-04 4.983E-04 7.038E-04 6.933E-04 6.067E-04 5.751E-04 5.685E-04 6.129E-04 6.043E-04 5.495E-04 4.880E-04 4.199E-04 3.676E-04 2.195E-04 1.477E-04 1.188E-04 1.598E-04 2.034E-04 2.962E-04 3.599E-04 3.793E-04 5.064E-04 6.019E-04 6.653E-04 6.927E-04 7.497E-04 7.778E-04 8.127E-04 8.750E-04 9.275E-04 9.373E-04 9.154E-04 9.872E-04
  1.160E+02  5.648E-04 7.393E-04 7.775E-04 7.422E-04 7.103E-04 6.658E-04 7.126E-04 6.459E-04 6.768E-04 6.874E-04 7.097E-04 7.111E-04 7.032E-04 7.336E-04 6.780E-04 7.515E-04 7.781E-04 7.693E-04 7.900E-04 2.859E-04 4.078E-04 6.946E-04 8.964E-04 1.120E-03 1.096E-03 8.982E-04 9.445E-04 9.060E-04 2.261E-04 4.852E-04 6.905E-04 6.825E-04 5.962E-04 5.641E-04 5.569E-04 6.000E-04 5.911E-04 5.370E-04 4.765E-04 4.092E-04 3.577E-04 2.125E-04 1.429E-04 1.153E-04 1.561E-04 1.990E-04 2.900E-04 3.523E-04 3.713E-04 4.954E-04 5.882E-04 6.497E-04 6.762E-04 7.308E-04 7.577E-04 7.914E-04 8.516E-04 9.028E-04 9.125E-04 8.937E-04 9.689E-04
  1.180E+02  3.994E-04 6.741E-04 7.165E-04 7.745E-04 7.712E-04 7.521E-04 7.044E-04 6.884E-04 7.676E-04 7.977E-04 7.029E-04 7.038E-04 7.814E-04 6.950E-04 6.909E-04 7.990E-04 8.056E-04 8.204E-04 8.483E-04 2.831E-04 4.010E-04 6.816E-04 8.844E-04 1.110E-03 1.100E-03 8.976E-04 9.419E-04 9.148E-04 2.200E-04 4.738E-04 6.802E-04 6.745E-04 5.881E-04 5.554E-04 5.476E-04 5.894E-04 5.802E-04 5.267E-04 4.667E-04 4.001E-04 3.491E-04 2.063E-04 1.386E-04 1.123E-04 1.529E-04 1.950E-04 2.845E-04 3.455E-04 3.641E-04 4.855E-04 5.759E-04 6.357E-04 6.613E-04 7.138E-04 7.396E-04 7.722E-04 8.305E-04 8.804E-04 8.900E-04 8.742E-04 9.526E-04
  1.200E+02  3.108E-04 4.170E-04 6.037E-04 6.814E-04 7.239E-04 6.673E-04 7.137E-04 6.976E-04 7.014E-04 7.018E-04 7.596E-04 6.710E-04 7.944E-04 7.312E-04 7.471E-04 8.041E-04 8.307E-04 8.366E-04 9.095E-04 2.806E-04 3.950E-04 6.723E-04 8.784E-04 1.098E-03 1.101E-03 9.014E-04 9.479E-04 9.292E-04 2.146E-04 4.638E-04 6.728E-04 6.693E-04 5.822E-04 5.488E-04 5.402E-04 5.811E-04 5.716E-04 5.183E-04 4.586E-04 3.923E-04 3.417E-04 2.008E-04 1.348E-04 1.095E-04 1.500E-04 1.915E-04 2.795E-04 3.395E-04 3.577E-04 4.766E-04 5.649E-04 6.230E-04 6.478E-04 6.983E-04 7.232E-04 7.547E-04 8.114E-04 8.601E-04 8.697E-04 8.568E-04 9.383E-04
  1.220E+02  2.632E-04 3.875E-04 4.335E-04 4.998E-04 5.568E-04 6.237E-04 5.748E-04 6.421E-04 6.308E-04 6.479E-04 6.898E-04 6.560E-04 7.606E-04 6.610E-04 7.517E-04 8.020E-04 8.720E-04 8.660E-04 9.886E-04 2.783E-04 3.899E-04 6.651E-04 8.753E-04 1.101E-03 1.108E-03 9.094E-04 9.626E-04 9.470E-04 2.097E-04 4.554E-04 6.681E-04 6.669E-04 5.784E-04 5.442E-04 5.348E-04 5.749E-04 5.650E-04 5.117E-04 4.521E-04 3.858E-04 3.353E-04 1.958E-04 1.314E-04 1.071E-04 1.475E-04 1.884E-04 2.752E-04 3.341E-04 3.520E-04 4.687E-04 5.549E-04 6.116E-04 6.357E-04 6.843E-04 7.083E-04 7.389E-04 7.940E-04 8.417E-04 8.513E-04 8.412E-04 9.257E-04
  1.240E+02  2.294E-04 2.850E-04 3.584E-04 4.273E-04 4.436E-04 4.422E-04 5.526E-04 5.514E-04 5.678E-04 5.895E-04 6.095E-04 5.908E-04 6.143E-04 7.019E-04 7.654E-04 8.325E-04 9.424E-04 9.268E-04 1.103E-03 2.763E-04 3.856E-04 6.612E-04 8.783E-04 1.114E-03 1.125E-03 9.223E-04 9.861E-04 9.689E-04 2.053E-04 4.483E-04 6.663E-04 6.675E-04 5.767E-04 5.416E-04 5.312E-04 5.709E-04 5.604E-04 5.068E-04 4.470E-04 3.804E-04 3.299E-04 1.915E-04 1.285E-04 1.050E-04 1.452E-04 1.857E-04 2.713E-04 3.293E-04 3.469E-04 4.616E-04 5.460E-04 6.013E-04 6.247E-04 6.716E-04 6.948E-04 7.246E-04 7.783E-04 8.251E-04 8.347E-04 8.273E-04 9.146E-04
  1.260E+02  2.274E-04 2.357E-04 3.131E-04 3.295E-04 3.835E-04 3.611E-04 3.951E-04 4.801E-04 5.356E-04 5.581E-04 5.658E-04 5.738E-04 5.977E-04 6.533E-04 7.960E-04 7.819E-04 9.878E-04 9.582E-04 1.229E-03 2.745E-04 3.821E-04 6.610E-04 8.933E-04 1.132E-03 1.150E-03 9.431E-04 1.017E-03 9.980E-04 2.015E-04 4.426E-04 6.673E-04 6.708E-04 5.771E-04 5.406E-04 5.293E-04 5.688E-04 5.577E-04 5.036E-04 4.432E-04 3.760E-04 3.254E-04 1.876E-04 1.258E-04 1.032E-04 1.432E-04 1.833E-04 2.679E-04 3.251E-04 3.424E-04 4.552E-04 5.380E-04 5.920E-04 6.148E-04 6.602E-04 6.826E-04 7.116E-04 7.640E-04 8.100E-04 8.197E-04 8.149E-04 9.050E-04
  1.280E+02  2.209E-04 2.387E-04 2.619E-04 3.010E-04 3.855E-04 3.713E-04 3.758E-04 4.107E-04 4.531E-04 4.833E-04 5.055E-04 5.397E-04 5.985E-04 6.293E-04 7.665E-04 8.369E-04 1.057E-03 1.057E-03 1.411E-03 2.730E-04 3.793E-04 6.664E-04 9.162E-04 1.170E-03 1.198E-03 9.756E-04 1.052E-03 1.037E-03 1.981E-04 4.381E-04 6.712E-04 6.766E-04 5.793E-04 5.412E-04 5.291E-04 5.685E-04 5.569E-04 5.018E-04 4.406E-04 3.726E-04 3.216E-04 1.843E-04 1.235E-04 1.016E-04 1.415E-04 1.812E-04 2.649E-04 3.214E-04 3.385E-04 4.496E-04 5.308E-04 5.836E-04 6.059E-04 6.498E-04 6.716E-04 6.999E-04 7.511E-04 7.964E-04 8.062E-04 8.039E-04 8.967E-04
  1.300E+02  2.106E-04 2.478E-04 2.761E-04 2.872E-04 2.740E-04 3.461E-04 3.479E-04 4.342E-04 4.140E-04 4.390E-04 5.655E-04 5.613E-04 5.706E-04 7.713E-04 8.742E-04 9.334E-04 1.226E-03 1.182E-03 1.573E-03 2.716E-04 3.774E-04 6.774E-04 9.453E-04 1.234E-03 1.272E-03 1.020E-03 1.093E-03 1.085E-03 1.951E-04 4.349E-04 6.780E-04 6.848E-04 5.832E-04 5.434E-04 5.304E-04 5.700E-04 5.577E-04 5.015E-04 4.391E-04 3.701E-04 3.186E-04 1.813E-04 1.215E-04 1.001E-04 1.400E-04 1.793E-04 2.622E-04 3.181E-04 3.350E-04 4.446E-04 5.243E-04 5.761E-04 5.978E-04 6.404E-04 6.616E-04 6.892E-04 7.394E-04 7.841E-04 7.940E-04 7.942E-04 8.896E-04
  1.320E+02  2.074E-04 2.283E-04 2.643E-04 2.991E-04 3.338E-04 3.779E-04 4.228E-04 4.448E-04 5.202E-04 5.547E-04 5.403E-04 5.885E-04 6.953E-04 7.490E-04 9.424E-04 1.120E-03 1.355E-03 1.385E-03 1.762E-03 2.704E-04 3.762E-04 6.944E-04 9.829E-04 1.318E-03 1.359E-03 1.072E-03 1.147E-03 1.137E-03 1.925E-04 4.329E-04 6.876E-04 6.953E-04 5.886E-04 5.470E-04 5.330E-04 5.733E-04 5.602E-04 5.025E-04 4.387E-04 3.684E-04 3.162E-04 1.788E-04 1.198E-04 9.890E-05 1.386E-04 1.777E-04 2.599E-04 3.152E-04 3.319E-04 4.401E-04 5.186E-04 5.693E-04 5.906E-04 6.319E-04 6.526E-04 6.796E-04 7.288E-04 7.729E-04 7.829E-04 7.857E-04 8.836E-04
  1.340E+02  2.219E-04 2.361E-04 3.004E-04 3.479E-04 3.684E-04 3.715E-04 4.731E-04 4.893E-04 5.453E-04 5.744E-04 6.196E-04 8.011E-04 7.405E-04 9.803E-04 1.141E-03 1.273E-03 1.644E-03 1.581E-03 1.965E-03 2.694E-04 3.759E-04 7.170E-04 1.035E-03 1.422E-03 1.456E-03 1.133E-03 1.213E-03 1.194E-03 1.902E-04 4.321E-04 6.999E-04 7.083E-04 5.954E-04 5.519E-04 5.369E-04 5.782E-04 5.643E-04 5.048E-04 4.392E-04 3.674E-04 3.145E-04 1.766E-04 1.183E-04 9.784E-05 1.375E-04 1.763E-04 2.578E-04 3.126E-04 3.292E-04 4.362E-04 5.135E-04 5.633E-04 5.840E-04 6.242E-04 6.444E-04 6.708E-04 7.191E-04 7.628E-04 7.730E-04 7.782E-04 8.786E-04
  1.360E+02  2.177E-04 2.551E-04 3.403E-04 4.198E-04 4.648E-04 5.118E-04 6.283E-04 7.390E-04 7.814E-04 8.419E-04 8.654E-04 9.263E-04 1.065E-03 1.234E-03 1.528E-03 1.596E-03 2.002E-03 1.881E-03 2.111E-03 2.685E-04 3.765E-04 7.467E-04 1.108E-03 1.566E-03 1.590E-03 1.203E-03 1.291E-03 1.252E-03 1.883E-04 4.327E-04 7.151E-04 7.235E-04 6.035E-04 5.579E-04 5.420E-04 5.847E-04 5.699E-04 5.082E-04 4.406E-04 3.670E-04 3.132E-04 1.748E-04 1.170E-04 9.693E-05 1.365E-04 1.750E-04 2.561E-04 3.104E-04 3.268E-04 4.328E-04 5.089E-04 5.578E-04 5.782E-04 6.172E-04 6.369E-04 6.629E-04 7.104E-04 7.536E-04 7.641E-04 7.718E-04 8.746E-04
  1.380E+02  2.656E-04 3.341E-04 4.529E-04 6.374E-04 7.315E-04 8.275E-04 9.601E-04 1.071E-03 1.251E-03 1.278E-03 1.255E-03 1.469E-03 1.553E-03 1.681E-03 1.926E-03 2.110E-03 2.373E-03 2.282E-03 2.236E-03 2.677E-04 3.781E-04 7.853E-04 1.203E-03 1.750E-03 1.768E-03 1.288E-03 1.374E-03 1.315E-03 1.867E-04 4.345E-04 7.333E-04 7.408E-04 6.128E-04 5.648E-04 5.481E-04 5.926E-04 5.769E-04 5.127E-04 4.429E-04 3.673E-04 3.125E-04 1.733E-04 1.159E-04 9.615E-05 1.356E-04 1.740E-04 2.546E-04 3.085E-04 3.248E-04 4.298E-04 5.048E-04 5.530E-04 5.729E-04 6.109E-04 6.302E-04 6.557E-04 7.025E-04 7.454E-04 7.561E-04 7.662E-04 8.714E-04
  1.400E+02  3.526E-04 5.741E-04 8.692E-04 1.132E-03 1.397E-03 1.508E-03 1.654E-03 1.904E-03 2.000E-03 2.026E-03 2.106E-03 2.382E-03 2.333E-03 2.653E-03 2.667E-03 2.722E-03 3.019E-03 2.631E-03 2.248E-03 2.670E-04 3.807E-04 8.324E-04 1.324E-03 1.957E-03 1.959E-03 1.385E-03 1.464E-03 1.382E-03 1.854E-04 4.375E-04 7.544E-04 7.595E-04 6.230E-04 5.724E-04 5.553E-04 6.018E-04 5.853E-04 5.183E-04 4.458E-04 3.682E-04 3.123E-04 1.721E-04 1.150E-04 9.551E-05 1.349E-04 1.731E-04 2.533E-04 3.069E-04 3.231E-04 4.272E-04 5.013E-04 5.486E-04 5.682E-04 6.052E-04 6.242E-04 6.492E-04 6.953E-04 7.379E-04 7.489E-04 7.614E-04 8.690E-04
  1.420E+02  6.439E-04 1.444E-03 2.065E-03 2.683E-03 2.991E-03 3.284E-03 3.271E-03 3.741E-03 3.545E-03 3.464E-03 3.675E-03 3.560E-03 3.638E-03 3.696E-03 3.651E-03 3.303E-03 3.472E-03 2.865E-03 2.167E-03 2.665E-04 3.845E-04 8.918E-04 1.472E-03 2.210E-03 2.185E-03 1.490E-03 1.560E-03 1.446E-03 1.844E-04 4.420E-04 7.783E-04 7.796E-04 6.338E-04 5.809E-04 5.632E-04 6.123E-04 5.950E-04 5.249E-04 4.495E-04 3.697E-04 3.126E-04 1.712E-04 1.143E-04 9.498E-05 1.343E-04 1.723E-04 2.522E-04 3.055E-04 3.216E-04 4.249E-04 4.981E-04 5.448E-04 5.640E-04 6.001E-04 6.187E-04 6.433E-04 6.888E-04 7.312E-04 7.425E-04 7.574E-04 8.673E-04
  1.440E+02  2.077E-03 4.225E-03 5.162E-03 5.380E-03 5.382E-03 5.385E-03 5.078E-03 4.949E-03 4.951E-03 4.837E-03 4.526E-03 4.553E-03 4.586E-03 4.236E-03 3.918E-03 3.752E-03 3.548E-03 3.047E-03 2.097E-03 2.660E-04 3.896E-04 9.629E-04 1.640E-03 2.535E-03 2.454E-03 1.604E-03 1.656E-03 1.502E-03 1.837E-04 4.478E-04 8.049E-04 8.008E-04 6.452E-04 5.899E-04 5.719E-04 6.241E-04 6.059E-04 5.323E-04 4.539E-04 3.717E-04 3.134E-04 1.706E-04 1.138E-04 9.456E-05 1.338E-04 1.717E-04 2.513E-04 3.044E-04 3.204E-04 4.230E-04 4.954E-04 5.414E-04 5.602E-04 5.954E-04 6.137E-04 6.380E-04 6.829E-04 7.252E-04 7.368E-04 7.541E-04 8.663E-04
  1.460E+02  6.558E-03 6.631E-03 5.993E-03 5.069E-03 5.114E-03 5.093E-03 4.571E-03 4.692E-03 4.498E-03 4.498E-03 4.637E-03 4.386E-03 4.496E-03 4.178E-03 4.073E-03 3.740E-03 3.645E-03 3.005E-03 2.003E-03 2.657E-04 3.963E-04 1.045E-03 1.844E-03 2.864E-03 2.710E-03 1.714E-03 1.756E-03 1.546E-03 1.834E-04 4.550E-04 8.339E-04 8.231E-04 6.572E-04 5.997E-04 5.815E-04 6.371E-04 6.179E-04 5.407E-04 4.590E-04 3.744E-04 3.148E-04 1.704E-04 1.134E-04 9.424E-05 1.334E-04 1.712E-04 2.506E-04 3.035E-04 3.194E-04 4.214E-04 4.931E-04 5.384E-04 5.569E-04 5.913E-04 6.093E-04 6.332E-04 6.776E-04 7.199E-04 7.318E-04 7.515E-04 8.660E-04
  1.480E+02  6.274E-03 4.671E-03 4.524E-03 3.979E-03 3.871E-03 3.942E-03 3.791E-03 3.786E-03 3.839E-03 3.904E-03 3.929E-03 3.761E-03 3.776E-03 3.807E-03 3.710E-03 3.503E-03 3.428E-03 2.892E-03 1.915E-03 2.653E-04 4.045E-04 1.145E-03 2.089E-03 3.200E-03 2.968E-03 1.815E-03 1.853E-03 1.579E-03 1.833E-04 4.635E-04 8.656E-04 8.467E-04 6.699E-04 6.102E-04 5.920E-04 6.513E-04 6.313E-04 5.501E-04 4.650E-04 3.777E-04 3.167E-04 1.704E-04 1.132E-04 9.400E-05 1.331E-04 1.708E-04 2.500E-04 3.027E-04 3.186E-04 4.201E-04 4.911E-04 5.358E-04 5.540E-04 5.876E-04 6.053E-04 6.289E-04 6.730E-04 7.152E-04 7.275E-04 7.495E-04 8.661E-04
  1.500E+02  4.274E-03 3.538E-03 3.313E-03 3.307E-03 3.338E-03 3.249E-03 3.284E-03 3.230E-03 3.277E-03 3.378E-03 3.421E-03 3.164E-03 3.354E-03 3.172E-03 3.267E-03 3.335E-03 3.123E-03 2.804E-03 1.864E-03 2.651E-04 4.143E-04 1.263E-03 2.359E-03 3.525E-03 3.211E-03 1.912E-03 1.939E-03 1.603E-03 1.835E-04 4.732E-04 8.998E-04 8.714E-04 6.837E-04 6.216E-04 6.035E-04 6.667E-04 6.459E-04 5.605E-04 4.718E-04 3.818E-04 3.193E-04 1.707E-04 1.131E-04 9.384E-05 1.328E-04 1.705E-04 2.496E-04 3.022E-04 3.180E-04 4.191E-04 4.894E-04 5.335E-04 5.515E-04 5.844E-04 6.018E-04 6.252E-04 6.689E-04 7.112E-04 7.238E-04 7.482E-04 8.668E-04
  1.520E+02  3.448E-03 3.154E-03 3.085E-03 2.996E-03 3.021E-03 2.951E-03 2.944E-03 2.768E-03 3.068E-03 3.121E-03 2.882E-03 2.942E-03 3.065E-03 2.976E-03 2.885E-03 3.089E-03 2.991E-03 2.680E-03 1.827E-03 2.649E-04 4.255E-04 1.393E-03 2.642E-03 3.774E-03 3.373E-03 2.001E-03 2.017E-03 1.624E-03 1.841E-04 4.836E-04 9.367E-04 8.973E-04 6.988E-04 6.343E-04 6.164E-04 6.834E-04 6.617E-04 5.721E-04 4.797E-04 3.867E-04 3.226E-04 1.713E-04 1.132E-04 9.376E-05 1.326E-04 1.703E-04 2.493E-04 3.018E-04 3.176E-04 4.183E-04 4.880E-04 5.317E-04 5.495E-04 5.816E-04 5.989E-04 6.220E-04 6.654E-04 7.078E-04 7.208E-04 7.473E-04 8.679E-04
  1.540E+02  3.470E-03 3.046E-03 3.090E-03 2.826E-03 2.823E-03 2.907E-03 2.810E-03 2.750E-03 2.609E-03 2.697E-03 2.831E-03 2.738E-03 2.934E-03 2.962E-03 2.941E-03 2.945E-03 2.931E-03 2.551E-03 1.770E-03 2.646E-04 4.373E-04 1.539E-03 2.928E-03 3.995E-03 3.506E-03 2.085E-03 2.086E-03 1.652E-03 1.849E-04 4.942E-04 9.763E-04 9.251E-04 7.158E-04 6.489E-04 6.307E-04 7.016E-04 6.788E-04 5.849E-04 4.886E-04 3.926E-04 3.267E-04 1.721E-04 1.133E-04 9.375E-05 1.325E-04 1.702E-04 2.491E-04 3.016E-04 3.173E-04 4.178E-04 4.870E-04 5.303E-04 5.478E-04 5.793E-04 5.964E-04 6.193E-04 6.626E-04 7.051E-04 7.184E-04 7.470E-04 8.694E-04
  1.560E+02  2.975E-03 2.794E-03 2.801E-03 2.724E-03 2.715E-03 2.619E-03 2.738E-03 2.584E-03 2.688E-03 2.772E-03 2.725E-03 2.712E-03 2.853E-03 2.845E-03 2.765E-03 2.851E-03 2.840E-03 2.511E-03 1.786E-03 2.644E-04 4.483E-04 1.706E-03 3.187E-03 4.220E-03 3.647E-03 2.172E-03 2.153E-03 1.690E-03 1.859E-04 5.035E-04 1.018E-03 9.556E-04 7.351E-04 6.656E-04 6.467E-04 7.212E-04 6.970E-04 5.987E-04 4.986E-04 3.993E-04 3.314E-04 1.732E-04 1.135E-04 9.380E-05 1.325E-04 1.701E-04 2.490E-04 3.015E-04 3.173E-04 4.175E-04 4.863E-04 5.292E-04 5.465E-04 5.775E-04 5.945E-04 6.172E-04 6.603E-04 7.031E-04 7.168E-04 7.472E-04 8.713E-04
  1.580E+02  3.096E-03 2.729E-03 2.774E-03 2.633E-03 2.530E-03 2.588E-03 2.618E-03 2.596E-03 2.531E-03 2.580E-03 2.705E-03 2.597E-03 2.628E-03 2.748E-03 2.863E-03 2.746E-03 2.921E-03 2.440E-03 1.832E-03 2.640E-04 4.560E-04 1.883E-03 3.420E-03 4.393E-03 3.755E-03 2.264E-03 2.237E-03 1.744E-03 1.870E-04 5.097E-04 1.062E-03 9.897E-04 7.573E-04 6.848E-04 6.643E-04 7.415E-04 7.155E-04 6.133E-04 5.095E-04 4.068E-04 3.367E-04 1.745E-04 1.139E-04 9.390E-05 1.325E-04 1.702E-04 2.491E-04 3.016E-04 3.173E-04 4.174E-04 4.859E-04 5.285E-04 5.457E-04 5.762E-04 5.931E-04 6.157E-04 6.588E-04 7.018E-04 7.158E-04 7.479E-04 8.734E-04
  1.600E+02  2.864E-03 2.580E-03 2.507E-03 2.374E-03 2.523E-03 2.590E-03 2.444E-03 2.515E-03 2.718E-03 2.765E-03 2.741E-03 2.450E-03 2.714E-03 2.816E-03 2.893E-03 2.692E-03 2.930E-03 2.460E-03 1.896E-03 2.636E-04 4.576E-04 2.059E-03 3.664E-03 4.563E-03 3.885E-03 2.373E-03 2.346E-03 1.824E-03 1.878E-04 5.100E-04 1.103E-03 1.027E-03 7.820E-04 7.055E-04 6.827E-04 7.609E-04 7.327E-04 6.274E-04 5.204E-04 4.143E-04 3.422E-04 1.758E-04 1.142E-04 9.405E-05 1.326E-04 1.702E-04 2.492E-04 3.018E-04 3.175E-04 4.175E-04 4.858E-04 5.282E-04 5.453E-04 5.754E-04 5.923E-04 6.149E-04 6.579E-04 7.012E-04 7.154E-04 7.490E-04 8.758E-04
  1.620E+02  2.811E-03 2.515E-03 2.545E-03 2.405E-03 2.413E-03 2.411E-03 2.510E-03 2.447E-03 2.620E-03 2.751E-03 2.737E-03 2.639E-03 2.650E-03 2.661E-03 2.956E-03 2.891E-03 3.021E-03 2.637E-03 2.021E-03 2.630E-04 4.503E-04 2.213E-03 3.920E-03 4.773E-03 4.096E-03 2.512E-03 2.486E-03 1.938E-03 1.881E-04 5.013E-04 1.136E-03 1.063E-03 8.066E-04 7.255E-04 6.994E-04 7.760E-04 7.456E-04 6.386E-04 5.297E-04 4.210E-04 3.472E-04 1.770E-04 1.146E-04 9.423E-05 1.327E-04 1.704E-04 2.494E-04 3.020E-04 3.178E-04 4.179E-04 4.861E-04 5.283E-04 5.454E-04 5.752E-04 5.920E-04 6.146E-04 6.577E-04 7.012E-04 7.157E-04 7.504E-04 8.783E-04
  1.640E+02  2.679E-03 2.453E-03 2.469E-03 2.419E-03 2.448E-03 2.497E-03 2.645E-03 2.283E-03 2.656E-03 2.795E-03 2.634E-03 2.558E-03 2.730E-03 2.902E-03 2.943E-03 3.053E-03 3.228E-03 2.857E-03 2.180E-03 2.624E-04 4.333E-04 2.302E-03 4.143E-03 5.041E-03 4.370E-03 2.673E-03 2.647E-03 2.086E-03 1.873E-04 4.811E-04 1.147E-03 1.090E-03 8.256E-04 7.398E-04 7.095E-04 7.809E-04 7.485E-04 6.429E-04 5.345E-04 4.249E-04 3.503E-04 1.780E-04 1.150E-04 9.446E-05 1.328E-04 1.705E-04 2.497E-04 3.024E-04 3.182E-04 4.184E-04 4.866E-04 5.288E-04 5.458E-04 5.755E-04 5.923E-04 6.149E-04 6.581E-04 7.019E-04 7.166E-04 7.522E-04 8.808E-04
  1.660E+02  2.483E-03 2.471E-03 2.420E-03 2.450E-03 2.292E-03 2.643E-03 2.562E-03 2.530E-03 2.645E-03 2.729E-03 2.635E-03 2.596E-03 3.037E-03 2.955E-03 3.165E-03 3.411E-03 3.566E-03 3.287E-03 2.512E-03 2.618E-04 4.095E-04 2.268E-03 4.241E-03 5.357E-03 4.668E-03 2.815E-03 2.778E-03 2.246E-03 1.848E-04 4.496E-04 1.119E-03 1.091E-03 8.285E-04 7.398E-04 7.054E-04 7.674E-04 7.343E-04 6.345E-04 5.305E-04 4.234E-04 3.498E-04 1.782E-04 1.153E-04 9.470E-05 1.330E-04 1.707E-04 2.500E-04 3.029E-04 3.187E-04 4.191E-04 4.873E-04 5.296E-04 5.466E-04 5.763E-04 5.931E-04 6.157E-04 6.591E-04 7.031E-04 7.179E-04 7.541E-04 8.834E-04
  1.680E+02  2.546E-03 2.478E-03 2.305E-03 2.465E-03 2.420E-03 2.521E-03 2.685E-03 2.519E-03 2.719E-03 2.863E-03 2.919E-03 2.943E-03 3.238E-03 3.183E-03 3.537E-03 3.969E-03 4.025E-03 3.899E-03 2.951E-03 2.612E-04 3.859E-04 2.097E-03 4.117E-03 5.519E-03 4.828E-03 2.843E-03 2.795E-03 2.343E-03 1.803E-04 4.113E-04 1.036E-03 1.045E-03 8.016E-04 7.149E-04 6.784E-04 7.284E-04 6.971E-04 6.080E-04 5.134E-04 4.132E-04 3.435E-04 1.775E-04 1.155E-04 9.497E-05 1.332E-04 1.710E-04 2.504E-04 3.034E-04 3.192E-04 4.199E-04 4.883E-04 5.307E-04 5.477E-04 5.774E-04 5.943E-04 6.170E-04 6.605E-04 7.047E-04 7.196E-04 7.562E-04 8.858E-04
  1.700E+02  2.611E-03 2.498E-03 2.614E-03 2.502E-03 2.662E-03 2.837E-03 2.747E-03 2.613E-03 2.997E-03 3.170E-03 3.055E-03 3.169E-03 3.597E-03 3.748E-03 4.039E-03 4.419E-03 4.783E-03 4.366E-03 3.375E-03 2.608E-04 3.722E-04 1.851E-03 3.807E-03 5.360E-03 4.658E-03 2.658E-03 2.615E-03 2.270E-03 1.743E-04 3.754E-04 9.055E-04 9.435E-04 7.371E-04 6.598E-04 6.257E-04 6.657E-04 6.393E-04 5.638E-04 4.824E-04 3.936E-04 3.305E-04 1.756E-04 1.156E-04 9.526E-05 1.334E-04 1.712E-04 2.508E-04 3.039E-04 3.198E-04 4.207E-04 4.894E-04 5.319E-04 5.490E-04 5.788E-04 5.958E-04 6.185E-04 6.622E-04 7.065E-04 7.215E-04 7.582E-04 8.881E-04
  1.720E+02  2.871E-03 2.506E-03 2.775E-03 2.605E-03 2.661E-03 2.883E-03 3.077E-03 3.178E-03 3.216E-03 3.380E-03 3.627E-03 3.614E-03 3.878E-03 4.244E-03 4.741E-03 4.733E-03 5.335E-03 4.483E-03 3.480E-03 2.606E-04 3.758E-04 1.617E-03 3.507E-03 5.047E-03 4.264E-03 2.303E-03 2.266E-03 1.984E-03 1.682E-04 3.525E-04 7.720E-04 8.147E-04 6.500E-04 5.874E-04 5.610E-04 5.979E-04 5.783E-04 5.145E-04 4.454E-04 3.688E-04 3.133E-04 1.729E-04 1.157E-04 9.556E-05 1.336E-04 1.714E-04 2.512E-04 3.044E-04 3.203E-04 4.216E-04 4.905E-04 5.332E-04 5.504E-04 5.804E-04 5.973E-04 6.202E-04 6.640E-04 7.084E-04 7.234E-04 7.600E-04 8.901E-04
  1.740E+02  2.968E-03 3.013E-03 3.113E-03 2.942E-03 3.440E-03 3.719E-03 3.678E-03 3.771E-03 4.267E-03 4.551E-03 4.271E-03 4.314E-03 4.927E-03 5.041E-03 5.569E-03 5.568E-03 5.595E-03 4.667E-03 3.015E-03 2.607E-04 3.980E-04 1.467E-03 3.294E-03 4.886E-03 4.038E-03 2.010E-03 1.980E-03 1.659E-03 1.640E-04 3.490E-04 7.024E-04 7.267E-04 5.844E-04 5.336E-04 5.159E-04 5.575E-04 5.430E-04 4.831E-04 4.195E-04 3.500E-04 2.996E-04 1.706E-04 1.159E-04 9.586E-05 1.337E-04 1.716E-04 2.515E-04 3.049E-04 3.209E-04 4.224E-04 4.915E-04 5.344E-04 5.517E-04 5.818E-04 5.988E-04 6.217E-04 6.656E-04 7.102E-04 7.251E-04 7.617E-04 8.917E-04
  1.760E+02  3.749E-03 3.977E-03 4.298E-03 4.109E-03 4.449E-03 4.764E-03 5.045E-03 4.913E-03 6.001E-03 6.261E-03 5.903E-03 5.657E-03 6.278E-03 6.399E-03 6.570E-03 6.416E-03 6.162E-03 4.925E-03 2.902E-03 2.610E-04 4.312E-04 1.485E-03 3.140E-03 4.957E-03 4.145E-03 2.024E-03 2.022E-03 1.615E-03 1.629E-04 3.620E-04 7.351E-04 7.396E-04 5.840E-04 5.328E-04 5.172E-04 5.662E-04 5.513E-04 4.862E-04 4.188E-04 3.474E-04 2.967E-04 1.701E-04 1.162E-04 9.613E-05 1.339E-04 1.718E-04 2.518E-04 3.053E-04 3.213E-04 4.230E-04 4.924E-04 5.354E-04 5.527E-04 5.829E-04 6.000E-04 6.230E-04 6.670E-04 7.116E-04 7.265E-04 7.629E-04 8.929E-04
  1.780E+02  6.509E-03 7.111E-03 7.140E-03 6.686E-03 7.127E-03 7.953E-03 7.276E-03 7.132E-03 7.664E-03 7.899E-03 7.912E-03 7.079E-03 7.495E-03 7.870E-03 7.537E-03 6.594E-03 6.992E-03 5.216E-03 3.855E-03 2.612E-04 4.612E-04 1.722E-03 3.325E-03 5.371E-03 4.689E-03 2.403E-03 2.440E-03 1.942E-03 1.639E-04 3.795E-04 8.287E-04 8.290E-04 6.366E-04 5.743E-04 5.531E-04 6.064E-04 5.867E-04 5.125E-04 4.369E-04 3.579E-04 3.033E-04 1.711E-04 1.167E-04 9.633E-05 1.340E-04 1.719E-04 2.520E-04 3.055E-04 3.215E-04 4.234E-04 4.929E-04 5.360E-04 5.534E-04 5.837E-04 6.008E-04 6.238E-04 6.678E-04 7.125E-04 7.274E-04 7.637E-04 8.937E-04
  1.800E+02  1.330E-02 1.190E-02 1.275E-02 1.020E-02 9.858E-03 1.017E-02 9.939E-03 8.385E-03 1.041E-02 1.107E-02 1.075E-02 8.856E-03 1.000E-02 1.006E-02 9.570E-03 8.302E-03 9.476E-03 6.848E-03 5.173E-03 2.613E-04 4.732E-04 1.909E-03 3.774E-03 6.164E-03 5.393E-03 2.716E-03 2.761E-03 2.203E-03 1.646E-04 3.873E-04 8.798E-04 8.825E-04 6.696E-04 6.002E-04 5.748E-04 6.291E-04 6.065E-04 5.278E-04 4.479E-04 3.648E-04 3.078E-04 1.719E-04 1.169E-04 9.640E-05 1.340E-04 1.720E-04 2.520E-04 3.056E-04 3.216E-04 4.236E-04 4.931E-04 5.362E-04 5.536E-04 5.840E-04 6.011E-04 6.241E-04 6.681E-04 7.128E-04 7.277E-04 7.639E-04 8.940E-04
