# sea salt (coa., 99%)
#
# size distribution: lognormal
# ------------------
#
#   minimum radius, [um]:      1.180E-02
#   maximum radius, [um]:      1.000E+02
#                  sigma:      2.030E+00
#       Rmod (wet), [um]:      8.590E+00
#       Rmod (dry), [um]:      1.750E+00
#
# optical parameters:
# -------------------
#
# wavelength ext.coef  sca.coef  abs.coef  si.sc.alb  asym.par  ext.nor    ref.real  ref.imag
#     [um]     [1/km]    [1/km]    [1/km]
#
#  2.500E-01 1.258E+00 1.257E+00 1.162E-04 9.999E-01 0.817E+00 9.882E-01  1.363E+00 -7.549E-08
#  3.000E-01 1.257E+00 1.257E+00 4.142E-05 1.000E+00 0.835E+00 9.875E-01  1.350E+00 -3.278E-08
#  3.500E-01 1.261E+00 1.261E+00 9.700E-06 1.000E+00 0.849E+00 9.913E-01  1.344E+00 -9.185E-09
#  4.000E-01 1.257E+00 1.257E+00 2.098E-06 1.000E+00 0.859E+00 9.877E-01  1.340E+00 -2.098E-09
#  4.500E-01 1.267E+00 1.267E+00 6.794E-07 1.000E+00 0.858E+00 9.953E-01  1.338E+00 -1.217E-09
#  5.000E-01 1.270E+00 1.270E+00 1.287E-06 1.000E+00 0.866E+00 9.983E-01  1.336E+00 -1.123E-09
#  5.500E-01 1.273E+00 1.273E+00 1.593E-06 1.000E+00 0.869E+00 1.000E+00  1.334E+00 -2.028E-09
#  6.000E-01 1.274E+00 1.274E+00 6.757E-06 1.000E+00 0.862E+00 1.001E+00  1.333E+00 -1.094E-08
#  6.500E-01 1.276E+00 1.276E+00 1.012E-05 1.000E+00 0.870E+00 1.003E+00  1.332E+00 -1.662E-08
#  7.000E-01 1.278E+00 1.278E+00 1.919E-05 1.000E+00 0.870E+00 1.004E+00  1.332E+00 -3.491E-08
#  7.500E-01 1.280E+00 1.280E+00 8.577E-05 9.999E-01 0.872E+00 1.006E+00  1.331E+00 -1.638E-07
#  8.000E-01 1.281E+00 1.281E+00 7.215E-05 9.999E-01 0.864E+00 1.007E+00  1.330E+00 -1.404E-07
#  9.000E-01 1.285E+00 1.285E+00 3.739E-04 9.997E-01 0.865E+00 1.010E+00  1.329E+00 -8.404E-07
#  1.000E+00 1.289E+00 1.287E+00 1.633E-03 9.987E-01 0.869E+00 1.013E+00  1.328E+00 -4.058E-06
#  1.250E+00 1.298E+00 1.294E+00 3.753E-03 9.971E-01 0.871E+00 1.020E+00  1.324E+00 -1.165E-05
#  1.500E+00 1.305E+00 1.255E+00 5.056E-02 9.613E-01 0.874E+00 1.026E+00  1.322E+00 -2.031E-04
#  1.750E+00 1.314E+00 1.290E+00 2.389E-02 9.818E-01 0.871E+00 1.032E+00  1.314E+00 -1.056E-04
#  2.000E+00 1.321E+00 1.149E+00 1.719E-01 8.699E-01 0.891E+00 1.038E+00  1.307E+00 -1.099E-03
#  2.500E+00 1.335E+00 1.128E+00 2.073E-01 8.448E-01 0.902E+00 1.049E+00  1.262E+00 -1.759E-03
#  3.000E+00 1.329E+00 7.020E-01 6.272E-01 5.281E-01 0.961E+00 1.044E+00  1.373E+00 -2.698E-01
#  3.200E+00 1.344E+00 7.084E-01 6.355E-01 5.271E-01 0.958E+00 1.056E+00  1.478E+00 -9.164E-02
#  3.390E+00 1.353E+00 7.602E-01 5.923E-01 5.621E-01 0.942E+00 1.063E+00  1.423E+00 -2.297E-02
#  3.500E+00 1.357E+00 8.925E-01 4.644E-01 6.577E-01 0.905E+00 1.066E+00  1.401E+00 -9.334E-03
#  3.750E+00 1.363E+00 1.097E+00 2.660E-01 8.049E-01 0.867E+00 1.071E+00  1.370E+00 -3.482E-03
#  4.000E+00 1.371E+00 1.067E+00 3.047E-01 7.778E-01 0.875E+00 1.078E+00  1.352E+00 -4.573E-03
#  4.500E+00 1.386E+00 8.917E-01 4.944E-01 6.433E-01 0.911E+00 1.089E+00  1.333E+00 -1.330E-02
#  5.000E+00 1.401E+00 9.360E-01 4.645E-01 6.683E-01 0.900E+00 1.101E+00  1.326E+00 -1.232E-02
#  5.500E+00 1.420E+00 9.854E-01 4.346E-01 6.940E-01 0.897E+00 1.116E+00  1.299E+00 -1.153E-02
#  6.000E+00 1.394E+00 7.091E-01 6.846E-01 5.088E-01 0.966E+00 1.095E+00  1.266E+00 -1.062E-01
#  6.200E+00 1.410E+00 7.283E-01 6.813E-01 5.167E-01 0.951E+00 1.108E+00  1.365E+00 -8.744E-02
#  6.500E+00 1.432E+00 8.072E-01 6.247E-01 5.637E-01 0.927E+00 1.125E+00  1.340E+00 -3.891E-02
#  7.200E+00 1.456E+00 8.681E-01 5.883E-01 5.960E-01 0.917E+00 1.144E+00  1.313E+00 -3.189E-02
#  7.900E+00 1.475E+00 8.895E-01 5.857E-01 6.030E-01 0.918E+00 1.159E+00  1.295E+00 -3.372E-02
#  8.200E+00 1.482E+00 8.956E-01 5.864E-01 6.043E-01 0.919E+00 1.165E+00  1.287E+00 -3.497E-02
#  8.500E+00 1.488E+00 8.990E-01 5.887E-01 6.043E-01 0.922E+00 1.169E+00  1.280E+00 -3.661E-02
#  8.700E+00 1.491E+00 9.002E-01 5.905E-01 6.039E-01 0.923E+00 1.171E+00  1.275E+00 -3.783E-02
#  9.000E+00 1.494E+00 9.009E-01 5.929E-01 6.031E-01 0.926E+00 1.174E+00  1.265E+00 -3.980E-02
#  9.200E+00 1.494E+00 8.994E-01 5.949E-01 6.019E-01 0.929E+00 1.174E+00  1.258E+00 -4.137E-02
#  9.500E+00 1.492E+00 8.934E-01 5.987E-01 5.988E-01 0.933E+00 1.172E+00  1.246E+00 -4.418E-02
#  9.800E+00 1.484E+00 8.813E-01 6.028E-01 5.938E-01 0.939E+00 1.166E+00  1.232E+00 -4.763E-02
#  1.000E+01 1.474E+00 8.679E-01 6.060E-01 5.888E-01 0.943E+00 1.158E+00  1.221E+00 -5.050E-02
#  1.060E+01 1.400E+00 7.757E-01 6.246E-01 5.539E-01 0.957E+00 1.100E+00  1.182E+00 -6.695E-02
#  1.100E+01 1.315E+00 6.643E-01 6.503E-01 5.053E-01 0.963E+00 1.033E+00  1.156E+00 -9.610E-02
#  1.150E+01 1.247E+00 5.801E-01 6.664E-01 4.654E-01 0.963E+00 9.796E-01  1.129E+00 -1.409E-01
#  1.250E+01 1.279E+00 5.906E-01 6.885E-01 4.617E-01 0.946E+00 1.005E+00  1.126E+00 -2.569E-01
#  1.300E+01 1.311E+00 6.131E-01 6.977E-01 4.677E-01 0.937E+00 1.030E+00  1.148E+00 -3.026E-01
#  1.400E+01 1.362E+00 6.476E-01 7.142E-01 4.755E-01 0.922E+00 1.070E+00  1.212E+00 -3.671E-01
#  1.480E+01 1.389E+00 6.640E-01 7.250E-01 4.781E-01 0.914E+00 1.091E+00  1.259E+00 -3.929E-01
#  1.500E+01 1.395E+00 6.678E-01 7.275E-01 4.786E-01 0.911E+00 1.096E+00  1.272E+00 -3.989E-01
#  1.640E+01 1.431E+00 6.883E-01 7.431E-01 4.808E-01 0.899E+00 1.125E+00  1.348E+00 -4.242E-01
#  1.720E+01 1.449E+00 6.977E-01 7.515E-01 4.814E-01 0.893E+00 1.139E+00  1.389E+00 -4.264E-01
#  1.800E+01 1.465E+00 7.058E-01 7.591E-01 4.818E-01 0.887E+00 1.151E+00  1.426E+00 -4.235E-01
#  1.850E+01 1.473E+00 7.100E-01 7.635E-01 4.818E-01 0.884E+00 1.158E+00  1.446E+00 -4.186E-01
#  2.000E+01 1.492E+00 7.180E-01 7.745E-01 4.811E-01 0.878E+00 1.173E+00  1.482E+00 -3.910E-01
#  2.130E+01 1.501E+00 7.199E-01 7.809E-01 4.797E-01 0.873E+00 1.179E+00  1.493E+00 -3.772E-01
#  2.250E+01 1.510E+00 7.236E-01 7.865E-01 4.792E-01 0.868E+00 1.187E+00  1.508E+00 -3.684E-01
#  2.500E+01 1.526E+00 7.302E-01 7.955E-01 4.786E-01 0.856E+00 1.199E+00  1.533E+00 -3.547E-01
#  2.790E+01 1.537E+00 7.357E-01 8.015E-01 4.786E-01 0.844E+00 1.208E+00  1.551E+00 -3.385E-01
#  3.000E+01 1.538E+00 7.358E-01 8.024E-01 4.783E-01 0.837E+00 1.209E+00  1.553E+00 -3.278E-01
#  3.500E+01 1.512E+00 7.095E-01 8.022E-01 4.693E-01 0.822E+00 1.188E+00  1.534E+00 -3.374E-01
#  4.000E+01 1.479E+00 6.694E-01 8.099E-01 4.525E-01 0.805E+00 1.162E+00  1.521E+00 -3.902E-01
#
# volume phase function [1/km]:
# -----------------------------
#
# sca.ang. | wavelengths --->
# ---------|------------------
#          | 2.500E-01 3.000E-01 3.500E-01 4.000E-01 4.500E-01 5.000E-01 5.500E-01 6.000E-01 6.500E-01 7.000E-01 7.500E-01 8.000E-01 9.000E-01 1.000E+00 1.250E+00 1.500E+00 1.750E+00 2.000E+00 2.500E+00 3.000E+00 3.200E+00 3.390E+00 3.500E+00 3.750E+00 4.000E+00 4.500E+00 5.000E+00 5.500E+00 6.000E+00 6.200E+00 6.500E+00 7.200E+00 7.900E+00 8.200E+00 8.500E+00 8.700E+00 9.000E+00 9.200E+00 9.500E+00 9.800E+00 1.000E+01 1.060E+01 1.100E+01 1.150E+01 1.250E+01 1.300E+01 1.400E+01 1.480E+01 1.500E+01 1.640E+01 1.720E+01 1.800E+01 1.850E+01 2.000E+01 2.130E+01 2.250E+01 2.500E+01 2.790E+01 3.000E+01 3.500E+01 4.000E+01
#
  0.000E+00  3.565E+04 2.444E+04 1.825E+04 1.380E+04 1.109E+04 9.021E+03 7.473E+03 6.269E+03 5.371E+03 4.641E+03 4.048E+03 3.554E+03 2.819E+03 2.299E+03 1.478E+03 1.038E+03 7.668E+02 5.910E+02 3.833E+02 2.662E+02 2.364E+02 2.119E+02 1.996E+02 1.748E+02 1.546E+02 1.233E+02 1.009E+02 8.442E+01 7.013E+01 6.640E+01 6.111E+01 5.057E+01 4.258E+01 3.976E+01 3.722E+01 3.567E+01 3.353E+01 3.222E+01 3.040E+01 2.872E+01 2.767E+01 2.443E+01 2.169E+01 1.871E+01 1.588E+01 1.500E+01 1.341E+01 1.224E+01 1.197E+01 1.030E+01 9.497E+00 8.782E+00 8.374E+00 7.297E+00 6.513E+00 5.908E+00 4.901E+00 4.038E+00 3.550E+00 2.671E+00 2.063E+00
  1.000E-01  1.149E+04 1.033E+04 9.200E+03 7.986E+03 7.126E+03 6.257E+03 5.499E+03 4.830E+03 4.295E+03 3.822E+03 3.416E+03 3.058E+03 2.501E+03 2.086E+03 1.388E+03 9.935E+02 7.425E+02 5.765E+02 3.773E+02 2.632E+02 2.341E+02 2.101E+02 1.980E+02 1.736E+02 1.536E+02 1.227E+02 1.005E+02 8.414E+01 6.994E+01 6.622E+01 6.097E+01 5.047E+01 4.251E+01 3.970E+01 3.717E+01 3.562E+01 3.349E+01 3.218E+01 3.036E+01 2.869E+01 2.764E+01 2.440E+01 2.167E+01 1.870E+01 1.587E+01 1.499E+01 1.340E+01 1.224E+01 1.197E+01 1.030E+01 9.494E+00 8.779E+00 8.371E+00 7.295E+00 6.512E+00 5.907E+00 4.900E+00 4.037E+00 3.550E+00 2.671E+00 2.063E+00
  2.000E-01  3.077E+03 3.182E+03 3.207E+03 3.125E+03 3.032E+03 2.910E+03 2.772E+03 2.615E+03 2.486E+03 2.343E+03 2.201E+03 2.057E+03 1.807E+03 1.593E+03 1.161E+03 8.751E+02 6.757E+02 5.361E+02 3.600E+02 2.547E+02 2.274E+02 2.047E+02 1.932E+02 1.699E+02 1.508E+02 1.209E+02 9.934E+01 8.331E+01 6.935E+01 6.571E+01 6.053E+01 5.018E+01 4.231E+01 3.952E+01 3.701E+01 3.548E+01 3.337E+01 3.207E+01 3.026E+01 2.860E+01 2.756E+01 2.434E+01 2.161E+01 1.865E+01 1.584E+01 1.496E+01 1.338E+01 1.222E+01 1.195E+01 1.029E+01 9.484E+00 8.771E+00 8.364E+00 7.289E+00 6.507E+00 5.903E+00 4.897E+00 4.036E+00 3.549E+00 2.670E+00 2.062E+00
  3.000E-01  1.098E+03 1.239E+03 1.339E+03 1.405E+03 1.430E+03 1.446E+03 1.439E+03 1.405E+03 1.384E+03 1.347E+03 1.306E+03 1.258E+03 1.175E+03 1.095E+03 8.886E+02 7.188E+02 5.821E+02 4.771E+02 3.335E+02 2.413E+02 2.168E+02 1.962E+02 1.857E+02 1.641E+02 1.462E+02 1.180E+02 9.739E+01 8.196E+01 6.840E+01 6.486E+01 5.982E+01 4.969E+01 4.197E+01 3.923E+01 3.676E+01 3.525E+01 3.316E+01 3.188E+01 3.010E+01 2.845E+01 2.742E+01 2.423E+01 2.152E+01 1.858E+01 1.579E+01 1.492E+01 1.334E+01 1.219E+01 1.192E+01 1.027E+01 9.467E+00 8.757E+00 8.351E+00 7.280E+00 6.500E+00 5.897E+00 4.893E+00 4.033E+00 3.547E+00 2.669E+00 2.062E+00
  4.000E-01  4.827E+02 5.705E+02 6.431E+02 7.004E+02 7.457E+02 7.792E+02 8.022E+02 8.086E+02 8.195E+02 8.184E+02 8.113E+02 7.974E+02 7.695E+02 7.399E+02 6.510E+02 5.631E+02 4.805E+02 4.093E+02 3.009E+02 2.242E+02 2.031E+02 1.851E+02 1.758E+02 1.564E+02 1.401E+02 1.141E+02 9.475E+01 8.011E+01 6.709E+01 6.369E+01 5.884E+01 4.903E+01 4.151E+01 3.883E+01 3.641E+01 3.492E+01 3.288E+01 3.162E+01 2.987E+01 2.825E+01 2.723E+01 2.408E+01 2.140E+01 1.848E+01 1.572E+01 1.485E+01 1.329E+01 1.215E+01 1.189E+01 1.024E+01 9.443E+00 8.737E+00 8.333E+00 7.267E+00 6.489E+00 5.888E+00 4.887E+00 4.029E+00 3.544E+00 2.668E+00 2.061E+00
  5.000E-01  2.451E+02 2.977E+02 3.452E+02 3.882E+02 4.228E+02 4.525E+02 4.770E+02 4.935E+02 5.076E+02 5.165E+02 5.227E+02 5.248E+02 5.236E+02 5.152E+02 4.772E+02 4.326E+02 3.864E+02 3.419E+02 2.654E+02 2.046E+02 1.873E+02 1.721E+02 1.641E+02 1.472E+02 1.328E+02 1.093E+02 9.150E+01 7.782E+01 6.546E+01 6.224E+01 5.762E+01 4.820E+01 4.092E+01 3.831E+01 3.596E+01 3.451E+01 3.252E+01 3.129E+01 2.957E+01 2.799E+01 2.699E+01 2.389E+01 2.124E+01 1.835E+01 1.562E+01 1.477E+01 1.323E+01 1.210E+01 1.184E+01 1.020E+01 9.414E+00 8.712E+00 8.310E+00 7.249E+00 6.476E+00 5.877E+00 4.880E+00 4.024E+00 3.540E+00 2.665E+00 2.059E+00
  6.000E-01  1.395E+02 1.716E+02 2.027E+02 2.310E+02 2.570E+02 2.797E+02 2.985E+02 3.162E+02 3.287E+02 3.401E+02 3.497E+02 3.566E+02 3.648E+02 3.671E+02 3.572E+02 3.339E+02 3.082E+02 2.814E+02 2.302E+02 1.840E+02 1.703E+02 1.579E+02 1.513E+02 1.371E+02 1.247E+02 1.039E+02 8.773E+01 7.515E+01 6.354E+01 6.052E+01 5.617E+01 4.720E+01 4.021E+01 3.770E+01 3.542E+01 3.402E+01 3.209E+01 3.089E+01 2.922E+01 2.768E+01 2.670E+01 2.366E+01 2.105E+01 1.819E+01 1.551E+01 1.467E+01 1.315E+01 1.203E+01 1.178E+01 1.016E+01 9.377E+00 8.681E+00 8.282E+00 7.229E+00 6.459E+00 5.864E+00 4.871E+00 4.018E+00 3.535E+00 2.663E+00 2.058E+00
  7.000E-01  8.648E+01 1.071E+02 1.275E+02 1.465E+02 1.653E+02 1.813E+02 1.955E+02 2.120E+02 2.211E+02 2.315E+02 2.415E+02 2.503E+02 2.612E+02 2.666E+02 2.718E+02 2.616E+02 2.471E+02 2.309E+02 1.975E+02 1.635E+02 1.531E+02 1.433E+02 1.380E+02 1.263E+02 1.159E+02 9.790E+01 8.357E+01 7.215E+01 6.138E+01 5.858E+01 5.452E+01 4.606E+01 3.940E+01 3.699E+01 3.480E+01 3.345E+01 3.158E+01 3.043E+01 2.881E+01 2.731E+01 2.636E+01 2.339E+01 2.082E+01 1.801E+01 1.538E+01 1.456E+01 1.306E+01 1.196E+01 1.171E+01 1.011E+01 9.334E+00 8.645E+00 8.250E+00 7.204E+00 6.440E+00 5.848E+00 4.860E+00 4.011E+00 3.530E+00 2.660E+00 2.056E+00
  8.000E-01  5.833E+01 7.148E+01 8.511E+01 9.784E+01 1.108E+02 1.223E+02 1.336E+02 1.472E+02 1.541E+02 1.631E+02 1.717E+02 1.799E+02 1.913E+02 1.982E+02 2.090E+02 2.076E+02 2.004E+02 1.905E+02 1.686E+02 1.440E+02 1.364E+02 1.289E+02 1.248E+02 1.155E+02 1.069E+02 9.163E+01 7.911E+01 6.891E+01 5.900E+01 5.645E+01 5.271E+01 4.480E+01 3.850E+01 3.620E+01 3.411E+01 3.282E+01 3.102E+01 2.991E+01 2.835E+01 2.690E+01 2.598E+01 2.309E+01 2.056E+01 1.780E+01 1.523E+01 1.442E+01 1.296E+01 1.188E+01 1.163E+01 1.005E+01 9.285E+00 8.603E+00 8.212E+00 7.176E+00 6.418E+00 5.830E+00 4.848E+00 4.002E+00 3.523E+00 2.656E+00 2.054E+00
  9.000E-01  4.051E+01 5.055E+01 5.952E+01 6.723E+01 7.700E+01 8.604E+01 9.461E+01 1.051E+02 1.110E+02 1.182E+02 1.254E+02 1.324E+02 1.426E+02 1.501E+02 1.627E+02 1.661E+02 1.642E+02 1.585E+02 1.441E+02 1.263E+02 1.208E+02 1.152E+02 1.121E+02 1.048E+02 9.793E+01 8.523E+01 7.447E+01 6.548E+01 5.647E+01 5.417E+01 5.075E+01 4.342E+01 3.750E+01 3.533E+01 3.335E+01 3.211E+01 3.040E+01 2.933E+01 2.784E+01 2.644E+01 2.556E+01 2.275E+01 2.028E+01 1.757E+01 1.506E+01 1.428E+01 1.285E+01 1.178E+01 1.154E+01 9.984E+00 9.230E+00 8.556E+00 8.170E+00 7.144E+00 6.392E+00 5.809E+00 4.834E+00 3.993E+00 3.516E+00 2.652E+00 2.051E+00
  1.000E+00  2.901E+01 3.616E+01 4.232E+01 4.895E+01 5.575E+01 6.277E+01 6.937E+01 7.657E+01 8.216E+01 8.811E+01 9.389E+01 9.912E+01 1.083E+02 1.156E+02 1.285E+02 1.341E+02 1.354E+02 1.329E+02 1.236E+02 1.106E+02 1.067E+02 1.026E+02 1.003E+02 9.470E+01 8.926E+01 7.887E+01 6.975E+01 6.195E+01 5.383E+01 5.177E+01 4.869E+01 4.196E+01 3.644E+01 3.440E+01 3.252E+01 3.135E+01 2.972E+01 2.871E+01 2.728E+01 2.595E+01 2.510E+01 2.239E+01 1.997E+01 1.732E+01 1.487E+01 1.411E+01 1.272E+01 1.168E+01 1.144E+01 9.912E+00 9.169E+00 8.504E+00 8.123E+00 7.109E+00 6.364E+00 5.787E+00 4.818E+00 3.983E+00 3.508E+00 2.648E+00 2.048E+00
  1.100E+00  2.195E+01 2.573E+01 3.085E+01 3.642E+01 4.171E+01 4.722E+01 5.245E+01 5.686E+01 6.244E+01 6.714E+01 7.185E+01 7.553E+01 8.353E+01 9.057E+01 1.027E+02 1.093E+02 1.123E+02 1.121E+02 1.067E+02 9.698E+01 9.428E+01 9.127E+01 8.959E+01 8.531E+01 8.107E+01 7.267E+01 6.506E+01 5.837E+01 5.112E+01 4.930E+01 4.655E+01 4.042E+01 3.531E+01 3.340E+01 3.164E+01 3.054E+01 2.900E+01 2.804E+01 2.669E+01 2.542E+01 2.460E+01 2.199E+01 1.963E+01 1.704E+01 1.467E+01 1.394E+01 1.258E+01 1.156E+01 1.133E+01 9.833E+00 9.102E+00 8.448E+00 8.071E+00 7.070E+00 6.334E+00 5.761E+00 4.801E+00 3.971E+00 3.500E+00 2.643E+00 2.046E+00
  1.200E+00  1.667E+01 1.953E+01 2.343E+01 2.766E+01 3.175E+01 3.632E+01 4.057E+01 4.331E+01 4.845E+01 5.227E+01 5.585E+01 5.858E+01 6.545E+01 7.183E+01 8.281E+01 9.004E+01 9.374E+01 9.492E+01 9.252E+01 8.532E+01 8.344E+01 8.123E+01 8.001E+01 7.677E+01 7.349E+01 6.675E+01 6.047E+01 5.480E+01 4.837E+01 4.679E+01 4.437E+01 3.883E+01 3.413E+01 3.236E+01 3.072E+01 2.969E+01 2.824E+01 2.734E+01 2.606E+01 2.485E+01 2.407E+01 2.156E+01 1.927E+01 1.675E+01 1.446E+01 1.375E+01 1.243E+01 1.144E+01 1.121E+01 9.747E+00 9.030E+00 8.386E+00 8.016E+00 7.028E+00 6.300E+00 5.734E+00 4.783E+00 3.959E+00 3.490E+00 2.637E+00 2.042E+00
  1.300E+00  1.256E+01 1.547E+01 1.836E+01 2.155E+01 2.467E+01 2.823E+01 3.192E+01 3.387E+01 3.819E+01 4.123E+01 4.403E+01 4.631E+01 5.216E+01 5.760E+01 6.761E+01 7.469E+01 7.889E+01 8.075E+01 8.059E+01 7.535E+01 7.406E+01 7.245E+01 7.156E+01 6.911E+01 6.657E+01 6.119E+01 5.606E+01 5.131E+01 4.564E+01 4.428E+01 4.217E+01 3.721E+01 3.292E+01 3.129E+01 2.976E+01 2.880E+01 2.745E+01 2.660E+01 2.539E+01 2.426E+01 2.352E+01 2.112E+01 1.889E+01 1.644E+01 1.423E+01 1.354E+01 1.227E+01 1.131E+01 1.109E+01 9.655E+00 8.952E+00 8.320E+00 7.956E+00 6.983E+00 6.264E+00 5.705E+00 4.763E+00 3.946E+00 3.480E+00 2.632E+00 2.039E+00
  1.400E+00  1.041E+01 1.257E+01 1.470E+01 1.727E+01 1.976E+01 2.234E+01 2.529E+01 2.716E+01 3.031E+01 3.283E+01 3.513E+01 3.732E+01 4.221E+01 4.671E+01 5.582E+01 6.235E+01 6.688E+01 6.908E+01 7.042E+01 6.680E+01 6.597E+01 6.480E+01 6.416E+01 6.230E+01 6.033E+01 5.604E+01 5.187E+01 4.792E+01 4.296E+01 4.180E+01 3.997E+01 3.557E+01 3.168E+01 3.018E+01 2.878E+01 2.789E+01 2.663E+01 2.584E+01 2.471E+01 2.364E+01 2.294E+01 2.065E+01 1.849E+01 1.611E+01 1.398E+01 1.333E+01 1.211E+01 1.117E+01 1.095E+01 9.557E+00 8.869E+00 8.249E+00 7.891E+00 6.934E+00 6.226E+00 5.673E+00 4.741E+00 3.931E+00 3.469E+00 2.625E+00 2.035E+00
  1.500E+00  8.634E+00 1.032E+01 1.222E+01 1.436E+01 1.625E+01 1.818E+01 2.017E+01 2.224E+01 2.428E+01 2.636E+01 2.846E+01 3.055E+01 3.472E+01 3.824E+01 4.650E+01 5.241E+01 5.702E+01 5.946E+01 6.170E+01 5.941E+01 5.895E+01 5.813E+01 5.770E+01 5.630E+01 5.476E+01 5.132E+01 4.794E+01 4.469E+01 4.035E+01 3.938E+01 3.781E+01 3.393E+01 3.043E+01 2.906E+01 2.777E+01 2.695E+01 2.579E+01 2.505E+01 2.400E+01 2.300E+01 2.235E+01 2.016E+01 1.807E+01 1.577E+01 1.373E+01 1.311E+01 1.193E+01 1.102E+01 1.081E+01 9.453E+00 8.781E+00 8.174E+00 7.823E+00 6.883E+00 6.185E+00 5.639E+00 4.718E+00 3.916E+00 3.457E+00 2.619E+00 2.031E+00
  1.600E+00  7.368E+00 8.784E+00 1.045E+01 1.202E+01 1.363E+01 1.501E+01 1.638E+01 1.858E+01 1.974E+01 2.149E+01 2.335E+01 2.537E+01 2.889E+01 3.164E+01 3.904E+01 4.441E+01 4.886E+01 5.145E+01 5.422E+01 5.295E+01 5.282E+01 5.230E+01 5.203E+01 5.100E+01 4.981E+01 4.703E+01 4.430E+01 4.162E+01 3.784E+01 3.703E+01 3.571E+01 3.230E+01 2.917E+01 2.793E+01 2.675E+01 2.600E+01 2.494E+01 2.426E+01 2.328E+01 2.234E+01 2.173E+01 1.966E+01 1.765E+01 1.542E+01 1.346E+01 1.287E+01 1.174E+01 1.087E+01 1.066E+01 9.344E+00 8.689E+00 8.095E+00 7.751E+00 6.828E+00 6.141E+00 5.604E+00 4.694E+00 3.899E+00 3.444E+00 2.611E+00 2.026E+00
  1.700E+00  6.242E+00 7.674E+00 9.014E+00 1.020E+01 1.146E+01 1.245E+01 1.357E+01 1.575E+01 1.637E+01 1.782E+01 1.942E+01 2.129E+01 2.424E+01 2.651E+01 3.304E+01 3.790E+01 4.209E+01 4.471E+01 4.782E+01 4.729E+01 4.742E+01 4.716E+01 4.703E+01 4.632E+01 4.540E+01 4.316E+01 4.094E+01 3.875E+01 3.545E+01 3.478E+01 3.367E+01 3.071E+01 2.792E+01 2.680E+01 2.574E+01 2.505E+01 2.407E+01 2.345E+01 2.255E+01 2.168E+01 2.111E+01 1.915E+01 1.720E+01 1.506E+01 1.319E+01 1.263E+01 1.155E+01 1.071E+01 1.051E+01 9.230E+00 8.591E+00 8.012E+00 7.676E+00 6.771E+00 6.096E+00 5.566E+00 4.668E+00 3.882E+00 3.431E+00 2.604E+00 2.022E+00
  1.800E+00  5.675E+00 6.808E+00 7.880E+00 8.446E+00 9.507E+00 1.051E+01 1.146E+01 1.339E+01 1.384E+01 1.506E+01 1.638E+01 1.800E+01 2.043E+01 2.245E+01 2.812E+01 3.255E+01 3.647E+01 3.900E+01 4.235E+01 4.231E+01 4.265E+01 4.261E+01 4.259E+01 4.216E+01 4.148E+01 3.966E+01 3.786E+01 3.607E+01 3.318E+01 3.263E+01 3.171E+01 2.915E+01 2.668E+01 2.568E+01 2.472E+01 2.410E+01 2.321E+01 2.264E+01 2.181E+01 2.100E+01 2.048E+01 1.863E+01 1.675E+01 1.468E+01 1.291E+01 1.238E+01 1.135E+01 1.054E+01 1.035E+01 9.110E+00 8.490E+00 7.925E+00 7.597E+00 6.711E+00 6.047E+00 5.526E+00 4.641E+00 3.863E+00 3.417E+00 2.596E+00 2.017E+00
  1.900E+00  5.049E+00 6.164E+00 6.757E+00 7.131E+00 8.052E+00 9.088E+00 9.921E+00 1.129E+01 1.192E+01 1.294E+01 1.405E+01 1.524E+01 1.727E+01 1.923E+01 2.406E+01 2.814E+01 3.178E+01 3.416E+01 3.765E+01 3.793E+01 3.841E+01 3.855E+01 3.864E+01 3.844E+01 3.797E+01 3.652E+01 3.505E+01 3.359E+01 3.105E+01 3.061E+01 2.985E+01 2.764E+01 2.547E+01 2.458E+01 2.371E+01 2.315E+01 2.234E+01 2.182E+01 2.107E+01 2.033E+01 1.984E+01 1.810E+01 1.630E+01 1.430E+01 1.262E+01 1.212E+01 1.114E+01 1.037E+01 1.018E+01 8.987E+00 8.385E+00 7.835E+00 7.515E+00 6.648E+00 5.997E+00 5.485E+00 4.612E+00 3.844E+00 3.402E+00 2.587E+00 2.012E+00
  2.000E+00  4.315E+00 5.136E+00 5.589E+00 6.343E+00 7.081E+00 7.994E+00 8.758E+00 9.440E+00 1.044E+01 1.129E+01 1.219E+01 1.292E+01 1.471E+01 1.662E+01 2.073E+01 2.450E+01 2.783E+01 3.005E+01 3.359E+01 3.408E+01 3.466E+01 3.492E+01 3.509E+01 3.510E+01 3.481E+01 3.368E+01 3.250E+01 3.130E+01 2.906E+01 2.870E+01 2.808E+01 2.619E+01 2.429E+01 2.350E+01 2.272E+01 2.222E+01 2.149E+01 2.102E+01 2.033E+01 1.965E+01 1.920E+01 1.756E+01 1.584E+01 1.392E+01 1.232E+01 1.186E+01 1.093E+01 1.019E+01 1.001E+01 8.859E+00 8.276E+00 7.741E+00 7.429E+00 6.583E+00 5.945E+00 5.442E+00 4.583E+00 3.824E+00 3.386E+00 2.579E+00 2.006E+00
  3.000E+00  1.884E+00 2.037E+00 2.145E+00 2.419E+00 2.636E+00 2.953E+00 3.188E+00 3.154E+00 3.627E+00 3.847E+00 4.067E+00 4.126E+00 4.616E+00 5.288E+00 6.488E+00 7.847E+00 9.188E+00 1.020E+01 1.243E+01 1.319E+01 1.382E+01 1.433E+01 1.468E+01 1.532E+01 1.566E+01 1.595E+01 1.623E+01 1.637E+01 1.563E+01 1.565E+01 1.566E+01 1.532E+01 1.487E+01 1.466E+01 1.445E+01 1.430E+01 1.408E+01 1.394E+01 1.372E+01 1.348E+01 1.331E+01 1.250E+01 1.137E+01 1.012E+01 9.311E+00 9.120E+00 8.677E+00 8.259E+00 8.155E+00 7.432E+00 7.042E+00 6.671E+00 6.449E+00 5.822E+00 5.328E+00 4.929E+00 4.224E+00 3.579E+00 3.196E+00 2.469E+00 1.939E+00
  4.000E+00  1.270E+00 1.231E+00 1.322E+00 1.470E+00 1.558E+00 1.717E+00 1.848E+00 1.709E+00 2.029E+00 2.108E+00 2.151E+00 2.107E+00 2.338E+00 2.602E+00 3.115E+00 3.636E+00 4.245E+00 4.624E+00 5.815E+00 6.052E+00 6.452E+00 6.818E+00 7.101E+00 7.692E+00 8.005E+00 8.368E+00 8.833E+00 9.224E+00 8.970E+00 9.083E+00 9.281E+00 9.447E+00 9.461E+00 9.443E+00 9.412E+00 9.385E+00 9.345E+00 9.315E+00 9.264E+00 9.201E+00 9.146E+00 8.709E+00 7.922E+00 7.082E+00 6.722E+00 6.694E+00 6.562E+00 6.380E+00 6.331E+00 5.956E+00 5.733E+00 5.510E+00 5.371E+00 4.957E+00 4.612E+00 4.322E+00 3.787E+00 3.272E+00 2.954E+00 2.326E+00 1.849E+00
  5.000E+00  1.011E+00 9.333E-01 1.044E+00 1.111E+00 1.166E+00 1.223E+00 1.324E+00 1.227E+00 1.406E+00 1.447E+00 1.444E+00 1.428E+00 1.558E+00 1.693E+00 1.929E+00 2.157E+00 2.504E+00 2.595E+00 3.276E+00 3.154E+00 3.394E+00 3.636E+00 3.854E+00 4.337E+00 4.550E+00 4.786E+00 5.193E+00 5.588E+00 5.457E+00 5.563E+00 5.774E+00 6.060E+00 6.250E+00 6.314E+00 6.366E+00 6.394E+00 6.435E+00 6.457E+00 6.482E+00 6.492E+00 6.485E+00 6.221E+00 5.629E+00 5.020E+00 4.857E+00 4.894E+00 4.902E+00 4.844E+00 4.826E+00 4.662E+00 4.552E+00 4.434E+00 4.356E+00 4.111E+00 3.888E+00 3.695E+00 3.318E+00 2.931E+00 2.681E+00 2.159E+00 1.743E+00
  6.000E+00  8.620E-01 8.088E-01 9.021E-01 9.423E-01 9.831E-01 9.533E-01 1.042E+00 1.009E+00 1.082E+00 1.111E+00 1.102E+00 1.136E+00 1.219E+00 1.248E+00 1.445E+00 1.514E+00 1.727E+00 1.713E+00 2.128E+00 1.815E+00 1.962E+00 2.124E+00 2.302E+00 2.678E+00 2.823E+00 2.948E+00 3.268E+00 3.599E+00 3.481E+00 3.567E+00 3.762E+00 4.062E+00 4.280E+00 4.361E+00 4.434E+00 4.479E+00 4.547E+00 4.589E+00 4.647E+00 4.692E+00 4.709E+00 4.547E+00 4.091E+00 3.642E+00 3.584E+00 3.643E+00 3.706E+00 3.703E+00 3.700E+00 3.641E+00 3.593E+00 3.537E+00 3.497E+00 3.362E+00 3.228E+00 3.108E+00 2.858E+00 2.583E+00 2.396E+00 1.978E+00 1.624E+00
  8.000E+00  7.206E-01 7.144E-01 7.572E-01 8.047E-01 8.438E-01 7.590E-01 7.704E-01 8.419E-01 8.079E-01 8.230E-01 8.464E-01 9.027E-01 9.394E-01 9.196E-01 1.012E+00 1.005E+00 1.122E+00 1.013E+00 1.209E+00 7.495E-01 8.099E-01 8.960E-01 1.032E+00 1.295E+00 1.359E+00 1.345E+00 1.531E+00 1.750E+00 1.605E+00 1.652E+00 1.793E+00 2.027E+00 2.214E+00 2.289E+00 2.360E+00 2.406E+00 2.475E+00 2.519E+00 2.580E+00 2.631E+00 2.655E+00 2.561E+00 2.264E+00 2.001E+00 2.035E+00 2.107E+00 2.212E+00 2.256E+00 2.264E+00 2.294E+00 2.298E+00 2.293E+00 2.287E+00 2.253E+00 2.209E+00 2.167E+00 2.070E+00 1.948E+00 1.854E+00 1.609E+00 1.371E+00
  1.000E+01  6.466E-01 6.467E-01 6.697E-01 7.369E-01 7.459E-01 6.986E-01 7.010E-01 7.690E-01 7.199E-01 7.269E-01 7.514E-01 8.001E-01 7.946E-01 7.879E-01 8.046E-01 8.061E-01 8.828E-01 7.465E-01 8.656E-01 3.811E-01 4.094E-01 4.655E-01 5.778E-01 8.084E-01 8.289E-01 7.456E-01 8.635E-01 1.012E+00 8.432E-01 8.681E-01 9.728E-01 1.143E+00 1.280E+00 1.338E+00 1.392E+00 1.427E+00 1.480E+00 1.515E+00 1.562E+00 1.601E+00 1.618E+00 1.544E+00 1.336E+00 1.171E+00 1.220E+00 1.279E+00 1.373E+00 1.424E+00 1.435E+00 1.496E+00 1.520E+00 1.538E+00 1.546E+00 1.555E+00 1.547E+00 1.537E+00 1.504E+00 1.455E+00 1.412E+00 1.277E+00 1.126E+00
  1.200E+01  5.927E-01 6.056E-01 6.244E-01 6.576E-01 6.630E-01 6.371E-01 6.421E-01 6.912E-01 6.630E-01 6.653E-01 6.897E-01 6.815E-01 6.628E-01 7.102E-01 6.939E-01 6.921E-01 7.479E-01 6.158E-01 6.847E-01 2.229E-01 2.378E-01 2.805E-01 3.810E-01 5.790E-01 5.842E-01 4.793E-01 5.599E-01 6.694E-01 4.904E-01 5.043E-01 5.863E-01 7.122E-01 8.118E-01 8.536E-01 8.930E-01 9.182E-01 9.570E-01 9.818E-01 1.015E+00 1.041E+00 1.051E+00 9.838E-01 8.311E-01 7.202E-01 7.658E-01 8.130E-01 8.911E-01 9.362E-01 9.464E-01 1.005E+00 1.032E+00 1.055E+00 1.068E+00 1.095E+00 1.107E+00 1.114E+00 1.115E+00 1.101E+00 1.083E+00 1.008E+00 9.127E-01
  1.400E+01  5.464E-01 5.607E-01 5.842E-01 5.852E-01 5.611E-01 5.906E-01 5.965E-01 5.920E-01 6.104E-01 6.122E-01 6.261E-01 5.852E-01 5.901E-01 6.347E-01 6.324E-01 5.957E-01 6.431E-01 5.165E-01 5.668E-01 1.438E-01 1.524E-01 1.882E-01 2.802E-01 4.549E-01 4.523E-01 3.422E-01 4.033E-01 4.869E-01 3.092E-01 3.176E-01 3.852E-01 4.820E-01 5.549E-01 5.853E-01 6.136E-01 6.314E-01 6.591E-01 6.764E-01 6.989E-01 7.148E-01 7.187E-01 6.549E-01 5.398E-01 4.631E-01 5.019E-01 5.377E-01 5.981E-01 6.352E-01 6.439E-01 6.966E-01 7.222E-01 7.446E-01 7.570E-01 7.873E-01 8.047E-01 8.189E-01 8.381E-01 8.457E-01 8.421E-01 8.010E-01 7.386E-01
  1.600E+01  4.967E-01 5.068E-01 5.276E-01 5.069E-01 4.882E-01 5.424E-01 5.513E-01 5.097E-01 5.540E-01 5.539E-01 5.547E-01 5.213E-01 5.376E-01 5.443E-01 5.681E-01 5.166E-01 5.623E-01 4.457E-01 4.798E-01 9.962E-02 1.049E-01 1.364E-01 2.208E-01 3.815E-01 3.733E-01 2.632E-01 3.116E-01 3.785E-01 2.078E-01 2.136E-01 2.714E-01 3.483E-01 4.027E-01 4.249E-01 4.451E-01 4.578E-01 4.773E-01 4.891E-01 5.034E-01 5.116E-01 5.114E-01 4.525E-01 3.643E-01 3.095E-01 3.404E-01 3.679E-01 4.151E-01 4.447E-01 4.517E-01 4.949E-01 5.170E-01 5.374E-01 5.491E-01 5.788E-01 5.971E-01 6.125E-01 6.374E-01 6.560E-01 6.616E-01 6.429E-01 6.013E-01
  1.800E+01  4.408E-01 4.651E-01 4.761E-01 4.522E-01 4.406E-01 4.893E-01 4.944E-01 4.513E-01 5.006E-01 5.016E-01 4.906E-01 4.696E-01 4.819E-01 4.772E-01 5.036E-01 4.611E-01 4.965E-01 3.994E-01 4.105E-01 7.276E-02 7.626E-02 1.048E-01 1.838E-01 3.254E-01 3.167E-01 2.128E-01 2.525E-01 3.075E-01 1.470E-01 1.515E-01 2.022E-01 2.649E-01 3.060E-01 3.224E-01 3.370E-01 3.459E-01 3.594E-01 3.671E-01 3.756E-01 3.786E-01 3.759E-01 3.225E-01 2.538E-01 2.135E-01 2.386E-01 2.597E-01 2.961E-01 3.194E-01 3.251E-01 3.606E-01 3.790E-01 3.961E-01 4.061E-01 4.329E-01 4.509E-01 4.662E-01 4.919E-01 5.138E-01 5.239E-01 5.200E-01 4.933E-01
  2.000E+01  3.904E-01 4.090E-01 4.286E-01 4.160E-01 3.926E-01 4.396E-01 4.423E-01 4.069E-01 4.452E-01 4.468E-01 4.350E-01 4.238E-01 4.346E-01 4.267E-01 4.520E-01 4.078E-01 4.446E-01 3.499E-01 3.526E-01 5.538E-02 5.779E-02 8.403E-02 1.576E-01 2.825E-01 2.724E-01 1.775E-01 2.116E-01 2.564E-01 1.083E-01 1.123E-01 1.573E-01 2.093E-01 2.409E-01 2.530E-01 2.635E-01 2.698E-01 2.789E-01 2.837E-01 2.881E-01 2.879E-01 2.836E-01 2.358E-01 1.817E-01 1.516E-01 1.718E-01 1.882E-01 2.167E-01 2.352E-01 2.397E-01 2.682E-01 2.835E-01 2.980E-01 3.065E-01 3.294E-01 3.454E-01 3.597E-01 3.849E-01 4.073E-01 4.187E-01 4.231E-01 4.072E-01
  2.200E+01  3.631E-01 3.703E-01 3.722E-01 3.922E-01 3.570E-01 3.892E-01 3.929E-01 3.615E-01 3.917E-01 3.926E-01 3.906E-01 3.743E-01 3.804E-01 3.761E-01 3.993E-01 3.598E-01 3.905E-01 3.085E-01 3.041E-01 4.354E-02 4.527E-02 6.948E-02 1.367E-01 2.513E-01 2.410E-01 1.518E-01 1.803E-01 2.181E-01 8.235E-02 8.623E-02 1.265E-01 1.703E-01 1.947E-01 2.037E-01 2.112E-01 2.155E-01 2.215E-01 2.243E-01 2.259E-01 2.236E-01 2.185E-01 1.762E-01 1.333E-01 1.104E-01 1.268E-01 1.398E-01 1.622E-01 1.769E-01 1.805E-01 2.036E-01 2.160E-01 2.280E-01 2.352E-01 2.549E-01 2.688E-01 2.814E-01 3.046E-01 3.265E-01 3.381E-01 3.463E-01 3.376E-01
  2.400E+01  3.008E-01 3.250E-01 3.309E-01 3.414E-01 3.469E-01 3.359E-01 3.380E-01 3.343E-01 3.505E-01 3.513E-01 3.548E-01 3.232E-01 3.369E-01 3.355E-01 3.500E-01 3.177E-01 3.407E-01 2.721E-01 2.616E-01 3.514E-02 3.644E-02 5.889E-02 1.205E-01 2.240E-01 2.134E-01 1.313E-01 1.560E-01 1.876E-01 6.429E-02 6.816E-02 1.044E-01 1.414E-01 1.605E-01 1.672E-01 1.724E-01 1.753E-01 1.790E-01 1.804E-01 1.803E-01 1.766E-01 1.712E-01 1.342E-01 9.978E-02 8.216E-02 9.566E-02 1.060E-01 1.239E-01 1.357E-01 1.385E-01 1.573E-01 1.675E-01 1.774E-01 1.834E-01 2.000E-01 2.121E-01 2.231E-01 2.436E-01 2.641E-01 2.756E-01 2.855E-01 2.812E-01
  2.600E+01  2.982E-01 2.977E-01 2.940E-01 2.990E-01 3.054E-01 3.020E-01 2.947E-01 3.110E-01 3.015E-01 3.028E-01 3.087E-01 2.931E-01 2.876E-01 3.106E-01 3.096E-01 2.771E-01 2.994E-01 2.370E-01 2.241E-01 2.899E-02 2.998E-02 5.082E-02 1.072E-01 1.993E-01 1.885E-01 1.148E-01 1.362E-01 1.625E-01 5.125E-02 5.516E-02 8.784E-02 1.194E-01 1.342E-01 1.391E-01 1.428E-01 1.446E-01 1.468E-01 1.472E-01 1.459E-01 1.415E-01 1.362E-01 1.039E-01 7.606E-02 6.236E-02 7.355E-02 8.193E-02 9.640E-02 1.059E-01 1.082E-01 1.235E-01 1.319E-01 1.401E-01 1.451E-01 1.591E-01 1.694E-01 1.790E-01 1.972E-01 2.155E-01 2.264E-01 2.372E-01 2.354E-01
  2.800E+01  2.617E-01 2.614E-01 2.531E-01 2.614E-01 2.626E-01 2.599E-01 2.598E-01 2.742E-01 2.668E-01 2.667E-01 2.587E-01 2.744E-01 2.596E-01 2.768E-01 2.677E-01 2.504E-01 2.571E-01 2.102E-01 1.933E-01 2.434E-02 2.513E-02 4.443E-02 9.573E-02 1.794E-01 1.688E-01 1.010E-01 1.195E-01 1.415E-01 4.157E-02 4.550E-02 7.497E-02 1.019E-01 1.135E-01 1.171E-01 1.195E-01 1.207E-01 1.217E-01 1.215E-01 1.194E-01 1.147E-01 1.096E-01 8.152E-02 5.894E-02 4.812E-02 5.757E-02 6.441E-02 7.626E-02 8.396E-02 8.587E-02 9.841E-02 1.054E-01 1.122E-01 1.164E-01 1.282E-01 1.369E-01 1.451E-01 1.611E-01 1.775E-01 1.873E-01 1.984E-01 1.982E-01
  3.000E+01  2.293E-01 2.334E-01 2.379E-01 2.267E-01 2.346E-01 2.390E-01 2.337E-01 2.332E-01 2.178E-01 2.185E-01 2.302E-01 2.356E-01 2.428E-01 2.369E-01 2.287E-01 2.248E-01 2.245E-01 1.797E-01 1.650E-01 2.074E-02 2.138E-02 3.926E-02 8.618E-02 1.586E-01 1.486E-01 8.926E-02 1.055E-01 1.236E-01 3.421E-02 3.814E-02 6.470E-02 8.775E-02 9.681E-02 9.942E-02 1.010E-01 1.016E-01 1.018E-01 1.011E-01 9.861E-02 9.394E-02 8.914E-02 6.480E-02 4.630E-02 3.771E-02 4.573E-02 5.143E-02 6.121E-02 6.756E-02 6.914E-02 7.949E-02 8.529E-02 9.102E-02 9.451E-02 1.044E-01 1.119E-01 1.190E-01 1.328E-01 1.475E-01 1.563E-01 1.668E-01 1.679E-01
  3.200E+01  2.133E-01 2.156E-01 2.052E-01 2.068E-01 2.049E-01 2.068E-01 2.143E-01 1.964E-01 2.070E-01 2.072E-01 1.996E-01 2.031E-01 2.052E-01 1.984E-01 2.016E-01 1.947E-01 2.013E-01 1.549E-01 1.423E-01 1.791E-02 1.844E-02 3.497E-02 7.762E-02 1.417E-01 1.324E-01 7.921E-02 9.322E-02 1.084E-01 2.848E-02 3.239E-02 5.632E-02 7.608E-02 8.313E-02 8.497E-02 8.588E-02 8.611E-02 8.581E-02 8.485E-02 8.213E-02 7.759E-02 7.316E-02 5.208E-02 3.684E-02 2.995E-02 3.686E-02 4.164E-02 4.982E-02 5.508E-02 5.639E-02 6.504E-02 6.988E-02 7.468E-02 7.763E-02 8.603E-02 9.235E-02 9.844E-02 1.105E-01 1.234E-01 1.314E-01 1.410E-01 1.429E-01
  3.400E+01  1.792E-01 1.833E-01 1.671E-01 1.790E-01 1.814E-01 1.783E-01 1.793E-01 1.866E-01 1.794E-01 1.797E-01 1.828E-01 1.790E-01 1.720E-01 1.818E-01 1.846E-01 1.631E-01 1.736E-01 1.379E-01 1.220E-01 1.563E-02 1.609E-02 3.132E-02 6.940E-02 1.279E-01 1.187E-01 7.032E-02 8.261E-02 9.503E-02 2.396E-02 2.780E-02 4.934E-02 6.630E-02 7.177E-02 7.303E-02 7.347E-02 7.344E-02 7.277E-02 7.166E-02 6.888E-02 6.457E-02 6.052E-02 4.227E-02 2.965E-02 2.408E-02 3.006E-02 3.412E-02 4.103E-02 4.545E-02 4.656E-02 5.382E-02 5.791E-02 6.197E-02 6.445E-02 7.158E-02 7.698E-02 8.219E-02 9.269E-02 1.040E-01 1.111E-01 1.200E-01 1.222E-01
  3.600E+01  1.637E-01 1.528E-01 1.625E-01 1.426E-01 1.583E-01 1.651E-01 1.575E-01 1.554E-01 1.468E-01 1.476E-01 1.521E-01 1.602E-01 1.656E-01 1.567E-01 1.545E-01 1.478E-01 1.491E-01 1.202E-01 1.064E-01 1.377E-02 1.417E-02 2.820E-02 6.290E-02 1.140E-01 1.052E-01 6.266E-02 7.318E-02 8.362E-02 2.033E-02 2.408E-02 4.345E-02 5.802E-02 6.224E-02 6.306E-02 6.317E-02 6.295E-02 6.205E-02 6.087E-02 5.813E-02 5.410E-02 5.043E-02 3.462E-02 2.410E-02 1.957E-02 2.481E-02 2.829E-02 3.418E-02 3.792E-02 3.886E-02 4.502E-02 4.847E-02 5.193E-02 5.406E-02 6.011E-02 6.473E-02 6.923E-02 7.834E-02 8.834E-02 9.461E-02 1.026E-01 1.049E-01
  3.800E+01  1.360E-01 1.404E-01 1.409E-01 1.380E-01 1.418E-01 1.399E-01 1.361E-01 1.376E-01 1.391E-01 1.395E-01 1.418E-01 1.329E-01 1.379E-01 1.313E-01 1.386E-01 1.285E-01 1.329E-01 1.032E-01 9.143E-02 1.222E-02 1.258E-02 2.549E-02 5.648E-02 1.014E-01 9.400E-02 5.575E-02 6.510E-02 7.353E-02 1.738E-02 2.103E-02 3.843E-02 5.094E-02 5.418E-02 5.467E-02 5.454E-02 5.421E-02 5.317E-02 5.196E-02 4.933E-02 4.560E-02 4.230E-02 2.858E-02 1.977E-02 1.607E-02 2.068E-02 2.369E-02 2.877E-02 3.196E-02 3.276E-02 3.802E-02 4.098E-02 4.393E-02 4.575E-02 5.094E-02 5.488E-02 5.878E-02 6.670E-02 7.552E-02 8.105E-02 8.827E-02 9.053E-02
  4.000E+01  1.259E-01 1.134E-01 1.236E-01 1.101E-01 1.186E-01 1.219E-01 1.187E-01 1.213E-01 1.201E-01 1.196E-01 1.183E-01 1.255E-01 1.193E-01 1.205E-01 1.207E-01 1.124E-01 1.145E-01 9.201E-02 7.680E-02 1.093E-02 1.126E-02 2.310E-02 5.119E-02 9.047E-02 8.295E-02 4.970E-02 5.789E-02 6.474E-02 1.496E-02 1.848E-02 3.410E-02 4.486E-02 4.732E-02 4.756E-02 4.727E-02 4.686E-02 4.576E-02 4.456E-02 4.207E-02 3.865E-02 3.569E-02 2.378E-02 1.636E-02 1.331E-02 1.739E-02 2.002E-02 2.444E-02 2.719E-02 2.788E-02 3.240E-02 3.495E-02 3.749E-02 3.906E-02 4.351E-02 4.690E-02 5.027E-02 5.720E-02 6.494E-02 6.985E-02 7.627E-02 7.849E-02
  4.200E+01  1.138E-01 1.059E-01 9.604E-02 1.039E-01 1.057E-01 1.058E-01 1.013E-01 1.105E-01 1.091E-01 1.095E-01 1.025E-01 9.670E-02 1.040E-01 1.005E-01 1.087E-01 9.776E-02 9.971E-02 7.863E-02 6.830E-02 9.841E-03 1.014E-02 2.098E-02 4.634E-02 8.067E-02 7.435E-02 4.440E-02 5.146E-02 5.715E-02 1.296E-02 1.633E-02 3.035E-02 3.961E-02 4.145E-02 4.152E-02 4.111E-02 4.066E-02 3.953E-02 3.838E-02 3.605E-02 3.293E-02 3.028E-02 1.992E-02 1.364E-02 1.111E-02 1.476E-02 1.707E-02 2.094E-02 2.333E-02 2.393E-02 2.785E-02 3.005E-02 3.226E-02 3.361E-02 3.745E-02 4.038E-02 4.331E-02 4.937E-02 5.618E-02 6.053E-02 6.621E-02 6.836E-02
  4.400E+01  9.647E-02 9.365E-02 8.848E-02 9.093E-02 8.531E-02 9.264E-02 9.327E-02 9.116E-02 8.347E-02 8.390E-02 8.746E-02 9.123E-02 9.462E-02 9.108E-02 8.894E-02 8.715E-02 8.625E-02 7.058E-02 5.700E-02 8.909E-03 9.190E-03 1.910E-02 4.162E-02 7.128E-02 6.549E-02 3.968E-02 4.582E-02 5.046E-02 1.129E-02 1.451E-02 2.708E-02 3.505E-02 3.640E-02 3.634E-02 3.587E-02 3.540E-02 3.428E-02 3.319E-02 3.102E-02 2.820E-02 2.583E-02 1.679E-02 1.145E-02 9.352E-03 1.262E-02 1.467E-02 1.808E-02 2.017E-02 2.070E-02 2.413E-02 2.605E-02 2.797E-02 2.914E-02 3.247E-02 3.500E-02 3.756E-02 4.287E-02 4.889E-02 5.272E-02 5.776E-02 5.978E-02
  4.600E+01  7.543E-02 7.951E-02 8.152E-02 7.857E-02 7.790E-02 7.771E-02 7.685E-02 7.977E-02 7.722E-02 7.751E-02 7.781E-02 7.931E-02 7.387E-02 8.146E-02 7.884E-02 7.144E-02 7.798E-02 5.881E-02 5.046E-02 8.108E-03 8.370E-03 1.742E-02 3.745E-02 6.479E-02 5.886E-02 3.537E-02 4.085E-02 4.458E-02 9.877E-03 1.294E-02 2.422E-02 3.109E-02 3.206E-02 3.190E-02 3.140E-02 3.092E-02 2.983E-02 2.880E-02 2.681E-02 2.425E-02 2.213E-02 1.424E-02 9.677E-03 7.925E-03 1.087E-02 1.269E-02 1.573E-02 1.758E-02 1.804E-02 2.106E-02 2.274E-02 2.442E-02 2.545E-02 2.835E-02 3.054E-02 3.278E-02 3.745E-02 4.278E-02 4.616E-02 5.063E-02 5.247E-02
  4.800E+01  7.593E-02 6.981E-02 7.037E-02 6.693E-02 6.857E-02 6.634E-02 6.739E-02 6.283E-02 6.724E-02 6.769E-02 7.097E-02 6.769E-02 6.745E-02 6.547E-02 6.322E-02 6.490E-02 6.330E-02 5.233E-02 4.211E-02 7.411E-03 7.663E-03 1.591E-02 3.415E-02 5.725E-02 5.236E-02 3.163E-02 3.642E-02 3.943E-02 8.686E-03 1.160E-02 2.170E-02 2.763E-02 2.830E-02 2.808E-02 2.756E-02 2.709E-02 2.605E-02 2.509E-02 2.326E-02 2.095E-02 1.906E-02 1.214E-02 8.229E-03 6.759E-03 9.420E-03 1.106E-02 1.378E-02 1.542E-02 1.583E-02 1.851E-02 1.999E-02 2.147E-02 2.238E-02 2.490E-02 2.681E-02 2.878E-02 3.290E-02 3.762E-02 4.062E-02 4.457E-02 4.625E-02
  5.000E+01  6.254E-02 6.203E-02 5.757E-02 5.990E-02 5.369E-02 5.741E-02 6.113E-02 5.675E-02 5.210E-02 5.261E-02 5.799E-02 5.787E-02 5.873E-02 5.694E-02 5.538E-02 5.612E-02 5.668E-02 4.632E-02 3.735E-02 6.804E-03 7.043E-03 1.455E-02 3.087E-02 5.032E-02 4.616E-02 2.834E-02 3.248E-02 3.490E-02 7.672E-03 1.043E-02 1.948E-02 2.460E-02 2.504E-02 2.478E-02 2.426E-02 2.380E-02 2.282E-02 2.193E-02 2.025E-02 1.817E-02 1.648E-02 1.041E-02 7.038E-03 5.800E-03 8.218E-03 9.697E-03 1.215E-02 1.362E-02 1.399E-02 1.637E-02 1.768E-02 1.900E-02 1.980E-02 2.201E-02 2.368E-02 2.542E-02 2.906E-02 3.324E-02 3.592E-02 3.939E-02 4.094E-02
  5.200E+01  5.350E-02 4.793E-02 5.181E-02 5.119E-02 5.160E-02 4.621E-02 4.637E-02 4.788E-02 4.782E-02 4.802E-02 4.999E-02 5.066E-02 4.576E-02 5.085E-02 4.964E-02 4.486E-02 5.056E-02 3.737E-02 3.213E-02 6.273E-03 6.501E-03 1.331E-02 2.772E-02 4.473E-02 4.077E-02 2.533E-02 2.903E-02 3.093E-02 6.805E-03 9.413E-03 1.752E-02 2.194E-02 2.221E-02 2.193E-02 2.141E-02 2.098E-02 2.005E-02 1.923E-02 1.770E-02 1.582E-02 1.432E-02 8.970E-03 6.053E-03 5.006E-03 7.211E-03 8.553E-03 1.078E-02 1.210E-02 1.243E-02 1.457E-02 1.574E-02 1.691E-02 1.762E-02 1.957E-02 2.103E-02 2.257E-02 2.580E-02 2.953E-02 3.190E-02 3.496E-02 3.638E-02
  5.400E+01  4.599E-02 4.283E-02 4.596E-02 4.355E-02 4.152E-02 4.109E-02 4.229E-02 4.124E-02 4.026E-02 4.037E-02 4.337E-02 3.811E-02 4.085E-02 4.091E-02 4.292E-02 4.071E-02 4.104E-02 3.330E-02 2.663E-02 5.804E-03 6.024E-03 1.217E-02 2.474E-02 4.077E-02 3.689E-02 2.266E-02 2.592E-02 2.744E-02 6.061E-03 8.522E-03 1.579E-02 1.961E-02 1.974E-02 1.945E-02 1.895E-02 1.854E-02 1.768E-02 1.692E-02 1.553E-02 1.383E-02 1.249E-02 7.767E-03 5.232E-03 4.344E-03 6.363E-03 7.586E-03 9.615E-03 1.081E-02 1.111E-02 1.304E-02 1.410E-02 1.514E-02 1.578E-02 1.750E-02 1.878E-02 2.014E-02 2.303E-02 2.635E-02 2.845E-02 3.116E-02 3.245E-02
  5.600E+01  4.047E-02 3.628E-02 3.271E-02 3.590E-02 3.614E-02 3.441E-02 3.396E-02 3.487E-02 3.562E-02 3.587E-02 3.758E-02 3.483E-02 3.472E-02 3.348E-02 3.405E-02 3.525E-02 3.379E-02 2.933E-02 2.408E-02 5.390E-03 5.602E-03 1.116E-02 2.247E-02 3.611E-02 3.277E-02 2.032E-02 2.317E-02 2.441E-02 5.419E-03 7.740E-03 1.425E-02 1.756E-02 1.759E-02 1.729E-02 1.681E-02 1.643E-02 1.563E-02 1.493E-02 1.367E-02 1.214E-02 1.093E-02 6.757E-03 4.546E-03 3.789E-03 5.643E-03 6.764E-03 8.625E-03 9.713E-03 9.989E-03 1.174E-02 1.269E-02 1.363E-02 1.420E-02 1.573E-02 1.686E-02 1.807E-02 2.064E-02 2.361E-02 2.549E-02 2.788E-02 2.906E-02
  5.800E+01  3.286E-02 3.147E-02 3.131E-02 3.046E-02 3.150E-02 2.908E-02 2.992E-02 2.672E-02 3.058E-02 3.070E-02 2.806E-02 3.044E-02 3.025E-02 2.959E-02 2.887E-02 3.072E-02 2.991E-02 2.585E-02 2.037E-02 5.022E-03 5.227E-03 1.025E-02 2.034E-02 3.209E-02 2.908E-02 1.823E-02 2.075E-02 2.168E-02 4.864E-03 7.052E-03 1.289E-02 1.575E-02 1.571E-02 1.541E-02 1.496E-02 1.460E-02 1.386E-02 1.322E-02 1.207E-02 1.070E-02 9.613E-03 5.905E-03 3.968E-03 3.322E-03 5.031E-03 6.062E-03 7.777E-03 8.774E-03 9.027E-03 1.063E-02 1.149E-02 1.234E-02 1.285E-02 1.421E-02 1.521E-02 1.629E-02 1.859E-02 2.125E-02 2.293E-02 2.505E-02 2.611E-02
  6.000E+01  2.990E-02 2.550E-02 2.538E-02 2.493E-02 2.498E-02 2.503E-02 2.455E-02 2.473E-02 2.478E-02 2.485E-02 2.438E-02 2.504E-02 2.587E-02 2.503E-02 2.584E-02 2.535E-02 2.568E-02 2.164E-02 1.773E-02 4.695E-03 4.894E-03 9.411E-03 1.844E-02 2.819E-02 2.559E-02 1.639E-02 1.858E-02 1.933E-02 4.382E-03 6.443E-03 1.167E-02 1.416E-02 1.406E-02 1.377E-02 1.335E-02 1.301E-02 1.233E-02 1.175E-02 1.070E-02 9.457E-03 8.484E-03 5.184E-03 3.480E-03 2.927E-03 4.506E-03 5.459E-03 7.047E-03 7.965E-03 8.199E-03 9.666E-03 1.045E-02 1.122E-02 1.169E-02 1.289E-02 1.378E-02 1.475E-02 1.682E-02 1.921E-02 2.071E-02 2.258E-02 2.355E-02
  6.200E+01  2.466E-02 2.115E-02 2.092E-02 2.161E-02 1.835E-02 2.038E-02 2.137E-02 2.075E-02 1.894E-02 1.919E-02 2.111E-02 2.126E-02 2.166E-02 2.172E-02 2.166E-02 2.135E-02 2.215E-02 1.818E-02 1.483E-02 4.403E-03 4.595E-03 8.651E-03 1.660E-02 2.538E-02 2.302E-02 1.475E-02 1.662E-02 1.727E-02 3.963E-03 5.904E-03 1.060E-02 1.275E-02 1.262E-02 1.234E-02 1.194E-02 1.163E-02 1.100E-02 1.047E-02 9.517E-03 8.392E-03 7.517E-03 4.570E-03 3.066E-03 2.591E-03 4.055E-03 4.939E-03 6.416E-03 7.267E-03 7.483E-03 8.836E-03 9.555E-03 1.026E-02 1.068E-02 1.176E-02 1.255E-02 1.342E-02 1.529E-02 1.744E-02 1.878E-02 2.044E-02 2.133E-02
  6.400E+01  1.986E-02 1.648E-02 1.653E-02 1.725E-02 1.597E-02 1.682E-02 1.781E-02 1.748E-02 1.585E-02 1.603E-02 1.738E-02 1.821E-02 1.862E-02 1.827E-02 1.870E-02 1.764E-02 1.952E-02 1.556E-02 1.224E-02 4.142E-03 4.328E-03 7.969E-03 1.503E-02 2.255E-02 2.044E-02 1.326E-02 1.493E-02 1.542E-02 3.597E-03 5.426E-03 9.634E-03 1.151E-02 1.135E-02 1.108E-02 1.071E-02 1.043E-02 9.846E-03 9.357E-03 8.493E-03 7.475E-03 6.685E-03 4.045E-03 2.713E-03 2.304E-03 3.666E-03 4.489E-03 5.869E-03 6.660E-03 6.862E-03 8.116E-03 8.777E-03 9.423E-03 9.805E-03 1.078E-02 1.148E-02 1.227E-02 1.395E-02 1.589E-02 1.710E-02 1.856E-02 1.938E-02
  6.600E+01  1.573E-02 1.403E-02 1.342E-02 1.363E-02 1.342E-02 1.413E-02 1.438E-02 1.459E-02 1.350E-02 1.364E-02 1.454E-02 1.525E-02 1.560E-02 1.557E-02 1.629E-02 1.464E-02 1.697E-02 1.297E-02 1.113E-02 3.908E-03 4.088E-03 7.354E-03 1.364E-02 1.987E-02 1.798E-02 1.190E-02 1.348E-02 1.376E-02 3.276E-03 5.000E-03 8.777E-03 1.042E-02 1.023E-02 9.981E-03 9.636E-03 9.372E-03 8.839E-03 8.392E-03 7.605E-03 6.681E-03 5.968E-03 3.596E-03 2.412E-03 2.058E-03 3.329E-03 4.098E-03 5.392E-03 6.132E-03 6.320E-03 7.488E-03 8.099E-03 8.694E-03 9.043E-03 9.916E-03 1.054E-02 1.126E-02 1.278E-02 1.454E-02 1.562E-02 1.692E-02 1.767E-02
  6.800E+01  1.300E-02 1.112E-02 1.102E-02 1.147E-02 1.090E-02 1.160E-02 1.201E-02 1.179E-02 1.106E-02 1.124E-02 1.225E-02 1.266E-02 1.292E-02 1.300E-02 1.362E-02 1.240E-02 1.431E-02 1.122E-02 9.222E-03 3.698E-03 3.873E-03 6.785E-03 1.227E-02 1.791E-02 1.611E-02 1.074E-02 1.213E-02 1.234E-02 2.995E-03 4.622E-03 8.013E-03 9.443E-03 9.251E-03 9.013E-03 8.693E-03 8.449E-03 7.961E-03 7.551E-03 6.833E-03 5.994E-03 5.348E-03 3.210E-03 2.153E-03 1.847E-03 3.036E-03 3.757E-03 4.976E-03 5.671E-03 5.847E-03 6.940E-03 7.506E-03 8.056E-03 8.376E-03 9.164E-03 9.726E-03 1.037E-02 1.176E-02 1.335E-02 1.433E-02 1.548E-02 1.617E-02
  7.000E+01  1.011E-02 9.614E-03 8.829E-03 9.487E-03 8.174E-03 9.204E-03 9.966E-03 1.028E-02 8.890E-03 9.075E-03 1.008E-02 1.058E-02 1.074E-02 1.106E-02 1.146E-02 1.051E-02 1.215E-02 9.817E-03 8.274E-03 3.509E-03 3.680E-03 6.274E-03 1.110E-02 1.587E-02 1.446E-02 9.739E-03 1.089E-02 1.112E-02 2.748E-03 4.284E-03 7.332E-03 8.580E-03 8.385E-03 8.161E-03 7.867E-03 7.642E-03 7.192E-03 6.817E-03 6.161E-03 5.397E-03 4.810E-03 2.877E-03 1.930E-03 1.665E-03 2.781E-03 3.459E-03 4.611E-03 5.266E-03 5.433E-03 6.459E-03 6.987E-03 7.497E-03 7.792E-03 8.504E-03 9.008E-03 9.596E-03 1.086E-02 1.230E-02 1.319E-02 1.421E-02 1.485E-02
  7.200E+01  8.520E-03 7.404E-03 7.708E-03 7.567E-03 6.833E-03 7.897E-03 7.876E-03 8.119E-03 7.290E-03 7.497E-03 8.436E-03 8.617E-03 8.723E-03 9.093E-03 9.767E-03 9.280E-03 1.052E-02 8.388E-03 7.226E-03 3.339E-03 3.505E-03 5.827E-03 1.003E-02 1.449E-02 1.307E-02 8.804E-03 9.844E-03 1.000E-02 2.531E-03 3.982E-03 6.723E-03 7.815E-03 7.621E-03 7.412E-03 7.139E-03 6.932E-03 6.518E-03 6.174E-03 5.575E-03 4.878E-03 4.343E-03 2.588E-03 1.737E-03 1.507E-03 2.558E-03 3.198E-03 4.291E-03 4.911E-03 5.069E-03 6.036E-03 6.530E-03 7.004E-03 7.277E-03 7.924E-03 8.377E-03 8.912E-03 1.006E-02 1.138E-02 1.218E-02 1.309E-02 1.368E-02
  7.400E+01  6.471E-03 6.236E-03 5.956E-03 6.072E-03 5.967E-03 6.513E-03 6.438E-03 6.547E-03 6.717E-03 6.889E-03 6.512E-03 7.100E-03 7.672E-03 7.674E-03 8.161E-03 8.176E-03 8.559E-03 7.448E-03 6.260E-03 3.185E-03 3.347E-03 5.425E-03 9.094E-03 1.294E-02 1.167E-02 7.962E-03 8.931E-03 9.013E-03 2.339E-03 3.713E-03 6.179E-03 7.138E-03 6.947E-03 6.751E-03 6.498E-03 6.307E-03 5.927E-03 5.611E-03 5.062E-03 4.424E-03 3.936E-03 2.338E-03 1.570E-03 1.371E-03 2.362E-03 2.969E-03 4.008E-03 4.597E-03 4.747E-03 5.663E-03 6.127E-03 6.571E-03 6.824E-03 7.411E-03 7.820E-03 8.309E-03 9.362E-03 1.057E-02 1.129E-02 1.210E-02 1.265E-02
  7.600E+01  5.147E-03 4.853E-03 4.904E-03 5.031E-03 5.089E-03 5.220E-03 5.367E-03 5.110E-03 5.489E-03 5.663E-03 5.402E-03 5.956E-03 6.233E-03 6.525E-03 6.839E-03 6.939E-03 7.654E-03 6.622E-03 5.568E-03 3.047E-03 3.205E-03 5.050E-03 8.339E-03 1.151E-02 1.047E-02 7.241E-03 8.075E-03 8.185E-03 2.170E-03 3.471E-03 5.693E-03 6.536E-03 6.350E-03 6.167E-03 5.934E-03 5.758E-03 5.408E-03 5.118E-03 4.613E-03 4.028E-03 3.580E-03 2.121E-03 1.425E-03 1.252E-03 2.191E-03 2.767E-03 3.759E-03 4.321E-03 4.464E-03 5.334E-03 5.771E-03 6.187E-03 6.423E-03 6.958E-03 7.327E-03 7.775E-03 8.742E-03 9.843E-03 1.050E-02 1.122E-02 1.174E-02
  7.800E+01  4.328E-03 4.292E-03 3.977E-03 4.011E-03 4.300E-03 4.275E-03 4.436E-03 4.514E-03 4.665E-03 4.815E-03 4.940E-03 5.053E-03 5.071E-03 5.382E-03 5.424E-03 6.198E-03 6.598E-03 5.837E-03 5.089E-03 2.923E-03 3.077E-03 4.697E-03 7.621E-03 1.038E-02 9.501E-03 6.611E-03 7.312E-03 7.461E-03 2.020E-03 3.255E-03 5.259E-03 5.999E-03 5.822E-03 5.652E-03 5.437E-03 5.274E-03 4.951E-03 4.683E-03 4.219E-03 3.681E-03 3.269E-03 1.931E-03 1.299E-03 1.148E-03 2.040E-03 2.589E-03 3.539E-03 4.076E-03 4.213E-03 5.042E-03 5.456E-03 5.847E-03 6.067E-03 6.557E-03 6.890E-03 7.302E-03 8.191E-03 9.201E-03 9.794E-03 1.044E-02 1.093E-02
  8.000E+01  3.423E-03 3.556E-03 3.513E-03 3.639E-03 3.541E-03 3.646E-03 3.803E-03 3.878E-03 4.004E-03 4.127E-03 4.199E-03 4.111E-03 4.607E-03 4.477E-03 4.981E-03 5.263E-03 5.346E-03 5.292E-03 4.416E-03 2.811E-03 2.960E-03 4.375E-03 6.992E-03 9.377E-03 8.557E-03 6.008E-03 6.694E-03 6.767E-03 1.888E-03 3.061E-03 4.870E-03 5.525E-03 5.354E-03 5.197E-03 4.997E-03 4.847E-03 4.548E-03 4.301E-03 3.872E-03 3.376E-03 2.997E-03 1.765E-03 1.189E-03 1.058E-03 1.907E-03 2.431E-03 3.344E-03 3.859E-03 3.991E-03 4.784E-03 5.177E-03 5.546E-03 5.752E-03 6.200E-03 6.502E-03 6.882E-03 7.701E-03 8.628E-03 9.168E-03 9.747E-03 1.020E-02
  8.200E+01  3.020E-03 2.879E-03 2.992E-03 3.003E-03 3.082E-03 2.956E-03 3.355E-03 3.399E-03 3.326E-03 3.417E-03 3.536E-03 3.711E-03 3.817E-03 4.182E-03 4.551E-03 4.591E-03 4.858E-03 4.484E-03 3.972E-03 2.709E-03 2.855E-03 4.094E-03 6.383E-03 8.245E-03 7.565E-03 5.468E-03 6.162E-03 6.143E-03 1.770E-03 2.888E-03 4.522E-03 5.105E-03 4.941E-03 4.794E-03 4.608E-03 4.469E-03 4.193E-03 3.964E-03 3.568E-03 3.109E-03 2.758E-03 1.620E-03 1.093E-03 9.790E-04 1.789E-03 2.292E-03 3.170E-03 3.667E-03 3.793E-03 4.554E-03 4.928E-03 5.278E-03 5.471E-03 5.883E-03 6.157E-03 6.507E-03 7.264E-03 8.118E-03 8.609E-03 9.128E-03 9.560E-03
  8.400E+01  2.610E-03 2.406E-03 2.445E-03 2.464E-03 2.845E-03 2.899E-03 2.583E-03 2.825E-03 3.006E-03 3.080E-03 3.306E-03 3.225E-03 3.261E-03 3.603E-03 4.090E-03 3.873E-03 4.312E-03 3.968E-03 3.580E-03 2.618E-03 2.760E-03 3.852E-03 5.787E-03 7.623E-03 6.946E-03 5.042E-03 5.628E-03 5.640E-03 1.666E-03 2.732E-03 4.211E-03 4.730E-03 4.575E-03 4.437E-03 4.265E-03 4.136E-03 3.880E-03 3.668E-03 3.299E-03 2.873E-03 2.547E-03 1.492E-03 1.009E-03 9.098E-04 1.685E-03 2.168E-03 3.017E-03 3.495E-03 3.618E-03 4.350E-03 4.707E-03 5.039E-03 5.222E-03 5.600E-03 5.849E-03 6.173E-03 6.875E-03 7.662E-03 8.110E-03 8.575E-03 8.985E-03
  8.600E+01  2.300E-03 2.253E-03 2.281E-03 2.329E-03 2.327E-03 2.522E-03 2.463E-03 2.568E-03 2.414E-03 2.497E-03 2.839E-03 2.695E-03 3.146E-03 3.038E-03 3.421E-03 3.542E-03 3.611E-03 3.444E-03 3.236E-03 2.535E-03 2.674E-03 3.633E-03 5.304E-03 7.112E-03 6.472E-03 4.684E-03 5.140E-03 5.211E-03 1.573E-03 2.592E-03 3.933E-03 4.394E-03 4.249E-03 4.121E-03 3.962E-03 3.842E-03 3.603E-03 3.405E-03 3.063E-03 2.665E-03 2.362E-03 1.380E-03 9.349E-04 8.491E-04 1.593E-03 2.058E-03 2.880E-03 3.343E-03 3.461E-03 4.168E-03 4.510E-03 4.826E-03 4.999E-03 5.348E-03 5.574E-03 5.875E-03 6.526E-03 7.254E-03 7.664E-03 8.080E-03 8.472E-03
  8.800E+01  2.039E-03 2.112E-03 1.994E-03 2.047E-03 2.093E-03 2.156E-03 2.279E-03 2.230E-03 2.333E-03 2.372E-03 2.382E-03 2.634E-03 2.863E-03 2.724E-03 2.764E-03 3.262E-03 3.350E-03 3.290E-03 2.710E-03 2.461E-03 2.596E-03 3.423E-03 4.978E-03 6.452E-03 5.931E-03 4.310E-03 4.762E-03 4.791E-03 1.490E-03 2.466E-03 3.684E-03 4.097E-03 3.960E-03 3.843E-03 3.693E-03 3.582E-03 3.358E-03 3.174E-03 2.854E-03 2.482E-03 2.198E-03 1.281E-03 8.699E-04 7.957E-04 1.512E-03 1.961E-03 2.758E-03 3.207E-03 3.322E-03 4.006E-03 4.334E-03 4.636E-03 4.800E-03 5.122E-03 5.329E-03 5.608E-03 6.214E-03 6.889E-03 7.263E-03 7.637E-03 8.012E-03
  9.000E+01  1.932E-03 1.844E-03 1.921E-03 1.935E-03 1.894E-03 1.967E-03 1.999E-03 2.147E-03 2.065E-03 2.139E-03 2.311E-03 2.277E-03 2.556E-03 2.469E-03 2.806E-03 2.804E-03 3.133E-03 2.961E-03 2.525E-03 2.394E-03 2.526E-03 3.235E-03 4.629E-03 5.733E-03 5.302E-03 3.961E-03 4.454E-03 4.422E-03 1.417E-03 2.353E-03 3.461E-03 3.836E-03 3.706E-03 3.596E-03 3.455E-03 3.351E-03 3.143E-03 2.970E-03 2.669E-03 2.320E-03 2.054E-03 1.194E-03 8.127E-04 7.488E-04 1.440E-03 1.875E-03 2.649E-03 3.086E-03 3.198E-03 3.861E-03 4.177E-03 4.467E-03 4.622E-03 4.920E-03 5.109E-03 5.369E-03 5.935E-03 6.560E-03 6.903E-03 7.240E-03 7.600E-03
  9.200E+01  1.866E-03 1.766E-03 1.759E-03 1.761E-03 1.811E-03 1.790E-03 1.749E-03 1.936E-03 2.096E-03 2.150E-03 2.037E-03 2.123E-03 2.181E-03 2.455E-03 2.559E-03 2.474E-03 2.936E-03 2.598E-03 2.398E-03 2.333E-03 2.463E-03 3.079E-03 4.271E-03 5.405E-03 4.927E-03 3.698E-03 4.137E-03 4.135E-03 1.351E-03 2.251E-03 3.263E-03 3.603E-03 3.481E-03 3.376E-03 3.246E-03 3.148E-03 2.952E-03 2.789E-03 2.506E-03 2.177E-03 1.926E-03 1.116E-03 7.622E-04 7.074E-04 1.376E-03 1.798E-03 2.552E-03 2.978E-03 3.087E-03 3.731E-03 4.036E-03 4.315E-03 4.463E-03 4.739E-03 4.912E-03 5.155E-03 5.684E-03 6.265E-03 6.580E-03 6.883E-03 7.230E-03
  9.400E+01  1.779E-03 1.759E-03 1.646E-03 1.653E-03 1.824E-03 1.773E-03 1.802E-03 1.958E-03 1.885E-03 1.951E-03 1.959E-03 1.968E-03 2.154E-03 2.169E-03 2.417E-03 2.395E-03 2.571E-03 2.461E-03 2.202E-03 2.278E-03 2.405E-03 2.931E-03 4.014E-03 5.152E-03 4.690E-03 3.484E-03 3.844E-03 3.887E-03 1.293E-03 2.160E-03 3.085E-03 3.394E-03 3.281E-03 3.183E-03 3.061E-03 2.969E-03 2.783E-03 2.630E-03 2.362E-03 2.051E-03 1.813E-03 1.048E-03 7.176E-04 6.710E-04 1.319E-03 1.729E-03 2.466E-03 2.882E-03 2.988E-03 3.615E-03 3.911E-03 4.178E-03 4.320E-03 4.577E-03 4.735E-03 4.963E-03 5.458E-03 6.000E-03 6.289E-03 6.562E-03 6.897E-03
  9.600E+01  1.777E-03 1.612E-03 1.669E-03 1.658E-03 1.813E-03 1.635E-03 1.726E-03 1.807E-03 1.837E-03 1.888E-03 1.881E-03 1.905E-03 1.947E-03 1.902E-03 2.305E-03 2.365E-03 2.486E-03 2.349E-03 1.921E-03 2.229E-03 2.353E-03 2.790E-03 3.815E-03 4.687E-03 4.308E-03 3.256E-03 3.632E-03 3.633E-03 1.241E-03 2.078E-03 2.926E-03 3.211E-03 3.104E-03 3.014E-03 2.897E-03 2.810E-03 2.634E-03 2.489E-03 2.235E-03 1.939E-03 1.712E-03 9.865E-04 6.782E-04 6.389E-04 1.268E-03 1.668E-03 2.388E-03 2.795E-03 2.899E-03 3.511E-03 3.798E-03 4.057E-03 4.192E-03 4.432E-03 4.576E-03 4.790E-03 5.255E-03 5.761E-03 6.027E-03 6.272E-03 6.598E-03
  9.800E+01  1.704E-03 1.724E-03 1.668E-03 1.560E-03 1.714E-03 1.607E-03 1.678E-03 1.716E-03 1.771E-03 1.809E-03 1.746E-03 1.841E-03 2.015E-03 1.914E-03 2.199E-03 2.226E-03 2.253E-03 2.172E-03 1.856E-03 2.184E-03 2.306E-03 2.673E-03 3.632E-03 4.221E-03 3.900E-03 3.052E-03 3.464E-03 3.416E-03 1.195E-03 2.004E-03 2.785E-03 3.052E-03 2.950E-03 2.864E-03 2.753E-03 2.670E-03 2.504E-03 2.365E-03 2.123E-03 1.840E-03 1.623E-03 9.322E-04 6.434E-04 6.105E-04 1.224E-03 1.614E-03 2.319E-03 2.718E-03 2.820E-03 3.419E-03 3.697E-03 3.947E-03 4.077E-03 4.301E-03 4.434E-03 4.635E-03 5.072E-03 5.545E-03 5.790E-03 6.012E-03 6.328E-03
  1.000E+02  1.727E-03 1.636E-03 1.569E-03 1.567E-03 1.625E-03 1.654E-03 1.667E-03 1.693E-03 1.688E-03 1.737E-03 1.701E-03 1.851E-03 1.960E-03 2.007E-03 2.003E-03 2.044E-03 2.160E-03 2.091E-03 1.807E-03 2.144E-03 2.264E-03 2.567E-03 3.431E-03 4.046E-03 3.745E-03 2.907E-03 3.269E-03 3.268E-03 1.153E-03 1.938E-03 2.659E-03 2.910E-03 2.815E-03 2.732E-03 2.627E-03 2.548E-03 2.389E-03 2.256E-03 2.023E-03 1.752E-03 1.544E-03 8.837E-04 6.125E-04 5.855E-04 1.184E-03 1.565E-03 2.258E-03 2.649E-03 2.749E-03 3.336E-03 3.607E-03 3.849E-03 3.974E-03 4.183E-03 4.305E-03 4.495E-03 4.907E-03 5.351E-03 5.577E-03 5.776E-03 6.085E-03
  1.020E+02  1.846E-03 1.661E-03 1.654E-03 1.566E-03 1.467E-03 1.586E-03 1.735E-03 1.755E-03 1.603E-03 1.637E-03 1.839E-03 1.829E-03 1.886E-03 1.926E-03 2.079E-03 1.986E-03 2.152E-03 2.063E-03 1.769E-03 2.108E-03 2.226E-03 2.459E-03 3.240E-03 3.990E-03 3.674E-03 2.791E-03 3.088E-03 3.162E-03 1.117E-03 1.879E-03 2.549E-03 2.783E-03 2.696E-03 2.617E-03 2.518E-03 2.441E-03 2.288E-03 2.160E-03 1.936E-03 1.674E-03 1.474E-03 8.405E-04 5.851E-04 5.634E-04 1.148E-03 1.522E-03 2.203E-03 2.588E-03 2.686E-03 3.261E-03 3.526E-03 3.761E-03 3.882E-03 4.078E-03 4.190E-03 4.369E-03 4.758E-03 5.175E-03 5.384E-03 5.564E-03 5.866E-03
  1.040E+02  1.988E-03 1.839E-03 1.724E-03 1.624E-03 1.653E-03 1.666E-03 1.546E-03 1.752E-03 1.663E-03 1.689E-03 1.811E-03 1.780E-03 1.855E-03 2.045E-03 2.101E-03 1.859E-03 2.199E-03 1.820E-03 1.715E-03 2.076E-03 2.192E-03 2.365E-03 3.072E-03 3.839E-03 3.474E-03 2.686E-03 2.963E-03 3.048E-03 1.084E-03 1.825E-03 2.450E-03 2.674E-03 2.592E-03 2.518E-03 2.422E-03 2.349E-03 2.200E-03 2.076E-03 1.859E-03 1.605E-03 1.411E-03 8.017E-04 5.608E-04 5.438E-04 1.117E-03 1.484E-03 2.154E-03 2.533E-03 2.629E-03 3.194E-03 3.453E-03 3.682E-03 3.799E-03 3.983E-03 4.086E-03 4.255E-03 4.624E-03 5.016E-03 5.209E-03 5.372E-03 5.668E-03
  1.060E+02  2.043E-03 1.847E-03 1.807E-03 1.610E-03 1.715E-03 1.801E-03 1.604E-03 1.813E-03 1.665E-03 1.723E-03 1.751E-03 1.816E-03 1.966E-03 2.079E-03 2.165E-03 1.968E-03 2.372E-03 1.844E-03 1.709E-03 2.047E-03 2.161E-03 2.284E-03 2.936E-03 3.697E-03 3.352E-03 2.588E-03 2.866E-03 2.942E-03 1.054E-03 1.778E-03 2.363E-03 2.581E-03 2.503E-03 2.434E-03 2.339E-03 2.268E-03 2.123E-03 2.003E-03 1.792E-03 1.544E-03 1.356E-03 7.670E-04 5.392E-04 5.265E-04 1.089E-03 1.450E-03 2.110E-03 2.483E-03 2.579E-03 3.135E-03 3.388E-03 3.611E-03 3.724E-03 3.897E-03 3.992E-03 4.153E-03 4.503E-03 4.873E-03 5.052E-03 5.199E-03 5.489E-03
  1.080E+02  2.208E-03 1.982E-03 1.770E-03 1.807E-03 1.759E-03 1.975E-03 1.813E-03 1.897E-03 1.766E-03 1.800E-03 1.896E-03 1.943E-03 2.122E-03 2.033E-03 2.220E-03 1.952E-03 2.195E-03 1.803E-03 1.761E-03 2.021E-03 2.133E-03 2.212E-03 2.793E-03 3.700E-03 3.356E-03 2.503E-03 2.776E-03 2.886E-03 1.028E-03 1.735E-03 2.288E-03 2.503E-03 2.429E-03 2.361E-03 2.268E-03 2.198E-03 2.058E-03 1.940E-03 1.732E-03 1.490E-03 1.306E-03 7.358E-04 5.201E-04 5.113E-04 1.064E-03 1.420E-03 2.071E-03 2.440E-03 2.534E-03 3.081E-03 3.330E-03 3.548E-03 3.657E-03 3.820E-03 3.908E-03 4.061E-03 4.394E-03 4.743E-03 4.909E-03 5.042E-03 5.327E-03
  1.100E+02  2.486E-03 2.092E-03 2.021E-03 1.864E-03 1.809E-03 1.886E-03 1.993E-03 1.914E-03 2.065E-03 2.105E-03 2.033E-03 2.112E-03 1.998E-03 2.206E-03 2.293E-03 2.137E-03 2.260E-03 1.935E-03 1.827E-03 1.998E-03 2.108E-03 2.152E-03 2.610E-03 3.653E-03 3.365E-03 2.438E-03 2.688E-03 2.876E-03 1.004E-03 1.696E-03 2.224E-03 2.436E-03 2.368E-03 2.299E-03 2.210E-03 2.140E-03 2.001E-03 1.885E-03 1.680E-03 1.442E-03 1.261E-03 7.077E-04 5.031E-04 4.978E-04 1.042E-03 1.393E-03 2.036E-03 2.400E-03 2.493E-03 3.033E-03 3.277E-03 3.490E-03 3.597E-03 3.751E-03 3.832E-03 3.978E-03 4.295E-03 4.625E-03 4.780E-03 4.900E-03 5.181E-03
  1.120E+02  2.798E-03 2.342E-03 2.098E-03 1.942E-03 2.068E-03 2.047E-03 2.121E-03 2.068E-03 2.136E-03 2.199E-03 2.187E-03 2.232E-03 2.136E-03 2.253E-03 2.418E-03 2.345E-03 2.321E-03 1.970E-03 1.932E-03 1.977E-03 2.086E-03 2.100E-03 2.472E-03 3.574E-03 3.318E-03 2.402E-03 2.624E-03 2.886E-03 9.835E-04 1.662E-03 2.169E-03 2.379E-03 2.316E-03 2.249E-03 2.161E-03 2.092E-03 1.953E-03 1.837E-03 1.635E-03 1.399E-03 1.221E-03 6.824E-04 4.879E-04 4.859E-04 1.023E-03 1.369E-03 2.005E-03 2.365E-03 2.457E-03 2.991E-03 3.230E-03 3.439E-03 3.543E-03 3.689E-03 3.764E-03 3.903E-03 4.206E-03 4.519E-03 4.662E-03 4.771E-03 5.048E-03
  1.140E+02  3.002E-03 2.506E-03 2.254E-03 2.377E-03 2.275E-03 2.242E-03 2.217E-03 2.230E-03 2.123E-03 2.185E-03 2.105E-03 2.269E-03 2.300E-03 2.336E-03 2.677E-03 2.379E-03 2.562E-03 1.869E-03 2.155E-03 1.958E-03 2.066E-03 2.049E-03 2.375E-03 3.460E-03 3.254E-03 2.361E-03 2.601E-03 2.891E-03 9.648E-04 1.632E-03 2.122E-03 2.336E-03 2.275E-03 2.209E-03 2.121E-03 2.052E-03 1.912E-03 1.797E-03 1.596E-03 1.361E-03 1.185E-03 6.595E-04 4.745E-04 4.754E-04 1.006E-03 1.347E-03 1.978E-03 2.334E-03 2.425E-03 2.952E-03 3.188E-03 3.393E-03 3.494E-03 3.633E-03 3.702E-03 3.835E-03 4.125E-03 4.423E-03 4.556E-03 4.655E-03 4.928E-03
  1.160E+02  4.078E-03 2.949E-03 2.640E-03 2.530E-03 2.297E-03 2.386E-03 2.488E-03 2.583E-03 2.380E-03 2.419E-03 2.516E-03 2.508E-03 2.753E-03 2.573E-03 2.673E-03 2.573E-03 2.718E-03 2.147E-03 2.390E-03 1.942E-03 2.048E-03 2.015E-03 2.308E-03 3.421E-03 3.242E-03 2.301E-03 2.632E-03 2.897E-03 9.481E-04 1.605E-03 2.083E-03 2.307E-03 2.246E-03 2.180E-03 2.089E-03 2.019E-03 1.880E-03 1.764E-03 1.561E-03 1.328E-03 1.153E-03 6.388E-04 4.625E-04 4.661E-04 9.903E-04 1.329E-03 1.953E-03 2.306E-03 2.397E-03 2.918E-03 3.151E-03 3.352E-03 3.451E-03 3.582E-03 3.647E-03 3.774E-03 4.052E-03 4.335E-03 4.460E-03 4.549E-03 4.820E-03
  1.180E+02  5.323E-03 3.275E-03 3.119E-03 2.916E-03 2.732E-03 2.681E-03 2.568E-03 2.537E-03 2.865E-03 2.948E-03 2.856E-03 2.747E-03 2.776E-03 2.909E-03 3.088E-03 2.760E-03 2.974E-03 2.207E-03 2.817E-03 1.927E-03 2.032E-03 1.978E-03 2.296E-03 3.309E-03 3.166E-03 2.267E-03 2.673E-03 2.957E-03 9.333E-04 1.581E-03 2.053E-03 2.288E-03 2.227E-03 2.158E-03 2.065E-03 1.994E-03 1.853E-03 1.736E-03 1.531E-03 1.297E-03 1.123E-03 6.200E-04 4.519E-04 4.579E-04 9.768E-04 1.312E-03 1.931E-03 2.282E-03 2.371E-03 2.888E-03 3.117E-03 3.315E-03 3.412E-03 3.537E-03 3.597E-03 3.719E-03 3.986E-03 4.256E-03 4.373E-03 4.453E-03 4.721E-03
  1.200E+02  8.244E-03 4.423E-03 3.579E-03 3.272E-03 3.239E-03 3.134E-03 3.037E-03 3.376E-03 3.266E-03 3.353E-03 3.176E-03 3.416E-03 3.151E-03 3.452E-03 3.180E-03 3.028E-03 3.366E-03 2.538E-03 3.544E-03 1.914E-03 2.018E-03 1.956E-03 2.267E-03 3.107E-03 3.066E-03 2.275E-03 2.704E-03 3.075E-03 9.200E-04 1.559E-03 2.030E-03 2.277E-03 2.216E-03 2.144E-03 2.050E-03 1.976E-03 1.832E-03 1.712E-03 1.504E-03 1.270E-03 1.096E-03 6.029E-04 4.425E-04 4.507E-04 9.649E-04 1.297E-03 1.912E-03 2.260E-03 2.349E-03 2.860E-03 3.087E-03 3.282E-03 3.377E-03 3.496E-03 3.552E-03 3.669E-03 3.927E-03 4.185E-03 4.294E-03 4.366E-03 4.632E-03
  1.220E+02  4.357E-03 6.272E-03 4.576E-03 4.352E-03 3.822E-03 4.010E-03 4.002E-03 3.944E-03 3.771E-03 3.855E-03 3.703E-03 4.099E-03 3.813E-03 4.008E-03 3.934E-03 3.429E-03 3.900E-03 2.705E-03 4.374E-03 1.903E-03 2.005E-03 1.923E-03 2.255E-03 3.000E-03 3.071E-03 2.338E-03 2.749E-03 3.222E-03 9.082E-04 1.541E-03 2.015E-03 2.274E-03 2.212E-03 2.138E-03 2.040E-03 1.964E-03 1.815E-03 1.692E-03 1.481E-03 1.244E-03 1.071E-03 5.873E-04 4.341E-04 4.444E-04 9.544E-04 1.284E-03 1.895E-03 2.240E-03 2.328E-03 2.836E-03 3.060E-03 3.252E-03 3.345E-03 3.460E-03 3.511E-03 3.625E-03 3.873E-03 4.120E-03 4.222E-03 4.288E-03 4.551E-03
  1.240E+02  1.925E-03 6.057E-03 6.588E-03 5.878E-03 5.532E-03 5.406E-03 5.077E-03 4.904E-03 4.702E-03 4.795E-03 5.109E-03 5.202E-03 4.842E-03 4.839E-03 4.540E-03 4.000E-03 4.497E-03 3.219E-03 5.637E-03 1.892E-03 1.994E-03 1.906E-03 2.218E-03 2.915E-03 3.058E-03 2.408E-03 2.847E-03 3.382E-03 8.977E-04 1.525E-03 2.006E-03 2.283E-03 2.216E-03 2.141E-03 2.036E-03 1.956E-03 1.802E-03 1.676E-03 1.461E-03 1.221E-03 1.048E-03 5.732E-04 4.267E-04 4.388E-04 9.452E-04 1.273E-03 1.880E-03 2.223E-03 2.311E-03 2.815E-03 3.037E-03 3.226E-03 3.317E-03 3.427E-03 3.475E-03 3.584E-03 3.824E-03 4.061E-03 4.156E-03 4.216E-03 4.478E-03
  1.260E+02  1.505E-03 2.835E-03 4.973E-03 6.158E-03 6.525E-03 6.463E-03 6.090E-03 6.445E-03 6.330E-03 6.308E-03 5.727E-03 5.741E-03 5.742E-03 5.753E-03 5.823E-03 4.871E-03 5.259E-03 3.875E-03 7.452E-03 1.883E-03 1.985E-03 1.882E-03 2.242E-03 2.987E-03 3.172E-03 2.511E-03 2.964E-03 3.600E-03 8.883E-04 1.510E-03 2.004E-03 2.302E-03 2.228E-03 2.149E-03 2.037E-03 1.952E-03 1.792E-03 1.662E-03 1.441E-03 1.199E-03 1.026E-03 5.603E-04 4.201E-04 4.340E-04 9.371E-04 1.263E-03 1.867E-03 2.208E-03 2.295E-03 2.795E-03 3.015E-03 3.202E-03 3.292E-03 3.397E-03 3.442E-03 3.548E-03 3.780E-03 4.007E-03 4.097E-03 4.151E-03 4.411E-03
  1.280E+02  1.424E-03 1.830E-03 2.842E-03 3.753E-03 4.024E-03 4.967E-03 5.676E-03 5.707E-03 5.465E-03 5.384E-03 5.624E-03 5.836E-03 5.803E-03 6.011E-03 5.824E-03 5.570E-03 6.630E-03 4.914E-03 9.106E-03 1.876E-03 1.976E-03 1.880E-03 2.229E-03 3.134E-03 3.414E-03 2.602E-03 3.145E-03 3.836E-03 8.800E-04 1.498E-03 2.011E-03 2.331E-03 2.248E-03 2.161E-03 2.041E-03 1.952E-03 1.785E-03 1.650E-03 1.424E-03 1.178E-03 1.005E-03 5.486E-04 4.142E-04 4.297E-04 9.300E-04 1.254E-03 1.855E-03 2.195E-03 2.281E-03 2.778E-03 2.996E-03 3.181E-03 3.270E-03 3.371E-03 3.413E-03 3.515E-03 3.739E-03 3.958E-03 4.043E-03 4.091E-03 4.351E-03
  1.300E+02  1.428E-03 1.493E-03 1.898E-03 2.465E-03 2.652E-03 3.413E-03 3.562E-03 4.109E-03 4.400E-03 4.409E-03 4.474E-03 5.032E-03 5.168E-03 4.993E-03 6.134E-03 6.050E-03 7.632E-03 6.452E-03 1.120E-02 1.869E-03 1.969E-03 1.872E-03 2.258E-03 3.368E-03 3.780E-03 2.789E-03 3.301E-03 4.204E-03 8.726E-04 1.488E-03 2.026E-03 2.366E-03 2.273E-03 2.175E-03 2.049E-03 1.954E-03 1.779E-03 1.639E-03 1.406E-03 1.159E-03 9.857E-04 5.380E-04 4.091E-04 4.259E-04 9.239E-04 1.246E-03 1.845E-03 2.183E-03 2.269E-03 2.763E-03 2.980E-03 3.163E-03 3.250E-03 3.347E-03 3.386E-03 3.486E-03 3.703E-03 3.914E-03 3.993E-03 4.037E-03 4.296E-03
  1.320E+02  1.372E-03 1.458E-03 1.740E-03 1.987E-03 2.260E-03 2.256E-03 2.990E-03 3.006E-03 3.181E-03 3.339E-03 3.835E-03 4.349E-03 4.471E-03 5.555E-03 7.195E-03 6.964E-03 1.115E-02 8.162E-03 1.092E-02 1.863E-03 1.963E-03 1.885E-03 2.292E-03 3.714E-03 4.186E-03 2.949E-03 3.583E-03 4.507E-03 8.661E-04 1.480E-03 2.047E-03 2.408E-03 2.300E-03 2.194E-03 2.059E-03 1.958E-03 1.772E-03 1.627E-03 1.390E-03 1.139E-03 9.668E-04 5.283E-04 4.045E-04 4.226E-04 9.185E-04 1.239E-03 1.836E-03 2.172E-03 2.258E-03 2.750E-03 2.965E-03 3.146E-03 3.232E-03 3.325E-03 3.362E-03 3.459E-03 3.670E-03 3.873E-03 3.947E-03 3.988E-03 4.246E-03
  1.340E+02  1.248E-03 1.608E-03 1.826E-03 2.249E-03 2.316E-03 2.903E-03 3.339E-03 3.555E-03 4.333E-03 4.621E-03 4.817E-03 4.892E-03 6.630E-03 6.559E-03 8.860E-03 1.099E-02 1.393E-02 1.210E-02 1.114E-02 1.858E-03 1.957E-03 1.888E-03 2.385E-03 4.339E-03 4.978E-03 3.195E-03 3.854E-03 4.870E-03 8.603E-04 1.473E-03 2.074E-03 2.456E-03 2.330E-03 2.213E-03 2.067E-03 1.960E-03 1.767E-03 1.616E-03 1.373E-03 1.120E-03 9.488E-04 5.196E-04 4.005E-04 4.198E-04 9.138E-04 1.234E-03 1.828E-03 2.163E-03 2.249E-03 2.739E-03 2.952E-03 3.131E-03 3.216E-03 3.306E-03 3.341E-03 3.435E-03 3.639E-03 3.835E-03 3.905E-03 3.942E-03 4.200E-03
  1.360E+02  1.408E-03 1.812E-03 2.768E-03 3.098E-03 4.132E-03 5.138E-03 6.063E-03 7.878E-03 8.222E-03 8.503E-03 1.022E-02 1.071E-02 1.187E-02 1.387E-02 1.650E-02 1.472E-02 2.289E-02 1.386E-02 1.022E-02 1.853E-03 1.953E-03 1.914E-03 2.600E-03 4.735E-03 5.414E-03 3.482E-03 4.221E-03 5.192E-03 8.553E-04 1.468E-03 2.105E-03 2.509E-03 2.358E-03 2.233E-03 2.075E-03 1.962E-03 1.759E-03 1.603E-03 1.356E-03 1.102E-03 9.315E-04 5.117E-04 3.969E-04 4.173E-04 9.098E-04 1.228E-03 1.821E-03 2.155E-03 2.241E-03 2.728E-03 2.940E-03 3.118E-03 3.202E-03 3.289E-03 3.321E-03 3.412E-03 3.612E-03 3.800E-03 3.866E-03 3.900E-03 4.159E-03
  1.380E+02  1.672E-03 3.712E-03 7.008E-03 1.187E-02 1.620E-02 1.886E-02 2.266E-02 2.374E-02 2.532E-02 2.480E-02 2.713E-02 2.673E-02 2.804E-02 2.682E-02 2.782E-02 2.454E-02 2.692E-02 1.648E-02 8.851E-03 1.849E-03 1.949E-03 1.952E-03 2.799E-03 5.813E-03 6.449E-03 3.690E-03 4.678E-03 5.382E-03 8.508E-04 1.464E-03 2.142E-03 2.567E-03 2.387E-03 2.251E-03 2.080E-03 1.961E-03 1.750E-03 1.590E-03 1.338E-03 1.084E-03 9.153E-04 5.046E-04 3.938E-04 4.151E-04 9.063E-04 1.224E-03 1.815E-03 2.149E-03 2.234E-03 2.719E-03 2.930E-03 3.106E-03 3.189E-03 3.273E-03 3.303E-03 3.392E-03 3.586E-03 3.767E-03 3.829E-03 3.861E-03 4.121E-03
  1.400E+02  3.395E-03 2.120E-02 4.058E-02 4.708E-02 4.730E-02 4.475E-02 4.351E-02 4.145E-02 3.968E-02 3.922E-02 3.816E-02 3.660E-02 3.538E-02 3.494E-02 3.172E-02 2.612E-02 2.630E-02 1.553E-02 8.547E-03 1.846E-03 1.946E-03 1.993E-03 3.107E-03 7.363E-03 7.994E-03 4.085E-03 4.940E-03 5.696E-03 8.470E-04 1.462E-03 2.185E-03 2.620E-03 2.414E-03 2.262E-03 2.083E-03 1.959E-03 1.739E-03 1.576E-03 1.321E-03 1.068E-03 9.004E-04 4.983E-04 3.910E-04 4.133E-04 9.033E-04 1.220E-03 1.810E-03 2.143E-03 2.227E-03 2.711E-03 2.921E-03 3.096E-03 3.177E-03 3.259E-03 3.287E-03 3.373E-03 3.561E-03 3.736E-03 3.795E-03 3.825E-03 4.087E-03
  1.420E+02  2.912E-02 5.063E-02 3.702E-02 3.124E-02 2.932E-02 2.898E-02 2.669E-02 2.626E-02 2.669E-02 2.722E-02 2.667E-02 2.639E-02 2.709E-02 2.579E-02 2.479E-02 2.133E-02 2.157E-02 1.339E-02 8.331E-03 1.843E-03 1.944E-03 2.072E-03 3.612E-03 8.776E-03 9.090E-03 4.416E-03 5.249E-03 5.869E-03 8.437E-04 1.461E-03 2.231E-03 2.667E-03 2.433E-03 2.270E-03 2.083E-03 1.953E-03 1.727E-03 1.561E-03 1.305E-03 1.052E-03 8.868E-04 4.927E-04 3.886E-04 4.116E-04 9.007E-04 1.217E-03 1.806E-03 2.138E-03 2.222E-03 2.705E-03 2.913E-03 3.086E-03 3.167E-03 3.246E-03 3.272E-03 3.356E-03 3.539E-03 3.707E-03 3.761E-03 3.790E-03 4.055E-03
  1.440E+02  4.540E-02 2.633E-02 2.430E-02 2.218E-02 2.165E-02 2.076E-02 2.028E-02 2.012E-02 1.979E-02 1.992E-02 2.036E-02 1.978E-02 2.045E-02 1.998E-02 2.040E-02 1.816E-02 1.781E-02 1.172E-02 7.615E-03 1.841E-03 1.943E-03 2.149E-03 4.004E-03 1.115E-02 1.066E-02 4.598E-03 5.532E-03 5.887E-03 8.409E-04 1.461E-03 2.280E-03 2.712E-03 2.449E-03 2.272E-03 2.080E-03 1.946E-03 1.714E-03 1.546E-03 1.289E-03 1.038E-03 8.749E-04 4.879E-04 3.865E-04 4.103E-04 8.986E-04 1.214E-03 1.802E-03 2.133E-03 2.218E-03 2.699E-03 2.906E-03 3.078E-03 3.158E-03 3.234E-03 3.258E-03 3.340E-03 3.517E-03 3.678E-03 3.729E-03 3.758E-03 4.026E-03
  1.460E+02  2.696E-02 2.150E-02 2.040E-02 1.926E-02 1.912E-02 1.777E-02 1.722E-02 1.746E-02 1.822E-02 1.830E-02 1.811E-02 1.717E-02 1.724E-02 1.747E-02 1.642E-02 1.554E-02 1.518E-02 1.044E-02 7.076E-03 1.839E-03 1.943E-03 2.220E-03 4.608E-03 1.348E-02 1.193E-02 4.844E-03 5.625E-03 5.851E-03 8.386E-04 1.464E-03 2.328E-03 2.748E-03 2.457E-03 2.273E-03 2.074E-03 1.938E-03 1.702E-03 1.533E-03 1.276E-03 1.027E-03 8.648E-04 4.837E-04 3.847E-04 4.091E-04 8.968E-04 1.212E-03 1.799E-03 2.130E-03 2.214E-03 2.693E-03 2.899E-03 3.071E-03 3.150E-03 3.223E-03 3.245E-03 3.324E-03 3.496E-03 3.651E-03 3.698E-03 3.728E-03 4.000E-03
  1.480E+02  2.430E-02 1.919E-02 1.764E-02 1.805E-02 1.612E-02 1.702E-02 1.577E-02 1.595E-02 1.621E-02 1.623E-02 1.691E-02 1.554E-02 1.619E-02 1.552E-02 1.581E-02 1.421E-02 1.450E-02 9.707E-03 7.054E-03 1.838E-03 1.943E-03 2.343E-03 5.555E-03 1.411E-02 1.186E-02 4.933E-03 5.738E-03 5.687E-03 8.368E-04 1.468E-03 2.373E-03 2.783E-03 2.464E-03 2.274E-03 2.068E-03 1.930E-03 1.694E-03 1.523E-03 1.266E-03 1.017E-03 8.568E-04 4.801E-04 3.831E-04 4.081E-04 8.952E-04 1.210E-03 1.796E-03 2.126E-03 2.210E-03 2.689E-03 2.894E-03 3.064E-03 3.142E-03 3.212E-03 3.232E-03 3.309E-03 3.476E-03 3.624E-03 3.667E-03 3.698E-03 3.977E-03
  1.500E+02  2.155E-02 1.665E-02 1.643E-02 1.558E-02 1.498E-02 1.518E-02 1.477E-02 1.496E-02 1.506E-02 1.521E-02 1.444E-02 1.550E-02 1.495E-02 1.502E-02 1.458E-02 1.235E-02 1.363E-02 8.961E-03 6.626E-03 1.836E-03 1.944E-03 2.500E-03 6.208E-03 1.469E-02 1.149E-02 4.875E-03 5.802E-03 5.503E-03 8.356E-04 1.474E-03 2.419E-03 2.813E-03 2.472E-03 2.276E-03 2.066E-03 1.927E-03 1.689E-03 1.518E-03 1.260E-03 1.011E-03 8.511E-04 4.771E-04 3.818E-04 4.072E-04 8.940E-04 1.209E-03 1.794E-03 2.124E-03 2.208E-03 2.685E-03 2.889E-03 3.058E-03 3.135E-03 3.202E-03 3.221E-03 3.295E-03 3.456E-03 3.597E-03 3.637E-03 3.671E-03 3.955E-03
  1.520E+02  2.054E-02 1.582E-02 1.490E-02 1.470E-02 1.355E-02 1.443E-02 1.360E-02 1.384E-02 1.364E-02 1.376E-02 1.380E-02 1.402E-02 1.417E-02 1.442E-02 1.451E-02 1.216E-02 1.293E-02 7.929E-03 6.347E-03 1.835E-03 1.947E-03 2.615E-03 6.593E-03 1.466E-02 1.123E-02 4.837E-03 5.748E-03 5.337E-03 8.349E-04 1.482E-03 2.467E-03 2.840E-03 2.484E-03 2.286E-03 2.072E-03 1.932E-03 1.692E-03 1.520E-03 1.259E-03 1.009E-03 8.482E-04 4.748E-04 3.806E-04 4.065E-04 8.930E-04 1.207E-03 1.792E-03 2.122E-03 2.205E-03 2.682E-03 2.885E-03 3.053E-03 3.129E-03 3.193E-03 3.209E-03 3.282E-03 3.437E-03 3.572E-03 3.608E-03 3.645E-03 3.937E-03
  1.540E+02  1.783E-02 1.491E-02 1.293E-02 1.358E-02 1.238E-02 1.321E-02 1.302E-02 1.293E-02 1.325E-02 1.347E-02 1.265E-02 1.376E-02 1.382E-02 1.240E-02 1.369E-02 1.152E-02 1.271E-02 8.175E-03 6.191E-03 1.834E-03 1.951E-03 2.751E-03 7.162E-03 1.408E-02 1.097E-02 4.800E-03 5.640E-03 5.302E-03 8.348E-04 1.494E-03 2.522E-03 2.877E-03 2.511E-03 2.308E-03 2.092E-03 1.949E-03 1.706E-03 1.530E-03 1.265E-03 1.011E-03 8.484E-04 4.731E-04 3.797E-04 4.059E-04 8.922E-04 1.206E-03 1.791E-03 2.120E-03 2.204E-03 2.679E-03 2.881E-03 3.048E-03 3.124E-03 3.185E-03 3.199E-03 3.269E-03 3.419E-03 3.547E-03 3.581E-03 3.621E-03 3.921E-03
  1.560E+02  1.607E-02 1.363E-02 1.232E-02 1.203E-02 1.280E-02 1.193E-02 1.223E-02 1.121E-02 1.156E-02 1.178E-02 1.218E-02 1.317E-02 1.207E-02 1.275E-02 1.172E-02 1.147E-02 1.213E-02 8.050E-03 6.082E-03 1.834E-03 1.956E-03 2.942E-03 7.451E-03 1.349E-02 1.078E-02 4.813E-03 5.527E-03 5.406E-03 8.353E-04 1.509E-03 2.591E-03 2.930E-03 2.558E-03 2.349E-03 2.131E-03 1.984E-03 1.731E-03 1.551E-03 1.279E-03 1.018E-03 8.518E-04 4.721E-04 3.789E-04 4.054E-04 8.915E-04 1.206E-03 1.790E-03 2.119E-03 2.202E-03 2.677E-03 2.878E-03 3.044E-03 3.119E-03 3.177E-03 3.189E-03 3.257E-03 3.402E-03 3.525E-03 3.555E-03 3.599E-03 3.908E-03
  1.580E+02  1.495E-02 1.227E-02 1.125E-02 1.149E-02 1.070E-02 1.144E-02 1.088E-02 1.178E-02 1.147E-02 1.184E-02 1.170E-02 1.165E-02 1.187E-02 1.187E-02 1.190E-02 1.087E-02 1.126E-02 7.981E-03 6.010E-03 1.833E-03 1.961E-03 3.089E-03 7.355E-03 1.294E-02 1.051E-02 4.894E-03 5.564E-03 5.551E-03 8.364E-04 1.527E-03 2.680E-03 3.020E-03 2.636E-03 2.422E-03 2.192E-03 2.038E-03 1.774E-03 1.585E-03 1.302E-03 1.031E-03 8.591E-04 4.716E-04 3.783E-04 4.050E-04 8.910E-04 1.205E-03 1.789E-03 2.118E-03 2.201E-03 2.675E-03 2.876E-03 3.040E-03 3.114E-03 3.170E-03 3.181E-03 3.246E-03 3.387E-03 3.504E-03 3.532E-03 3.581E-03 3.899E-03
  1.600E+02  1.366E-02 1.184E-02 1.066E-02 1.077E-02 1.059E-02 1.048E-02 1.070E-02 1.108E-02 1.075E-02 1.086E-02 1.073E-02 1.100E-02 1.155E-02 1.169E-02 1.163E-02 1.041E-02 1.117E-02 7.839E-03 5.904E-03 1.833E-03 1.965E-03 3.221E-03 7.314E-03 1.304E-02 1.047E-02 5.026E-03 5.810E-03 5.827E-03 8.381E-04 1.545E-03 2.803E-03 3.169E-03 2.760E-03 2.531E-03 2.285E-03 2.120E-03 1.838E-03 1.636E-03 1.336E-03 1.051E-03 8.709E-04 4.719E-04 3.778E-04 4.047E-04 8.907E-04 1.205E-03 1.789E-03 2.117E-03 2.200E-03 2.674E-03 2.874E-03 3.038E-03 3.111E-03 3.164E-03 3.174E-03 3.237E-03 3.375E-03 3.487E-03 3.512E-03 3.566E-03 3.893E-03
  1.620E+02  1.226E-02 1.029E-02 9.797E-03 1.029E-02 1.010E-02 1.046E-02 9.219E-03 1.022E-02 9.922E-03 1.008E-02 1.029E-02 1.028E-02 1.048E-02 1.167E-02 1.091E-02 9.680E-03 1.139E-02 7.591E-03 5.759E-03 1.832E-03 1.966E-03 3.430E-03 7.452E-03 1.365E-02 1.100E-02 5.360E-03 6.224E-03 6.285E-03 8.401E-04 1.561E-03 2.974E-03 3.386E-03 2.937E-03 2.687E-03 2.415E-03 2.235E-03 1.926E-03 1.707E-03 1.383E-03 1.078E-03 8.878E-04 4.728E-04 3.774E-04 4.045E-04 8.905E-04 1.204E-03 1.788E-03 2.117E-03 2.200E-03 2.673E-03 2.873E-03 3.036E-03 3.109E-03 3.160E-03 3.168E-03 3.231E-03 3.365E-03 3.474E-03 3.497E-03 3.555E-03 3.890E-03
  1.640E+02  1.173E-02 9.509E-03 8.762E-03 8.512E-03 9.468E-03 9.414E-03 9.634E-03 9.931E-03 9.799E-03 1.001E-02 1.027E-02 1.043E-02 9.944E-03 1.045E-02 1.159E-02 1.001E-02 1.153E-02 7.329E-03 5.941E-03 1.832E-03 1.962E-03 3.642E-03 7.915E-03 1.442E-02 1.179E-02 5.933E-03 6.937E-03 6.940E-03 8.416E-04 1.565E-03 3.182E-03 3.683E-03 3.175E-03 2.894E-03 2.584E-03 2.382E-03 2.040E-03 1.798E-03 1.443E-03 1.113E-03 9.097E-04 4.742E-04 3.771E-04 4.044E-04 8.904E-04 1.204E-03 1.788E-03 2.116E-03 2.200E-03 2.673E-03 2.873E-03 3.036E-03 3.108E-03 3.158E-03 3.165E-03 3.227E-03 3.359E-03 3.466E-03 3.488E-03 3.549E-03 3.891E-03
  1.660E+02  1.048E-02 9.761E-03 9.022E-03 8.436E-03 8.799E-03 8.882E-03 8.939E-03 9.285E-03 8.837E-03 9.067E-03 9.749E-03 1.019E-02 1.013E-02 1.101E-02 1.190E-02 1.068E-02 1.112E-02 8.071E-03 6.333E-03 1.832E-03 1.953E-03 3.766E-03 8.821E-03 1.623E-02 1.344E-02 6.717E-03 8.039E-03 7.944E-03 8.416E-04 1.548E-03 3.371E-03 4.025E-03 3.451E-03 3.123E-03 2.777E-03 2.548E-03 2.167E-03 1.900E-03 1.510E-03 1.152E-03 9.337E-04 4.756E-04 3.768E-04 4.043E-04 8.903E-04 1.204E-03 1.788E-03 2.117E-03 2.200E-03 2.673E-03 2.873E-03 3.036E-03 3.109E-03 3.158E-03 3.164E-03 3.226E-03 3.358E-03 3.463E-03 3.484E-03 3.548E-03 3.895E-03
  1.680E+02  1.050E-02 9.081E-03 9.028E-03 8.633E-03 8.495E-03 8.678E-03 8.490E-03 9.069E-03 9.100E-03 9.339E-03 9.566E-03 9.220E-03 1.019E-02 1.044E-02 1.170E-02 1.055E-02 1.158E-02 8.502E-03 6.802E-03 1.832E-03 1.943E-03 3.792E-03 9.678E-03 1.841E-02 1.563E-02 7.737E-03 9.327E-03 9.267E-03 8.384E-04 1.505E-03 3.423E-03 4.266E-03 3.658E-03 3.298E-03 2.926E-03 2.676E-03 2.265E-03 1.979E-03 1.563E-03 1.183E-03 9.523E-04 4.759E-04 3.765E-04 4.043E-04 8.904E-04 1.204E-03 1.789E-03 2.117E-03 2.201E-03 2.674E-03 2.875E-03 3.038E-03 3.110E-03 3.160E-03 3.166E-03 3.227E-03 3.360E-03 3.465E-03 3.486E-03 3.552E-03 3.902E-03
  1.700E+02  9.499E-03 7.926E-03 7.710E-03 7.830E-03 8.539E-03 8.438E-03 8.742E-03 9.316E-03 9.061E-03 9.351E-03 9.507E-03 1.056E-02 1.080E-02 1.034E-02 1.281E-02 1.080E-02 1.332E-02 9.318E-03 7.698E-03 1.832E-03 1.935E-03 3.772E-03 1.017E-02 2.063E-02 1.773E-02 8.567E-03 1.021E-02 1.038E-02 8.308E-04 1.443E-03 3.206E-03 4.177E-03 3.606E-03 3.260E-03 2.890E-03 2.643E-03 2.244E-03 1.964E-03 1.553E-03 1.177E-03 9.483E-04 4.736E-04 3.761E-04 4.044E-04 8.905E-04 1.205E-03 1.789E-03 2.118E-03 2.202E-03 2.676E-03 2.877E-03 3.040E-03 3.113E-03 3.163E-03 3.170E-03 3.232E-03 3.365E-03 3.472E-03 3.493E-03 3.559E-03 3.911E-03
  1.720E+02  9.544E-03 8.612E-03 8.285E-03 8.240E-03 7.828E-03 8.884E-03 8.826E-03 9.770E-03 9.222E-03 9.571E-03 1.048E-02 1.084E-02 1.134E-02 1.090E-02 1.310E-02 1.206E-02 1.313E-02 1.096E-02 9.575E-03 1.832E-03 1.935E-03 3.752E-03 1.128E-02 2.311E-02 1.925E-02 8.479E-03 9.949E-03 1.028E-02 8.199E-04 1.384E-03 2.747E-03 3.627E-03 3.156E-03 2.869E-03 2.554E-03 2.345E-03 2.011E-03 1.775E-03 1.425E-03 1.100E-03 8.983E-04 4.668E-04 3.755E-04 4.045E-04 8.907E-04 1.205E-03 1.790E-03 2.119E-03 2.203E-03 2.678E-03 2.879E-03 3.044E-03 3.117E-03 3.168E-03 3.176E-03 3.238E-03 3.373E-03 3.481E-03 3.502E-03 3.568E-03 3.921E-03
  1.740E+02  9.200E-03 8.788E-03 8.782E-03 8.874E-03 9.077E-03 8.916E-03 9.403E-03 9.977E-03 1.025E-02 1.077E-02 1.160E-02 1.114E-02 1.296E-02 1.376E-02 1.484E-02 1.416E-02 1.549E-02 1.228E-02 9.100E-03 1.832E-03 1.945E-03 3.599E-03 1.287E-02 2.634E-02 2.074E-02 7.723E-03 8.867E-03 8.756E-03 8.098E-04 1.355E-03 2.334E-03 2.915E-03 2.510E-03 2.285E-03 2.045E-03 1.887E-03 1.634E-03 1.458E-03 1.199E-03 9.559E-04 8.027E-04 4.556E-04 3.750E-04 4.046E-04 8.909E-04 1.205E-03 1.790E-03 2.120E-03 2.204E-03 2.680E-03 2.882E-03 3.047E-03 3.121E-03 3.173E-03 3.181E-03 3.245E-03 3.381E-03 3.491E-03 3.513E-03 3.578E-03 3.931E-03
  1.760E+02  9.923E-03 9.532E-03 9.735E-03 9.489E-03 1.069E-02 1.068E-02 1.183E-02 1.146E-02 1.208E-02 1.292E-02 1.328E-02 1.469E-02 1.564E-02 1.759E-02 2.034E-02 1.974E-02 2.284E-02 1.617E-02 1.046E-02 1.832E-03 1.961E-03 3.271E-03 1.268E-02 2.907E-02 2.176E-02 7.157E-03 8.161E-03 7.732E-03 8.048E-04 1.365E-03 2.313E-03 2.694E-03 2.240E-03 2.019E-03 1.788E-03 1.643E-03 1.411E-03 1.256E-03 1.039E-03 8.412E-04 7.208E-04 4.455E-04 3.749E-04 4.049E-04 8.911E-04 1.206E-03 1.791E-03 2.121E-03 2.205E-03 2.682E-03 2.884E-03 3.050E-03 3.125E-03 3.178E-03 3.187E-03 3.251E-03 3.389E-03 3.500E-03 3.523E-03 3.587E-03 3.939E-03
  1.780E+02  1.337E-02 1.331E-02 1.279E-02 1.388E-02 1.594E-02 1.677E-02 1.809E-02 1.946E-02 1.863E-02 2.002E-02 2.207E-02 2.404E-02 2.701E-02 2.919E-02 2.899E-02 2.589E-02 2.851E-02 1.819E-02 1.257E-02 1.833E-03 1.976E-03 3.278E-03 1.003E-02 2.466E-02 1.915E-02 7.679E-03 9.019E-03 8.912E-03 8.051E-04 1.394E-03 2.673E-03 3.180E-03 2.582E-03 2.299E-03 1.989E-03 1.804E-03 1.516E-03 1.324E-03 1.062E-03 8.395E-04 7.115E-04 4.429E-04 3.752E-04 4.051E-04 8.913E-04 1.206E-03 1.792E-03 2.122E-03 2.206E-03 2.683E-03 2.886E-03 3.052E-03 3.127E-03 3.181E-03 3.191E-03 3.255E-03 3.394E-03 3.507E-03 3.530E-03 3.593E-03 3.945E-03
  1.800E+02  5.442E-02 7.895E-02 7.723E-02 7.188E-02 6.423E-02 7.726E-02 8.881E-02 8.680E-02 7.621E-02 7.677E-02 7.044E-02 8.262E-02 8.158E-02 7.476E-02 6.921E-02 4.259E-02 6.002E-02 2.654E-02 1.905E-02 1.841E-03 1.982E-03 3.616E-03 1.115E-02 2.605E-02 2.144E-02 9.187E-03 1.087E-02 1.087E-02 8.062E-04 1.410E-03 2.915E-03 3.573E-03 2.886E-03 2.558E-03 2.191E-03 1.975E-03 1.645E-03 1.423E-03 1.120E-03 8.699E-04 7.280E-04 4.439E-04 3.754E-04 4.052E-04 8.913E-04 1.206E-03 1.792E-03 2.122E-03 2.206E-03 2.684E-03 2.887E-03 3.053E-03 3.128E-03 3.182E-03 3.192E-03 3.257E-03 3.396E-03 3.509E-03 3.532E-03 3.595E-03 3.946E-03
