# sea salt (coa., 95%)
#
# size distribution: lognormal
# ------------------
#
#   minimum radius, [um]:      1.080E-02
#   maximum radius, [um]:      1.000E+02
#                  sigma:      2.030E+00
#       Rmod (wet), [um]:      5.110E+00
#       Rmod (dry), [um]:      1.750E+00
#
# optical parameters:
# -------------------
#
# wavelength ext.coef  sca.coef  abs.coef  si.sc.alb  asym.par  ext.nor    ref.real  ref.imag
#     [um]     [1/km]    [1/km]    [1/km]
#
#  2.500E-01 4.558E-01 4.557E-01 8.215E-05 9.998E-01 0.842E+00 9.843E-01  1.368E+00 -2.330E-07
#  3.000E-01 4.567E-01 4.567E-01 2.810E-05 9.999E-01 0.848E+00 9.864E-01  1.355E+00 -9.569E-08
#  3.500E-01 4.577E-01 4.577E-01 4.638E-06 1.000E+00 0.855E+00 9.885E-01  1.350E+00 -1.925E-08
#  4.000E-01 4.596E-01 4.596E-01 4.931E-07 1.000E+00 0.864E+00 9.925E-01  1.345E+00 -2.990E-09
#  4.500E-01 4.609E-01 4.609E-01 4.396E-07 1.000E+00 0.869E+00 9.954E-01  1.344E+00 -1.955E-09
#  5.000E-01 4.620E-01 4.620E-01 1.652E-07 1.000E+00 0.862E+00 9.977E-01  1.342E+00 -1.582E-09
#  5.500E-01 4.630E-01 4.630E-01 2.484E-07 1.000E+00 0.862E+00 1.000E+00  1.340E+00 -2.283E-09
#  6.000E-01 4.640E-01 4.640E-01 1.604E-06 1.000E+00 0.868E+00 1.002E+00  1.338E+00 -1.110E-08
#  6.500E-01 4.653E-01 4.653E-01 2.496E-06 1.000E+00 0.864E+00 1.005E+00  1.337E+00 -1.744E-08
#  7.000E-01 4.657E-01 4.657E-01 5.469E-06 1.000E+00 0.863E+00 1.006E+00  1.337E+00 -4.019E-08
#  7.500E-01 4.676E-01 4.675E-01 2.408E-05 9.999E-01 0.865E+00 1.010E+00  1.336E+00 -1.931E-07
#  8.000E-01 4.676E-01 4.676E-01 2.297E-05 1.000E+00 0.864E+00 1.010E+00  1.335E+00 -1.983E-07
#  9.000E-01 4.702E-01 4.700E-01 2.297E-04 9.995E-01 0.860E+00 1.015E+00  1.334E+00 -2.169E-06
#  1.000E+00 4.706E-01 4.698E-01 7.791E-04 9.983E-01 0.865E+00 1.016E+00  1.333E+00 -8.437E-06
#  1.250E+00 4.764E-01 4.747E-01 1.754E-03 9.963E-01 0.859E+00 1.029E+00  1.329E+00 -2.273E-05
#  1.500E+00 4.805E-01 4.676E-01 1.291E-02 9.731E-01 0.859E+00 1.038E+00  1.327E+00 -2.149E-04
#  1.750E+00 4.835E-01 4.767E-01 6.829E-03 9.859E-01 0.856E+00 1.044E+00  1.319E+00 -1.266E-04
#  2.000E+00 4.890E-01 4.453E-01 4.370E-02 9.106E-01 0.865E+00 1.056E+00  1.312E+00 -1.096E-03
#  2.500E+00 4.990E-01 4.439E-01 5.505E-02 8.897E-01 0.876E+00 1.078E+00  1.268E+00 -1.831E-03
#  3.000E+00 4.909E-01 2.537E-01 2.372E-01 5.169E-01 0.953E+00 1.060E+00  1.381E+00 -2.615E-01
#  3.200E+00 5.002E-01 2.609E-01 2.393E-01 5.216E-01 0.944E+00 1.080E+00  1.478E+00 -8.881E-02
#  3.390E+00 5.061E-01 3.058E-01 2.003E-01 6.042E-01 0.901E+00 1.093E+00  1.425E+00 -2.230E-02
#  3.500E+00 5.092E-01 3.708E-01 1.384E-01 7.282E-01 0.858E+00 1.100E+00  1.403E+00 -9.087E-03
#  3.750E+00 5.147E-01 4.444E-01 7.030E-02 8.634E-01 0.828E+00 1.112E+00  1.373E+00 -3.416E-03
#  4.000E+00 5.198E-01 4.378E-01 8.201E-02 8.422E-01 0.835E+00 1.123E+00  1.356E+00 -4.471E-03
#  4.500E+00 5.284E-01 3.802E-01 1.482E-01 7.196E-01 0.868E+00 1.141E+00  1.338E+00 -1.292E-02
#  5.000E+00 5.374E-01 4.016E-01 1.358E-01 7.474E-01 0.860E+00 1.160E+00  1.331E+00 -1.200E-02
#  5.500E+00 5.476E-01 4.240E-01 1.237E-01 7.742E-01 0.865E+00 1.183E+00  1.303E+00 -1.128E-02
#  6.000E+00 5.203E-01 2.714E-01 2.489E-01 5.216E-01 0.946E+00 1.124E+00  1.271E+00 -1.031E-01
#  6.200E+00 5.353E-01 2.871E-01 2.482E-01 5.364E-01 0.921E+00 1.156E+00  1.373E+00 -8.535E-02
#  6.500E+00 5.498E-01 3.434E-01 2.064E-01 6.247E-01 0.890E+00 1.187E+00  1.344E+00 -3.783E-02
#  7.200E+00 5.586E-01 3.736E-01 1.850E-01 6.688E-01 0.885E+00 1.206E+00  1.316E+00 -3.109E-02
#  7.900E+00 5.606E-01 3.784E-01 1.822E-01 6.750E-01 0.891E+00 1.211E+00  1.298E+00 -3.306E-02
#  8.200E+00 5.598E-01 3.775E-01 1.823E-01 6.743E-01 0.894E+00 1.209E+00  1.291E+00 -3.449E-02
#  8.500E+00 5.583E-01 3.751E-01 1.832E-01 6.719E-01 0.897E+00 1.206E+00  1.286E+00 -3.627E-02
#  8.700E+00 5.575E-01 3.733E-01 1.842E-01 6.695E-01 0.897E+00 1.204E+00  1.285E+00 -3.758E-02
#  9.000E+00 5.541E-01 3.694E-01 1.847E-01 6.666E-01 0.901E+00 1.197E+00  1.278E+00 -3.942E-02
#  9.200E+00 5.500E-01 3.649E-01 1.850E-01 6.636E-01 0.905E+00 1.188E+00  1.269E+00 -4.089E-02
#  9.500E+00 5.418E-01 3.562E-01 1.856E-01 6.574E-01 0.910E+00 1.170E+00  1.257E+00 -4.334E-02
#  9.800E+00 5.303E-01 3.432E-01 1.871E-01 6.472E-01 0.917E+00 1.145E+00  1.242E+00 -4.662E-02
#  1.000E+01 5.196E-01 3.313E-01 1.883E-01 6.376E-01 0.922E+00 1.122E+00  1.231E+00 -4.936E-02
#  1.060E+01 4.715E-01 2.734E-01 1.981E-01 5.798E-01 0.937E+00 1.018E+00  1.192E+00 -6.526E-02
#  1.100E+01 4.344E-01 2.200E-01 2.143E-01 5.065E-01 0.943E+00 9.380E-01  1.166E+00 -9.347E-02
#  1.150E+01 4.105E-01 1.823E-01 2.282E-01 4.441E-01 0.943E+00 8.866E-01  1.140E+00 -1.369E-01
#  1.250E+01 4.328E-01 1.839E-01 2.489E-01 4.248E-01 0.924E+00 9.346E-01  1.135E+00 -2.492E-01
#  1.300E+01 4.495E-01 1.937E-01 2.558E-01 4.309E-01 0.913E+00 9.708E-01  1.157E+00 -2.935E-01
#  1.400E+01 4.761E-01 2.097E-01 2.664E-01 4.405E-01 0.895E+00 1.028E+00  1.218E+00 -3.561E-01
#  1.480E+01 4.896E-01 2.177E-01 2.720E-01 4.445E-01 0.884E+00 1.057E+00  1.265E+00 -3.813E-01
#  1.500E+01 4.929E-01 2.196E-01 2.733E-01 4.455E-01 0.882E+00 1.065E+00  1.277E+00 -3.873E-01
#  1.640E+01 5.108E-01 2.301E-01 2.807E-01 4.504E-01 0.864E+00 1.103E+00  1.355E+00 -4.135E-01
#  1.720E+01 5.199E-01 2.357E-01 2.841E-01 4.534E-01 0.855E+00 1.123E+00  1.400E+00 -4.166E-01
#  1.800E+01 5.266E-01 2.399E-01 2.867E-01 4.556E-01 0.847E+00 1.137E+00  1.437E+00 -4.141E-01
#  1.850E+01 5.297E-01 2.419E-01 2.878E-01 4.567E-01 0.843E+00 1.144E+00  1.456E+00 -4.095E-01
#  2.000E+01 5.345E-01 2.455E-01 2.890E-01 4.594E-01 0.832E+00 1.154E+00  1.491E+00 -3.833E-01
#  2.130E+01 5.340E-01 2.453E-01 2.888E-01 4.593E-01 0.825E+00 1.153E+00  1.502E+00 -3.704E-01
#  2.250E+01 5.345E-01 2.459E-01 2.886E-01 4.600E-01 0.817E+00 1.154E+00  1.516E+00 -3.624E-01
#  2.500E+01 5.334E-01 2.460E-01 2.874E-01 4.612E-01 0.801E+00 1.152E+00  1.540E+00 -3.499E-01
#  2.790E+01 5.282E-01 2.443E-01 2.839E-01 4.625E-01 0.784E+00 1.141E+00  1.558E+00 -3.364E-01
#  3.000E+01 5.204E-01 2.406E-01 2.798E-01 4.623E-01 0.775E+00 1.124E+00  1.560E+00 -3.269E-01
#  3.500E+01 4.932E-01 2.196E-01 2.736E-01 4.452E-01 0.755E+00 1.065E+00  1.541E+00 -3.426E-01
#  4.000E+01 4.743E-01 1.972E-01 2.771E-01 4.158E-01 0.729E+00 1.024E+00  1.528E+00 -4.097E-01
#
# volume phase function [1/km]:
# -----------------------------
#
# sca.ang. | wavelengths --->
# ---------|------------------
#          | 2.500E-01 3.000E-01 3.500E-01 4.000E-01 4.500E-01 5.000E-01 5.500E-01 6.000E-01 6.500E-01 7.000E-01 7.500E-01 8.000E-01 9.000E-01 1.000E+00 1.250E+00 1.500E+00 1.750E+00 2.000E+00 2.500E+00 3.000E+00 3.200E+00 3.390E+00 3.500E+00 3.750E+00 4.000E+00 4.500E+00 5.000E+00 5.500E+00 6.000E+00 6.200E+00 6.500E+00 7.200E+00 7.900E+00 8.200E+00 8.500E+00 8.700E+00 9.000E+00 9.200E+00 9.500E+00 9.800E+00 1.000E+01 1.060E+01 1.100E+01 1.150E+01 1.250E+01 1.300E+01 1.400E+01 1.480E+01 1.500E+01 1.640E+01 1.720E+01 1.800E+01 1.850E+01 2.000E+01 2.130E+01 2.250E+01 2.500E+01 2.790E+01 3.000E+01 3.500E+01 4.000E+01
#
  0.000E+00  5.561E+03 3.869E+03 2.831E+03 2.195E+03 1.738E+03 1.413E+03 1.170E+03 9.815E+02 8.438E+02 7.220E+02 6.360E+02 5.586E+02 4.438E+02 3.617E+02 2.337E+02 1.640E+02 1.216E+02 9.399E+01 6.120E+01 4.233E+01 3.774E+01 3.394E+01 3.202E+01 2.824E+01 2.500E+01 1.997E+01 1.644E+01 1.386E+01 1.137E+01 1.079E+01 1.003E+01 8.399E+00 7.144E+00 6.696E+00 6.288E+00 6.033E+00 5.689E+00 5.479E+00 5.184E+00 4.902E+00 4.717E+00 4.084E+00 3.508E+00 2.927E+00 2.458E+00 2.339E+00 2.120E+00 1.950E+00 1.911E+00 1.662E+00 1.542E+00 1.432E+00 1.369E+00 1.199E+00 1.073E+00 9.759E-01 8.130E-01 6.720E-01 5.911E-01 4.390E-01 3.321E-01
  1.000E-01  2.768E+03 2.264E+03 1.873E+03 1.570E+03 1.324E+03 1.127E+03 9.689E+02 8.360E+02 7.345E+02 6.405E+02 5.722E+02 5.087E+02 4.120E+02 3.404E+02 2.247E+02 1.596E+02 1.192E+02 9.256E+01 6.060E+01 4.204E+01 3.751E+01 3.376E+01 3.185E+01 2.811E+01 2.491E+01 1.991E+01 1.640E+01 1.383E+01 1.135E+01 1.077E+01 1.002E+01 8.389E+00 7.137E+00 6.690E+00 6.282E+00 6.028E+00 5.685E+00 5.475E+00 5.180E+00 4.899E+00 4.714E+00 4.082E+00 3.506E+00 2.926E+00 2.457E+00 2.338E+00 2.119E+00 1.950E+00 1.911E+00 1.661E+00 1.542E+00 1.432E+00 1.369E+00 1.199E+00 1.073E+00 9.758E-01 8.129E-01 6.720E-01 5.911E-01 4.390E-01 3.321E-01
  2.000E-01  1.106E+03 1.027E+03 9.422E+02 8.582E+02 7.769E+02 7.030E+02 6.377E+02 5.763E+02 5.267E+02 4.769E+02 4.379E+02 3.996E+02 3.379E+02 2.886E+02 2.013E+02 1.475E+02 1.124E+02 8.848E+01 5.887E+01 4.119E+01 3.684E+01 3.322E+01 3.138E+01 2.775E+01 2.462E+01 1.973E+01 1.628E+01 1.375E+01 1.129E+01 1.072E+01 9.972E+00 8.360E+00 7.116E+00 6.672E+00 6.267E+00 6.014E+00 5.672E+00 5.464E+00 5.170E+00 4.890E+00 4.706E+00 4.075E+00 3.501E+00 2.921E+00 2.454E+00 2.335E+00 2.117E+00 1.948E+00 1.909E+00 1.660E+00 1.541E+00 1.431E+00 1.368E+00 1.199E+00 1.073E+00 9.754E-01 8.126E-01 6.718E-01 5.910E-01 4.389E-01 3.320E-01
  3.000E-01  5.026E+02 5.095E+02 5.019E+02 4.852E+02 4.627E+02 4.376E+02 4.123E+02 3.848E+02 3.622E+02 3.383E+02 3.168E+02 2.956E+02 2.603E+02 2.299E+02 1.712E+02 1.309E+02 1.026E+02 8.238E+01 5.617E+01 3.983E+01 3.577E+01 3.236E+01 3.062E+01 2.716E+01 2.416E+01 1.943E+01 1.609E+01 1.361E+01 1.120E+01 1.064E+01 9.901E+00 8.311E+00 7.082E+00 6.642E+00 6.241E+00 5.990E+00 5.651E+00 5.445E+00 5.153E+00 4.875E+00 4.692E+00 4.064E+00 3.492E+00 2.914E+00 2.449E+00 2.331E+00 2.113E+00 1.945E+00 1.906E+00 1.658E+00 1.539E+00 1.430E+00 1.366E+00 1.198E+00 1.072E+00 9.748E-01 8.122E-01 6.715E-01 5.907E-01 4.388E-01 3.320E-01
  4.000E-01  2.554E+02 2.759E+02 2.863E+02 2.894E+02 2.872E+02 2.809E+02 2.728E+02 2.621E+02 2.526E+02 2.420E+02 2.303E+02 2.189E+02 1.987E+02 1.800E+02 1.418E+02 1.130E+02 9.136E+01 7.507E+01 5.275E+01 3.807E+01 3.437E+01 3.122E+01 2.960E+01 2.637E+01 2.354E+01 1.904E+01 1.582E+01 1.342E+01 1.106E+01 1.052E+01 9.802E+00 8.244E+00 7.035E+00 6.601E+00 6.205E+00 5.957E+00 5.622E+00 5.418E+00 5.129E+00 4.854E+00 4.673E+00 4.049E+00 3.479E+00 2.904E+00 2.441E+00 2.324E+00 2.108E+00 1.941E+00 1.902E+00 1.655E+00 1.537E+00 1.428E+00 1.365E+00 1.196E+00 1.071E+00 9.739E-01 8.116E-01 6.711E-01 5.904E-01 4.386E-01 3.319E-01
  5.000E-01  1.424E+02 1.608E+02 1.735E+02 1.815E+02 1.857E+02 1.866E+02 1.857E+02 1.827E+02 1.793E+02 1.749E+02 1.695E+02 1.638E+02 1.529E+02 1.415E+02 1.167E+02 9.625E+01 8.011E+01 6.736E+01 4.890E+01 3.600E+01 3.271E+01 2.986E+01 2.839E+01 2.542E+01 2.279E+01 1.855E+01 1.549E+01 1.319E+01 1.090E+01 1.037E+01 9.677E+00 8.159E+00 6.975E+00 6.549E+00 6.160E+00 5.915E+00 5.586E+00 5.384E+00 5.099E+00 4.827E+00 4.648E+00 4.029E+00 3.463E+00 2.891E+00 2.432E+00 2.316E+00 2.102E+00 1.936E+00 1.897E+00 1.652E+00 1.534E+00 1.425E+00 1.362E+00 1.195E+00 1.069E+00 9.727E-01 8.108E-01 6.706E-01 5.900E-01 4.384E-01 3.317E-01
  6.000E-01  8.566E+01 9.965E+01 1.107E+02 1.189E+02 1.246E+02 1.280E+02 1.298E+02 1.305E+02 1.299E+02 1.285E+02 1.267E+02 1.242E+02 1.187E+02 1.120E+02 9.634E+01 8.181E+01 6.976E+01 5.990E+01 4.490E+01 3.375E+01 3.087E+01 2.834E+01 2.702E+01 2.434E+01 2.193E+01 1.798E+01 1.510E+01 1.291E+01 1.070E+01 1.020E+01 9.528E+00 8.057E+00 6.903E+00 6.486E+00 6.105E+00 5.865E+00 5.541E+00 5.344E+00 5.063E+00 4.795E+00 4.618E+00 4.006E+00 3.443E+00 2.875E+00 2.421E+00 2.306E+00 2.094E+00 1.929E+00 1.891E+00 1.647E+00 1.530E+00 1.422E+00 1.359E+00 1.192E+00 1.068E+00 9.714E-01 8.099E-01 6.700E-01 5.896E-01 4.381E-01 3.316E-01
  7.000E-01  5.477E+01 6.510E+01 7.381E+01 8.082E+01 8.633E+01 9.028E+01 9.304E+01 9.526E+01 9.596E+01 9.614E+01 9.613E+01 9.542E+01 9.317E+01 8.933E+01 7.988E+01 6.970E+01 6.069E+01 5.307E+01 4.095E+01 3.143E+01 2.895E+01 2.673E+01 2.557E+01 2.318E+01 2.099E+01 1.735E+01 1.466E+01 1.260E+01 1.048E+01 9.995E+00 9.358E+00 7.940E+00 6.819E+00 6.414E+00 6.041E+00 5.807E+00 5.490E+00 5.296E+00 5.021E+00 4.757E+00 4.583E+00 3.978E+00 3.420E+00 2.857E+00 2.408E+00 2.295E+00 2.085E+00 1.922E+00 1.884E+00 1.642E+00 1.526E+00 1.418E+00 1.356E+00 1.190E+00 1.066E+00 9.697E-01 8.088E-01 6.692E-01 5.890E-01 4.378E-01 3.314E-01
  8.000E-01  3.666E+01 4.446E+01 5.102E+01 5.662E+01 6.146E+01 6.527E+01 6.822E+01 7.096E+01 7.219E+01 7.329E+01 7.403E+01 7.426E+01 7.388E+01 7.191E+01 6.651E+01 5.958E+01 5.289E+01 4.700E+01 3.722E+01 2.912E+01 2.701E+01 2.508E+01 2.407E+01 2.196E+01 1.999E+01 1.667E+01 1.419E+01 1.226E+01 1.023E+01 9.772E+00 9.169E+00 7.809E+00 6.726E+00 6.332E+00 5.969E+00 5.741E+00 5.432E+00 5.242E+00 4.973E+00 4.715E+00 4.544E+00 3.947E+00 3.394E+00 2.836E+00 2.392E+00 2.281E+00 2.075E+00 1.913E+00 1.876E+00 1.636E+00 1.521E+00 1.414E+00 1.352E+00 1.187E+00 1.063E+00 9.679E-01 8.075E-01 6.684E-01 5.883E-01 4.374E-01 3.311E-01
  9.000E-01  2.548E+01 3.146E+01 3.633E+01 4.072E+01 4.485E+01 4.832E+01 5.108E+01 5.374E+01 5.525E+01 5.670E+01 5.782E+01 5.849E+01 5.914E+01 5.841E+01 5.567E+01 5.107E+01 4.620E+01 4.169E+01 3.379E+01 2.689E+01 2.511E+01 2.345E+01 2.257E+01 2.073E+01 1.898E+01 1.596E+01 1.368E+01 1.189E+01 9.962E+00 9.531E+00 8.963E+00 7.665E+00 6.622E+00 6.241E+00 5.890E+00 5.668E+00 5.367E+00 5.183E+00 4.920E+00 4.668E+00 4.500E+00 3.912E+00 3.364E+00 2.812E+00 2.376E+00 2.267E+00 2.063E+00 1.904E+00 1.867E+00 1.630E+00 1.515E+00 1.409E+00 1.348E+00 1.184E+00 1.061E+00 9.658E-01 8.061E-01 6.674E-01 5.876E-01 4.370E-01 3.309E-01
  1.000E+00  1.840E+01 2.277E+01 2.650E+01 3.010E+01 3.353E+01 3.655E+01 3.901E+01 4.132E+01 4.297E+01 4.445E+01 4.576E+01 4.657E+01 4.779E+01 4.784E+01 4.687E+01 4.394E+01 4.044E+01 3.705E+01 3.068E+01 2.479E+01 2.329E+01 2.187E+01 2.111E+01 1.951E+01 1.796E+01 1.524E+01 1.316E+01 1.151E+01 9.678E+00 9.274E+00 8.743E+00 7.510E+00 6.510E+00 6.143E+00 5.803E+00 5.588E+00 5.296E+00 5.117E+00 4.862E+00 4.616E+00 4.452E+00 3.873E+00 3.332E+00 2.786E+00 2.357E+00 2.250E+00 2.050E+00 1.893E+00 1.857E+00 1.622E+00 1.509E+00 1.404E+00 1.343E+00 1.180E+00 1.058E+00 9.634E-01 8.045E-01 6.663E-01 5.868E-01 4.366E-01 3.306E-01
  1.100E+00  1.371E+01 1.671E+01 1.979E+01 2.279E+01 2.558E+01 2.816E+01 3.031E+01 3.220E+01 3.391E+01 3.531E+01 3.665E+01 3.747E+01 3.896E+01 3.952E+01 3.967E+01 3.795E+01 3.548E+01 3.297E+01 2.788E+01 2.285E+01 2.158E+01 2.037E+01 1.972E+01 1.833E+01 1.696E+01 1.452E+01 1.263E+01 1.111E+01 9.382E+00 9.006E+00 8.512E+00 7.345E+00 6.390E+00 6.038E+00 5.710E+00 5.502E+00 5.221E+00 5.047E+00 4.800E+00 4.560E+00 4.400E+00 3.832E+00 3.297E+00 2.758E+00 2.336E+00 2.232E+00 2.036E+00 1.882E+00 1.846E+00 1.614E+00 1.502E+00 1.398E+00 1.338E+00 1.176E+00 1.055E+00 9.608E-01 8.027E-01 6.652E-01 5.859E-01 4.360E-01 3.303E-01
  1.200E+00  1.048E+01 1.259E+01 1.511E+01 1.758E+01 1.984E+01 2.202E+01 2.390E+01 2.546E+01 2.711E+01 2.842E+01 2.966E+01 3.046E+01 3.204E+01 3.289E+01 3.375E+01 3.292E+01 3.122E+01 2.939E+01 2.537E+01 2.106E+01 1.999E+01 1.895E+01 1.840E+01 1.720E+01 1.599E+01 1.380E+01 1.209E+01 1.070E+01 9.077E+00 8.728E+00 8.272E+00 7.173E+00 6.264E+00 5.927E+00 5.612E+00 5.412E+00 5.140E+00 4.972E+00 4.733E+00 4.500E+00 4.344E+00 3.787E+00 3.259E+00 2.728E+00 2.314E+00 2.213E+00 2.021E+00 1.869E+00 1.834E+00 1.605E+00 1.494E+00 1.392E+00 1.332E+00 1.172E+00 1.051E+00 9.580E-01 8.008E-01 6.639E-01 5.849E-01 4.355E-01 3.300E-01
  1.300E+00  8.102E+00 9.789E+00 1.179E+01 1.379E+01 1.565E+01 1.744E+01 1.909E+01 2.042E+01 2.192E+01 2.312E+01 2.424E+01 2.501E+01 2.658E+01 2.756E+01 2.887E+01 2.867E+01 2.755E+01 2.625E+01 2.311E+01 1.942E+01 1.853E+01 1.764E+01 1.716E+01 1.613E+01 1.506E+01 1.310E+01 1.156E+01 1.030E+01 8.768E+00 8.446E+00 8.026E+00 6.995E+00 6.132E+00 5.810E+00 5.509E+00 5.316E+00 5.055E+00 4.894E+00 4.662E+00 4.436E+00 4.285E+00 3.740E+00 3.219E+00 2.696E+00 2.291E+00 2.192E+00 2.005E+00 1.856E+00 1.821E+00 1.596E+00 1.486E+00 1.385E+00 1.326E+00 1.167E+00 1.048E+00 9.550E-01 7.987E-01 6.625E-01 5.838E-01 4.349E-01 3.296E-01
  1.400E+00  6.353E+00 7.822E+00 9.401E+00 1.103E+01 1.256E+01 1.400E+01 1.542E+01 1.660E+01 1.788E+01 1.895E+01 1.998E+01 2.073E+01 2.223E+01 2.325E+01 2.483E+01 2.505E+01 2.439E+01 2.350E+01 2.107E+01 1.793E+01 1.718E+01 1.642E+01 1.602E+01 1.513E+01 1.418E+01 1.243E+01 1.104E+01 9.892E+00 8.457E+00 8.160E+00 7.776E+00 6.812E+00 5.996E+00 5.689E+00 5.402E+00 5.217E+00 4.966E+00 4.811E+00 4.588E+00 4.370E+00 4.223E+00 3.690E+00 3.177E+00 2.662E+00 2.266E+00 2.170E+00 1.988E+00 1.841E+00 1.807E+00 1.586E+00 1.478E+00 1.378E+00 1.319E+00 1.162E+00 1.044E+00 9.517E-01 7.965E-01 6.610E-01 5.827E-01 4.342E-01 3.292E-01
  1.500E+00  5.180E+00 6.392E+00 7.675E+00 8.982E+00 1.024E+01 1.142E+01 1.259E+01 1.367E+01 1.471E+01 1.566E+01 1.662E+01 1.735E+01 1.875E+01 1.973E+01 2.146E+01 2.197E+01 2.166E+01 2.109E+01 1.923E+01 1.656E+01 1.594E+01 1.530E+01 1.495E+01 1.419E+01 1.335E+01 1.178E+01 1.053E+01 9.493E+00 8.147E+00 7.875E+00 7.525E+00 6.626E+00 5.857E+00 5.565E+00 5.291E+00 5.114E+00 4.874E+00 4.726E+00 4.511E+00 4.301E+00 4.158E+00 3.638E+00 3.133E+00 2.626E+00 2.240E+00 2.147E+00 1.969E+00 1.826E+00 1.793E+00 1.575E+00 1.469E+00 1.370E+00 1.312E+00 1.157E+00 1.039E+00 9.482E-01 7.941E-01 6.594E-01 5.814E-01 4.335E-01 3.288E-01
  1.600E+00  4.352E+00 5.343E+00 6.397E+00 7.424E+00 8.467E+00 9.428E+00 1.040E+01 1.139E+01 1.222E+01 1.307E+01 1.394E+01 1.463E+01 1.592E+01 1.685E+01 1.863E+01 1.934E+01 1.928E+01 1.897E+01 1.758E+01 1.530E+01 1.480E+01 1.426E+01 1.397E+01 1.331E+01 1.258E+01 1.117E+01 1.004E+01 9.103E+00 7.840E+00 7.592E+00 7.275E+00 6.439E+00 5.715E+00 5.439E+00 5.178E+00 5.009E+00 4.780E+00 4.638E+00 4.432E+00 4.229E+00 4.091E+00 3.583E+00 3.087E+00 2.589E+00 2.213E+00 2.123E+00 1.950E+00 1.810E+00 1.778E+00 1.564E+00 1.459E+00 1.362E+00 1.305E+00 1.151E+00 1.035E+00 9.445E-01 7.916E-01 6.576E-01 5.801E-01 4.328E-01 3.283E-01
  1.700E+00  3.726E+00 4.558E+00 5.397E+00 6.196E+00 7.061E+00 7.863E+00 8.684E+00 9.587E+00 1.025E+01 1.100E+01 1.178E+01 1.243E+01 1.360E+01 1.447E+01 1.625E+01 1.709E+01 1.722E+01 1.709E+01 1.609E+01 1.415E+01 1.375E+01 1.330E+01 1.306E+01 1.250E+01 1.185E+01 1.059E+01 9.576E+00 8.724E+00 7.540E+00 7.313E+00 7.027E+00 6.251E+00 5.571E+00 5.310E+00 5.063E+00 4.902E+00 4.683E+00 4.548E+00 4.351E+00 4.155E+00 4.023E+00 3.527E+00 3.040E+00 2.551E+00 2.184E+00 2.097E+00 1.930E+00 1.793E+00 1.761E+00 1.552E+00 1.449E+00 1.353E+00 1.297E+00 1.145E+00 1.030E+00 9.406E-01 7.889E-01 6.558E-01 5.787E-01 4.320E-01 3.279E-01
  1.800E+00  3.195E+00 3.941E+00 4.588E+00 5.189E+00 5.917E+00 6.630E+00 7.331E+00 8.132E+00 8.685E+00 9.338E+00 1.004E+01 1.063E+01 1.169E+01 1.251E+01 1.424E+01 1.515E+01 1.542E+01 1.544E+01 1.475E+01 1.310E+01 1.278E+01 1.241E+01 1.221E+01 1.174E+01 1.117E+01 1.004E+01 9.128E+00 8.359E+00 7.247E+00 7.039E+00 6.782E+00 6.064E+00 5.426E+00 5.181E+00 4.946E+00 4.793E+00 4.585E+00 4.456E+00 4.268E+00 4.080E+00 3.952E+00 3.470E+00 2.991E+00 2.511E+00 2.154E+00 2.071E+00 1.909E+00 1.776E+00 1.745E+00 1.540E+00 1.438E+00 1.344E+00 1.289E+00 1.139E+00 1.025E+00 9.364E-01 7.860E-01 6.539E-01 5.772E-01 4.311E-01 3.273E-01
  1.900E+00  2.741E+00 3.425E+00 3.892E+00 4.390E+00 5.012E+00 5.654E+00 6.265E+00 6.926E+00 7.439E+00 8.010E+00 8.621E+00 9.129E+00 1.009E+01 1.088E+01 1.252E+01 1.347E+01 1.384E+01 1.397E+01 1.355E+01 1.213E+01 1.189E+01 1.158E+01 1.142E+01 1.103E+01 1.053E+01 9.519E+00 8.702E+00 8.007E+00 6.962E+00 6.773E+00 6.543E+00 5.878E+00 5.282E+00 5.051E+00 4.829E+00 4.684E+00 4.486E+00 4.363E+00 4.183E+00 4.004E+00 3.880E+00 3.411E+00 2.941E+00 2.470E+00 2.124E+00 2.044E+00 1.888E+00 1.758E+00 1.727E+00 1.527E+00 1.427E+00 1.335E+00 1.280E+00 1.132E+00 1.020E+00 9.321E-01 7.831E-01 6.519E-01 5.757E-01 4.303E-01 3.268E-01
  2.000E+00  2.385E+00 2.919E+00 3.300E+00 3.786E+00 4.313E+00 4.869E+00 5.411E+00 5.914E+00 6.433E+00 6.938E+00 7.452E+00 7.878E+00 8.755E+00 9.511E+00 1.105E+01 1.202E+01 1.246E+01 1.267E+01 1.246E+01 1.125E+01 1.106E+01 1.082E+01 1.069E+01 1.037E+01 9.938E+00 9.031E+00 8.297E+00 7.670E+00 6.687E+00 6.515E+00 6.309E+00 5.696E+00 5.139E+00 4.921E+00 4.711E+00 4.574E+00 4.386E+00 4.270E+00 4.098E+00 3.926E+00 3.807E+00 3.351E+00 2.890E+00 2.428E+00 2.093E+00 2.016E+00 1.865E+00 1.739E+00 1.709E+00 1.513E+00 1.416E+00 1.325E+00 1.271E+00 1.125E+00 1.014E+00 9.276E-01 7.800E-01 6.498E-01 5.741E-01 4.293E-01 3.263E-01
  3.000E+00  8.979E-01 1.055E+00 1.126E+00 1.254E+00 1.401E+00 1.582E+00 1.729E+00 1.854E+00 2.029E+00 2.185E+00 2.337E+00 2.479E+00 2.796E+00 3.122E+00 3.855E+00 4.464E+00 4.964E+00 5.308E+00 5.818E+00 5.564E+00 5.649E+00 5.690E+00 5.737E+00 5.768E+00 5.691E+00 5.434E+00 5.231E+00 5.046E+00 4.486E+00 4.423E+00 4.380E+00 4.118E+00 3.845E+00 3.732E+00 3.618E+00 3.539E+00 3.433E+00 3.367E+00 3.266E+00 3.158E+00 3.079E+00 2.739E+00 2.362E+00 1.992E+00 1.757E+00 1.713E+00 1.618E+00 1.528E+00 1.507E+00 1.359E+00 1.283E+00 1.210E+00 1.166E+00 1.044E+00 9.486E-01 8.731E-01 7.420E-01 6.239E-01 5.539E-01 4.178E-01 3.192E-01
  4.000E+00  5.400E-01 5.960E-01 6.138E-01 6.740E-01 7.312E-01 8.191E-01 8.777E-01 9.071E-01 9.932E-01 1.051E+00 1.115E+00 1.163E+00 1.300E+00 1.446E+00 1.782E+00 2.094E+00 2.414E+00 2.626E+00 3.091E+00 3.000E+00 3.115E+00 3.214E+00 3.301E+00 3.416E+00 3.447E+00 3.412E+00 3.408E+00 3.409E+00 3.063E+00 3.048E+00 3.084E+00 3.005E+00 2.887E+00 2.832E+00 2.772E+00 2.728E+00 2.671E+00 2.634E+00 2.576E+00 2.508E+00 2.456E+00 2.196E+00 1.886E+00 1.591E+00 1.433E+00 1.414E+00 1.362E+00 1.305E+00 1.291E+00 1.188E+00 1.132E+00 1.077E+00 1.043E+00 9.473E-01 8.690E-01 8.061E-01 6.943E-01 5.906E-01 5.279E-01 4.025E-01 3.097E-01
  5.000E+00  3.999E-01 4.233E-01 4.280E-01 4.683E-01 4.992E-01 5.450E-01 5.781E-01 5.753E-01 6.350E-01 6.624E-01 6.885E-01 7.103E-01 7.747E-01 8.567E-01 1.020E+00 1.185E+00 1.389E+00 1.495E+00 1.835E+00 1.738E+00 1.836E+00 1.933E+00 2.023E+00 2.155E+00 2.210E+00 2.238E+00 2.305E+00 2.380E+00 2.140E+00 2.146E+00 2.214E+00 2.227E+00 2.194E+00 2.173E+00 2.146E+00 2.123E+00 2.095E+00 2.077E+00 2.045E+00 2.003E+00 1.967E+00 1.762E+00 1.505E+00 1.266E+00 1.161E+00 1.157E+00 1.134E+00 1.100E+00 1.091E+00 1.022E+00 9.840E-01 9.443E-01 9.194E-01 8.461E-01 7.841E-01 7.334E-01 6.409E-01 5.524E-01 4.975E-01 3.843E-01 2.983E-01
  6.000E+00  3.305E-01 3.361E-01 3.492E-01 3.742E-01 3.942E-01 4.142E-01 4.409E-01 4.396E-01 4.676E-01 4.840E-01 4.977E-01 5.109E-01 5.540E-01 5.935E-01 6.914E-01 7.745E-01 9.080E-01 9.574E-01 1.194E+00 1.070E+00 1.144E+00 1.227E+00 1.309E+00 1.441E+00 1.494E+00 1.530E+00 1.617E+00 1.716E+00 1.531E+00 1.544E+00 1.625E+00 1.681E+00 1.693E+00 1.691E+00 1.682E+00 1.671E+00 1.660E+00 1.653E+00 1.637E+00 1.611E+00 1.586E+00 1.421E+00 1.205E+00 1.012E+00 9.421E-01 9.474E-01 9.438E-01 9.247E-01 9.196E-01 8.754E-01 8.496E-01 8.216E-01 8.036E-01 7.488E-01 7.006E-01 6.606E-01 5.858E-01 5.119E-01 4.647E-01 3.640E-01 2.853E-01
  8.000E+00  2.634E-01 2.575E-01 2.758E-01 2.966E-01 3.094E-01 3.009E-01 3.134E-01 3.230E-01 3.305E-01 3.378E-01 3.407E-01 3.570E-01 3.746E-01 3.855E-01 4.287E-01 4.559E-01 5.126E-01 5.166E-01 6.382E-01 4.693E-01 5.088E-01 5.671E-01 6.335E-01 7.478E-01 7.836E-01 7.984E-01 8.788E-01 9.755E-01 8.364E-01 8.510E-01 9.314E-01 1.013E+00 1.057E+00 1.069E+00 1.076E+00 1.076E+00 1.080E+00 1.083E+00 1.081E+00 1.070E+00 1.056E+00 9.383E-01 7.831E-01 6.540E-01 6.277E-01 6.421E-01 6.584E-01 6.575E-01 6.568E-01 6.430E-01 6.330E-01 6.202E-01 6.112E-01 5.817E-01 5.530E-01 5.287E-01 4.811E-01 4.313E-01 3.977E-01 3.206E-01 2.565E-01
  1.000E+01  2.293E-01 2.248E-01 2.459E-01 2.638E-01 2.703E-01 2.563E-01 2.617E-01 2.766E-01 2.729E-01 2.764E-01 2.832E-01 2.899E-01 3.013E-01 3.029E-01 3.294E-01 3.316E-01 3.621E-01 3.522E-01 4.267E-01 2.394E-01 2.612E-01 3.045E-01 3.626E-01 4.533E-01 4.761E-01 4.736E-01 5.361E-01 6.161E-01 4.926E-01 5.046E-01 5.759E-01 6.533E-01 6.994E-01 7.137E-01 7.236E-01 7.270E-01 7.348E-01 7.392E-01 7.415E-01 7.355E-01 7.253E-01 6.357E-01 5.215E-01 4.330E-01 4.266E-01 4.428E-01 4.654E-01 4.725E-01 4.739E-01 4.758E-01 4.746E-01 4.706E-01 4.670E-01 4.529E-01 4.364E-01 4.222E-01 3.924E-01 3.594E-01 3.360E-01 2.778E-01 2.267E-01
  1.200E+01  2.086E-01 2.077E-01 2.208E-01 2.353E-01 2.426E-01 2.307E-01 2.321E-01 2.485E-01 2.384E-01 2.406E-01 2.483E-01 2.554E-01 2.555E-01 2.604E-01 2.697E-01 2.718E-01 2.951E-01 2.718E-01 3.189E-01 1.370E-01 1.497E-01 1.845E-01 2.362E-01 3.128E-01 3.269E-01 3.120E-01 3.600E-01 4.235E-01 3.089E-01 3.186E-01 3.802E-01 4.466E-01 4.865E-01 4.992E-01 5.084E-01 5.122E-01 5.196E-01 5.236E-01 5.258E-01 5.211E-01 5.125E-01 4.409E-01 3.555E-01 2.935E-01 2.962E-01 3.114E-01 3.346E-01 3.447E-01 3.468E-01 3.558E-01 3.589E-01 3.596E-01 3.591E-01 3.543E-01 3.458E-01 3.382E-01 3.206E-01 2.992E-01 2.829E-01 2.389E-01 1.983E-01
  1.400E+01  1.886E-01 1.896E-01 2.019E-01 2.167E-01 2.180E-01 2.079E-01 2.112E-01 2.230E-01 2.183E-01 2.199E-01 2.219E-01 2.242E-01 2.223E-01 2.283E-01 2.324E-01 2.342E-01 2.470E-01 2.253E-01 2.550E-01 8.562E-02 9.361E-02 1.233E-01 1.700E-01 2.367E-01 2.453E-01 2.237E-01 2.607E-01 3.113E-01 2.042E-01 2.122E-01 2.655E-01 3.206E-01 3.528E-01 3.630E-01 3.704E-01 3.736E-01 3.795E-01 3.824E-01 3.835E-01 3.788E-01 3.711E-01 3.124E-01 2.478E-01 2.036E-01 2.099E-01 2.233E-01 2.445E-01 2.551E-01 2.575E-01 2.693E-01 2.745E-01 2.776E-01 2.787E-01 2.790E-01 2.754E-01 2.720E-01 2.626E-01 2.495E-01 2.384E-01 2.051E-01 1.727E-01
  1.600E+01  1.724E-01 1.719E-01 1.827E-01 1.941E-01 1.955E-01 1.902E-01 1.915E-01 2.000E-01 1.956E-01 1.959E-01 2.000E-01 1.976E-01 1.968E-01 2.022E-01 2.043E-01 2.022E-01 2.133E-01 1.914E-01 2.130E-01 5.731E-02 6.269E-02 8.895E-02 1.317E-01 1.901E-01 1.954E-01 1.707E-01 2.000E-01 2.403E-01 1.410E-01 1.481E-01 1.944E-01 2.396E-01 2.648E-01 2.725E-01 2.781E-01 2.805E-01 2.848E-01 2.865E-01 2.864E-01 2.813E-01 2.742E-01 2.257E-01 1.762E-01 1.442E-01 1.516E-01 1.630E-01 1.816E-01 1.916E-01 1.939E-01 2.063E-01 2.122E-01 2.164E-01 2.183E-01 2.216E-01 2.208E-01 2.200E-01 2.158E-01 2.084E-01 2.012E-01 1.761E-01 1.502E-01
  1.800E+01  1.580E-01 1.538E-01 1.652E-01 1.748E-01 1.747E-01 1.697E-01 1.703E-01 1.766E-01 1.749E-01 1.757E-01 1.782E-01 1.773E-01 1.727E-01 1.816E-01 1.824E-01 1.765E-01 1.889E-01 1.645E-01 1.795E-01 4.050E-02 4.437E-02 6.811E-02 1.065E-01 1.603E-01 1.629E-01 1.365E-01 1.600E-01 1.922E-01 1.011E-01 1.075E-01 1.479E-01 1.850E-01 2.043E-01 2.100E-01 2.139E-01 2.157E-01 2.185E-01 2.192E-01 2.181E-01 2.129E-01 2.063E-01 1.659E-01 1.277E-01 1.041E-01 1.115E-01 1.210E-01 1.369E-01 1.459E-01 1.480E-01 1.599E-01 1.658E-01 1.703E-01 1.726E-01 1.773E-01 1.784E-01 1.791E-01 1.783E-01 1.746E-01 1.701E-01 1.514E-01 1.307E-01
  2.000E+01  1.384E-01 1.453E-01 1.488E-01 1.573E-01 1.578E-01 1.523E-01 1.532E-01 1.591E-01 1.575E-01 1.578E-01 1.592E-01 1.553E-01 1.560E-01 1.613E-01 1.605E-01 1.574E-01 1.645E-01 1.448E-01 1.528E-01 2.987E-02 3.282E-02 5.455E-02 8.940E-02 1.384E-01 1.394E-01 1.127E-01 1.317E-01 1.577E-01 7.475E-02 8.079E-02 1.162E-01 1.466E-01 1.611E-01 1.652E-01 1.679E-01 1.691E-01 1.707E-01 1.707E-01 1.689E-01 1.636E-01 1.576E-01 1.239E-01 9.413E-02 7.647E-02 8.337E-02 9.123E-02 1.047E-01 1.125E-01 1.144E-01 1.253E-01 1.309E-01 1.354E-01 1.378E-01 1.431E-01 1.450E-01 1.466E-01 1.480E-01 1.469E-01 1.443E-01 1.302E-01 1.137E-01
  2.200E+01  1.285E-01 1.379E-01 1.334E-01 1.394E-01 1.413E-01 1.355E-01 1.357E-01 1.429E-01 1.383E-01 1.389E-01 1.414E-01 1.383E-01 1.371E-01 1.418E-01 1.447E-01 1.373E-01 1.430E-01 1.260E-01 1.315E-01 2.281E-02 2.518E-02 4.520E-02 7.738E-02 1.198E-01 1.199E-01 9.503E-02 1.110E-01 1.315E-01 5.673E-02 6.247E-02 9.354E-02 1.185E-01 1.294E-01 1.322E-01 1.339E-01 1.347E-01 1.355E-01 1.349E-01 1.326E-01 1.275E-01 1.221E-01 9.390E-02 7.048E-02 5.710E-02 6.327E-02 6.978E-02 8.107E-02 8.785E-02 8.949E-02 9.921E-02 1.043E-01 1.086E-01 1.109E-01 1.163E-01 1.188E-01 1.209E-01 1.234E-01 1.241E-01 1.227E-01 1.122E-01 9.907E-02
  2.400E+01  1.206E-01 1.229E-01 1.140E-01 1.182E-01 1.240E-01 1.190E-01 1.191E-01 1.256E-01 1.211E-01 1.214E-01 1.239E-01 1.270E-01 1.226E-01 1.277E-01 1.250E-01 1.202E-01 1.273E-01 1.092E-01 1.124E-01 1.792E-02 1.990E-02 3.839E-02 6.787E-02 1.049E-01 1.044E-01 8.145E-02 9.474E-02 1.111E-01 4.401E-02 4.948E-02 7.683E-02 9.735E-02 1.054E-01 1.072E-01 1.082E-01 1.087E-01 1.089E-01 1.080E-01 1.054E-01 1.006E-01 9.574E-02 7.210E-02 5.354E-02 4.327E-02 4.869E-02 5.409E-02 6.356E-02 6.937E-02 7.079E-02 7.935E-02 8.396E-02 8.789E-02 9.003E-02 9.528E-02 9.792E-02 1.002E-01 1.035E-01 1.052E-01 1.048E-01 9.692E-02 8.637E-02
  2.600E+01  1.035E-01 1.052E-01 1.110E-01 1.073E-01 1.072E-01 1.028E-01 1.039E-01 1.067E-01 1.058E-01 1.061E-01 1.084E-01 1.131E-01 1.112E-01 1.111E-01 1.083E-01 1.080E-01 1.101E-01 9.684E-02 9.688E-02 1.441E-02 1.612E-02 3.320E-02 6.001E-02 9.274E-02 9.183E-02 7.055E-02 8.168E-02 9.466E-02 3.478E-02 4.000E-02 6.411E-02 8.100E-02 8.683E-02 8.798E-02 8.846E-02 8.870E-02 8.845E-02 8.734E-02 8.472E-02 8.025E-02 7.591E-02 5.604E-02 4.122E-02 3.325E-02 3.795E-02 4.244E-02 5.040E-02 5.536E-02 5.659E-02 6.407E-02 6.817E-02 7.171E-02 7.369E-02 7.861E-02 8.125E-02 8.361E-02 8.721E-02 8.952E-02 8.973E-02 8.391E-02 7.542E-02
  2.800E+01  9.465E-02 9.441E-02 9.673E-02 8.867E-02 9.217E-02 1.003E-01 9.756E-02 9.439E-02 9.318E-02 9.337E-02 9.401E-02 9.752E-02 9.953E-02 9.818E-02 9.718E-02 9.456E-02 9.878E-02 8.408E-02 8.323E-02 1.181E-02 1.333E-02 2.911E-02 5.342E-02 8.223E-02 8.091E-02 6.154E-02 7.094E-02 8.116E-02 2.792E-02 3.290E-02 5.415E-02 6.808E-02 7.225E-02 7.288E-02 7.300E-02 7.308E-02 7.255E-02 7.134E-02 6.874E-02 6.463E-02 6.079E-02 4.406E-02 3.212E-02 2.587E-02 2.994E-02 3.369E-02 4.040E-02 4.463E-02 4.568E-02 5.219E-02 5.581E-02 5.898E-02 6.077E-02 6.531E-02 6.785E-02 7.015E-02 7.385E-02 7.651E-02 7.711E-02 7.282E-02 6.598E-02
  3.000E+01  8.688E-02 8.551E-02 8.314E-02 8.947E-02 8.328E-02 8.645E-02 8.692E-02 8.196E-02 8.646E-02 8.614E-02 8.655E-02 8.335E-02 8.508E-02 8.299E-02 8.624E-02 8.315E-02 8.556E-02 7.404E-02 7.174E-02 9.847E-03 1.122E-02 2.579E-02 4.759E-02 7.379E-02 7.213E-02 5.398E-02 6.186E-02 6.997E-02 2.271E-02 2.744E-02 4.620E-02 5.770E-02 6.060E-02 6.087E-02 6.074E-02 6.071E-02 6.001E-02 5.875E-02 5.625E-02 5.252E-02 4.913E-02 3.500E-02 2.531E-02 2.036E-02 2.388E-02 2.703E-02 3.270E-02 3.631E-02 3.722E-02 4.288E-02 4.606E-02 4.888E-02 5.049E-02 5.461E-02 5.700E-02 5.919E-02 6.282E-02 6.565E-02 6.650E-02 6.335E-02 5.784E-02
  3.200E+01  7.227E-02 7.438E-02 7.099E-02 7.376E-02 7.655E-02 7.493E-02 7.286E-02 7.862E-02 7.454E-02 7.464E-02 7.690E-02 7.518E-02 7.330E-02 7.542E-02 7.712E-02 7.125E-02 7.413E-02 6.490E-02 6.186E-02 8.325E-03 9.576E-03 2.300E-02 4.275E-02 6.557E-02 6.387E-02 4.750E-02 5.420E-02 6.051E-02 1.869E-02 2.316E-02 3.972E-02 4.923E-02 5.119E-02 5.120E-02 5.090E-02 5.080E-02 5.000E-02 4.875E-02 4.639E-02 4.302E-02 4.004E-02 2.808E-02 2.016E-02 1.620E-02 1.924E-02 2.190E-02 2.672E-02 2.981E-02 3.059E-02 3.551E-02 3.830E-02 4.080E-02 4.224E-02 4.595E-02 4.816E-02 5.021E-02 5.370E-02 5.654E-02 5.755E-02 5.524E-02 5.080E-02
  3.400E+01  6.054E-02 6.472E-02 6.801E-02 5.972E-02 6.392E-02 6.768E-02 6.513E-02 6.452E-02 6.369E-02 6.364E-02 6.454E-02 6.748E-02 6.816E-02 6.676E-02 6.464E-02 6.331E-02 6.525E-02 5.678E-02 5.332E-02 7.125E-03 8.277E-03 2.063E-02 3.867E-02 5.805E-02 5.646E-02 4.191E-02 4.762E-02 5.251E-02 1.553E-02 1.974E-02 3.437E-02 4.225E-02 4.349E-02 4.333E-02 4.292E-02 4.278E-02 4.193E-02 4.073E-02 3.853E-02 3.551E-02 3.289E-02 2.272E-02 1.621E-02 1.301E-02 1.565E-02 1.791E-02 2.202E-02 2.468E-02 2.535E-02 2.963E-02 3.208E-02 3.430E-02 3.557E-02 3.890E-02 4.092E-02 4.281E-02 4.610E-02 4.888E-02 4.996E-02 4.830E-02 4.471E-02
  3.600E+01  5.864E-02 5.903E-02 5.837E-02 5.992E-02 5.952E-02 5.759E-02 5.828E-02 5.591E-02 5.945E-02 5.932E-02 5.975E-02 5.606E-02 5.679E-02 5.696E-02 5.705E-02 5.607E-02 5.734E-02 4.970E-02 4.611E-02 6.163E-03 7.232E-03 1.859E-02 3.482E-02 5.184E-02 5.016E-02 3.704E-02 4.196E-02 4.565E-02 1.302E-02 1.698E-02 2.990E-02 3.643E-02 3.715E-02 3.687E-02 3.640E-02 3.624E-02 3.538E-02 3.424E-02 3.221E-02 2.951E-02 2.721E-02 1.855E-02 1.315E-02 1.055E-02 1.285E-02 1.478E-02 1.830E-02 2.059E-02 2.117E-02 2.490E-02 2.705E-02 2.902E-02 3.015E-02 3.313E-02 3.496E-02 3.669E-02 3.975E-02 4.242E-02 4.352E-02 4.235E-02 3.943E-02
  3.800E+01  4.711E-02 5.057E-02 5.210E-02 4.976E-02 5.070E-02 4.721E-02 4.797E-02 5.087E-02 4.971E-02 4.962E-02 5.030E-02 5.293E-02 4.956E-02 5.199E-02 5.101E-02 4.796E-02 5.081E-02 4.332E-02 3.950E-02 5.382E-03 6.377E-03 1.679E-02 3.140E-02 4.625E-02 4.456E-02 3.285E-02 3.699E-02 3.982E-02 1.101E-02 1.470E-02 2.613E-02 3.155E-02 3.189E-02 3.153E-02 3.104E-02 3.086E-02 3.002E-02 2.895E-02 2.710E-02 2.469E-02 2.267E-02 1.526E-02 1.076E-02 8.632E-03 1.063E-02 1.229E-02 1.533E-02 1.731E-02 1.782E-02 2.107E-02 2.297E-02 2.470E-02 2.571E-02 2.837E-02 3.002E-02 3.159E-02 3.443E-02 3.695E-02 3.804E-02 3.723E-02 3.485E-02
  4.000E+01  4.494E-02 4.541E-02 4.333E-02 4.560E-02 4.556E-02 4.412E-02 4.455E-02 4.238E-02 4.627E-02 4.640E-02 4.347E-02 4.282E-02 4.444E-02 4.322E-02 4.404E-02 4.320E-02 4.336E-02 3.844E-02 3.461E-02 4.738E-03 5.667E-03 1.522E-02 2.825E-02 4.155E-02 3.988E-02 2.915E-02 3.267E-02 3.482E-02 9.363E-03 1.282E-02 2.292E-02 2.743E-02 2.749E-02 2.709E-02 2.659E-02 2.641E-02 2.560E-02 2.461E-02 2.292E-02 2.078E-02 1.901E-02 1.265E-02 8.876E-03 7.117E-03 8.872E-03 1.031E-02 1.293E-02 1.465E-02 1.510E-02 1.795E-02 1.962E-02 2.116E-02 2.205E-02 2.442E-02 2.590E-02 2.734E-02 2.994E-02 3.230E-02 3.336E-02 3.281E-02 3.087E-02
  4.200E+01  4.131E-02 3.690E-02 3.973E-02 3.672E-02 3.743E-02 3.858E-02 3.572E-02 3.799E-02 3.656E-02 3.649E-02 3.833E-02 3.973E-02 3.948E-02 4.004E-02 3.889E-02 3.691E-02 3.845E-02 3.326E-02 2.971E-02 4.203E-03 5.072E-03 1.381E-02 2.548E-02 3.706E-02 3.548E-02 2.588E-02 2.892E-02 3.048E-02 8.016E-03 1.123E-02 2.018E-02 2.393E-02 2.379E-02 2.337E-02 2.288E-02 2.270E-02 2.194E-02 2.102E-02 1.950E-02 1.759E-02 1.603E-02 1.055E-02 7.372E-03 5.912E-03 7.456E-03 8.701E-03 1.099E-02 1.249E-02 1.288E-02 1.539E-02 1.686E-02 1.823E-02 1.902E-02 2.113E-02 2.246E-02 2.376E-02 2.614E-02 2.834E-02 2.934E-02 2.899E-02 2.741E-02
  4.400E+01  3.464E-02 3.322E-02 3.100E-02 3.324E-02 3.414E-02 3.334E-02 3.249E-02 3.412E-02 3.391E-02 3.396E-02 3.455E-02 3.139E-02 3.323E-02 3.300E-02 3.428E-02 3.282E-02 3.333E-02 2.938E-02 2.584E-02 3.753E-03 4.567E-03 1.255E-02 2.305E-02 3.318E-02 3.167E-02 2.301E-02 2.563E-02 2.674E-02 6.902E-03 9.889E-03 1.781E-02 2.095E-02 2.067E-02 2.024E-02 1.977E-02 1.960E-02 1.888E-02 1.805E-02 1.666E-02 1.497E-02 1.360E-02 8.862E-03 6.166E-03 4.945E-03 6.310E-03 7.398E-03 9.402E-03 1.072E-02 1.106E-02 1.327E-02 1.458E-02 1.579E-02 1.650E-02 1.838E-02 1.957E-02 2.074E-02 2.291E-02 2.494E-02 2.589E-02 2.568E-02 2.440E-02
  4.600E+01  3.069E-02 3.050E-02 2.899E-02 3.034E-02 2.682E-02 2.947E-02 2.975E-02 2.813E-02 2.822E-02 2.826E-02 2.776E-02 2.903E-02 2.983E-02 2.903E-02 2.900E-02 2.892E-02 2.898E-02 2.544E-02 2.231E-02 3.372E-03 4.135E-03 1.142E-02 2.089E-02 2.937E-02 2.801E-02 2.051E-02 2.275E-02 2.352E-02 5.974E-03 8.746E-03 1.577E-02 1.839E-02 1.802E-02 1.760E-02 1.715E-02 1.699E-02 1.632E-02 1.556E-02 1.431E-02 1.280E-02 1.160E-02 7.488E-03 5.190E-03 4.164E-03 5.376E-03 6.331E-03 8.095E-03 9.252E-03 9.553E-03 1.151E-02 1.267E-02 1.375E-02 1.438E-02 1.606E-02 1.713E-02 1.819E-02 2.016E-02 2.203E-02 2.292E-02 2.281E-02 2.176E-02
  4.800E+01  2.763E-02 2.542E-02 2.590E-02 2.490E-02 2.539E-02 2.298E-02 2.404E-02 2.527E-02 2.468E-02 2.463E-02 2.530E-02 2.576E-02 2.427E-02 2.569E-02 2.569E-02 2.449E-02 2.558E-02 2.225E-02 1.957E-02 3.047E-03 3.762E-03 1.041E-02 1.881E-02 2.634E-02 2.504E-02 1.829E-02 2.021E-02 2.072E-02 5.196E-03 7.766E-03 1.400E-02 1.619E-02 1.576E-02 1.536E-02 1.494E-02 1.478E-02 1.417E-02 1.347E-02 1.235E-02 1.100E-02 9.939E-03 6.364E-03 4.395E-03 3.528E-03 4.608E-03 5.452E-03 7.012E-03 8.035E-03 8.302E-03 1.004E-02 1.108E-02 1.204E-02 1.261E-02 1.410E-02 1.506E-02 1.601E-02 1.781E-02 1.952E-02 2.035E-02 2.032E-02 1.946E-02
  5.000E+01  2.316E-02 2.189E-02 2.102E-02 2.134E-02 2.263E-02 2.131E-02 2.166E-02 2.265E-02 2.188E-02 2.190E-02 2.219E-02 2.044E-02 2.117E-02 2.099E-02 2.277E-02 2.182E-02 2.196E-02 1.931E-02 1.681E-02 2.767E-03 3.437E-03 9.493E-03 1.697E-02 2.380E-02 2.251E-02 1.631E-02 1.798E-02 1.828E-02 4.540E-03 6.920E-03 1.246E-02 1.430E-02 1.384E-02 1.345E-02 1.305E-02 1.291E-02 1.235E-02 1.171E-02 1.070E-02 9.503E-03 8.561E-03 5.439E-03 3.743E-03 3.007E-03 3.974E-03 4.723E-03 6.109E-03 7.018E-03 7.255E-03 8.806E-03 9.734E-03 1.060E-02 1.110E-02 1.244E-02 1.329E-02 1.416E-02 1.579E-02 1.736E-02 1.812E-02 1.814E-02 1.744E-02
  5.200E+01  2.022E-02 1.948E-02 1.873E-02 1.900E-02 1.929E-02 1.862E-02 1.938E-02 1.742E-02 1.931E-02 1.933E-02 1.776E-02 1.827E-02 1.912E-02 1.807E-02 1.849E-02 1.944E-02 1.859E-02 1.734E-02 1.467E-02 2.525E-03 3.154E-03 8.667E-03 1.536E-02 2.121E-02 2.005E-02 1.458E-02 1.602E-02 1.617E-02 3.985E-03 6.188E-03 1.112E-02 1.266E-02 1.218E-02 1.182E-02 1.145E-02 1.132E-02 1.080E-02 1.023E-02 9.314E-03 8.244E-03 7.409E-03 4.672E-03 3.206E-03 2.577E-03 3.447E-03 4.115E-03 5.353E-03 6.164E-03 6.376E-03 7.764E-03 8.596E-03 9.371E-03 9.824E-03 1.102E-02 1.179E-02 1.257E-02 1.405E-02 1.549E-02 1.619E-02 1.624E-02 1.567E-02
  5.400E+01  1.666E-02 1.693E-02 1.573E-02 1.595E-02 1.474E-02 1.610E-02 1.657E-02 1.584E-02 1.503E-02 1.520E-02 1.539E-02 1.640E-02 1.644E-02 1.617E-02 1.651E-02 1.625E-02 1.682E-02 1.478E-02 1.298E-02 2.315E-03 2.904E-03 7.920E-03 1.398E-02 1.876E-02 1.777E-02 1.303E-02 1.431E-02 1.433E-02 3.511E-03 5.551E-03 9.939E-03 1.124E-02 1.076E-02 1.042E-02 1.008E-02 9.957E-03 9.482E-03 8.961E-03 8.139E-03 7.182E-03 6.441E-03 4.034E-03 2.760E-03 2.220E-03 3.006E-03 3.604E-03 4.716E-03 5.442E-03 5.633E-03 6.881E-03 7.629E-03 8.327E-03 8.735E-03 9.808E-03 1.049E-02 1.120E-02 1.254E-02 1.386E-02 1.450E-02 1.458E-02 1.412E-02
  5.600E+01  1.434E-02 1.394E-02 1.368E-02 1.209E-02 1.340E-02 1.337E-02 1.279E-02 1.342E-02 1.345E-02 1.351E-02 1.355E-02 1.413E-02 1.365E-02 1.410E-02 1.438E-02 1.390E-02 1.441E-02 1.285E-02 1.106E-02 2.131E-03 2.683E-03 7.238E-03 1.260E-02 1.691E-02 1.593E-02 1.168E-02 1.278E-02 1.272E-02 3.107E-03 4.994E-03 8.907E-03 1.000E-02 9.532E-03 9.212E-03 8.899E-03 8.789E-03 8.355E-03 7.882E-03 7.141E-03 6.284E-03 5.624E-03 3.500E-03 2.388E-03 1.923E-03 2.635E-03 3.174E-03 4.176E-03 4.830E-03 5.002E-03 6.128E-03 6.804E-03 7.434E-03 7.801E-03 8.766E-03 9.382E-03 1.002E-02 1.124E-02 1.244E-02 1.304E-02 1.313E-02 1.275E-02
  5.800E+01  1.248E-02 1.194E-02 1.159E-02 1.110E-02 1.133E-02 1.056E-02 1.159E-02 1.194E-02 1.174E-02 1.184E-02 1.181E-02 1.184E-02 1.117E-02 1.211E-02 1.277E-02 1.217E-02 1.272E-02 1.128E-02 9.814E-03 1.970E-03 2.488E-03 6.619E-03 1.136E-02 1.524E-02 1.436E-02 1.049E-02 1.142E-02 1.133E-02 2.760E-03 4.507E-03 8.000E-03 8.923E-03 8.469E-03 8.173E-03 7.885E-03 7.784E-03 7.388E-03 6.958E-03 6.289E-03 5.521E-03 4.932E-03 3.050E-03 2.075E-03 1.674E-03 2.322E-03 2.810E-03 3.718E-03 4.309E-03 4.464E-03 5.484E-03 6.096E-03 6.666E-03 6.999E-03 7.866E-03 8.420E-03 8.995E-03 1.011E-02 1.121E-02 1.175E-02 1.185E-02 1.154E-02
  6.000E+01  1.120E-02 1.033E-02 9.972E-03 9.806E-03 9.785E-03 9.688E-03 9.693E-03 1.012E-02 1.004E-02 1.018E-02 1.029E-02 9.506E-03 1.007E-02 1.004E-02 1.052E-02 1.066E-02 1.055E-02 9.952E-03 8.473E-03 1.829E-03 2.313E-03 6.067E-03 1.030E-02 1.371E-02 1.287E-02 9.413E-03 1.024E-02 1.010E-02 2.461E-03 4.079E-03 7.202E-03 7.983E-03 7.548E-03 7.273E-03 7.009E-03 6.917E-03 6.555E-03 6.165E-03 5.560E-03 4.870E-03 4.342E-03 2.671E-03 1.813E-03 1.464E-03 2.056E-03 2.500E-03 3.326E-03 3.862E-03 4.004E-03 4.931E-03 5.487E-03 6.005E-03 6.306E-03 7.088E-03 7.586E-03 8.108E-03 9.122E-03 1.013E-02 1.062E-02 1.072E-02 1.048E-02
  6.200E+01  9.208E-03 8.588E-03 8.237E-03 7.897E-03 8.428E-03 8.264E-03 8.191E-03 8.636E-03 8.604E-03 8.668E-03 8.769E-03 8.034E-03 8.633E-03 8.279E-03 9.343E-03 9.301E-03 9.213E-03 8.711E-03 7.517E-03 1.704E-03 2.158E-03 5.567E-03 9.372E-03 1.213E-02 1.144E-02 8.445E-03 9.217E-03 9.006E-03 2.202E-03 3.702E-03 6.497E-03 7.161E-03 6.747E-03 6.493E-03 6.250E-03 6.166E-03 5.836E-03 5.482E-03 4.934E-03 4.312E-03 3.839E-03 2.349E-03 1.590E-03 1.287E-03 1.830E-03 2.235E-03 2.990E-03 3.479E-03 3.608E-03 4.454E-03 4.961E-03 5.433E-03 5.706E-03 6.413E-03 6.861E-03 7.335E-03 8.260E-03 9.179E-03 9.631E-03 9.731E-03 9.537E-03
  6.400E+01  7.695E-03 7.275E-03 6.835E-03 6.674E-03 7.121E-03 7.016E-03 6.779E-03 7.183E-03 7.474E-03 7.538E-03 7.532E-03 6.991E-03 7.508E-03 7.008E-03 7.912E-03 8.173E-03 7.870E-03 7.751E-03 6.602E-03 1.593E-03 2.018E-03 5.108E-03 8.504E-03 1.095E-02 1.028E-02 7.608E-03 8.286E-03 8.064E-03 1.978E-03 3.369E-03 5.876E-03 6.440E-03 6.049E-03 5.814E-03 5.592E-03 5.515E-03 5.213E-03 4.891E-03 4.394E-03 3.833E-03 3.407E-03 2.074E-03 1.401E-03 1.136E-03 1.636E-03 2.007E-03 2.700E-03 3.148E-03 3.267E-03 4.042E-03 4.506E-03 4.936E-03 5.185E-03 5.824E-03 6.229E-03 6.661E-03 7.504E-03 8.346E-03 8.759E-03 8.855E-03 8.703E-03
  6.600E+01  6.538E-03 6.118E-03 5.587E-03 5.479E-03 5.887E-03 5.924E-03 5.707E-03 5.932E-03 6.313E-03 6.406E-03 6.386E-03 5.968E-03 6.710E-03 5.977E-03 6.478E-03 7.216E-03 6.854E-03 6.838E-03 5.793E-03 1.494E-03 1.893E-03 4.689E-03 7.681E-03 9.913E-03 9.308E-03 6.884E-03 7.445E-03 7.253E-03 1.783E-03 3.074E-03 5.326E-03 5.807E-03 5.439E-03 5.222E-03 5.019E-03 4.949E-03 4.673E-03 4.379E-03 3.928E-03 3.420E-03 3.036E-03 1.839E-03 1.240E-03 1.007E-03 1.470E-03 1.811E-03 2.450E-03 2.862E-03 2.971E-03 3.684E-03 4.109E-03 4.504E-03 4.732E-03 5.311E-03 5.676E-03 6.070E-03 6.841E-03 7.612E-03 7.989E-03 8.081E-03 7.963E-03
  6.800E+01  5.432E-03 4.796E-03 4.652E-03 4.617E-03 4.883E-03 4.915E-03 4.710E-03 5.108E-03 5.171E-03 5.289E-03 5.446E-03 5.166E-03 5.504E-03 5.157E-03 5.756E-03 6.157E-03 5.921E-03 6.032E-03 5.171E-03 1.407E-03 1.780E-03 4.313E-03 6.994E-03 8.930E-03 8.389E-03 6.217E-03 6.724E-03 6.523E-03 1.614E-03 2.813E-03 4.839E-03 5.250E-03 4.905E-03 4.706E-03 4.519E-03 4.455E-03 4.203E-03 3.934E-03 3.524E-03 3.063E-03 2.716E-03 1.638E-03 1.102E-03 8.974E-04 1.326E-03 1.642E-03 2.234E-03 2.614E-03 2.715E-03 3.372E-03 3.764E-03 4.126E-03 4.335E-03 4.861E-03 5.191E-03 5.551E-03 6.257E-03 6.964E-03 7.308E-03 7.394E-03 7.306E-03
  7.000E+01  4.475E-03 3.951E-03 3.907E-03 3.891E-03 4.057E-03 4.120E-03 3.947E-03 4.286E-03 4.398E-03 4.512E-03 4.574E-03 4.173E-03 4.859E-03 4.258E-03 4.917E-03 5.446E-03 5.059E-03 5.287E-03 4.436E-03 1.329E-03 1.679E-03 3.973E-03 6.365E-03 8.007E-03 7.520E-03 5.615E-03 6.098E-03 5.871E-03 1.465E-03 2.582E-03 4.407E-03 4.760E-03 4.437E-03 4.254E-03 4.082E-03 4.024E-03 3.792E-03 3.547E-03 3.173E-03 2.754E-03 2.439E-03 1.464E-03 9.835E-04 8.029E-04 1.202E-03 1.495E-03 2.045E-03 2.398E-03 2.491E-03 3.100E-03 3.462E-03 3.796E-03 3.987E-03 4.466E-03 4.765E-03 5.094E-03 5.741E-03 6.390E-03 6.705E-03 6.785E-03 6.722E-03
  7.200E+01  3.638E-03 3.326E-03 3.344E-03 3.315E-03 3.343E-03 3.405E-03 3.399E-03 3.506E-03 3.575E-03 3.655E-03 3.849E-03 3.605E-03 4.019E-03 3.856E-03 4.343E-03 4.662E-03 4.509E-03 4.650E-03 3.982E-03 1.259E-03 1.587E-03 3.658E-03 5.808E-03 7.215E-03 6.765E-03 5.098E-03 5.524E-03 5.314E-03 1.335E-03 2.376E-03 4.023E-03 4.328E-03 4.026E-03 3.857E-03 3.700E-03 3.646E-03 3.434E-03 3.209E-03 2.867E-03 2.485E-03 2.198E-03 1.314E-03 8.813E-04 7.216E-04 1.095E-03 1.368E-03 1.881E-03 2.209E-03 2.296E-03 2.862E-03 3.197E-03 3.506E-03 3.682E-03 4.118E-03 4.390E-03 4.691E-03 5.286E-03 5.882E-03 6.170E-03 6.243E-03 6.203E-03
  7.400E+01  2.982E-03 2.490E-03 2.669E-03 2.644E-03 2.720E-03 2.803E-03 2.753E-03 2.950E-03 3.020E-03 3.134E-03 3.401E-03 3.101E-03 3.377E-03 3.421E-03 3.746E-03 3.982E-03 3.984E-03 4.034E-03 3.582E-03 1.196E-03 1.504E-03 3.374E-03 5.291E-03 6.541E-03 6.143E-03 4.646E-03 5.010E-03 4.828E-03 1.222E-03 2.192E-03 3.682E-03 3.945E-03 3.665E-03 3.509E-03 3.364E-03 3.315E-03 3.119E-03 2.913E-03 2.600E-03 2.251E-03 1.989E-03 1.184E-03 7.930E-04 6.514E-04 1.001E-03 1.257E-03 1.737E-03 2.043E-03 2.125E-03 2.653E-03 2.964E-03 3.250E-03 3.413E-03 3.811E-03 4.059E-03 4.335E-03 4.882E-03 5.431E-03 5.695E-03 5.761E-03 5.739E-03
  7.600E+01  2.423E-03 2.078E-03 2.174E-03 2.276E-03 2.331E-03 2.197E-03 2.311E-03 2.519E-03 2.631E-03 2.721E-03 2.737E-03 2.757E-03 2.804E-03 2.973E-03 3.257E-03 3.622E-03 3.443E-03 3.627E-03 3.090E-03 1.140E-03 1.429E-03 3.123E-03 4.835E-03 5.995E-03 5.604E-03 4.226E-03 4.572E-03 4.381E-03 1.121E-03 2.028E-03 3.379E-03 3.608E-03 3.346E-03 3.202E-03 3.069E-03 3.023E-03 2.844E-03 2.654E-03 2.366E-03 2.046E-03 1.806E-03 1.071E-03 7.164E-04 5.905E-04 9.201E-04 1.160E-03 1.611E-03 1.898E-03 1.975E-03 2.469E-03 2.759E-03 3.025E-03 3.175E-03 3.540E-03 3.765E-03 4.019E-03 4.524E-03 5.030E-03 5.271E-03 5.332E-03 5.325E-03
  7.800E+01  1.931E-03 1.804E-03 1.804E-03 1.771E-03 1.951E-03 2.019E-03 1.944E-03 2.137E-03 2.133E-03 2.219E-03 2.320E-03 2.407E-03 2.398E-03 2.619E-03 2.944E-03 3.059E-03 3.235E-03 3.128E-03 2.753E-03 1.090E-03 1.362E-03 2.898E-03 4.432E-03 5.360E-03 5.032E-03 3.849E-03 4.189E-03 3.987E-03 1.033E-03 1.882E-03 3.109E-03 3.309E-03 3.065E-03 2.932E-03 2.809E-03 2.767E-03 2.601E-03 2.427E-03 2.161E-03 1.867E-03 1.646E-03 9.726E-04 6.499E-04 5.377E-04 8.489E-04 1.075E-03 1.501E-03 1.771E-03 1.843E-03 2.306E-03 2.578E-03 2.825E-03 2.965E-03 3.299E-03 3.505E-03 3.739E-03 4.205E-03 4.672E-03 4.893E-03 4.948E-03 4.955E-03
  8.000E+01  1.638E-03 1.536E-03 1.574E-03 1.615E-03 1.524E-03 1.752E-03 1.695E-03 1.847E-03 1.785E-03 1.886E-03 2.052E-03 2.054E-03 2.193E-03 2.276E-03 2.507E-03 2.579E-03 2.838E-03 2.700E-03 2.523E-03 1.045E-03 1.300E-03 2.690E-03 4.060E-03 4.897E-03 4.583E-03 3.534E-03 3.829E-03 3.659E-03 9.552E-04 1.752E-03 2.869E-03 3.044E-03 2.817E-03 2.694E-03 2.580E-03 2.541E-03 2.388E-03 2.226E-03 1.981E-03 1.709E-03 1.506E-03 8.866E-04 5.919E-04 4.917E-04 7.867E-04 9.999E-04 1.404E-03 1.658E-03 1.726E-03 2.163E-03 2.418E-03 2.649E-03 2.778E-03 3.086E-03 3.274E-03 3.490E-03 3.921E-03 4.353E-03 4.555E-03 4.605E-03 4.625E-03
  8.200E+01  1.378E-03 1.266E-03 1.326E-03 1.379E-03 1.443E-03 1.484E-03 1.531E-03 1.561E-03 1.659E-03 1.732E-03 1.710E-03 1.661E-03 1.940E-03 1.892E-03 2.181E-03 2.422E-03 2.525E-03 2.495E-03 2.240E-03 1.005E-03 1.245E-03 2.497E-03 3.718E-03 4.540E-03 4.252E-03 3.260E-03 3.503E-03 3.369E-03 8.863E-04 1.635E-03 2.654E-03 2.809E-03 2.598E-03 2.483E-03 2.378E-03 2.342E-03 2.199E-03 2.050E-03 1.823E-03 1.571E-03 1.383E-03 8.112E-04 5.412E-04 4.516E-04 7.320E-04 9.342E-04 1.318E-03 1.559E-03 1.623E-03 2.036E-03 2.275E-03 2.492E-03 2.613E-03 2.896E-03 3.068E-03 3.268E-03 3.667E-03 4.067E-03 4.253E-03 4.298E-03 4.328E-03
  8.400E+01  1.235E-03 1.075E-03 1.076E-03 1.192E-03 1.240E-03 1.248E-03 1.262E-03 1.259E-03 1.441E-03 1.508E-03 1.496E-03 1.641E-03 1.745E-03 1.657E-03 1.844E-03 2.159E-03 2.254E-03 2.272E-03 1.965E-03 9.684E-04 1.194E-03 2.323E-03 3.445E-03 4.178E-03 3.901E-03 2.998E-03 3.235E-03 3.098E-03 8.254E-04 1.530E-03 2.463E-03 2.600E-03 2.404E-03 2.297E-03 2.199E-03 2.166E-03 2.033E-03 1.894E-03 1.683E-03 1.449E-03 1.275E-03 7.451E-04 4.969E-04 4.166E-04 6.840E-04 8.764E-04 1.242E-03 1.471E-03 1.532E-03 1.923E-03 2.149E-03 2.353E-03 2.466E-03 2.727E-03 2.885E-03 3.070E-03 3.441E-03 3.812E-03 3.983E-03 4.023E-03 4.063E-03
  8.600E+01  1.051E-03 9.405E-04 9.882E-04 1.022E-03 1.012E-03 1.088E-03 1.085E-03 1.247E-03 1.150E-03 1.198E-03 1.470E-03 1.419E-03 1.482E-03 1.521E-03 1.797E-03 1.806E-03 1.977E-03 1.980E-03 1.842E-03 9.358E-04 1.148E-03 2.170E-03 3.196E-03 3.759E-03 3.530E-03 2.760E-03 3.005E-03 2.861E-03 7.713E-04 1.436E-03 2.292E-03 2.416E-03 2.232E-03 2.133E-03 2.041E-03 2.010E-03 1.886E-03 1.756E-03 1.560E-03 1.342E-03 1.179E-03 6.869E-04 4.580E-04 3.859E-04 6.418E-04 8.254E-04 1.175E-03 1.393E-03 1.451E-03 1.823E-03 2.037E-03 2.229E-03 2.335E-03 2.576E-03 2.721E-03 2.893E-03 3.238E-03 3.582E-03 3.740E-03 3.777E-03 3.824E-03
  8.800E+01  9.103E-04 8.825E-04 8.907E-04 8.840E-04 9.818E-04 9.306E-04 9.840E-04 1.075E-03 1.146E-03 1.188E-03 1.312E-03 1.267E-03 1.187E-03 1.429E-03 1.625E-03 1.632E-03 1.868E-03 1.806E-03 1.701E-03 9.064E-04 1.107E-03 2.032E-03 2.949E-03 3.489E-03 3.268E-03 2.567E-03 2.782E-03 2.666E-03 7.234E-04 1.352E-03 2.140E-03 2.252E-03 2.080E-03 1.987E-03 1.901E-03 1.872E-03 1.756E-03 1.635E-03 1.451E-03 1.247E-03 1.095E-03 6.355E-04 4.238E-04 3.591E-04 6.046E-04 7.804E-04 1.115E-03 1.324E-03 1.380E-03 1.734E-03 1.937E-03 2.118E-03 2.217E-03 2.441E-03 2.574E-03 2.735E-03 3.056E-03 3.377E-03 3.522E-03 3.555E-03 3.610E-03
  9.000E+01  8.453E-04 7.998E-04 8.008E-04 8.417E-04 9.007E-04 9.144E-04 1.010E-03 9.658E-04 9.699E-04 1.019E-03 1.151E-03 1.118E-03 1.238E-03 1.209E-03 1.372E-03 1.581E-03 1.646E-03 1.652E-03 1.559E-03 8.800E-04 1.069E-03 1.904E-03 2.727E-03 3.291E-03 3.080E-03 2.402E-03 2.581E-03 2.495E-03 6.808E-04 1.277E-03 2.004E-03 2.106E-03 1.945E-03 1.858E-03 1.778E-03 1.750E-03 1.641E-03 1.527E-03 1.354E-03 1.163E-03 1.021E-03 5.902E-04 3.937E-04 3.354E-04 5.717E-04 7.405E-04 1.062E-03 1.263E-03 1.316E-03 1.655E-03 1.848E-03 2.019E-03 2.113E-03 2.320E-03 2.443E-03 2.593E-03 2.893E-03 3.192E-03 3.326E-03 3.356E-03 3.417E-03
  9.200E+01  8.280E-04 7.456E-04 7.721E-04 7.958E-04 8.446E-04 8.187E-04 8.748E-04 8.157E-04 9.749E-04 1.029E-03 9.884E-04 1.093E-03 1.118E-03 1.202E-03 1.205E-03 1.452E-03 1.547E-03 1.528E-03 1.408E-03 8.563E-04 1.035E-03 1.788E-03 2.549E-03 3.056E-03 2.863E-03 2.240E-03 2.421E-03 2.332E-03 6.428E-04 1.209E-03 1.882E-03 1.977E-03 1.826E-03 1.744E-03 1.668E-03 1.642E-03 1.539E-03 1.432E-03 1.269E-03 1.089E-03 9.546E-04 5.501E-04 3.672E-04 3.147E-04 5.427E-04 7.052E-04 1.016E-03 1.208E-03 1.260E-03 1.584E-03 1.768E-03 1.931E-03 2.019E-03 2.212E-03 2.325E-03 2.465E-03 2.746E-03 3.026E-03 3.149E-03 3.177E-03 3.244E-03
  9.400E+01  7.716E-04 7.054E-04 7.530E-04 7.165E-04 7.462E-04 7.666E-04 8.093E-04 8.792E-04 8.027E-04 8.279E-04 9.271E-04 9.775E-04 1.078E-03 1.067E-03 1.283E-03 1.283E-03 1.387E-03 1.395E-03 1.362E-03 8.349E-04 1.004E-03 1.686E-03 2.389E-03 2.836E-03 2.653E-03 2.095E-03 2.283E-03 2.192E-03 6.091E-04 1.148E-03 1.774E-03 1.863E-03 1.720E-03 1.643E-03 1.571E-03 1.546E-03 1.449E-03 1.347E-03 1.194E-03 1.023E-03 8.961E-04 5.145E-04 3.437E-04 2.964E-04 5.170E-04 6.740E-04 9.740E-04 1.160E-03 1.209E-03 1.521E-03 1.697E-03 1.852E-03 1.935E-03 2.115E-03 2.220E-03 2.351E-03 2.614E-03 2.876E-03 2.990E-03 3.015E-03 3.088E-03
  9.600E+01  7.774E-04 6.470E-04 7.137E-04 6.460E-04 7.614E-04 7.553E-04 7.583E-04 7.927E-04 7.818E-04 8.064E-04 8.824E-04 9.679E-04 9.930E-04 1.074E-03 1.154E-03 1.235E-03 1.339E-03 1.328E-03 1.294E-03 8.157E-04 9.763E-04 1.595E-03 2.216E-03 2.738E-03 2.551E-03 1.981E-03 2.144E-03 2.084E-03 5.790E-04 1.093E-03 1.678E-03 1.761E-03 1.627E-03 1.553E-03 1.485E-03 1.461E-03 1.369E-03 1.273E-03 1.127E-03 9.647E-04 8.441E-04 4.829E-04 3.230E-04 2.803E-04 4.943E-04 6.462E-04 9.369E-04 1.116E-03 1.164E-03 1.465E-03 1.633E-03 1.781E-03 1.860E-03 2.027E-03 2.125E-03 2.248E-03 2.495E-03 2.740E-03 2.847E-03 2.870E-03 2.948E-03
  9.800E+01  7.866E-04 7.047E-04 6.918E-04 6.981E-04 7.387E-04 7.010E-04 7.604E-04 7.556E-04 8.235E-04 8.519E-04 9.368E-04 9.082E-04 9.288E-04 9.781E-04 1.059E-03 1.182E-03 1.231E-03 1.273E-03 1.247E-03 7.984E-04 9.509E-04 1.510E-03 2.058E-03 2.647E-03 2.461E-03 1.885E-03 2.023E-03 1.992E-03 5.521E-04 1.044E-03 1.592E-03 1.671E-03 1.545E-03 1.475E-03 1.410E-03 1.386E-03 1.298E-03 1.206E-03 1.067E-03 9.128E-04 7.979E-04 4.547E-04 3.047E-04 2.661E-04 4.742E-04 6.216E-04 9.039E-04 1.078E-03 1.124E-03 1.414E-03 1.576E-03 1.717E-03 1.792E-03 1.949E-03 2.039E-03 2.155E-03 2.388E-03 2.618E-03 2.717E-03 2.738E-03 2.821E-03
  1.000E+02  7.742E-04 6.860E-04 6.720E-04 6.633E-04 7.503E-04 6.960E-04 7.242E-04 7.650E-04 8.154E-04 8.319E-04 9.087E-04 8.232E-04 8.511E-04 9.119E-04 1.026E-03 1.100E-03 1.207E-03 1.180E-03 1.163E-03 7.829E-04 9.279E-04 1.434E-03 1.940E-03 2.497E-03 2.311E-03 1.788E-03 1.935E-03 1.900E-03 5.281E-04 1.000E-03 1.516E-03 1.593E-03 1.472E-03 1.406E-03 1.343E-03 1.320E-03 1.236E-03 1.148E-03 1.015E-03 8.668E-04 7.569E-04 4.297E-04 2.884E-04 2.535E-04 4.563E-04 5.997E-04 8.745E-04 1.043E-03 1.088E-03 1.369E-03 1.525E-03 1.660E-03 1.731E-03 1.878E-03 1.962E-03 2.071E-03 2.291E-03 2.508E-03 2.600E-03 2.620E-03 2.706E-03
  1.020E+02  8.020E-04 7.165E-04 7.040E-04 6.879E-04 7.368E-04 7.110E-04 7.707E-04 7.631E-04 7.812E-04 7.989E-04 8.170E-04 8.441E-04 8.875E-04 8.408E-04 1.015E-03 1.086E-03 1.172E-03 1.134E-03 1.106E-03 7.690E-04 9.071E-04 1.370E-03 1.862E-03 2.343E-03 2.176E-03 1.698E-03 1.865E-03 1.820E-03 5.067E-04 9.603E-04 1.448E-03 1.525E-03 1.409E-03 1.345E-03 1.284E-03 1.262E-03 1.181E-03 1.096E-03 9.681E-04 8.259E-04 7.203E-04 4.073E-04 2.740E-04 2.424E-04 4.405E-04 5.803E-04 8.483E-04 1.012E-03 1.056E-03 1.329E-03 1.479E-03 1.608E-03 1.677E-03 1.815E-03 1.893E-03 1.996E-03 2.204E-03 2.408E-03 2.494E-03 2.513E-03 2.603E-03
  1.040E+02  7.645E-04 7.608E-04 7.048E-04 7.106E-04 7.054E-04 7.734E-04 7.395E-04 6.922E-04 7.741E-04 8.020E-04 8.425E-04 8.295E-04 9.310E-04 8.545E-04 9.172E-04 1.101E-03 1.068E-03 1.120E-03 1.102E-03 7.565E-04 8.883E-04 1.312E-03 1.781E-03 2.271E-03 2.120E-03 1.626E-03 1.795E-03 1.765E-03 4.876E-04 9.246E-04 1.389E-03 1.465E-03 1.354E-03 1.292E-03 1.233E-03 1.211E-03 1.133E-03 1.051E-03 9.270E-04 7.896E-04 6.877E-04 3.873E-04 2.611E-04 2.326E-04 4.265E-04 5.630E-04 8.249E-04 9.849E-04 1.027E-03 1.292E-03 1.437E-03 1.562E-03 1.628E-03 1.757E-03 1.830E-03 1.927E-03 2.125E-03 2.318E-03 2.398E-03 2.416E-03 2.510E-03
  1.060E+02  9.341E-04 7.161E-04 6.700E-04 7.829E-04 6.897E-04 7.520E-04 7.770E-04 7.139E-04 7.863E-04 7.949E-04 8.918E-04 8.647E-04 9.181E-04 8.670E-04 9.708E-04 1.167E-03 1.066E-03 1.181E-03 1.111E-03 7.453E-04 8.713E-04 1.260E-03 1.687E-03 2.208E-03 2.074E-03 1.570E-03 1.733E-03 1.727E-03 4.704E-04 8.927E-04 1.337E-03 1.413E-03 1.307E-03 1.246E-03 1.189E-03 1.167E-03 1.090E-03 1.011E-03 8.907E-04 7.573E-04 6.587E-04 3.694E-04 2.497E-04 2.240E-04 4.140E-04 5.476E-04 8.041E-04 9.603E-04 1.002E-03 1.260E-03 1.400E-03 1.521E-03 1.583E-03 1.705E-03 1.773E-03 1.866E-03 2.053E-03 2.236E-03 2.311E-03 2.328E-03 2.426E-03
  1.080E+02  9.180E-04 7.875E-04 7.996E-04 8.177E-04 7.746E-04 7.816E-04 7.878E-04 7.878E-04 7.960E-04 8.204E-04 9.304E-04 8.777E-04 9.752E-04 9.489E-04 9.762E-04 1.063E-03 1.125E-03 1.080E-03 1.122E-03 7.353E-04 8.560E-04 1.211E-03 1.614E-03 2.088E-03 1.969E-03 1.525E-03 1.689E-03 1.695E-03 4.551E-04 8.640E-04 1.291E-03 1.368E-03 1.266E-03 1.206E-03 1.150E-03 1.128E-03 1.053E-03 9.760E-04 8.586E-04 7.287E-04 6.328E-04 3.533E-04 2.396E-04 2.163E-04 4.030E-04 5.340E-04 7.855E-04 9.384E-04 9.791E-04 1.231E-03 1.367E-03 1.483E-03 1.543E-03 1.659E-03 1.722E-03 1.810E-03 1.988E-03 2.162E-03 2.233E-03 2.249E-03 2.350E-03
  1.100E+02  1.053E-03 8.600E-04 8.534E-04 7.804E-04 8.099E-04 8.650E-04 8.079E-04 8.326E-04 9.073E-04 9.619E-04 9.058E-04 9.146E-04 9.406E-04 9.863E-04 1.068E-03 1.073E-03 1.180E-03 1.073E-03 1.131E-03 7.264E-04 8.422E-04 1.166E-03 1.563E-03 1.965E-03 1.877E-03 1.484E-03 1.662E-03 1.667E-03 4.413E-04 8.383E-04 1.252E-03 1.331E-03 1.231E-03 1.173E-03 1.117E-03 1.095E-03 1.021E-03 9.456E-04 8.304E-04 7.033E-04 6.097E-04 3.389E-04 2.306E-04 2.095E-04 3.932E-04 5.219E-04 7.689E-04 9.188E-04 9.587E-04 1.205E-03 1.337E-03 1.450E-03 1.507E-03 1.616E-03 1.676E-03 1.760E-03 1.930E-03 2.095E-03 2.161E-03 2.177E-03 2.281E-03
  1.120E+02  1.136E-03 9.116E-04 8.872E-04 9.291E-04 8.812E-04 8.553E-04 8.458E-04 9.707E-04 9.529E-04 9.706E-04 9.628E-04 9.680E-04 1.020E-03 1.051E-03 1.207E-03 1.080E-03 1.164E-03 1.102E-03 1.208E-03 7.183E-04 8.298E-04 1.128E-03 1.514E-03 1.901E-03 1.839E-03 1.450E-03 1.644E-03 1.652E-03 4.290E-04 8.154E-04 1.218E-03 1.301E-03 1.202E-03 1.145E-03 1.089E-03 1.067E-03 9.938E-04 9.192E-04 8.057E-04 6.807E-04 5.890E-04 3.259E-04 2.225E-04 2.035E-04 3.845E-04 5.111E-04 7.541E-04 9.012E-04 9.404E-04 1.181E-03 1.310E-03 1.419E-03 1.475E-03 1.578E-03 1.635E-03 1.714E-03 1.877E-03 2.034E-03 2.097E-03 2.112E-03 2.219E-03
  1.140E+02  1.411E-03 1.005E-03 9.518E-04 1.003E-03 9.512E-04 9.975E-04 9.490E-04 9.688E-04 9.532E-04 9.835E-04 1.055E-03 1.086E-03 1.130E-03 1.072E-03 1.150E-03 1.216E-03 1.300E-03 1.165E-03 1.302E-03 7.112E-04 8.187E-04 1.095E-03 1.466E-03 1.864E-03 1.826E-03 1.434E-03 1.627E-03 1.660E-03 4.180E-04 7.950E-04 1.190E-03 1.277E-03 1.179E-03 1.122E-03 1.065E-03 1.043E-03 9.702E-04 8.963E-04 7.840E-04 6.607E-04 5.706E-04 3.142E-04 2.154E-04 1.982E-04 3.768E-04 5.015E-04 7.410E-04 8.856E-04 9.241E-04 1.160E-03 1.286E-03 1.392E-03 1.446E-03 1.544E-03 1.597E-03 1.673E-03 1.828E-03 1.979E-03 2.038E-03 2.054E-03 2.164E-03
  1.160E+02  1.908E-03 1.238E-03 1.193E-03 1.121E-03 1.065E-03 1.092E-03 1.037E-03 1.165E-03 1.092E-03 1.152E-03 1.166E-03 1.120E-03 1.207E-03 1.252E-03 1.356E-03 1.288E-03 1.371E-03 1.228E-03 1.447E-03 7.049E-04 8.088E-04 1.066E-03 1.421E-03 1.830E-03 1.817E-03 1.438E-03 1.612E-03 1.689E-03 4.082E-04 7.769E-04 1.168E-03 1.257E-03 1.161E-03 1.103E-03 1.046E-03 1.023E-03 9.503E-04 8.767E-04 7.652E-04 6.429E-04 5.540E-04 3.037E-04 2.090E-04 1.935E-04 3.700E-04 4.930E-04 7.293E-04 8.717E-04 9.095E-04 1.141E-03 1.264E-03 1.367E-03 1.419E-03 1.513E-03 1.563E-03 1.636E-03 1.785E-03 1.929E-03 1.984E-03 2.000E-03 2.113E-03
  1.180E+02  2.404E-03 1.580E-03 1.473E-03 1.242E-03 1.290E-03 1.252E-03 1.228E-03 1.212E-03 1.277E-03 1.314E-03 1.244E-03 1.389E-03 1.369E-03 1.456E-03 1.397E-03 1.427E-03 1.474E-03 1.307E-03 1.642E-03 6.992E-04 8.000E-04 1.041E-03 1.373E-03 1.826E-03 1.825E-03 1.451E-03 1.613E-03 1.723E-03 3.993E-04 7.608E-04 1.150E-03 1.244E-03 1.147E-03 1.089E-03 1.031E-03 1.007E-03 9.338E-04 8.601E-04 7.487E-04 6.271E-04 5.391E-04 2.942E-04 2.034E-04 1.893E-04 3.640E-04 4.855E-04 7.188E-04 8.592E-04 8.965E-04 1.124E-03 1.245E-03 1.345E-03 1.396E-03 1.485E-03 1.532E-03 1.602E-03 1.745E-03 1.883E-03 1.936E-03 1.952E-03 2.068E-03
  1.200E+02  2.017E-03 2.101E-03 1.710E-03 1.670E-03 1.624E-03 1.523E-03 1.479E-03 1.405E-03 1.562E-03 1.616E-03 1.520E-03 1.645E-03 1.486E-03 1.568E-03 1.486E-03 1.588E-03 1.649E-03 1.423E-03 1.801E-03 6.942E-04 7.921E-04 1.020E-03 1.335E-03 1.850E-03 1.855E-03 1.463E-03 1.636E-03 1.760E-03 3.914E-04 7.467E-04 1.137E-03 1.236E-03 1.138E-03 1.079E-03 1.019E-03 9.945E-04 9.204E-04 8.462E-04 7.344E-04 6.130E-04 5.257E-04 2.857E-04 1.983E-04 1.857E-04 3.586E-04 4.788E-04 7.096E-04 8.481E-04 8.849E-04 1.109E-03 1.227E-03 1.325E-03 1.374E-03 1.459E-03 1.504E-03 1.571E-03 1.709E-03 1.842E-03 1.892E-03 1.909E-03 2.027E-03
  1.220E+02  1.079E-03 2.227E-03 2.086E-03 2.034E-03 1.966E-03 1.916E-03 1.701E-03 1.815E-03 1.796E-03 1.842E-03 1.703E-03 1.908E-03 1.800E-03 1.676E-03 1.712E-03 1.742E-03 1.804E-03 1.621E-03 2.138E-03 6.897E-04 7.853E-04 1.008E-03 1.314E-03 1.849E-03 1.884E-03 1.479E-03 1.677E-03 1.816E-03 3.843E-04 7.344E-04 1.129E-03 1.234E-03 1.133E-03 1.072E-03 1.011E-03 9.851E-04 9.097E-04 8.347E-04 7.220E-04 6.004E-04 5.135E-04 2.779E-04 1.938E-04 1.824E-04 3.539E-04 4.729E-04 7.013E-04 8.382E-04 8.746E-04 1.096E-03 1.211E-03 1.307E-03 1.355E-03 1.436E-03 1.479E-03 1.544E-03 1.676E-03 1.804E-03 1.852E-03 1.869E-03 1.990E-03
  1.240E+02  6.782E-04 1.366E-03 1.944E-03 2.250E-03 1.992E-03 2.010E-03 1.989E-03 1.970E-03 2.090E-03 2.076E-03 1.956E-03 1.844E-03 1.910E-03 1.814E-03 1.860E-03 1.908E-03 1.938E-03 1.809E-03 2.638E-03 6.858E-04 7.792E-04 9.995E-04 1.314E-03 1.874E-03 1.946E-03 1.515E-03 1.724E-03 1.898E-03 3.779E-04 7.237E-04 1.125E-03 1.237E-03 1.133E-03 1.069E-03 1.006E-03 9.787E-04 9.012E-04 8.251E-04 7.112E-04 5.891E-04 5.025E-04 2.709E-04 1.898E-04 1.796E-04 3.498E-04 4.677E-04 6.940E-04 8.295E-04 8.654E-04 1.083E-03 1.197E-03 1.291E-03 1.338E-03 1.416E-03 1.456E-03 1.518E-03 1.647E-03 1.770E-03 1.815E-03 1.833E-03 1.956E-03
  1.260E+02  6.394E-04 9.782E-04 1.259E-03 1.409E-03 1.640E-03 1.872E-03 1.881E-03 1.854E-03 2.003E-03 1.987E-03 2.033E-03 1.871E-03 2.027E-03 1.951E-03 2.158E-03 2.044E-03 2.279E-03 2.154E-03 3.132E-03 6.824E-04 7.741E-04 9.988E-04 1.315E-03 1.968E-03 2.061E-03 1.567E-03 1.784E-03 1.995E-03 3.723E-04 7.147E-04 1.126E-03 1.245E-03 1.135E-03 1.068E-03 1.003E-03 9.747E-04 8.949E-04 8.173E-04 7.017E-04 5.789E-04 4.925E-04 2.646E-04 1.863E-04 1.770E-04 3.461E-04 4.631E-04 6.876E-04 8.217E-04 8.572E-04 1.073E-03 1.184E-03 1.277E-03 1.322E-03 1.397E-03 1.435E-03 1.496E-03 1.619E-03 1.738E-03 1.782E-03 1.801E-03 1.926E-03
  1.280E+02  5.411E-04 7.138E-04 8.037E-04 1.247E-03 1.117E-03 1.357E-03 1.548E-03 1.643E-03 1.598E-03 1.624E-03 1.695E-03 1.815E-03 1.820E-03 1.918E-03 2.227E-03 2.391E-03 2.629E-03 2.480E-03 3.740E-03 6.793E-04 7.696E-04 9.989E-04 1.342E-03 2.054E-03 2.172E-03 1.642E-03 1.866E-03 2.107E-03 3.672E-04 7.070E-04 1.131E-03 1.256E-03 1.141E-03 1.071E-03 1.003E-03 9.728E-04 8.904E-04 8.109E-04 6.935E-04 5.696E-04 4.832E-04 2.588E-04 1.831E-04 1.748E-04 3.429E-04 4.590E-04 6.818E-04 8.147E-04 8.500E-04 1.063E-03 1.173E-03 1.264E-03 1.308E-03 1.380E-03 1.416E-03 1.475E-03 1.595E-03 1.710E-03 1.752E-03 1.772E-03 1.900E-03
  1.300E+02  5.044E-04 6.370E-04 7.202E-04 7.923E-04 9.661E-04 1.145E-03 1.223E-03 1.291E-03 1.585E-03 1.649E-03 1.676E-03 1.498E-03 1.814E-03 1.870E-03 2.436E-03 2.329E-03 3.147E-03 2.798E-03 4.228E-03 6.767E-04 7.660E-04 1.007E-03 1.387E-03 2.119E-03 2.269E-03 1.724E-03 1.982E-03 2.217E-03 3.627E-04 7.008E-04 1.140E-03 1.273E-03 1.149E-03 1.076E-03 1.004E-03 9.725E-04 8.874E-04 8.058E-04 6.861E-04 5.611E-04 4.747E-04 2.537E-04 1.803E-04 1.729E-04 3.401E-04 4.554E-04 6.768E-04 8.086E-04 8.436E-04 1.054E-03 1.163E-03 1.252E-03 1.295E-03 1.364E-03 1.399E-03 1.456E-03 1.572E-03 1.683E-03 1.724E-03 1.745E-03 1.876E-03
  1.320E+02  5.289E-04 6.129E-04 6.542E-04 8.753E-04 8.323E-04 9.302E-04 1.323E-03 1.312E-03 1.451E-03 1.511E-03 1.528E-03 1.752E-03 1.903E-03 1.971E-03 2.743E-03 3.109E-03 3.743E-03 3.667E-03 4.795E-03 6.744E-04 7.630E-04 1.019E-03 1.458E-03 2.277E-03 2.469E-03 1.831E-03 2.111E-03 2.349E-03 3.587E-04 6.959E-04 1.154E-03 1.294E-03 1.160E-03 1.082E-03 1.006E-03 9.736E-04 8.856E-04 8.017E-04 6.794E-04 5.533E-04 4.669E-04 2.490E-04 1.779E-04 1.712E-04 3.376E-04 4.523E-04 6.724E-04 8.033E-04 8.379E-04 1.047E-03 1.154E-03 1.241E-03 1.284E-03 1.350E-03 1.384E-03 1.439E-03 1.552E-03 1.659E-03 1.699E-03 1.721E-03 1.854E-03
  1.340E+02  5.272E-04 6.262E-04 7.950E-04 9.267E-04 1.095E-03 1.174E-03 1.371E-03 1.734E-03 1.611E-03 1.703E-03 2.106E-03 2.103E-03 2.416E-03 3.017E-03 3.825E-03 3.627E-03 5.291E-03 4.184E-03 4.840E-03 6.724E-04 7.608E-04 1.043E-03 1.560E-03 2.502E-03 2.717E-03 1.948E-03 2.267E-03 2.488E-03 3.551E-04 6.923E-04 1.171E-03 1.318E-03 1.173E-03 1.090E-03 1.010E-03 9.760E-04 8.845E-04 7.981E-04 6.733E-04 5.460E-04 4.597E-04 2.448E-04 1.757E-04 1.697E-04 3.354E-04 4.496E-04 6.685E-04 7.985E-04 8.329E-04 1.040E-03 1.146E-03 1.232E-03 1.273E-03 1.338E-03 1.370E-03 1.423E-03 1.533E-03 1.637E-03 1.675E-03 1.699E-03 1.835E-03
  1.360E+02  5.751E-04 7.278E-04 1.051E-03 1.533E-03 1.714E-03 1.998E-03 2.475E-03 2.542E-03 2.985E-03 3.134E-03 3.378E-03 3.578E-03 4.066E-03 4.029E-03 4.962E-03 5.488E-03 6.356E-03 5.537E-03 4.904E-03 6.706E-04 7.593E-04 1.073E-03 1.677E-03 2.902E-03 3.138E-03 2.096E-03 2.420E-03 2.639E-03 3.520E-04 6.900E-04 1.193E-03 1.345E-03 1.187E-03 1.098E-03 1.015E-03 9.791E-04 8.839E-04 7.950E-04 6.677E-04 5.393E-04 4.530E-04 2.411E-04 1.738E-04 1.684E-04 3.335E-04 4.472E-04 6.651E-04 7.944E-04 8.286E-04 1.034E-03 1.139E-03 1.223E-03 1.264E-03 1.326E-03 1.357E-03 1.409E-03 1.516E-03 1.617E-03 1.654E-03 1.679E-03 1.819E-03
  1.380E+02  7.186E-04 1.345E-03 2.239E-03 3.535E-03 4.056E-03 4.673E-03 5.515E-03 6.010E-03 6.051E-03 6.047E-03 6.721E-03 6.884E-03 7.138E-03 7.268E-03 8.044E-03 7.489E-03 8.384E-03 6.479E-03 4.763E-03 6.691E-04 7.585E-04 1.112E-03 1.846E-03 3.384E-03 3.608E-03 2.277E-03 2.577E-03 2.793E-03 3.493E-04 6.889E-04 1.219E-03 1.373E-03 1.201E-03 1.106E-03 1.020E-03 9.825E-04 8.836E-04 7.921E-04 6.625E-04 5.331E-04 4.469E-04 2.378E-04 1.721E-04 1.672E-04 3.319E-04 4.452E-04 6.621E-04 7.907E-04 8.247E-04 1.029E-03 1.132E-03 1.216E-03 1.256E-03 1.316E-03 1.345E-03 1.396E-03 1.500E-03 1.598E-03 1.634E-03 1.662E-03 1.804E-03
  1.400E+02  1.439E-03 4.419E-03 7.660E-03 1.063E-02 1.122E-02 1.183E-02 1.219E-02 1.242E-02 1.204E-02 1.159E-02 1.150E-02 1.126E-02 1.097E-02 1.071E-02 1.033E-02 9.118E-03 9.084E-03 6.654E-03 4.397E-03 6.679E-04 7.585E-04 1.165E-03 2.057E-03 3.915E-03 4.072E-03 2.434E-03 2.779E-03 2.895E-03 3.470E-04 6.892E-04 1.247E-03 1.402E-03 1.214E-03 1.115E-03 1.024E-03 9.857E-04 8.837E-04 7.897E-04 6.577E-04 5.275E-04 4.415E-04 2.349E-04 1.707E-04 1.662E-04 3.305E-04 4.434E-04 6.596E-04 7.876E-04 8.214E-04 1.024E-03 1.127E-03 1.209E-03 1.248E-03 1.306E-03 1.335E-03 1.384E-03 1.485E-03 1.581E-03 1.615E-03 1.645E-03 1.791E-03
  1.420E+02  5.637E-03 1.666E-02 1.639E-02 1.463E-02 1.374E-02 1.326E-02 1.270E-02 1.194E-02 1.219E-02 1.216E-02 1.201E-02 1.152E-02 1.105E-02 1.061E-02 1.000E-02 9.245E-03 8.619E-03 6.487E-03 4.050E-03 6.668E-04 7.594E-04 1.226E-03 2.294E-03 4.606E-03 4.640E-03 2.603E-03 2.964E-03 2.969E-03 3.450E-04 6.907E-04 1.278E-03 1.432E-03 1.228E-03 1.123E-03 1.028E-03 9.890E-04 8.840E-04 7.876E-04 6.535E-04 5.226E-04 4.367E-04 2.324E-04 1.694E-04 1.654E-04 3.293E-04 4.419E-04 6.574E-04 7.849E-04 8.186E-04 1.020E-03 1.122E-03 1.203E-03 1.242E-03 1.298E-03 1.325E-03 1.373E-03 1.471E-03 1.565E-03 1.598E-03 1.631E-03 1.780E-03
  1.440E+02  1.931E-02 1.358E-02 1.088E-02 9.940E-03 9.455E-03 9.541E-03 9.639E-03 9.321E-03 8.967E-03 9.126E-03 9.267E-03 9.379E-03 9.294E-03 8.654E-03 8.906E-03 8.411E-03 7.724E-03 6.143E-03 3.766E-03 6.659E-04 7.612E-04 1.306E-03 2.638E-03 5.298E-03 5.153E-03 2.772E-03 3.127E-03 3.018E-03 3.435E-04 6.937E-04 1.311E-03 1.461E-03 1.240E-03 1.131E-03 1.032E-03 9.923E-04 8.847E-04 7.860E-04 6.500E-04 5.185E-04 4.327E-04 2.302E-04 1.683E-04 1.647E-04 3.283E-04 4.406E-04 6.556E-04 7.826E-04 8.162E-04 1.016E-03 1.117E-03 1.198E-03 1.236E-03 1.290E-03 1.316E-03 1.363E-03 1.458E-03 1.549E-03 1.582E-03 1.617E-03 1.770E-03
  1.460E+02  1.221E-02 9.051E-03 7.955E-03 7.802E-03 7.735E-03 7.061E-03 7.344E-03 7.168E-03 7.365E-03 7.484E-03 7.373E-03 7.415E-03 7.217E-03 7.735E-03 7.453E-03 6.873E-03 7.229E-03 5.203E-03 3.656E-03 6.651E-04 7.642E-04 1.410E-03 3.042E-03 6.046E-03 5.599E-03 2.899E-03 3.271E-03 3.035E-03 3.422E-04 6.982E-04 1.347E-03 1.490E-03 1.252E-03 1.138E-03 1.037E-03 9.964E-04 8.860E-04 7.853E-04 6.475E-04 5.153E-04 4.295E-04 2.284E-04 1.674E-04 1.640E-04 3.274E-04 4.395E-04 6.540E-04 7.807E-04 8.141E-04 1.013E-03 1.113E-03 1.193E-03 1.230E-03 1.282E-03 1.308E-03 1.353E-03 1.447E-03 1.535E-03 1.567E-03 1.606E-03 1.762E-03
  1.480E+02  8.914E-03 7.820E-03 7.099E-03 6.641E-03 6.918E-03 6.652E-03 6.682E-03 6.378E-03 6.623E-03 6.703E-03 6.714E-03 6.420E-03 6.755E-03 6.277E-03 6.888E-03 6.403E-03 6.213E-03 4.895E-03 3.482E-03 6.645E-04 7.684E-04 1.522E-03 3.402E-03 6.824E-03 6.035E-03 3.022E-03 3.347E-03 3.042E-03 3.414E-04 7.043E-04 1.385E-03 1.516E-03 1.264E-03 1.146E-03 1.043E-03 1.002E-03 8.885E-04 7.859E-04 6.465E-04 5.133E-04 4.273E-04 2.269E-04 1.666E-04 1.635E-04 3.267E-04 4.386E-04 6.527E-04 7.790E-04 8.124E-04 1.011E-03 1.110E-03 1.189E-03 1.225E-03 1.276E-03 1.300E-03 1.344E-03 1.436E-03 1.522E-03 1.554E-03 1.595E-03 1.755E-03
  1.500E+02  8.525E-03 7.222E-03 6.520E-03 6.202E-03 6.224E-03 6.252E-03 5.935E-03 5.826E-03 6.207E-03 6.257E-03 6.037E-03 6.090E-03 6.159E-03 5.967E-03 5.997E-03 5.921E-03 5.738E-03 4.637E-03 3.308E-03 6.640E-04 7.740E-04 1.644E-03 3.836E-03 7.389E-03 6.317E-03 3.123E-03 3.375E-03 3.036E-03 3.409E-04 7.122E-04 1.426E-03 1.543E-03 1.278E-03 1.156E-03 1.050E-03 1.009E-03 8.933E-04 7.887E-04 6.473E-04 5.128E-04 4.262E-04 2.257E-04 1.659E-04 1.631E-04 3.261E-04 4.379E-04 6.517E-04 7.777E-04 8.110E-04 1.009E-03 1.107E-03 1.185E-03 1.221E-03 1.270E-03 1.293E-03 1.336E-03 1.426E-03 1.510E-03 1.541E-03 1.586E-03 1.750E-03
  1.520E+02  7.629E-03 6.588E-03 5.882E-03 6.026E-03 5.409E-03 5.849E-03 5.606E-03 5.677E-03 5.634E-03 5.730E-03 5.788E-03 5.688E-03 5.986E-03 5.412E-03 5.647E-03 5.756E-03 5.298E-03 4.655E-03 3.408E-03 6.636E-04 7.810E-04 1.797E-03 4.297E-03 7.621E-03 6.394E-03 3.171E-03 3.398E-03 3.023E-03 3.409E-04 7.219E-04 1.470E-03 1.572E-03 1.294E-03 1.169E-03 1.062E-03 1.020E-03 9.012E-04 7.943E-04 6.504E-04 5.139E-04 4.263E-04 2.249E-04 1.654E-04 1.627E-04 3.257E-04 4.373E-04 6.509E-04 7.767E-04 8.099E-04 1.007E-03 1.105E-03 1.182E-03 1.217E-03 1.265E-03 1.287E-03 1.329E-03 1.416E-03 1.499E-03 1.530E-03 1.578E-03 1.746E-03
  1.540E+02  7.135E-03 6.091E-03 5.740E-03 5.192E-03 5.552E-03 5.348E-03 5.180E-03 5.217E-03 5.506E-03 5.519E-03 5.598E-03 5.405E-03 5.743E-03 5.485E-03 5.422E-03 5.379E-03 5.328E-03 4.421E-03 3.365E-03 6.633E-04 7.891E-04 1.967E-03 4.637E-03 7.587E-03 6.271E-03 3.192E-03 3.432E-03 3.009E-03 3.412E-04 7.333E-04 1.519E-03 1.608E-03 1.317E-03 1.189E-03 1.078E-03 1.035E-03 9.137E-04 8.038E-04 6.562E-04 5.169E-04 4.278E-04 2.244E-04 1.649E-04 1.624E-04 3.253E-04 4.369E-04 6.502E-04 7.759E-04 8.090E-04 1.006E-03 1.103E-03 1.179E-03 1.214E-03 1.260E-03 1.282E-03 1.323E-03 1.408E-03 1.489E-03 1.519E-03 1.571E-03 1.744E-03
  1.560E+02  6.615E-03 5.631E-03 4.952E-03 5.065E-03 5.102E-03 5.108E-03 4.935E-03 5.162E-03 5.372E-03 5.476E-03 5.216E-03 5.546E-03 5.088E-03 5.182E-03 5.607E-03 5.155E-03 5.269E-03 4.065E-03 3.256E-03 6.630E-04 7.976E-04 2.135E-03 4.911E-03 7.426E-03 6.129E-03 3.212E-03 3.492E-03 3.024E-03 3.418E-04 7.458E-04 1.576E-03 1.655E-03 1.350E-03 1.217E-03 1.101E-03 1.058E-03 9.316E-04 8.179E-04 6.654E-04 5.221E-04 4.307E-04 2.241E-04 1.646E-04 1.622E-04 3.250E-04 4.366E-04 6.498E-04 7.754E-04 8.084E-04 1.005E-03 1.101E-03 1.177E-03 1.212E-03 1.256E-03 1.277E-03 1.317E-03 1.401E-03 1.481E-03 1.511E-03 1.566E-03 1.743E-03
  1.580E+02  6.330E-03 5.077E-03 4.937E-03 4.859E-03 4.832E-03 4.764E-03 4.764E-03 4.912E-03 4.961E-03 5.124E-03 5.086E-03 4.789E-03 5.120E-03 5.216E-03 5.330E-03 5.175E-03 5.282E-03 4.207E-03 3.310E-03 6.627E-04 8.047E-04 2.326E-03 5.203E-03 7.394E-03 6.163E-03 3.266E-03 3.587E-03 3.111E-03 3.428E-04 7.580E-04 1.645E-03 1.718E-03 1.396E-03 1.255E-03 1.134E-03 1.088E-03 9.560E-04 8.372E-04 6.782E-04 5.294E-04 4.352E-04 2.242E-04 1.644E-04 1.621E-04 3.249E-04 4.363E-04 6.496E-04 7.751E-04 8.081E-04 1.004E-03 1.100E-03 1.176E-03 1.210E-03 1.253E-03 1.273E-03 1.313E-03 1.396E-03 1.474E-03 1.504E-03 1.563E-03 1.743E-03
  1.600E+02  5.677E-03 4.996E-03 4.566E-03 4.565E-03 4.577E-03 4.723E-03 4.300E-03 4.690E-03 4.700E-03 4.800E-03 5.035E-03 4.779E-03 5.401E-03 4.651E-03 5.238E-03 5.198E-03 4.990E-03 4.312E-03 3.320E-03 6.625E-04 8.082E-04 2.540E-03 5.476E-03 7.597E-03 6.379E-03 3.406E-03 3.747E-03 3.282E-03 3.438E-04 7.672E-04 1.727E-03 1.800E-03 1.457E-03 1.306E-03 1.177E-03 1.128E-03 9.874E-04 8.619E-04 6.945E-04 5.390E-04 4.410E-04 2.245E-04 1.642E-04 1.620E-04 3.248E-04 4.362E-04 6.495E-04 7.750E-04 8.080E-04 1.004E-03 1.100E-03 1.175E-03 1.209E-03 1.251E-03 1.271E-03 1.310E-03 1.391E-03 1.469E-03 1.499E-03 1.560E-03 1.744E-03
  1.620E+02  5.183E-03 4.546E-03 4.450E-03 4.419E-03 4.577E-03 4.393E-03 4.296E-03 4.091E-03 4.537E-03 4.692E-03 4.692E-03 4.904E-03 4.913E-03 4.762E-03 4.937E-03 5.185E-03 5.120E-03 4.444E-03 3.573E-03 6.623E-04 8.055E-04 2.742E-03 5.756E-03 7.999E-03 6.760E-03 3.657E-03 4.022E-03 3.554E-03 3.446E-04 7.693E-04 1.817E-03 1.905E-03 1.533E-03 1.369E-03 1.230E-03 1.175E-03 1.025E-03 8.911E-04 7.139E-04 5.502E-04 4.478E-04 2.249E-04 1.642E-04 1.619E-04 3.247E-04 4.362E-04 6.495E-04 7.751E-04 8.081E-04 1.004E-03 1.100E-03 1.174E-03 1.208E-03 1.250E-03 1.269E-03 1.308E-03 1.389E-03 1.466E-03 1.495E-03 1.560E-03 1.746E-03
  1.640E+02  5.098E-03 4.095E-03 4.224E-03 4.238E-03 4.173E-03 4.250E-03 4.179E-03 4.399E-03 4.432E-03 4.601E-03 4.604E-03 4.632E-03 5.082E-03 4.755E-03 5.229E-03 5.602E-03 4.958E-03 4.930E-03 3.730E-03 6.620E-04 7.952E-04 2.911E-03 6.120E-03 8.688E-03 7.431E-03 4.046E-03 4.435E-03 3.947E-03 3.446E-04 7.588E-04 1.897E-03 2.019E-03 1.617E-03 1.438E-03 1.286E-03 1.225E-03 1.063E-03 9.211E-04 7.337E-04 5.615E-04 4.548E-04 2.253E-04 1.641E-04 1.620E-04 3.248E-04 4.363E-04 6.497E-04 7.754E-04 8.085E-04 1.004E-03 1.100E-03 1.175E-03 1.209E-03 1.249E-03 1.269E-03 1.307E-03 1.388E-03 1.465E-03 1.494E-03 1.561E-03 1.749E-03
  1.660E+02  4.864E-03 4.187E-03 3.892E-03 3.999E-03 3.939E-03 4.129E-03 4.288E-03 4.200E-03 4.203E-03 4.359E-03 4.654E-03 4.671E-03 5.174E-03 4.975E-03 5.412E-03 5.691E-03 5.847E-03 5.190E-03 3.900E-03 6.617E-04 7.787E-04 2.985E-03 6.522E-03 9.496E-03 8.228E-03 4.561E-03 4.958E-03 4.446E-03 3.428E-04 7.316E-04 1.928E-03 2.109E-03 1.684E-03 1.495E-03 1.329E-03 1.261E-03 1.091E-03 9.432E-04 7.483E-04 5.697E-04 4.597E-04 2.255E-04 1.641E-04 1.620E-04 3.249E-04 4.365E-04 6.501E-04 7.759E-04 8.090E-04 1.005E-03 1.101E-03 1.176E-03 1.210E-03 1.250E-03 1.270E-03 1.308E-03 1.389E-03 1.465E-03 1.495E-03 1.563E-03 1.753E-03
  1.680E+02  4.781E-03 4.086E-03 3.916E-03 3.827E-03 3.997E-03 4.254E-03 3.923E-03 4.269E-03 4.254E-03 4.393E-03 4.830E-03 4.931E-03 5.424E-03 5.109E-03 5.775E-03 5.809E-03 6.450E-03 5.694E-03 4.535E-03 6.615E-04 7.610E-04 2.878E-03 6.770E-03 1.037E-02 9.081E-03 5.020E-03 5.446E-03 4.951E-03 3.387E-04 6.885E-04 1.856E-03 2.111E-03 1.691E-03 1.501E-03 1.330E-03 1.257E-03 1.087E-03 9.407E-04 7.468E-04 5.687E-04 4.588E-04 2.249E-04 1.641E-04 1.621E-04 3.250E-04 4.367E-04 6.505E-04 7.765E-04 8.097E-04 1.006E-03 1.103E-03 1.178E-03 1.212E-03 1.252E-03 1.271E-03 1.310E-03 1.391E-03 1.468E-03 1.497E-03 1.566E-03 1.757E-03
  1.700E+02  4.533E-03 3.604E-03 3.947E-03 4.047E-03 3.953E-03 4.107E-03 4.123E-03 4.212E-03 4.629E-03 4.913E-03 5.050E-03 5.275E-03 5.699E-03 5.579E-03 6.304E-03 7.057E-03 7.184E-03 6.767E-03 5.491E-03 6.613E-04 7.495E-04 2.634E-03 6.826E-03 1.079E-02 9.554E-03 5.101E-03 5.564E-03 5.176E-03 3.321E-04 6.384E-04 1.654E-03 1.956E-03 1.585E-03 1.410E-03 1.251E-03 1.181E-03 1.025E-03 8.930E-04 7.153E-04 5.498E-04 4.467E-04 2.232E-04 1.641E-04 1.623E-04 3.252E-04 4.369E-04 6.510E-04 7.772E-04 8.105E-04 1.008E-03 1.104E-03 1.180E-03 1.214E-03 1.255E-03 1.274E-03 1.313E-03 1.394E-03 1.471E-03 1.501E-03 1.570E-03 1.762E-03
  1.720E+02  4.970E-03 4.025E-03 3.993E-03 3.936E-03 4.382E-03 4.349E-03 4.196E-03 4.507E-03 5.133E-03 5.449E-03 5.516E-03 5.814E-03 6.151E-03 6.304E-03 7.043E-03 7.003E-03 8.217E-03 7.103E-03 6.394E-03 6.612E-04 7.506E-04 2.385E-03 6.849E-03 1.103E-02 9.469E-03 4.642E-03 5.057E-03 4.750E-03 3.244E-04 5.976E-04 1.378E-03 1.653E-03 1.358E-03 1.217E-03 1.088E-03 1.029E-03 9.031E-04 7.952E-04 6.485E-04 5.091E-04 4.205E-04 2.201E-04 1.641E-04 1.625E-04 3.254E-04 4.372E-04 6.515E-04 7.780E-04 8.113E-04 1.009E-03 1.106E-03 1.182E-03 1.216E-03 1.258E-03 1.277E-03 1.316E-03 1.398E-03 1.475E-03 1.505E-03 1.574E-03 1.766E-03
  1.740E+02  4.806E-03 4.268E-03 4.262E-03 4.508E-03 4.450E-03 4.522E-03 5.103E-03 5.381E-03 5.748E-03 6.052E-03 6.587E-03 6.813E-03 6.926E-03 7.317E-03 8.594E-03 9.099E-03 8.971E-03 7.951E-03 6.120E-03 6.613E-04 7.659E-04 2.173E-03 6.751E-03 1.181E-02 9.602E-03 4.007E-03 4.287E-03 3.861E-03 3.182E-04 5.805E-04 1.183E-03 1.367E-03 1.125E-03 1.013E-03 9.139E-04 8.717E-04 7.731E-04 6.872E-04 5.709E-04 4.596E-04 3.876E-04 2.165E-04 1.642E-04 1.627E-04 3.255E-04 4.374E-04 6.520E-04 7.788E-04 8.121E-04 1.010E-03 1.108E-03 1.184E-03 1.218E-03 1.260E-03 1.280E-03 1.319E-03 1.402E-03 1.479E-03 1.509E-03 1.578E-03 1.770E-03
  1.760E+02  5.604E-03 4.878E-03 4.815E-03 5.298E-03 5.796E-03 6.020E-03 6.634E-03 7.098E-03 7.577E-03 8.065E-03 8.421E-03 9.128E-03 9.937E-03 1.061E-02 1.097E-02 1.193E-02 1.115E-02 9.856E-03 6.024E-03 6.614E-04 7.903E-04 2.076E-03 6.304E-03 1.218E-02 9.728E-03 3.797E-03 4.042E-03 3.534E-03 3.156E-04 5.891E-04 1.206E-03 1.326E-03 1.064E-03 9.493E-04 8.558E-04 8.189E-04 7.232E-04 6.404E-04 5.319E-04 4.313E-04 3.671E-04 2.142E-04 1.644E-04 1.629E-04 3.257E-04 4.376E-04 6.524E-04 7.794E-04 8.128E-04 1.011E-03 1.109E-03 1.186E-03 1.220E-03 1.263E-03 1.283E-03 1.322E-03 1.405E-03 1.483E-03 1.513E-03 1.581E-03 1.773E-03
  1.780E+02  8.858E-03 7.275E-03 8.107E-03 9.223E-03 9.614E-03 9.680E-03 1.040E-02 1.167E-02 1.202E-02 1.256E-02 1.394E-02 1.311E-02 1.342E-02 1.270E-02 1.422E-02 1.300E-02 1.266E-02 1.010E-02 8.227E-03 6.615E-04 8.127E-04 2.311E-03 6.018E-03 1.245E-02 1.025E-02 4.427E-03 4.776E-03 4.391E-03 3.161E-04 6.089E-04 1.397E-03 1.535E-03 1.198E-03 1.051E-03 9.347E-04 8.874E-04 7.701E-04 6.726E-04 5.481E-04 4.369E-04 3.688E-04 2.143E-04 1.648E-04 1.630E-04 3.258E-04 4.378E-04 6.527E-04 7.798E-04 8.133E-04 1.012E-03 1.110E-03 1.187E-03 1.222E-03 1.264E-03 1.285E-03 1.324E-03 1.407E-03 1.485E-03 1.515E-03 1.583E-03 1.775E-03
  1.800E+02  2.450E-02 2.045E-02 2.318E-02 2.280E-02 2.180E-02 2.270E-02 2.063E-02 2.800E-02 2.587E-02 2.644E-02 2.814E-02 2.888E-02 2.605E-02 2.407E-02 2.363E-02 1.753E-02 2.030E-02 1.341E-02 1.221E-02 6.616E-04 8.218E-04 2.589E-03 6.906E-03 1.491E-02 1.223E-02 5.172E-03 5.578E-03 5.242E-03 3.167E-04 6.187E-04 1.513E-03 1.680E-03 1.298E-03 1.130E-03 9.984E-04 9.429E-04 8.111E-04 7.037E-04 5.674E-04 4.471E-04 3.746E-04 2.149E-04 1.649E-04 1.631E-04 3.258E-04 4.378E-04 6.528E-04 7.799E-04 8.134E-04 1.012E-03 1.111E-03 1.187E-03 1.222E-03 1.265E-03 1.285E-03 1.325E-03 1.408E-03 1.486E-03 1.516E-03 1.584E-03 1.775E-03
