# sea salt (coa., 50%)
#
# size distribution: lognormal
# ------------------
#
#   minimum radius, [um]:      7.700E-03
#   maximum radius, [um]:      9.050E+01
#                  sigma:      2.030E+00
#       Rmod (wet), [um]:      2.820E+00
#       Rmod (dry), [um]:      1.750E+00
#
# optical parameters:
# -------------------
#
# wavelength ext.coef  sca.coef  abs.coef  si.sc.alb  asym.par  ext.nor    ref.real  ref.imag
#     [um]     [1/km]    [1/km]    [1/km]
#
#  2.500E-01 1.404E-01 1.403E-01 7.546E-05 9.995E-01 0.846E+00 9.759E-01  1.397E+00 -1.220E-06
#  3.000E-01 1.412E-01 1.412E-01 2.560E-05 9.998E-01 0.848E+00 9.817E-01  1.387E+00 -4.901E-07
#  3.500E-01 1.419E-01 1.419E-01 3.874E-06 1.000E+00 0.850E+00 9.864E-01  1.383E+00 -8.238E-08
#  4.000E-01 1.425E-01 1.425E-01 3.058E-07 1.000E+00 0.850E+00 9.907E-01  1.377E+00 -8.585E-09
#  4.500E-01 1.430E-01 1.430E-01 1.705E-07 1.000E+00 0.852E+00 9.941E-01  1.376E+00 -6.584E-09
#  5.000E-01 1.434E-01 1.434E-01 1.282E-07 1.000E+00 0.847E+00 9.969E-01  1.374E+00 -4.465E-09
#  5.500E-01 1.439E-01 1.439E-01 1.629E-07 1.000E+00 0.846E+00 1.000E+00  1.373E+00 -3.881E-09
#  6.000E-01 1.440E-01 1.440E-01 2.917E-07 1.000E+00 0.850E+00 1.001E+00  1.370E+00 -1.212E-08
#  6.500E-01 1.450E-01 1.450E-01 5.101E-07 1.000E+00 0.845E+00 1.008E+00  1.369E+00 -2.261E-08
#  7.000E-01 1.455E-01 1.455E-01 1.778E-06 1.000E+00 0.843E+00 1.011E+00  1.369E+00 -7.329E-08
#  7.500E-01 1.458E-01 1.458E-01 8.353E-06 9.999E-01 0.843E+00 1.014E+00  1.368E+00 -3.768E-07
#  8.000E-01 1.462E-01 1.462E-01 1.171E-05 9.999E-01 0.840E+00 1.016E+00  1.365E+00 -5.611E-07
#  9.000E-01 1.472E-01 1.470E-01 2.033E-04 9.986E-01 0.838E+00 1.023E+00  1.364E+00 -1.050E-05
#  1.000E+00 1.478E-01 1.472E-01 6.132E-04 9.959E-01 0.836E+00 1.027E+00  1.361E+00 -3.590E-05
#  1.250E+00 1.498E-01 1.486E-01 1.214E-03 9.919E-01 0.831E+00 1.041E+00  1.358E+00 -9.218E-05
#  1.500E+00 1.525E-01 1.493E-01 3.254E-03 9.787E-01 0.824E+00 1.060E+00  1.354E+00 -2.884E-04
#  1.750E+00 1.544E-01 1.519E-01 2.439E-03 9.842E-01 0.821E+00 1.073E+00  1.346E+00 -2.582E-04
#  2.000E+00 1.572E-01 1.488E-01 8.473E-03 9.461E-01 0.822E+00 1.093E+00  1.340E+00 -1.076E-03
#  2.500E+00 1.632E-01 1.499E-01 1.329E-02 9.185E-01 0.838E+00 1.134E+00  1.301E+00 -2.280E-03
#  3.000E+00 1.574E-01 7.939E-02 7.797E-02 5.045E-01 0.934E+00 1.094E+00  1.428E+00 -2.094E-01
#  3.200E+00 1.625E-01 8.825E-02 7.423E-02 5.432E-01 0.901E+00 1.129E+00  1.481E+00 -7.103E-02
#  3.390E+00 1.663E-01 1.179E-01 4.833E-02 7.093E-01 0.828E+00 1.156E+00  1.437E+00 -1.810E-02
#  3.500E+00 1.679E-01 1.399E-01 2.802E-02 8.332E-01 0.795E+00 1.167E+00  1.419E+00 -7.536E-03
#  3.750E+00 1.708E-01 1.579E-01 1.290E-02 9.245E-01 0.782E+00 1.188E+00  1.393E+00 -2.998E-03
#  4.000E+00 1.728E-01 1.578E-01 1.500E-02 9.132E-01 0.789E+00 1.201E+00  1.382E+00 -3.835E-03
#  4.500E+00 1.754E-01 1.456E-01 2.984E-02 8.299E-01 0.814E+00 1.219E+00  1.370E+00 -1.053E-02
#  5.000E+00 1.777E-01 1.509E-01 2.682E-02 8.491E-01 0.814E+00 1.236E+00  1.360E+00 -1.003E-02
#  5.500E+00 1.781E-01 1.542E-01 2.394E-02 8.656E-01 0.830E+00 1.238E+00  1.327E+00 -9.688E-03
#  6.000E+00 1.634E-01 9.393E-02 6.947E-02 5.748E-01 0.907E+00 1.136E+00  1.300E+00 -8.406E-02
#  6.200E+00 1.745E-01 1.051E-01 6.942E-02 6.022E-01 0.861E+00 1.213E+00  1.420E+00 -7.223E-02
#  6.500E+00 1.772E-01 1.299E-01 4.727E-02 7.332E-01 0.839E+00 1.232E+00  1.368E+00 -3.103E-02
#  7.200E+00 1.743E-01 1.345E-01 3.979E-02 7.717E-01 0.845E+00 1.211E+00  1.338E+00 -2.610E-02
#  7.900E+00 1.686E-01 1.291E-01 3.950E-02 7.657E-01 0.854E+00 1.172E+00  1.319E+00 -2.891E-02
#  8.200E+00 1.666E-01 1.259E-01 4.062E-02 7.561E-01 0.856E+00 1.158E+00  1.318E+00 -3.149E-02
#  8.500E+00 1.662E-01 1.243E-01 4.198E-02 7.475E-01 0.853E+00 1.156E+00  1.326E+00 -3.414E-02
#  8.700E+00 1.693E-01 1.258E-01 4.349E-02 7.431E-01 0.841E+00 1.177E+00  1.350E+00 -3.601E-02
#  9.000E+00 1.686E-01 1.251E-01 4.349E-02 7.420E-01 0.838E+00 1.172E+00  1.355E+00 -3.706E-02
#  9.200E+00 1.649E-01 1.219E-01 4.299E-02 7.393E-01 0.845E+00 1.146E+00  1.340E+00 -3.784E-02
#  9.500E+00 1.600E-01 1.182E-01 4.180E-02 7.388E-01 0.852E+00 1.112E+00  1.324E+00 -3.809E-02
#  9.800E+00 1.544E-01 1.125E-01 4.185E-02 7.289E-01 0.859E+00 1.073E+00  1.308E+00 -4.028E-02
#  1.000E+01 1.495E-01 1.075E-01 4.203E-02 7.188E-01 0.866E+00 1.039E+00  1.295E+00 -4.224E-02
#  1.060E+01 1.328E-01 8.743E-02 4.533E-02 6.586E-01 0.884E+00 9.228E-01  1.256E+00 -5.464E-02
#  1.100E+01 1.218E-01 7.002E-02 5.179E-02 5.749E-01 0.893E+00 8.467E-01  1.231E+00 -7.701E-02
#  1.150E+01 1.144E-01 5.570E-02 5.869E-02 4.869E-01 0.896E+00 7.952E-01  1.211E+00 -1.114E-01
#  1.250E+01 1.154E-01 4.588E-02 6.952E-02 3.976E-01 0.881E+00 8.022E-01  1.194E+00 -2.009E-01
#  1.300E+01 1.201E-01 4.728E-02 7.286E-02 3.935E-01 0.870E+00 8.351E-01  1.209E+00 -2.364E-01
#  1.400E+01 1.288E-01 5.137E-02 7.739E-02 3.990E-01 0.848E+00 8.950E-01  1.258E+00 -2.871E-01
#  1.480E+01 1.334E-01 5.407E-02 7.936E-02 4.052E-01 0.833E+00 9.274E-01  1.299E+00 -3.085E-01
#  1.500E+01 1.350E-01 5.504E-02 7.995E-02 4.077E-01 0.829E+00 9.383E-01  1.313E+00 -3.143E-01
#  1.640E+01 1.428E-01 5.993E-02 8.290E-02 4.196E-01 0.801E+00 9.928E-01  1.397E+00 -3.465E-01
#  1.720E+01 1.490E-01 6.453E-02 8.443E-02 4.332E-01 0.783E+00 1.035E+00  1.471E+00 -3.552E-01
#  1.800E+01 1.508E-01 6.621E-02 8.462E-02 4.390E-01 0.770E+00 1.048E+00  1.508E+00 -3.553E-01
#  1.850E+01 1.508E-01 6.648E-02 8.434E-02 4.408E-01 0.764E+00 1.048E+00  1.521E+00 -3.527E-01
#  2.000E+01 1.493E-01 6.669E-02 8.256E-02 4.468E-01 0.750E+00 1.037E+00  1.547E+00 -3.354E-01
#  2.130E+01 1.466E-01 6.557E-02 8.099E-02 4.474E-01 0.739E+00 1.019E+00  1.555E+00 -3.279E-01
#  2.250E+01 1.445E-01 6.472E-02 7.977E-02 4.479E-01 0.729E+00 1.004E+00  1.567E+00 -3.246E-01
#  2.500E+01 1.397E-01 6.254E-02 7.716E-02 4.477E-01 0.709E+00 9.710E-01  1.586E+00 -3.199E-01
#  2.790E+01 1.339E-01 5.924E-02 7.464E-02 4.425E-01 0.687E+00 9.306E-01  1.602E+00 -3.237E-01
#  3.000E+01 1.286E-01 5.635E-02 7.222E-02 4.383E-01 0.675E+00 8.936E-01  1.603E+00 -3.213E-01
#  3.500E+01 1.183E-01 4.700E-02 7.129E-02 3.973E-01 0.643E+00 8.222E-01  1.586E+00 -3.752E-01
#  4.000E+01 1.184E-01 4.079E-02 7.759E-02 3.446E-01 0.591E+00 8.228E-01  1.572E+00 -5.320E-01
#
# volume phase function [1/km]:
# -----------------------------
#
# sca.ang. | wavelengths --->
# ---------|------------------
#          | 2.500E-01 3.000E-01 3.500E-01 4.000E-01 4.500E-01 5.000E-01 5.500E-01 6.000E-01 6.500E-01 7.000E-01 7.500E-01 8.000E-01 9.000E-01 1.000E+00 1.250E+00 1.500E+00 1.750E+00 2.000E+00 2.500E+00 3.000E+00 3.200E+00 3.390E+00 3.500E+00 3.750E+00 4.000E+00 4.500E+00 5.000E+00 5.500E+00 6.000E+00 6.200E+00 6.500E+00 7.200E+00 7.900E+00 8.200E+00 8.500E+00 8.700E+00 9.000E+00 9.200E+00 9.500E+00 9.800E+00 1.000E+01 1.060E+01 1.100E+01 1.150E+01 1.250E+01 1.300E+01 1.400E+01 1.480E+01 1.500E+01 1.640E+01 1.720E+01 1.800E+01 1.850E+01 2.000E+01 2.130E+01 2.250E+01 2.500E+01 2.790E+01 3.000E+01 3.500E+01 4.000E+01
#
  0.000E+00  5.533E+02 3.900E+02 2.876E+02 2.215E+02 1.755E+02 1.429E+02 1.185E+02 9.977E+01 8.561E+01 7.406E+01 6.484E+01 5.711E+01 4.530E+01 3.687E+01 2.396E+01 1.694E+01 1.256E+01 9.808E+00 6.473E+00 4.427E+00 3.971E+00 3.603E+00 3.418E+00 3.045E+00 2.714E+00 2.190E+00 1.831E+00 1.578E+00 1.259E+00 1.191E+00 1.142E+00 9.814E-01 8.457E-01 7.922E-01 7.412E-01 7.062E-01 6.664E-01 6.445E-01 6.135E-01 5.810E-01 5.591E-01 4.819E-01 4.116E-01 3.364E-01 2.522E-01 2.371E-01 2.161E-01 2.012E-01 1.983E-01 1.770E-01 1.688E-01 1.581E-01 1.512E-01 1.332E-01 1.193E-01 1.085E-01 9.019E-02 7.381E-02 6.434E-02 4.560E-02 3.334E-02
  1.000E-01  3.976E+02 3.046E+02 2.377E+02 1.905E+02 1.554E+02 1.292E+02 1.089E+02 9.291E+01 8.054E+01 7.024E+01 6.191E+01 5.483E+01 4.385E+01 3.591E+01 2.356E+01 1.675E+01 1.245E+01 9.743E+00 6.446E+00 4.414E+00 3.960E+00 3.595E+00 3.410E+00 3.039E+00 2.710E+00 2.187E+00 1.829E+00 1.577E+00 1.258E+00 1.191E+00 1.142E+00 9.809E-01 8.454E-01 7.919E-01 7.410E-01 7.060E-01 6.662E-01 6.443E-01 6.133E-01 5.809E-01 5.590E-01 4.818E-01 4.115E-01 3.363E-01 2.521E-01 2.371E-01 2.161E-01 2.012E-01 1.983E-01 1.770E-01 1.688E-01 1.580E-01 1.512E-01 1.332E-01 1.193E-01 1.085E-01 9.018E-02 7.381E-02 6.433E-02 4.559E-02 3.334E-02
  2.000E-01  2.346E+02 1.965E+02 1.646E+02 1.396E+02 1.190E+02 1.027E+02 8.917E+01 7.795E+01 6.904E+01 6.128E+01 5.483E+01 4.917E+01 4.014E+01 3.337E+01 2.245E+01 1.618E+01 1.214E+01 9.556E+00 6.367E+00 4.375E+00 3.930E+00 3.571E+00 3.389E+00 3.023E+00 2.697E+00 2.179E+00 1.824E+00 1.573E+00 1.255E+00 1.188E+00 1.140E+00 9.795E-01 8.444E-01 7.910E-01 7.402E-01 7.053E-01 6.656E-01 6.438E-01 6.128E-01 5.804E-01 5.586E-01 4.815E-01 4.112E-01 3.361E-01 2.520E-01 2.369E-01 2.160E-01 2.011E-01 1.982E-01 1.769E-01 1.687E-01 1.580E-01 1.512E-01 1.332E-01 1.193E-01 1.085E-01 9.017E-02 7.380E-02 6.433E-02 4.559E-02 3.334E-02
  3.000E-01  1.406E+02 1.263E+02 1.123E+02 9.978E+01 8.847E+01 7.881E+01 7.030E+01 6.288E+01 5.684E+01 5.135E+01 4.667E+01 4.243E+01 3.545E+01 3.003E+01 2.086E+01 1.535E+01 1.166E+01 9.264E+00 6.239E+00 4.312E+00 3.880E+00 3.531E+00 3.353E+00 2.995E+00 2.676E+00 2.165E+00 1.814E+00 1.567E+00 1.250E+00 1.184E+00 1.136E+00 9.772E-01 8.428E-01 7.896E-01 7.390E-01 7.042E-01 6.646E-01 6.429E-01 6.120E-01 5.797E-01 5.579E-01 4.809E-01 4.108E-01 3.358E-01 2.517E-01 2.367E-01 2.158E-01 2.009E-01 1.981E-01 1.768E-01 1.687E-01 1.579E-01 1.511E-01 1.331E-01 1.192E-01 1.085E-01 9.015E-02 7.378E-02 6.432E-02 4.558E-02 3.334E-02
  4.000E-01  8.712E+01 8.327E+01 7.772E+01 7.179E+01 6.580E+01 6.025E+01 5.507E+01 5.027E+01 4.630E+01 4.250E+01 3.919E+01 3.608E+01 3.080E+01 2.655E+01 1.907E+01 1.435E+01 1.107E+01 8.890E+00 6.072E+00 4.228E+00 3.813E+00 3.477E+00 3.305E+00 2.958E+00 2.647E+00 2.147E+00 1.802E+00 1.558E+00 1.244E+00 1.179E+00 1.132E+00 9.741E-01 8.405E-01 7.877E-01 7.373E-01 7.026E-01 6.632E-01 6.416E-01 6.109E-01 5.787E-01 5.570E-01 4.802E-01 4.101E-01 3.352E-01 2.514E-01 2.364E-01 2.156E-01 2.008E-01 1.979E-01 1.767E-01 1.685E-01 1.578E-01 1.510E-01 1.331E-01 1.192E-01 1.084E-01 9.012E-02 7.377E-02 6.430E-02 4.558E-02 3.333E-02
  5.000E-01  5.637E+01 5.654E+01 5.496E+01 5.243E+01 4.944E+01 4.634E+01 4.327E+01 4.022E+01 3.765E+01 3.508E+01 3.277E+01 3.054E+01 2.660E+01 2.332E+01 1.727E+01 1.328E+01 1.041E+01 8.464E+00 5.873E+00 4.125E+00 3.731E+00 3.410E+00 3.246E+00 2.912E+00 2.610E+00 2.123E+00 1.786E+00 1.547E+00 1.236E+00 1.172E+00 1.126E+00 9.700E-01 8.376E-01 7.852E-01 7.351E-01 7.006E-01 6.614E-01 6.400E-01 6.094E-01 5.774E-01 5.558E-01 4.792E-01 4.093E-01 3.346E-01 2.510E-01 2.360E-01 2.153E-01 2.005E-01 1.976E-01 1.765E-01 1.684E-01 1.577E-01 1.509E-01 1.330E-01 1.191E-01 1.084E-01 9.008E-02 7.374E-02 6.428E-02 4.556E-02 3.333E-02
  6.000E-01  3.794E+01 3.949E+01 3.972E+01 3.894E+01 3.762E+01 3.597E+01 3.424E+01 3.234E+01 3.072E+01 2.900E+01 2.742E+01 2.584E+01 2.293E+01 2.041E+01 1.557E+01 1.223E+01 9.734E+00 8.010E+00 5.652E+00 4.008E+00 3.637E+00 3.333E+00 3.177E+00 2.859E+00 2.568E+00 2.096E+00 1.767E+00 1.533E+00 1.227E+00 1.163E+00 1.119E+00 9.651E-01 8.342E-01 7.822E-01 7.325E-01 6.982E-01 6.593E-01 6.380E-01 6.077E-01 5.759E-01 5.543E-01 4.781E-01 4.083E-01 3.338E-01 2.504E-01 2.356E-01 2.149E-01 2.002E-01 1.974E-01 1.763E-01 1.682E-01 1.576E-01 1.508E-01 1.329E-01 1.190E-01 1.083E-01 9.004E-02 7.371E-02 6.426E-02 4.555E-02 3.332E-02
  7.000E-01  2.634E+01 2.831E+01 2.928E+01 2.940E+01 2.901E+01 2.822E+01 2.731E+01 2.619E+01 2.518E+01 2.406E+01 2.299E+01 2.189E+01 1.978E+01 1.786E+01 1.400E+01 1.123E+01 9.066E+00 7.550E+00 5.417E+00 3.880E+00 3.534E+00 3.248E+00 3.101E+00 2.798E+00 2.520E+00 2.064E+00 1.746E+00 1.518E+00 1.216E+00 1.154E+00 1.110E+00 9.594E-01 8.301E-01 7.786E-01 7.294E-01 6.954E-01 6.568E-01 6.357E-01 6.056E-01 5.740E-01 5.526E-01 4.767E-01 4.072E-01 3.329E-01 2.498E-01 2.350E-01 2.145E-01 1.999E-01 1.970E-01 1.761E-01 1.680E-01 1.574E-01 1.506E-01 1.328E-01 1.189E-01 1.082E-01 8.998E-02 7.367E-02 6.423E-02 4.554E-02 3.331E-02
  8.000E-01  1.885E+01 2.075E+01 2.198E+01 2.253E+01 2.264E+01 2.237E+01 2.198E+01 2.136E+01 2.078E+01 2.007E+01 1.936E+01 1.861E+01 1.708E+01 1.563E+01 1.259E+01 1.029E+01 8.426E+00 7.096E+00 5.177E+00 3.745E+00 3.423E+00 3.156E+00 3.018E+00 2.733E+00 2.467E+00 2.029E+00 1.722E+00 1.501E+00 1.204E+00 1.143E+00 1.101E+00 9.530E-01 8.255E-01 7.746E-01 7.259E-01 6.922E-01 6.540E-01 6.331E-01 6.033E-01 5.720E-01 5.507E-01 4.751E-01 4.059E-01 3.318E-01 2.491E-01 2.344E-01 2.140E-01 1.995E-01 1.966E-01 1.758E-01 1.678E-01 1.572E-01 1.504E-01 1.326E-01 1.188E-01 1.081E-01 8.992E-02 7.363E-02 6.420E-02 4.552E-02 3.330E-02
  9.000E-01  1.379E+01 1.551E+01 1.677E+01 1.751E+01 1.788E+01 1.792E+01 1.784E+01 1.755E+01 1.726E+01 1.683E+01 1.637E+01 1.588E+01 1.479E+01 1.371E+01 1.131E+01 9.419E+00 7.821E+00 6.659E+00 4.936E+00 3.606E+00 3.308E+00 3.060E+00 2.931E+00 2.663E+00 2.411E+00 1.991E+00 1.695E+00 1.482E+00 1.190E+00 1.130E+00 1.091E+00 9.458E-01 8.204E-01 7.701E-01 7.220E-01 6.886E-01 6.508E-01 6.301E-01 6.007E-01 5.696E-01 5.485E-01 4.734E-01 4.044E-01 3.306E-01 2.483E-01 2.337E-01 2.135E-01 1.990E-01 1.962E-01 1.755E-01 1.675E-01 1.569E-01 1.502E-01 1.325E-01 1.187E-01 1.080E-01 8.985E-02 7.358E-02 6.416E-02 4.550E-02 3.329E-02
  1.000E+00  1.028E+01 1.180E+01 1.299E+01 1.377E+01 1.428E+01 1.450E+01 1.461E+01 1.453E+01 1.443E+01 1.420E+01 1.391E+01 1.360E+01 1.284E+01 1.205E+01 1.017E+01 8.621E+00 7.255E+00 6.243E+00 4.699E+00 3.465E+00 3.191E+00 2.961E+00 2.842E+00 2.591E+00 2.352E+00 1.952E+00 1.667E+00 1.462E+00 1.176E+00 1.117E+00 1.079E+00 9.380E-01 8.148E-01 7.652E-01 7.176E-01 6.846E-01 6.473E-01 6.269E-01 5.978E-01 5.670E-01 5.461E-01 4.715E-01 4.028E-01 3.293E-01 2.474E-01 2.329E-01 2.129E-01 1.985E-01 1.957E-01 1.751E-01 1.672E-01 1.567E-01 1.500E-01 1.323E-01 1.186E-01 1.079E-01 8.977E-02 7.353E-02 6.412E-02 4.547E-02 3.327E-02
  1.100E+00  7.826E+00 9.130E+00 1.019E+01 1.095E+01 1.152E+01 1.184E+01 1.206E+01 1.211E+01 1.214E+01 1.205E+01 1.187E+01 1.169E+01 1.119E+01 1.061E+01 9.155E+00 7.892E+00 6.727E+00 5.848E+00 4.469E+00 3.326E+00 3.074E+00 2.862E+00 2.751E+00 2.517E+00 2.291E+00 1.910E+00 1.638E+00 1.440E+00 1.160E+00 1.103E+00 1.067E+00 9.296E-01 8.087E-01 7.599E-01 7.129E-01 6.803E-01 6.435E-01 6.234E-01 5.946E-01 5.642E-01 5.435E-01 4.693E-01 4.010E-01 3.279E-01 2.464E-01 2.321E-01 2.122E-01 1.980E-01 1.952E-01 1.747E-01 1.669E-01 1.564E-01 1.497E-01 1.321E-01 1.184E-01 1.078E-01 8.968E-02 7.347E-02 6.408E-02 4.545E-02 3.326E-02
  1.200E+00  6.066E+00 7.172E+00 8.095E+00 8.800E+00 9.389E+00 9.757E+00 1.002E+01 1.015E+01 1.028E+01 1.028E+01 1.018E+01 1.009E+01 9.777E+00 9.371E+00 8.252E+00 7.228E+00 6.237E+00 5.476E+00 4.247E+00 3.189E+00 2.958E+00 2.762E+00 2.660E+00 2.442E+00 2.229E+00 1.867E+00 1.607E+00 1.418E+00 1.143E+00 1.088E+00 1.055E+00 9.205E-01 8.021E-01 7.541E-01 7.079E-01 6.757E-01 6.394E-01 6.196E-01 5.912E-01 5.611E-01 5.406E-01 4.671E-01 3.990E-01 3.263E-01 2.453E-01 2.312E-01 2.115E-01 1.974E-01 1.946E-01 1.743E-01 1.665E-01 1.561E-01 1.495E-01 1.319E-01 1.182E-01 1.076E-01 8.959E-02 7.341E-02 6.403E-02 4.542E-02 3.324E-02
  1.300E+00  4.790E+00 5.710E+00 6.505E+00 7.151E+00 7.721E+00 8.101E+00 8.393E+00 8.571E+00 8.751E+00 8.810E+00 8.777E+00 8.744E+00 8.574E+00 8.298E+00 7.450E+00 6.626E+00 5.784E+00 5.127E+00 4.034E+00 3.055E+00 2.843E+00 2.664E+00 2.570E+00 2.367E+00 2.167E+00 1.823E+00 1.575E+00 1.394E+00 1.126E+00 1.073E+00 1.041E+00 9.110E-01 7.952E-01 7.480E-01 7.025E-01 6.707E-01 6.350E-01 6.155E-01 5.876E-01 5.579E-01 5.376E-01 4.646E-01 3.969E-01 3.246E-01 2.442E-01 2.302E-01 2.107E-01 1.967E-01 1.940E-01 1.738E-01 1.661E-01 1.558E-01 1.491E-01 1.316E-01 1.181E-01 1.075E-01 8.948E-02 7.334E-02 6.397E-02 4.539E-02 3.322E-02
  1.400E+00  3.840E+00 4.601E+00 5.287E+00 5.874E+00 6.403E+00 6.776E+00 7.075E+00 7.280E+00 7.489E+00 7.588E+00 7.599E+00 7.608E+00 7.545E+00 7.367E+00 6.737E+00 6.079E+00 5.367E+00 4.800E+00 3.831E+00 2.925E+00 2.732E+00 2.567E+00 2.481E+00 2.293E+00 2.105E+00 1.779E+00 1.543E+00 1.370E+00 1.108E+00 1.057E+00 1.027E+00 9.010E-01 7.879E-01 7.416E-01 6.969E-01 6.655E-01 6.304E-01 6.112E-01 5.837E-01 5.544E-01 5.344E-01 4.620E-01 3.947E-01 3.229E-01 2.430E-01 2.291E-01 2.099E-01 1.960E-01 1.934E-01 1.734E-01 1.657E-01 1.554E-01 1.488E-01 1.314E-01 1.179E-01 1.073E-01 8.937E-02 7.326E-02 6.392E-02 4.536E-02 3.320E-02
  1.500E+00  3.117E+00 3.754E+00 4.349E+00 4.877E+00 5.353E+00 5.708E+00 6.003E+00 6.222E+00 6.441E+00 6.564E+00 6.608E+00 6.644E+00 6.662E+00 6.559E+00 6.103E+00 5.583E+00 4.983E+00 4.495E+00 3.637E+00 2.799E+00 2.623E+00 2.472E+00 2.393E+00 2.220E+00 2.043E+00 1.734E+00 1.510E+00 1.346E+00 1.090E+00 1.040E+00 1.013E+00 8.907E-01 7.803E-01 7.349E-01 6.909E-01 6.600E-01 6.255E-01 6.067E-01 5.797E-01 5.508E-01 5.309E-01 4.592E-01 3.924E-01 3.210E-01 2.417E-01 2.280E-01 2.090E-01 1.953E-01 1.926E-01 1.728E-01 1.652E-01 1.550E-01 1.485E-01 1.311E-01 1.176E-01 1.071E-01 8.925E-02 7.318E-02 6.385E-02 4.532E-02 3.318E-02
  1.600E+00  2.565E+00 3.103E+00 3.620E+00 4.092E+00 4.512E+00 4.843E+00 5.126E+00 5.347E+00 5.565E+00 5.702E+00 5.771E+00 5.825E+00 5.902E+00 5.854E+00 5.538E+00 5.133E+00 4.629E+00 4.211E+00 3.452E+00 2.678E+00 2.518E+00 2.380E+00 2.308E+00 2.148E+00 1.982E+00 1.690E+00 1.477E+00 1.321E+00 1.071E+00 1.023E+00 9.980E-01 8.799E-01 7.723E-01 7.279E-01 6.847E-01 6.543E-01 6.204E-01 6.019E-01 5.754E-01 5.469E-01 5.274E-01 4.563E-01 3.899E-01 3.190E-01 2.403E-01 2.268E-01 2.081E-01 1.945E-01 1.919E-01 1.723E-01 1.647E-01 1.546E-01 1.481E-01 1.308E-01 1.174E-01 1.070E-01 8.912E-02 7.310E-02 6.379E-02 4.529E-02 3.316E-02
  1.700E+00  2.131E+00 2.599E+00 3.047E+00 3.466E+00 3.832E+00 4.136E+00 4.404E+00 4.621E+00 4.829E+00 4.974E+00 5.061E+00 5.126E+00 5.245E+00 5.239E+00 5.035E+00 4.724E+00 4.303E+00 3.946E+00 3.277E+00 2.561E+00 2.416E+00 2.291E+00 2.225E+00 2.077E+00 1.922E+00 1.646E+00 1.444E+00 1.296E+00 1.052E+00 1.006E+00 9.828E-01 8.689E-01 7.641E-01 7.206E-01 6.783E-01 6.484E-01 6.151E-01 5.970E-01 5.710E-01 5.429E-01 5.236E-01 4.533E-01 3.873E-01 3.169E-01 2.388E-01 2.255E-01 2.071E-01 1.937E-01 1.911E-01 1.717E-01 1.642E-01 1.542E-01 1.477E-01 1.305E-01 1.172E-01 1.068E-01 8.899E-02 7.300E-02 6.372E-02 4.525E-02 3.314E-02
  1.800E+00  1.798E+00 2.200E+00 2.589E+00 2.958E+00 3.276E+00 3.555E+00 3.806E+00 4.014E+00 4.209E+00 4.357E+00 4.456E+00 4.528E+00 4.675E+00 4.700E+00 4.586E+00 4.354E+00 4.004E+00 3.700E+00 3.111E+00 2.449E+00 2.318E+00 2.204E+00 2.145E+00 2.009E+00 1.863E+00 1.602E+00 1.411E+00 1.270E+00 1.033E+00 9.880E-01 9.675E-01 8.576E-01 7.557E-01 7.132E-01 6.717E-01 6.423E-01 6.096E-01 5.919E-01 5.664E-01 5.388E-01 5.197E-01 4.501E-01 3.846E-01 3.147E-01 2.373E-01 2.242E-01 2.060E-01 1.928E-01 1.903E-01 1.711E-01 1.637E-01 1.537E-01 1.473E-01 1.302E-01 1.169E-01 1.066E-01 8.885E-02 7.291E-02 6.364E-02 4.521E-02 3.311E-02
  1.900E+00  1.537E+00 1.880E+00 2.216E+00 2.540E+00 2.818E+00 3.074E+00 3.307E+00 3.503E+00 3.685E+00 3.831E+00 3.939E+00 4.015E+00 4.178E+00 4.226E+00 4.184E+00 4.017E+00 3.729E+00 3.471E+00 2.954E+00 2.342E+00 2.223E+00 2.121E+00 2.067E+00 1.942E+00 1.806E+00 1.560E+00 1.379E+00 1.245E+00 1.014E+00 9.704E-01 9.519E-01 8.462E-01 7.471E-01 7.055E-01 6.648E-01 6.360E-01 6.040E-01 5.866E-01 5.616E-01 5.345E-01 5.157E-01 4.468E-01 3.818E-01 3.124E-01 2.358E-01 2.228E-01 2.050E-01 1.919E-01 1.894E-01 1.704E-01 1.632E-01 1.532E-01 1.469E-01 1.299E-01 1.167E-01 1.063E-01 8.870E-02 7.281E-02 6.357E-02 4.516E-02 3.309E-02
  2.000E+00  1.316E+00 1.618E+00 1.910E+00 2.192E+00 2.437E+00 2.675E+00 2.889E+00 3.072E+00 3.241E+00 3.383E+00 3.495E+00 3.572E+00 3.745E+00 3.810E+00 3.824E+00 3.710E+00 3.476E+00 3.258E+00 2.806E+00 2.239E+00 2.133E+00 2.040E+00 1.992E+00 1.877E+00 1.750E+00 1.518E+00 1.346E+00 1.220E+00 9.942E-01 9.526E-01 9.363E-01 8.345E-01 7.383E-01 6.977E-01 6.579E-01 6.295E-01 5.982E-01 5.812E-01 5.567E-01 5.301E-01 5.116E-01 4.435E-01 3.789E-01 3.101E-01 2.342E-01 2.214E-01 2.038E-01 1.910E-01 1.885E-01 1.697E-01 1.626E-01 1.527E-01 1.464E-01 1.296E-01 1.164E-01 1.061E-01 8.854E-02 7.270E-02 6.348E-02 4.512E-02 3.306E-02
  3.000E+00  4.250E-01 5.081E-01 5.943E-01 6.820E-01 7.668E-01 8.552E-01 9.397E-01 1.020E+00 1.099E+00 1.175E+00 1.249E+00 1.311E+00 1.432E+00 1.526E+00 1.703E+00 1.789E+00 1.810E+00 1.793E+00 1.712E+00 1.439E+00 1.410E+00 1.386E+00 1.375E+00 1.335E+00 1.273E+00 1.148E+00 1.054E+00 9.858E-01 8.098E-01 7.819E-01 7.833E-01 7.170E-01 6.470E-01 6.155E-01 5.838E-01 5.606E-01 5.358E-01 5.226E-01 5.033E-01 4.813E-01 4.657E-01 4.054E-01 3.462E-01 2.834E-01 2.154E-01 2.049E-01 1.906E-01 1.798E-01 1.778E-01 1.616E-01 1.555E-01 1.467E-01 1.409E-01 1.253E-01 1.130E-01 1.033E-01 8.658E-02 7.137E-02 6.245E-02 4.453E-02 3.271E-02
  4.000E+00  2.202E-01 2.478E-01 2.866E-01 3.158E-01 3.538E-01 3.883E-01 4.232E-01 4.652E-01 5.024E-01 5.395E-01 5.761E-01 6.154E-01 6.777E-01 7.437E-01 8.752E-01 9.627E-01 1.033E+00 1.058E+00 1.095E+00 9.472E-01 9.493E-01 9.569E-01 9.646E-01 9.609E-01 9.344E-01 8.703E-01 8.243E-01 7.935E-01 6.538E-01 6.356E-01 6.492E-01 6.095E-01 5.600E-01 5.360E-01 5.112E-01 4.923E-01 4.731E-01 4.632E-01 4.483E-01 4.305E-01 4.174E-01 3.646E-01 3.108E-01 2.541E-01 1.945E-01 1.861E-01 1.752E-01 1.666E-01 1.651E-01 1.517E-01 1.468E-01 1.391E-01 1.339E-01 1.199E-01 1.086E-01 9.962E-02 8.401E-02 6.960E-02 6.107E-02 4.375E-02 3.223E-02
  5.000E+00  1.465E-01 1.544E-01 1.789E-01 1.971E-01 2.104E-01 2.291E-01 2.477E-01 2.702E-01 2.805E-01 3.001E-01 3.248E-01 3.447E-01 3.841E-01 4.228E-01 5.077E-01 5.738E-01 6.389E-01 6.695E-01 7.357E-01 6.411E-01 6.552E-01 6.763E-01 6.928E-01 7.067E-01 6.988E-01 6.681E-01 6.500E-01 6.423E-01 5.281E-01 5.166E-01 5.380E-01 5.171E-01 4.830E-01 4.648E-01 4.455E-01 4.303E-01 4.156E-01 4.082E-01 3.970E-01 3.825E-01 3.716E-01 3.251E-01 2.764E-01 2.256E-01 1.736E-01 1.672E-01 1.593E-01 1.527E-01 1.516E-01 1.410E-01 1.373E-01 1.307E-01 1.262E-01 1.137E-01 1.035E-01 9.535E-02 8.096E-02 6.747E-02 5.940E-02 4.278E-02 3.163E-02
  6.000E+00  1.132E-01 1.151E-01 1.328E-01 1.417E-01 1.495E-01 1.585E-01 1.701E-01 1.810E-01 1.886E-01 1.996E-01 2.134E-01 2.254E-01 2.483E-01 2.698E-01 3.262E-01 3.733E-01 4.232E-01 4.516E-01 5.182E-01 4.459E-01 4.635E-01 4.899E-01 5.100E-01 5.322E-01 5.341E-01 5.209E-01 5.189E-01 5.247E-01 4.285E-01 4.216E-01 4.478E-01 4.397E-01 4.167E-01 4.029E-01 3.879E-01 3.756E-01 3.644E-01 3.591E-01 3.506E-01 3.389E-01 3.297E-01 2.886E-01 2.445E-01 1.991E-01 1.541E-01 1.493E-01 1.439E-01 1.390E-01 1.383E-01 1.301E-01 1.275E-01 1.220E-01 1.181E-01 1.072E-01 9.807E-02 9.071E-02 7.758E-02 6.507E-02 5.750E-02 4.166E-02 3.094E-02
  8.000E+00  7.995E-02 8.308E-02 9.004E-02 9.825E-02 1.017E-01 1.026E-01 1.075E-01 1.128E-01 1.173E-01 1.217E-01 1.262E-01 1.302E-01 1.401E-01 1.472E-01 1.730E-01 1.978E-01 2.236E-01 2.423E-01 2.915E-01 2.320E-01 2.481E-01 2.756E-01 2.969E-01 3.233E-01 3.321E-01 3.325E-01 3.443E-01 3.619E-01 2.880E-01 2.864E-01 3.162E-01 3.222E-01 3.127E-01 3.046E-01 2.954E-01 2.875E-01 2.811E-01 2.783E-01 2.736E-01 2.656E-01 2.588E-01 2.261E-01 1.900E-01 1.539E-01 1.204E-01 1.180E-01 1.163E-01 1.141E-01 1.139E-01 1.095E-01 1.087E-01 1.050E-01 1.021E-01 9.404E-02 8.689E-02 8.104E-02 7.033E-02 5.979E-02 5.325E-02 3.909E-02 2.932E-02
  1.000E+01  6.696E-02 6.976E-02 7.430E-02 8.021E-02 8.066E-02 8.064E-02 8.436E-02 8.830E-02 8.718E-02 8.925E-02 9.346E-02 9.568E-02 9.879E-02 1.060E-01 1.183E-01 1.273E-01 1.452E-01 1.529E-01 1.882E-01 1.311E-01 1.436E-01 1.687E-01 1.886E-01 2.133E-01 2.222E-01 2.257E-01 2.407E-01 2.605E-01 1.992E-01 2.004E-01 2.298E-01 2.413E-01 2.381E-01 2.333E-01 2.276E-01 2.224E-01 2.189E-01 2.174E-01 2.147E-01 2.090E-01 2.037E-01 1.769E-01 1.472E-01 1.186E-01 9.366E-02 9.289E-02 9.348E-02 9.300E-02 9.317E-02 9.156E-02 9.193E-02 8.959E-02 8.760E-02 8.174E-02 7.623E-02 7.166E-02 6.307E-02 5.432E-02 4.875E-02 3.627E-02 2.748E-02
  1.200E+01  5.865E-02 6.453E-02 6.469E-02 6.774E-02 7.038E-02 6.967E-02 7.014E-02 7.360E-02 7.339E-02 7.449E-02 7.754E-02 7.814E-02 8.118E-02 8.294E-02 9.057E-02 9.507E-02 1.062E-01 1.097E-01 1.341E-01 7.930E-02 8.887E-02 1.112E-01 1.293E-01 1.514E-01 1.588E-01 1.617E-01 1.763E-01 1.947E-01 1.416E-01 1.443E-01 1.717E-01 1.845E-01 1.842E-01 1.811E-01 1.775E-01 1.743E-01 1.724E-01 1.715E-01 1.699E-01 1.654E-01 1.611E-01 1.388E-01 1.143E-01 9.159E-02 7.303E-02 7.319E-02 7.510E-02 7.570E-02 7.609E-02 7.629E-02 7.748E-02 7.617E-02 7.482E-02 7.070E-02 6.653E-02 6.301E-02 5.621E-02 4.901E-02 4.431E-02 3.338E-02 2.556E-02
  1.400E+01  5.805E-02 6.003E-02 5.713E-02 6.036E-02 6.211E-02 6.110E-02 6.223E-02 6.388E-02 6.498E-02 6.565E-02 6.537E-02 6.748E-02 6.849E-02 6.949E-02 7.409E-02 7.741E-02 8.394E-02 8.587E-02 1.027E-01 5.083E-02 5.828E-02 7.821E-02 9.457E-02 1.140E-01 1.198E-01 1.214E-01 1.342E-01 1.501E-01 1.032E-01 1.067E-01 1.315E-01 1.438E-01 1.445E-01 1.425E-01 1.401E-01 1.383E-01 1.374E-01 1.367E-01 1.355E-01 1.319E-01 1.282E-01 1.093E-01 8.908E-02 7.104E-02 5.719E-02 5.788E-02 6.047E-02 6.170E-02 6.222E-02 6.356E-02 6.526E-02 6.467E-02 6.381E-02 6.100E-02 5.789E-02 5.522E-02 4.989E-02 4.402E-02 4.008E-02 3.055E-02 2.363E-02
  1.600E+01  5.406E-02 5.398E-02 5.205E-02 5.340E-02 5.564E-02 5.491E-02 5.516E-02 5.717E-02 5.729E-02 5.786E-02 5.812E-02 5.818E-02 6.070E-02 6.084E-02 6.426E-02 6.522E-02 7.042E-02 7.042E-02 8.260E-02 3.421E-02 4.018E-02 5.813E-02 7.301E-02 8.979E-02 9.449E-02 9.464E-02 1.054E-01 1.186E-01 7.683E-02 8.084E-02 1.030E-01 1.139E-01 1.148E-01 1.133E-01 1.118E-01 1.109E-01 1.106E-01 1.100E-01 1.090E-01 1.059E-01 1.027E-01 8.645E-02 6.979E-02 5.541E-02 4.503E-02 4.599E-02 4.887E-02 5.043E-02 5.101E-02 5.303E-02 5.501E-02 5.494E-02 5.443E-02 5.261E-02 5.031E-02 4.831E-02 4.418E-02 3.942E-02 3.613E-02 2.786E-02 2.175E-02
  1.800E+01  4.661E-02 4.802E-02 4.911E-02 4.680E-02 4.946E-02 4.976E-02 4.952E-02 5.034E-02 5.199E-02 5.228E-02 5.160E-02 5.237E-02 5.363E-02 5.348E-02 5.561E-02 5.666E-02 6.030E-02 5.975E-02 6.826E-02 2.400E-02 2.895E-02 4.523E-02 5.887E-02 7.331E-02 7.718E-02 7.602E-02 8.489E-02 9.551E-02 5.831E-02 6.258E-02 8.209E-02 9.144E-02 9.221E-02 9.103E-02 9.011E-02 8.989E-02 8.986E-02 8.922E-02 8.829E-02 8.555E-02 8.268E-02 6.876E-02 5.499E-02 4.350E-02 3.568E-02 3.675E-02 3.967E-02 4.137E-02 4.196E-02 4.435E-02 4.646E-02 4.674E-02 4.647E-02 4.538E-02 4.372E-02 4.224E-02 3.906E-02 3.523E-02 3.250E-02 2.534E-02 1.996E-02
  2.000E+01  4.096E-02 4.272E-02 4.569E-02 4.363E-02 4.347E-02 4.652E-02 4.620E-02 4.562E-02 4.714E-02 4.731E-02 4.575E-02 4.636E-02 4.768E-02 4.782E-02 4.848E-02 5.046E-02 5.184E-02 5.207E-02 5.773E-02 1.746E-02 2.167E-02 3.651E-02 4.891E-02 6.138E-02 6.448E-02 6.249E-02 6.973E-02 7.811E-02 4.500E-02 4.938E-02 6.648E-02 7.429E-02 7.473E-02 7.378E-02 7.322E-02 7.347E-02 7.362E-02 7.293E-02 7.200E-02 6.953E-02 6.696E-02 5.498E-02 4.359E-02 3.437E-02 2.845E-02 2.954E-02 3.235E-02 3.408E-02 3.465E-02 3.720E-02 3.934E-02 3.984E-02 3.975E-02 3.919E-02 3.801E-02 3.694E-02 3.453E-02 3.145E-02 2.919E-02 2.299E-02 1.828E-02
  2.200E+01  3.821E-02 3.841E-02 4.043E-02 4.110E-02 4.065E-02 4.188E-02 4.122E-02 4.161E-02 4.217E-02 4.223E-02 4.250E-02 4.092E-02 4.238E-02 4.274E-02 4.371E-02 4.399E-02 4.572E-02 4.487E-02 4.920E-02 1.309E-02 1.676E-02 3.031E-02 4.145E-02 5.229E-02 5.465E-02 5.223E-02 5.820E-02 6.465E-02 3.525E-02 3.962E-02 5.454E-02 6.095E-02 6.107E-02 6.025E-02 5.994E-02 6.052E-02 6.076E-02 6.002E-02 5.908E-02 5.684E-02 5.453E-02 4.421E-02 3.477E-02 2.733E-02 2.283E-02 2.388E-02 2.652E-02 2.819E-02 2.874E-02 3.130E-02 3.340E-02 3.404E-02 3.408E-02 3.390E-02 3.308E-02 3.233E-02 3.052E-02 2.806E-02 2.619E-02 2.083E-02 1.671E-02
  2.400E+01  3.607E-02 3.728E-02 3.501E-02 3.592E-02 3.712E-02 3.641E-02 3.576E-02 3.730E-02 3.712E-02 3.727E-02 3.763E-02 3.813E-02 3.812E-02 3.812E-02 3.844E-02 3.852E-02 4.064E-02 3.902E-02 4.207E-02 1.008E-02 1.333E-02 2.572E-02 3.569E-02 4.534E-02 4.696E-02 4.427E-02 4.914E-02 5.402E-02 2.798E-02 3.226E-02 4.524E-02 5.043E-02 5.026E-02 4.955E-02 4.941E-02 5.019E-02 5.048E-02 4.970E-02 4.876E-02 4.671E-02 4.465E-02 3.574E-02 2.790E-02 2.188E-02 1.844E-02 1.942E-02 2.185E-02 2.343E-02 2.393E-02 2.643E-02 2.844E-02 2.916E-02 2.929E-02 2.938E-02 2.883E-02 2.832E-02 2.698E-02 2.504E-02 2.349E-02 1.885E-02 1.525E-02
  2.600E+01  3.105E-02 3.169E-02 3.186E-02 3.173E-02 3.288E-02 3.207E-02 3.193E-02 3.280E-02 3.299E-02 3.314E-02 3.232E-02 3.396E-02 3.411E-02 3.365E-02 3.388E-02 3.424E-02 3.565E-02 3.444E-02 3.642E-02 7.941E-03 1.087E-02 2.220E-02 3.114E-02 3.974E-02 4.079E-02 3.792E-02 4.185E-02 4.549E-02 2.246E-02 2.660E-02 3.788E-02 4.204E-02 4.164E-02 4.101E-02 4.097E-02 4.189E-02 4.219E-02 4.139E-02 4.045E-02 3.859E-02 3.674E-02 2.906E-02 2.253E-02 1.763E-02 1.498E-02 1.589E-02 1.809E-02 1.955E-02 2.002E-02 2.239E-02 2.430E-02 2.506E-02 2.524E-02 2.551E-02 2.517E-02 2.484E-02 2.388E-02 2.234E-02 2.106E-02 1.705E-02 1.391E-02
  2.800E+01  2.867E-02 2.705E-02 2.984E-02 2.923E-02 2.801E-02 2.976E-02 2.994E-02 2.898E-02 2.949E-02 2.953E-02 2.955E-02 2.978E-02 2.998E-02 3.036E-02 3.062E-02 3.019E-02 3.205E-02 3.022E-02 3.146E-02 6.379E-03 9.035E-03 1.940E-02 2.746E-02 3.494E-02 3.568E-02 3.273E-02 3.590E-02 3.854E-02 1.822E-02 2.219E-02 3.197E-02 3.527E-02 3.470E-02 3.414E-02 3.418E-02 3.516E-02 3.545E-02 3.465E-02 3.373E-02 3.204E-02 3.039E-02 2.375E-02 1.830E-02 1.430E-02 1.224E-02 1.307E-02 1.505E-02 1.639E-02 1.681E-02 1.904E-02 2.082E-02 2.159E-02 2.180E-02 2.220E-02 2.202E-02 2.182E-02 2.115E-02 1.994E-02 1.889E-02 1.542E-02 1.268E-02
  3.000E+01  2.535E-02 2.657E-02 2.513E-02 2.655E-02 2.680E-02 2.596E-02 2.637E-02 2.675E-02 2.601E-02 2.603E-02 2.677E-02 2.664E-02 2.644E-02 2.677E-02 2.678E-02 2.710E-02 2.771E-02 2.694E-02 2.733E-02 5.213E-03 7.641E-03 1.711E-02 2.442E-02 3.083E-02 3.140E-02 2.843E-02 3.097E-02 3.282E-02 1.493E-02 1.868E-02 2.717E-02 2.976E-02 2.907E-02 2.857E-02 2.866E-02 2.967E-02 2.995E-02 2.916E-02 2.827E-02 2.673E-02 2.526E-02 1.952E-02 1.495E-02 1.167E-02 1.007E-02 1.081E-02 1.258E-02 1.380E-02 1.418E-02 1.625E-02 1.790E-02 1.866E-02 1.889E-02 1.936E-02 1.929E-02 1.920E-02 1.875E-02 1.781E-02 1.695E-02 1.395E-02 1.155E-02
  3.200E+01  2.122E-02 2.231E-02 2.380E-02 2.212E-02 2.280E-02 2.285E-02 2.265E-02 2.324E-02 2.300E-02 2.315E-02 2.358E-02 2.346E-02 2.361E-02 2.340E-02 2.379E-02 2.370E-02 2.451E-02 2.358E-02 2.377E-02 4.323E-03 6.553E-03 1.520E-02 2.174E-02 2.724E-02 2.762E-02 2.479E-02 2.686E-02 2.808E-02 1.233E-02 1.587E-02 2.322E-02 2.525E-02 2.449E-02 2.404E-02 2.415E-02 2.515E-02 2.541E-02 2.465E-02 2.380E-02 2.241E-02 2.110E-02 1.613E-02 1.229E-02 9.575E-03 8.323E-03 8.987E-03 1.056E-02 1.166E-02 1.201E-02 1.392E-02 1.544E-02 1.617E-02 1.641E-02 1.693E-02 1.694E-02 1.693E-02 1.665E-02 1.593E-02 1.522E-02 1.261E-02 1.053E-02
  3.400E+01  2.074E-02 2.100E-02 2.034E-02 2.116E-02 2.109E-02 2.055E-02 2.090E-02 2.051E-02 2.098E-02 2.100E-02 2.090E-02 2.059E-02 2.084E-02 2.126E-02 2.136E-02 2.083E-02 2.206E-02 2.079E-02 2.067E-02 3.631E-03 5.686E-03 1.356E-02 1.936E-02 2.415E-02 2.432E-02 2.170E-02 2.340E-02 2.413E-02 1.026E-02 1.358E-02 1.996E-02 2.152E-02 2.073E-02 2.032E-02 2.045E-02 2.142E-02 2.167E-02 2.093E-02 2.013E-02 1.887E-02 1.771E-02 1.340E-02 1.016E-02 7.904E-03 6.919E-03 7.510E-03 8.912E-03 9.903E-03 1.022E-02 1.196E-02 1.336E-02 1.406E-02 1.430E-02 1.484E-02 1.491E-02 1.495E-02 1.480E-02 1.425E-02 1.367E-02 1.141E-02 9.594E-03
  3.600E+01  1.704E-02 1.782E-02 1.872E-02 1.782E-02 1.824E-02 1.751E-02 1.777E-02 1.846E-02 1.827E-02 1.834E-02 1.814E-02 1.873E-02 1.856E-02 1.863E-02 1.866E-02 1.864E-02 1.932E-02 1.843E-02 1.803E-02 3.085E-03 4.983E-03 1.216E-02 1.731E-02 2.152E-02 2.151E-02 1.906E-02 2.044E-02 2.081E-02 8.604E-03 1.170E-02 1.723E-02 1.843E-02 1.762E-02 1.726E-02 1.739E-02 1.833E-02 1.855E-02 1.785E-02 1.710E-02 1.597E-02 1.493E-02 1.119E-02 8.440E-03 6.561E-03 5.782E-03 6.307E-03 7.553E-03 8.442E-03 8.724E-03 1.032E-02 1.160E-02 1.226E-02 1.250E-02 1.304E-02 1.315E-02 1.323E-02 1.318E-02 1.277E-02 1.229E-02 1.033E-02 8.745E-03
  3.800E+01  1.606E-02 1.676E-02 1.576E-02 1.661E-02 1.653E-02 1.622E-02 1.647E-02 1.601E-02 1.656E-02 1.660E-02 1.650E-02 1.602E-02 1.636E-02 1.650E-02 1.671E-02 1.626E-02 1.719E-02 1.611E-02 1.566E-02 2.647E-03 4.402E-03 1.093E-02 1.552E-02 1.926E-02 1.912E-02 1.680E-02 1.790E-02 1.801E-02 7.260E-03 1.014E-02 1.494E-02 1.585E-02 1.505E-02 1.472E-02 1.486E-02 1.575E-02 1.594E-02 1.529E-02 1.458E-02 1.357E-02 1.264E-02 9.390E-03 7.051E-03 5.475E-03 4.856E-03 5.322E-03 6.428E-03 7.226E-03 7.479E-03 8.928E-03 1.010E-02 1.072E-02 1.095E-02 1.148E-02 1.162E-02 1.173E-02 1.175E-02 1.146E-02 1.106E-02 9.350E-03 7.974E-03
  4.000E+01  1.490E-02 1.362E-02 1.472E-02 1.363E-02 1.401E-02 1.394E-02 1.391E-02 1.430E-02 1.399E-02 1.406E-02 1.421E-02 1.450E-02 1.475E-02 1.446E-02 1.465E-02 1.469E-02 1.503E-02 1.445E-02 1.378E-02 2.292E-03 3.916E-03 9.854E-03 1.399E-02 1.715E-02 1.703E-02 1.484E-02 1.572E-02 1.564E-02 6.163E-03 8.839E-03 1.301E-02 1.368E-02 1.291E-02 1.261E-02 1.275E-02 1.358E-02 1.376E-02 1.315E-02 1.249E-02 1.158E-02 1.075E-02 7.918E-03 5.922E-03 4.593E-03 4.098E-03 4.513E-03 5.495E-03 6.209E-03 6.436E-03 7.753E-03 8.828E-03 9.403E-03 9.621E-03 1.014E-02 1.029E-02 1.042E-02 1.050E-02 1.029E-02 9.968E-03 8.474E-03 7.276E-03
  4.200E+01  1.253E-02 1.259E-02 1.191E-02 1.255E-02 1.297E-02 1.241E-02 1.256E-02 1.297E-02 1.286E-02 1.293E-02 1.306E-02 1.241E-02 1.252E-02 1.290E-02 1.311E-02 1.287E-02 1.333E-02 1.273E-02 1.201E-02 2.000E-03 3.503E-03 8.899E-03 1.261E-02 1.526E-02 1.512E-02 1.313E-02 1.385E-02 1.361E-02 5.261E-03 7.739E-03 1.137E-02 1.186E-02 1.112E-02 1.085E-02 1.098E-02 1.176E-02 1.192E-02 1.135E-02 1.074E-02 9.920E-03 9.188E-03 6.710E-03 4.998E-03 3.872E-03 3.475E-03 3.843E-03 4.716E-03 5.356E-03 5.560E-03 6.756E-03 7.737E-03 8.272E-03 8.478E-03 8.972E-03 9.134E-03 9.274E-03 9.394E-03 9.253E-03 8.991E-03 7.686E-03 6.643E-03
  4.400E+01  1.134E-02 1.150E-02 1.099E-02 1.131E-02 1.066E-02 1.154E-02 1.137E-02 1.076E-02 1.110E-02 1.114E-02 1.097E-02 1.110E-02 1.142E-02 1.101E-02 1.133E-02 1.161E-02 1.170E-02 1.135E-02 1.059E-02 1.758E-03 3.150E-03 8.053E-03 1.134E-02 1.365E-02 1.347E-02 1.165E-02 1.223E-02 1.189E-02 4.515E-03 6.806E-03 9.970E-03 1.031E-02 9.612E-03 9.373E-03 9.498E-03 1.022E-02 1.036E-02 9.833E-03 9.275E-03 8.535E-03 7.883E-03 5.712E-03 4.238E-03 3.280E-03 2.960E-03 3.288E-03 4.065E-03 4.638E-03 4.821E-03 5.906E-03 6.802E-03 7.298E-03 7.492E-03 7.961E-03 8.126E-03 8.273E-03 8.420E-03 8.333E-03 8.119E-03 6.977E-03 6.071E-03
  4.600E+01  1.029E-02 9.330E-03 1.013E-02 9.430E-03 9.663E-03 9.258E-03 9.398E-03 9.929E-03 9.653E-03 9.724E-03 9.959E-03 1.009E-02 9.767E-03 1.002E-02 1.024E-02 9.974E-03 1.043E-02 9.890E-03 9.203E-03 1.556E-03 2.844E-03 7.297E-03 1.020E-02 1.224E-02 1.200E-02 1.035E-02 1.082E-02 1.042E-02 3.894E-03 6.009E-03 8.771E-03 9.002E-03 8.343E-03 8.128E-03 8.246E-03 8.910E-03 9.042E-03 8.552E-03 8.039E-03 7.373E-03 6.791E-03 4.884E-03 3.611E-03 2.792E-03 2.533E-03 2.825E-03 3.517E-03 4.032E-03 4.196E-03 5.181E-03 5.999E-03 6.458E-03 6.639E-03 7.082E-03 7.247E-03 7.395E-03 7.561E-03 7.516E-03 7.342E-03 6.341E-03 5.552E-03
  4.800E+01  8.075E-03 8.654E-03 8.258E-03 8.385E-03 8.789E-03 8.517E-03 8.455E-03 8.764E-03 8.657E-03 8.672E-03 8.839E-03 8.600E-03 8.588E-03 8.762E-03 9.007E-03 9.001E-03 9.199E-03 8.829E-03 8.132E-03 1.385E-03 2.578E-03 6.616E-03 9.221E-03 1.099E-02 1.076E-02 9.221E-03 9.596E-03 9.159E-03 3.373E-03 5.326E-03 7.740E-03 7.885E-03 7.268E-03 7.075E-03 7.186E-03 7.798E-03 7.916E-03 7.465E-03 6.994E-03 6.394E-03 5.875E-03 4.195E-03 3.091E-03 2.387E-03 2.177E-03 2.437E-03 3.055E-03 3.517E-03 3.665E-03 4.559E-03 5.306E-03 5.731E-03 5.900E-03 6.315E-03 6.477E-03 6.624E-03 6.801E-03 6.790E-03 6.648E-03 5.768E-03 5.084E-03
  5.000E+01  7.696E-03 7.744E-03 7.412E-03 7.757E-03 7.703E-03 7.706E-03 7.733E-03 7.267E-03 7.756E-03 7.797E-03 7.573E-03 7.462E-03 7.649E-03 7.528E-03 7.844E-03 8.040E-03 8.046E-03 7.892E-03 7.152E-03 1.239E-03 2.344E-03 6.005E-03 8.356E-03 9.817E-03 9.622E-03 8.223E-03 8.531E-03 8.065E-03 2.936E-03 4.736E-03 6.851E-03 6.929E-03 6.355E-03 6.181E-03 6.284E-03 6.848E-03 6.954E-03 6.538E-03 6.107E-03 5.567E-03 5.102E-03 3.619E-03 2.657E-03 2.050E-03 1.879E-03 2.111E-03 2.665E-03 3.080E-03 3.213E-03 4.026E-03 4.709E-03 5.101E-03 5.258E-03 5.646E-03 5.803E-03 5.947E-03 6.129E-03 6.143E-03 6.028E-03 5.254E-03 4.660E-03
  5.200E+01  6.585E-03 6.778E-03 6.544E-03 6.653E-03 6.221E-03 6.757E-03 6.772E-03 6.352E-03 6.437E-03 6.488E-03 6.619E-03 6.815E-03 6.806E-03 6.572E-03 6.849E-03 7.099E-03 7.060E-03 6.990E-03 6.340E-03 1.115E-03 2.138E-03 5.457E-03 7.562E-03 8.795E-03 8.592E-03 7.343E-03 7.606E-03 7.122E-03 2.565E-03 4.225E-03 6.081E-03 6.109E-03 5.577E-03 5.420E-03 5.516E-03 6.034E-03 6.130E-03 5.747E-03 5.351E-03 4.864E-03 4.448E-03 3.135E-03 2.294E-03 1.768E-03 1.629E-03 1.837E-03 2.333E-03 2.707E-03 2.827E-03 3.566E-03 4.191E-03 4.553E-03 4.699E-03 5.061E-03 5.211E-03 5.350E-03 5.535E-03 5.568E-03 5.475E-03 4.792E-03 4.276E-03
  5.400E+01  6.015E-03 5.609E-03 5.950E-03 5.328E-03 5.567E-03 5.691E-03 5.506E-03 5.698E-03 5.598E-03 5.660E-03 5.952E-03 5.981E-03 5.932E-03 6.043E-03 6.222E-03 6.192E-03 6.378E-03 6.111E-03 5.537E-03 1.008E-03 1.955E-03 4.968E-03 6.830E-03 7.906E-03 7.693E-03 6.571E-03 6.793E-03 6.310E-03 2.251E-03 3.782E-03 5.414E-03 5.404E-03 4.911E-03 4.769E-03 4.858E-03 5.334E-03 5.420E-03 5.068E-03 4.706E-03 4.266E-03 3.893E-03 2.727E-03 1.989E-03 1.531E-03 1.417E-03 1.604E-03 2.050E-03 2.388E-03 2.496E-03 3.170E-03 3.742E-03 4.076E-03 4.212E-03 4.548E-03 4.690E-03 4.824E-03 5.007E-03 5.055E-03 4.980E-03 4.376E-03 3.930E-03
  5.600E+01  5.224E-03 4.694E-03 5.162E-03 4.838E-03 4.940E-03 4.764E-03 4.945E-03 4.986E-03 4.946E-03 5.007E-03 5.184E-03 5.226E-03 5.064E-03 5.340E-03 5.388E-03 5.506E-03 5.602E-03 5.461E-03 4.911E-03 9.156E-04 1.793E-03 4.531E-03 6.185E-03 7.162E-03 6.945E-03 5.903E-03 6.070E-03 5.608E-03 1.983E-03 3.395E-03 4.833E-03 4.794E-03 4.339E-03 4.211E-03 4.293E-03 4.730E-03 4.808E-03 4.485E-03 4.153E-03 3.755E-03 3.419E-03 2.382E-03 1.732E-03 1.331E-03 1.238E-03 1.407E-03 1.808E-03 2.114E-03 2.212E-03 2.826E-03 3.351E-03 3.659E-03 3.785E-03 4.097E-03 4.232E-03 4.360E-03 4.539E-03 4.597E-03 4.536E-03 4.002E-03 3.616E-03
  5.800E+01  4.563E-03 4.249E-03 4.462E-03 4.213E-03 4.313E-03 4.225E-03 4.318E-03 4.468E-03 4.304E-03 4.352E-03 4.625E-03 4.521E-03 4.505E-03 4.615E-03 4.812E-03 4.919E-03 4.962E-03 4.901E-03 4.377E-03 8.353E-04 1.648E-03 4.136E-03 5.615E-03 6.482E-03 6.283E-03 5.313E-03 5.435E-03 4.996E-03 1.753E-03 3.056E-03 4.326E-03 4.267E-03 3.847E-03 3.731E-03 3.807E-03 4.208E-03 4.279E-03 3.981E-03 3.677E-03 3.317E-03 3.015E-03 2.088E-03 1.513E-03 1.162E-03 1.086E-03 1.239E-03 1.601E-03 1.878E-03 1.967E-03 2.529E-03 3.010E-03 3.295E-03 3.412E-03 3.701E-03 3.828E-03 3.950E-03 4.124E-03 4.188E-03 4.140E-03 3.665E-03 3.333E-03
  6.000E+01  3.918E-03 3.805E-03 3.710E-03 3.731E-03 3.863E-03 3.806E-03 3.836E-03 3.772E-03 3.889E-03 3.960E-03 3.991E-03 3.809E-03 3.927E-03 4.004E-03 4.094E-03 4.372E-03 4.301E-03 4.353E-03 3.868E-03 7.652E-04 1.518E-03 3.774E-03 5.114E-03 5.817E-03 5.646E-03 4.780E-03 4.887E-03 4.460E-03 1.556E-03 2.758E-03 3.883E-03 3.809E-03 3.422E-03 3.317E-03 3.387E-03 3.755E-03 3.819E-03 3.546E-03 3.267E-03 2.941E-03 2.668E-03 1.838E-03 1.328E-03 1.019E-03 9.570E-04 1.095E-03 1.423E-03 1.674E-03 1.756E-03 2.269E-03 2.713E-03 2.976E-03 3.084E-03 3.351E-03 3.471E-03 3.586E-03 3.754E-03 3.823E-03 3.784E-03 3.363E-03 3.077E-03
  6.200E+01  3.263E-03 3.214E-03 3.164E-03 3.157E-03 3.324E-03 3.290E-03 3.275E-03 3.359E-03 3.335E-03 3.386E-03 3.535E-03 3.368E-03 3.502E-03 3.600E-03 3.709E-03 3.851E-03 3.889E-03 3.856E-03 3.428E-03 7.039E-04 1.401E-03 3.446E-03 4.655E-03 5.229E-03 5.061E-03 4.303E-03 4.410E-03 3.992E-03 1.386E-03 2.497E-03 3.494E-03 3.411E-03 3.054E-03 2.959E-03 3.023E-03 3.361E-03 3.420E-03 3.168E-03 2.913E-03 2.616E-03 2.369E-03 1.624E-03 1.170E-03 8.963E-04 8.463E-04 9.713E-04 1.270E-03 1.498E-03 1.573E-03 2.044E-03 2.452E-03 2.695E-03 2.795E-03 3.043E-03 3.155E-03 3.264E-03 3.424E-03 3.497E-03 3.466E-03 3.090E-03 2.845E-03
  6.400E+01  2.773E-03 2.744E-03 2.659E-03 2.800E-03 2.958E-03 2.817E-03 2.952E-03 2.839E-03 2.985E-03 3.042E-03 3.066E-03 2.913E-03 3.026E-03 3.076E-03 3.277E-03 3.409E-03 3.473E-03 3.428E-03 3.064E-03 6.500E-04 1.296E-03 3.155E-03 4.235E-03 4.737E-03 4.577E-03 3.891E-03 3.979E-03 3.586E-03 1.238E-03 2.266E-03 3.153E-03 3.063E-03 2.735E-03 2.648E-03 2.707E-03 3.018E-03 3.071E-03 2.840E-03 2.605E-03 2.335E-03 2.111E-03 1.440E-03 1.034E-03 7.917E-04 7.513E-04 8.652E-04 1.137E-03 1.346E-03 1.414E-03 1.846E-03 2.223E-03 2.448E-03 2.541E-03 2.770E-03 2.875E-03 2.977E-03 3.131E-03 3.205E-03 3.180E-03 2.844E-03 2.635E-03
  6.600E+01  2.362E-03 2.383E-03 2.247E-03 2.336E-03 2.530E-03 2.475E-03 2.438E-03 2.436E-03 2.570E-03 2.617E-03 2.605E-03 2.582E-03 2.733E-03 2.731E-03 2.815E-03 3.057E-03 3.047E-03 3.096E-03 2.741E-03 6.026E-04 1.201E-03 2.894E-03 3.858E-03 4.334E-03 4.177E-03 3.533E-03 3.594E-03 3.232E-03 1.111E-03 2.062E-03 2.853E-03 2.760E-03 2.457E-03 2.378E-03 2.432E-03 2.718E-03 2.767E-03 2.553E-03 2.338E-03 2.091E-03 1.888E-03 1.282E-03 9.180E-04 7.019E-04 6.696E-04 7.737E-04 1.022E-03 1.213E-03 1.275E-03 1.674E-03 2.022E-03 2.231E-03 2.317E-03 2.529E-03 2.626E-03 2.723E-03 2.869E-03 2.943E-03 2.923E-03 2.623E-03 2.446E-03
  6.800E+01  2.067E-03 2.053E-03 2.007E-03 1.984E-03 2.156E-03 2.120E-03 2.070E-03 2.153E-03 2.278E-03 2.322E-03 2.313E-03 2.193E-03 2.432E-03 2.441E-03 2.478E-03 2.746E-03 2.691E-03 2.780E-03 2.452E-03 5.607E-04 1.115E-03 2.656E-03 3.530E-03 3.929E-03 3.796E-03 3.208E-03 3.260E-03 2.918E-03 9.995E-04 1.881E-03 2.588E-03 2.494E-03 2.214E-03 2.142E-03 2.192E-03 2.456E-03 2.500E-03 2.303E-03 2.105E-03 1.879E-03 1.694E-03 1.145E-03 8.178E-04 6.247E-04 5.992E-04 6.946E-04 9.223E-04 1.097E-03 1.154E-03 1.522E-03 1.845E-03 2.039E-03 2.118E-03 2.315E-03 2.406E-03 2.496E-03 2.634E-03 2.708E-03 2.693E-03 2.424E-03 2.275E-03
  7.000E+01  1.725E-03 1.714E-03 1.732E-03 1.786E-03 1.900E-03 1.840E-03 1.867E-03 1.865E-03 1.949E-03 1.999E-03 2.072E-03 1.951E-03 2.059E-03 2.063E-03 2.242E-03 2.416E-03 2.408E-03 2.477E-03 2.196E-03 5.235E-04 1.038E-03 2.441E-03 3.234E-03 3.564E-03 3.438E-03 2.916E-03 2.967E-03 2.642E-03 9.025E-04 1.720E-03 2.354E-03 2.260E-03 2.002E-03 1.936E-03 1.982E-03 2.225E-03 2.266E-03 2.084E-03 1.901E-03 1.695E-03 1.525E-03 1.027E-03 7.312E-04 5.581E-04 5.382E-04 6.260E-04 8.354E-04 9.963E-04 1.049E-03 1.389E-03 1.688E-03 1.869E-03 1.943E-03 2.125E-03 2.209E-03 2.294E-03 2.425E-03 2.497E-03 2.485E-03 2.244E-03 2.120E-03
  7.200E+01  1.527E-03 1.409E-03 1.550E-03 1.555E-03 1.537E-03 1.562E-03 1.619E-03 1.630E-03 1.631E-03 1.672E-03 1.709E-03 1.781E-03 1.820E-03 1.918E-03 2.008E-03 2.120E-03 2.234E-03 2.191E-03 1.973E-03 4.906E-04 9.683E-04 2.249E-03 2.952E-03 3.273E-03 3.141E-03 2.662E-03 2.702E-03 2.402E-03 8.176E-04 1.577E-03 2.147E-03 2.054E-03 1.816E-03 1.755E-03 1.798E-03 2.022E-03 2.059E-03 1.891E-03 1.723E-03 1.533E-03 1.378E-03 9.238E-04 6.562E-04 5.004E-04 4.854E-04 5.665E-04 7.595E-04 9.079E-04 9.566E-04 1.272E-03 1.550E-03 1.718E-03 1.787E-03 1.955E-03 2.034E-03 2.114E-03 2.237E-03 2.308E-03 2.299E-03 2.081E-03 1.980E-03
  7.400E+01  1.277E-03 1.124E-03 1.309E-03 1.241E-03 1.383E-03 1.223E-03 1.291E-03 1.400E-03 1.476E-03 1.519E-03 1.528E-03 1.537E-03 1.583E-03 1.700E-03 1.757E-03 1.893E-03 1.959E-03 1.982E-03 1.771E-03 4.613E-04 9.049E-04 2.074E-03 2.705E-03 3.010E-03 2.887E-03 2.438E-03 2.466E-03 2.191E-03 7.432E-04 1.450E-03 1.964E-03 1.873E-03 1.653E-03 1.597E-03 1.636E-03 1.844E-03 1.878E-03 1.722E-03 1.566E-03 1.392E-03 1.250E-03 8.343E-04 5.910E-04 4.504E-04 4.395E-04 5.146E-04 6.931E-04 8.304E-04 8.754E-04 1.168E-03 1.427E-03 1.584E-03 1.648E-03 1.805E-03 1.878E-03 1.952E-03 2.069E-03 2.138E-03 2.131E-03 1.935E-03 1.853E-03
  7.600E+01  1.047E-03 1.082E-03 1.103E-03 1.043E-03 1.136E-03 1.178E-03 1.167E-03 1.157E-03 1.254E-03 1.291E-03 1.287E-03 1.320E-03 1.451E-03 1.447E-03 1.535E-03 1.752E-03 1.744E-03 1.817E-03 1.609E-03 4.353E-04 8.475E-04 1.913E-03 2.497E-03 2.737E-03 2.640E-03 2.232E-03 2.263E-03 2.001E-03 6.778E-04 1.336E-03 1.801E-03 1.714E-03 1.509E-03 1.458E-03 1.494E-03 1.686E-03 1.717E-03 1.573E-03 1.429E-03 1.268E-03 1.137E-03 7.561E-04 5.342E-04 4.069E-04 3.996E-04 4.693E-04 6.350E-04 7.623E-04 8.041E-04 1.077E-03 1.319E-03 1.465E-03 1.525E-03 1.670E-03 1.738E-03 1.808E-03 1.919E-03 1.985E-03 1.980E-03 1.803E-03 1.738E-03
  7.800E+01  9.276E-04 9.219E-04 9.387E-04 9.677E-04 9.363E-04 1.017E-03 1.031E-03 1.010E-03 1.023E-03 1.061E-03 1.150E-03 1.273E-03 1.292E-03 1.316E-03 1.408E-03 1.513E-03 1.600E-03 1.601E-03 1.448E-03 4.120E-04 7.954E-04 1.767E-03 2.312E-03 2.495E-03 2.402E-03 2.047E-03 2.085E-03 1.833E-03 6.202E-04 1.235E-03 1.656E-03 1.572E-03 1.383E-03 1.335E-03 1.368E-03 1.547E-03 1.575E-03 1.441E-03 1.307E-03 1.158E-03 1.038E-03 6.877E-04 4.847E-04 3.690E-04 3.647E-04 4.297E-04 5.840E-04 7.023E-04 7.413E-04 9.962E-04 1.222E-03 1.359E-03 1.415E-03 1.550E-03 1.613E-03 1.679E-03 1.783E-03 1.847E-03 1.843E-03 1.683E-03 1.634E-03
  8.000E+01  7.612E-04 7.300E-04 8.049E-04 8.679E-04 8.553E-04 8.340E-04 9.277E-04 8.746E-04 9.863E-04 1.025E-03 9.856E-04 1.044E-03 1.101E-03 1.190E-03 1.274E-03 1.330E-03 1.465E-03 1.429E-03 1.310E-03 3.912E-04 7.481E-04 1.640E-03 2.131E-03 2.318E-03 2.220E-03 1.890E-03 1.919E-03 1.689E-03 5.694E-04 1.144E-03 1.528E-03 1.447E-03 1.271E-03 1.226E-03 1.257E-03 1.423E-03 1.450E-03 1.325E-03 1.200E-03 1.062E-03 9.506E-04 6.277E-04 4.413E-04 3.359E-04 3.342E-04 3.950E-04 5.391E-04 6.495E-04 6.859E-04 9.245E-04 1.136E-03 1.265E-03 1.317E-03 1.442E-03 1.501E-03 1.563E-03 1.661E-03 1.723E-03 1.720E-03 1.576E-03 1.541E-03
  8.200E+01  6.590E-04 6.618E-04 6.326E-04 7.288E-04 7.742E-04 7.703E-04 7.957E-04 7.512E-04 9.062E-04 9.391E-04 8.794E-04 9.256E-04 1.051E-03 9.875E-04 1.074E-03 1.270E-03 1.283E-03 1.346E-03 1.203E-03 3.727E-04 7.051E-04 1.526E-03 1.962E-03 2.176E-03 2.082E-03 1.754E-03 1.769E-03 1.563E-03 5.245E-04 1.063E-03 1.413E-03 1.337E-03 1.172E-03 1.131E-03 1.159E-03 1.313E-03 1.338E-03 1.221E-03 1.105E-03 9.773E-04 8.737E-04 5.749E-04 4.032E-04 3.069E-04 3.075E-04 3.646E-04 4.995E-04 6.028E-04 6.369E-04 8.608E-04 1.060E-03 1.180E-03 1.229E-03 1.346E-03 1.401E-03 1.459E-03 1.552E-03 1.611E-03 1.609E-03 1.478E-03 1.456E-03
  8.400E+01  5.869E-04 5.983E-04 6.339E-04 6.846E-04 6.372E-04 6.807E-04 7.531E-04 6.994E-04 7.623E-04 7.946E-04 7.767E-04 8.367E-04 8.850E-04 9.602E-04 9.977E-04 1.138E-03 1.193E-03 1.227E-03 1.102E-03 3.560E-04 6.661E-04 1.420E-03 1.819E-03 2.015E-03 1.933E-03 1.627E-03 1.641E-03 1.448E-03 4.847E-04 9.898E-04 1.311E-03 1.238E-03 1.085E-03 1.046E-03 1.072E-03 1.216E-03 1.239E-03 1.130E-03 1.022E-03 9.022E-04 8.058E-04 5.285E-04 3.698E-04 2.814E-04 2.840E-04 3.378E-04 4.647E-04 5.615E-04 5.935E-04 8.042E-04 9.915E-04 1.105E-03 1.150E-03 1.260E-03 1.311E-03 1.366E-03 1.453E-03 1.511E-03 1.509E-03 1.390E-03 1.379E-03
  8.600E+01  5.358E-04 4.986E-04 5.798E-04 4.938E-04 5.883E-04 5.653E-04 5.735E-04 6.605E-04 6.625E-04 6.943E-04 7.355E-04 7.947E-04 7.698E-04 8.748E-04 9.368E-04 9.738E-04 1.101E-03 1.083E-03 1.005E-03 3.411E-04 6.306E-04 1.322E-03 1.699E-03 1.856E-03 1.781E-03 1.510E-03 1.530E-03 1.345E-03 4.494E-04 9.242E-04 1.220E-03 1.151E-03 1.007E-03 9.708E-04 9.953E-04 1.130E-03 1.151E-03 1.049E-03 9.473E-04 8.357E-04 7.458E-04 4.875E-04 3.403E-04 2.591E-04 2.634E-04 3.142E-04 4.338E-04 5.250E-04 5.551E-04 7.538E-04 9.304E-04 1.037E-03 1.080E-03 1.182E-03 1.230E-03 1.281E-03 1.364E-03 1.419E-03 1.419E-03 1.311E-03 1.310E-03
  8.800E+01  4.708E-04 5.011E-04 4.967E-04 5.350E-04 4.859E-04 5.260E-04 5.852E-04 6.044E-04 6.203E-04 6.502E-04 6.739E-04 6.858E-04 7.052E-04 7.642E-04 8.718E-04 8.931E-04 1.033E-03 9.997E-04 9.369E-04 3.278E-04 5.983E-04 1.235E-03 1.588E-03 1.738E-03 1.662E-03 1.410E-03 1.429E-03 1.258E-03 4.180E-04 8.654E-04 1.139E-03 1.074E-03 9.386E-04 9.042E-04 9.269E-04 1.053E-03 1.072E-03 9.764E-04 8.813E-04 7.767E-04 6.926E-04 4.513E-04 3.144E-04 2.394E-04 2.453E-04 2.935E-04 4.066E-04 4.926E-04 5.210E-04 7.088E-04 8.758E-04 9.767E-04 1.017E-03 1.113E-03 1.157E-03 1.206E-03 1.284E-03 1.337E-03 1.337E-03 1.239E-03 1.247E-03
  9.000E+01  4.339E-04 4.498E-04 4.322E-04 4.844E-04 4.665E-04 4.996E-04 5.348E-04 4.721E-04 5.992E-04 6.267E-04 5.514E-04 5.859E-04 7.103E-04 6.868E-04 7.347E-04 8.856E-04 9.203E-04 9.577E-04 8.707E-04 3.158E-04 5.690E-04 1.157E-03 1.482E-03 1.644E-03 1.570E-03 1.322E-03 1.336E-03 1.181E-03 3.901E-04 8.124E-04 1.066E-03 1.005E-03 8.777E-04 8.451E-04 8.661E-04 9.841E-04 1.002E-03 9.121E-04 8.227E-04 7.244E-04 6.454E-04 4.193E-04 2.914E-04 2.221E-04 2.293E-04 2.751E-04 3.824E-04 4.638E-04 4.907E-04 6.687E-04 8.269E-04 9.224E-04 9.605E-04 1.050E-03 1.092E-03 1.138E-03 1.212E-03 1.263E-03 1.263E-03 1.174E-03 1.191E-03
  9.200E+01  4.066E-04 4.007E-04 4.203E-04 4.428E-04 3.965E-04 4.609E-04 4.876E-04 5.057E-04 5.039E-04 5.295E-04 5.230E-04 5.878E-04 6.349E-04 6.353E-04 7.033E-04 8.091E-04 8.688E-04 8.810E-04 8.086E-04 3.050E-04 5.424E-04 1.087E-03 1.389E-03 1.540E-03 1.473E-03 1.241E-03 1.258E-03 1.111E-03 3.653E-04 7.648E-04 1.002E-03 9.440E-04 8.237E-04 7.927E-04 8.121E-04 9.230E-04 9.401E-04 8.549E-04 7.706E-04 6.780E-04 6.036E-04 3.909E-04 2.711E-04 2.068E-04 2.152E-04 2.589E-04 3.610E-04 4.382E-04 4.637E-04 6.329E-04 7.830E-04 8.736E-04 9.095E-04 9.935E-04 1.033E-03 1.076E-03 1.147E-03 1.196E-03 1.196E-03 1.115E-03 1.140E-03
  9.400E+01  4.048E-04 3.550E-04 4.318E-04 3.659E-04 4.267E-04 4.028E-04 4.105E-04 4.687E-04 4.632E-04 4.835E-04 5.228E-04 5.746E-04 5.635E-04 6.251E-04 6.946E-04 7.067E-04 8.247E-04 8.028E-04 7.605E-04 2.954E-04 5.182E-04 1.022E-03 1.307E-03 1.441E-03 1.383E-03 1.169E-03 1.189E-03 1.049E-03 3.431E-04 7.220E-04 9.440E-04 8.899E-04 7.758E-04 7.462E-04 7.642E-04 8.686E-04 8.846E-04 8.040E-04 7.243E-04 6.367E-04 5.664E-04 3.657E-04 2.531E-04 1.932E-04 2.027E-04 2.445E-04 3.419E-04 4.154E-04 4.397E-04 6.008E-04 7.437E-04 8.297E-04 8.637E-04 9.427E-04 9.797E-04 1.021E-03 1.088E-03 1.135E-03 1.135E-03 1.062E-03 1.093E-03
  9.600E+01  3.515E-04 3.893E-04 4.057E-04 4.304E-04 3.922E-04 4.120E-04 4.503E-04 4.235E-04 4.633E-04 4.848E-04 4.566E-04 5.080E-04 5.493E-04 6.111E-04 6.314E-04 7.193E-04 7.767E-04 7.911E-04 7.345E-04 2.867E-04 4.962E-04 9.649E-04 1.236E-03 1.373E-03 1.324E-03 1.109E-03 1.125E-03 9.965E-04 3.234E-04 6.834E-04 8.926E-04 8.419E-04 7.335E-04 7.050E-04 7.216E-04 8.202E-04 8.352E-04 7.587E-04 6.832E-04 6.001E-04 5.334E-04 3.433E-04 2.371E-04 1.812E-04 1.917E-04 2.318E-04 3.250E-04 3.951E-04 4.183E-04 5.722E-04 7.083E-04 7.902E-04 8.225E-04 8.969E-04 9.317E-04 9.706E-04 1.034E-03 1.080E-03 1.081E-03 1.014E-03 1.052E-03
  9.800E+01  3.664E-04 3.717E-04 3.297E-04 3.773E-04 3.922E-04 4.059E-04 4.155E-04 3.841E-04 4.669E-04 4.859E-04 4.570E-04 4.770E-04 5.729E-04 5.000E-04 5.517E-04 7.180E-04 6.913E-04 7.732E-04 7.029E-04 2.789E-04 4.762E-04 9.141E-04 1.172E-03 1.316E-03 1.274E-03 1.056E-03 1.068E-03 9.518E-04 3.057E-04 6.487E-04 8.469E-04 7.994E-04 6.960E-04 6.684E-04 6.838E-04 7.771E-04 7.911E-04 7.184E-04 6.466E-04 5.675E-04 5.041E-04 3.234E-04 2.229E-04 1.706E-04 1.819E-04 2.205E-04 3.099E-04 3.770E-04 3.992E-04 5.465E-04 6.765E-04 7.547E-04 7.853E-04 8.555E-04 8.884E-04 9.254E-04 9.863E-04 1.030E-03 1.031E-03 9.710E-04 1.014E-03
  1.000E+02  3.711E-04 3.836E-04 3.493E-04 3.932E-04 3.728E-04 3.867E-04 4.283E-04 3.766E-04 4.493E-04 4.688E-04 4.405E-04 4.746E-04 5.280E-04 5.023E-04 5.650E-04 6.604E-04 6.838E-04 7.138E-04 6.612E-04 2.719E-04 4.581E-04 8.669E-04 1.112E-03 1.246E-03 1.206E-03 1.006E-03 1.022E-03 9.121E-04 2.899E-04 6.175E-04 8.062E-04 7.618E-04 6.628E-04 6.361E-04 6.503E-04 7.389E-04 7.520E-04 6.826E-04 6.141E-04 5.385E-04 4.780E-04 3.057E-04 2.103E-04 1.612E-04 1.732E-04 2.105E-04 2.965E-04 3.609E-04 3.821E-04 5.234E-04 6.480E-04 7.226E-04 7.518E-04 8.181E-04 8.492E-04 8.845E-04 9.426E-04 9.852E-04 9.863E-04 9.319E-04 9.806E-04
  1.020E+02  4.085E-04 3.731E-04 3.689E-04 4.029E-04 3.578E-04 4.053E-04 4.351E-04 3.910E-04 4.095E-04 4.278E-04 4.415E-04 4.729E-04 5.276E-04 5.179E-04 5.697E-04 6.237E-04 6.877E-04 6.753E-04 6.372E-04 2.656E-04 4.417E-04 8.226E-04 1.055E-03 1.175E-03 1.137E-03 9.586E-04 9.832E-04 8.770E-04 2.757E-04 5.894E-04 7.700E-04 7.287E-04 6.336E-04 6.076E-04 6.206E-04 7.049E-04 7.173E-04 6.508E-04 5.853E-04 5.129E-04 4.549E-04 2.899E-04 1.991E-04 1.528E-04 1.655E-04 2.016E-04 2.846E-04 3.465E-04 3.669E-04 5.028E-04 6.222E-04 6.937E-04 7.215E-04 7.844E-04 8.138E-04 8.474E-04 9.032E-04 9.444E-04 9.457E-04 8.966E-04 9.503E-04
  1.040E+02  4.072E-04 3.645E-04 3.853E-04 4.089E-04 3.757E-04 4.134E-04 4.367E-04 4.089E-04 4.339E-04 4.545E-04 4.376E-04 4.529E-04 5.192E-04 4.875E-04 5.468E-04 6.362E-04 6.436E-04 6.796E-04 6.382E-04 2.599E-04 4.268E-04 7.832E-04 1.005E-03 1.121E-03 1.092E-03 9.198E-04 9.482E-04 8.472E-04 2.631E-04 5.642E-04 7.382E-04 6.999E-04 6.080E-04 5.826E-04 5.945E-04 6.749E-04 6.865E-04 6.227E-04 5.599E-04 4.901E-04 4.344E-04 2.759E-04 1.891E-04 1.454E-04 1.587E-04 1.937E-04 2.740E-04 3.336E-04 3.533E-04 4.842E-04 5.990E-04 6.676E-04 6.942E-04 7.538E-04 7.818E-04 8.140E-04 8.674E-04 9.074E-04 9.089E-04 8.648E-04 9.231E-04
  1.060E+02  4.715E-04 4.061E-04 4.277E-04 4.157E-04 4.083E-04 4.036E-04 4.244E-04 4.377E-04 4.616E-04 4.806E-04 4.755E-04 4.643E-04 5.173E-04 5.104E-04 5.486E-04 6.496E-04 6.277E-04 6.888E-04 6.412E-04 2.548E-04 4.134E-04 7.493E-04 9.651E-04 1.081E-03 1.059E-03 8.883E-04 9.172E-04 8.236E-04 2.517E-04 5.416E-04 7.103E-04 6.749E-04 5.857E-04 5.607E-04 5.716E-04 6.484E-04 6.594E-04 5.980E-04 5.374E-04 4.700E-04 4.163E-04 2.634E-04 1.801E-04 1.388E-04 1.527E-04 1.866E-04 2.645E-04 3.221E-04 3.411E-04 4.675E-04 5.781E-04 6.440E-04 6.695E-04 7.262E-04 7.528E-04 7.837E-04 8.350E-04 8.740E-04 8.757E-04 8.360E-04 8.987E-04
  1.080E+02  5.489E-04 4.323E-04 4.535E-04 4.544E-04 4.508E-04 4.050E-04 4.634E-04 4.692E-04 4.850E-04 4.994E-04 4.717E-04 5.077E-04 4.878E-04 5.632E-04 5.824E-04 5.999E-04 6.677E-04 6.440E-04 6.178E-04 2.503E-04 4.013E-04 7.203E-04 9.279E-04 1.043E-03 1.022E-03 8.613E-04 8.917E-04 8.064E-04 2.416E-04 5.214E-04 6.861E-04 6.532E-04 5.665E-04 5.416E-04 5.515E-04 6.253E-04 6.356E-04 5.762E-04 5.176E-04 4.523E-04 4.002E-04 2.523E-04 1.722E-04 1.329E-04 1.473E-04 1.804E-04 2.560E-04 3.118E-04 3.302E-04 4.526E-04 5.593E-04 6.227E-04 6.472E-04 7.012E-04 7.266E-04 7.562E-04 8.057E-04 8.437E-04 8.456E-04 8.102E-04 8.769E-04
  1.100E+02  6.956E-04 5.298E-04 5.220E-04 4.828E-04 5.228E-04 4.850E-04 4.783E-04 4.757E-04 5.559E-04 5.697E-04 5.336E-04 5.324E-04 5.181E-04 5.650E-04 6.016E-04 5.842E-04 6.779E-04 6.214E-04 6.104E-04 2.462E-04 3.905E-04 6.950E-04 8.909E-04 1.012E-03 9.885E-04 8.385E-04 8.714E-04 7.928E-04 2.325E-04 5.034E-04 6.652E-04 6.347E-04 5.499E-04 5.252E-04 5.341E-04 6.051E-04 6.149E-04 5.572E-04 5.004E-04 4.368E-04 3.861E-04 2.424E-04 1.651E-04 1.277E-04 1.425E-04 1.748E-04 2.485E-04 3.026E-04 3.205E-04 4.392E-04 5.423E-04 6.035E-04 6.270E-04 6.786E-04 7.029E-04 7.314E-04 7.791E-04 8.162E-04 8.183E-04 7.869E-04 8.574E-04
  1.120E+02  6.128E-04 6.831E-04 6.042E-04 5.095E-04 6.545E-04 5.571E-04 4.956E-04 5.263E-04 5.793E-04 5.899E-04 5.798E-04 5.639E-04 5.490E-04 6.021E-04 6.015E-04 5.965E-04 6.658E-04 6.313E-04 6.303E-04 2.425E-04 3.807E-04 6.724E-04 8.590E-04 9.870E-04 9.664E-04 8.202E-04 8.560E-04 7.818E-04 2.243E-04 4.874E-04 6.475E-04 6.194E-04 5.359E-04 5.112E-04 5.192E-04 5.878E-04 5.970E-04 5.407E-04 4.855E-04 4.233E-04 3.738E-04 2.336E-04 1.588E-04 1.231E-04 1.383E-04 1.699E-04 2.418E-04 2.944E-04 3.118E-04 4.271E-04 5.270E-04 5.861E-04 6.087E-04 6.581E-04 6.814E-04 7.089E-04 7.551E-04 7.914E-04 7.937E-04 7.660E-04 8.400E-04
  1.140E+02  4.022E-04 6.128E-04 5.969E-04 6.406E-04 6.237E-04 6.013E-04 5.730E-04 5.512E-04 5.581E-04 5.615E-04 5.795E-04 5.813E-04 5.789E-04 6.205E-04 6.239E-04 6.301E-04 6.874E-04 6.508E-04 6.564E-04 2.392E-04 3.721E-04 6.528E-04 8.333E-04 9.680E-04 9.506E-04 8.075E-04 8.442E-04 7.767E-04 2.171E-04 4.732E-04 6.328E-04 6.070E-04 5.244E-04 4.994E-04 5.066E-04 5.730E-04 5.817E-04 5.267E-04 4.726E-04 4.116E-04 3.630E-04 2.258E-04 1.532E-04 1.190E-04 1.346E-04 1.655E-04 2.358E-04 2.871E-04 3.040E-04 4.163E-04 5.132E-04 5.704E-04 5.922E-04 6.396E-04 6.619E-04 6.885E-04 7.333E-04 7.689E-04 7.714E-04 7.472E-04 8.246E-04
  1.160E+02  3.222E-04 4.563E-04 5.507E-04 5.937E-04 5.651E-04 5.901E-04 6.070E-04 5.960E-04 5.668E-04 5.696E-04 6.106E-04 5.723E-04 5.913E-04 6.115E-04 6.344E-04 6.313E-04 7.071E-04 6.594E-04 6.765E-04 2.362E-04 3.645E-04 6.375E-04 8.117E-04 9.585E-04 9.420E-04 8.015E-04 8.353E-04 7.786E-04 2.105E-04 4.608E-04 6.210E-04 5.973E-04 5.151E-04 4.897E-04 4.960E-04 5.607E-04 5.689E-04 5.148E-04 4.617E-04 4.015E-04 3.537E-04 2.189E-04 1.482E-04 1.153E-04 1.312E-04 1.616E-04 2.304E-04 2.806E-04 2.971E-04 4.066E-04 5.007E-04 5.562E-04 5.773E-04 6.228E-04 6.443E-04 6.700E-04 7.135E-04 7.485E-04 7.513E-04 7.304E-04 8.110E-04
  1.180E+02  2.392E-04 3.487E-04 4.016E-04 4.871E-04 4.857E-04 5.562E-04 5.113E-04 5.381E-04 5.134E-04 5.115E-04 5.326E-04 5.747E-04 6.143E-04 6.655E-04 6.021E-04 6.606E-04 7.132E-04 6.770E-04 7.022E-04 2.336E-04 3.578E-04 6.264E-04 7.947E-04 9.590E-04 9.460E-04 8.012E-04 8.310E-04 7.848E-04 2.047E-04 4.500E-04 6.119E-04 5.902E-04 5.080E-04 4.820E-04 4.875E-04 5.507E-04 5.584E-04 5.050E-04 4.526E-04 3.930E-04 3.457E-04 2.128E-04 1.438E-04 1.121E-04 1.283E-04 1.582E-04 2.257E-04 2.748E-04 2.909E-04 3.979E-04 4.895E-04 5.434E-04 5.638E-04 6.076E-04 6.284E-04 6.533E-04 6.956E-04 7.301E-04 7.331E-04 7.154E-04 7.990E-04
  1.200E+02  2.421E-04 2.910E-04 3.672E-04 3.915E-04 3.995E-04 4.606E-04 4.764E-04 4.063E-04 4.808E-04 4.890E-04 4.657E-04 5.276E-04 5.376E-04 5.774E-04 5.557E-04 6.646E-04 6.996E-04 6.978E-04 7.429E-04 2.312E-04 3.520E-04 6.187E-04 7.860E-04 9.578E-04 9.510E-04 8.031E-04 8.343E-04 7.932E-04 1.996E-04 4.408E-04 6.055E-04 5.856E-04 5.028E-04 4.763E-04 4.809E-04 5.429E-04 5.502E-04 4.971E-04 4.453E-04 3.859E-04 3.390E-04 2.075E-04 1.398E-04 1.092E-04 1.257E-04 1.551E-04 2.215E-04 2.696E-04 2.854E-04 3.901E-04 4.794E-04 5.319E-04 5.516E-04 5.938E-04 6.139E-04 6.382E-04 6.794E-04 7.134E-04 7.167E-04 7.020E-04 7.885E-04
  1.220E+02  1.828E-04 2.310E-04 2.580E-04 3.159E-04 3.131E-04 3.631E-04 3.889E-04 3.960E-04 4.406E-04 4.471E-04 4.429E-04 5.136E-04 5.061E-04 5.069E-04 5.690E-04 6.504E-04 7.191E-04 7.250E-04 8.103E-04 2.292E-04 3.471E-04 6.128E-04 7.875E-04 9.581E-04 9.533E-04 8.079E-04 8.452E-04 8.050E-04 1.950E-04 4.330E-04 6.017E-04 5.837E-04 4.996E-04 4.723E-04 4.761E-04 5.372E-04 5.441E-04 4.912E-04 4.395E-04 3.802E-04 3.334E-04 2.028E-04 1.363E-04 1.067E-04 1.234E-04 1.524E-04 2.177E-04 2.650E-04 2.805E-04 3.831E-04 4.703E-04 5.214E-04 5.406E-04 5.814E-04 6.008E-04 6.245E-04 6.648E-04 6.984E-04 7.019E-04 6.900E-04 7.794E-04
  1.240E+02  1.769E-04 2.024E-04 2.163E-04 2.603E-04 3.124E-04 3.160E-04 3.269E-04 3.167E-04 3.891E-04 4.030E-04 4.019E-04 4.270E-04 4.897E-04 4.570E-04 5.317E-04 6.747E-04 7.017E-04 7.653E-04 8.867E-04 2.273E-04 3.431E-04 6.099E-04 7.950E-04 9.659E-04 9.651E-04 8.193E-04 8.606E-04 8.229E-04 1.909E-04 4.267E-04 6.006E-04 5.843E-04 4.983E-04 4.699E-04 4.730E-04 5.335E-04 5.400E-04 4.870E-04 4.352E-04 3.757E-04 3.288E-04 1.987E-04 1.333E-04 1.045E-04 1.213E-04 1.500E-04 2.144E-04 2.609E-04 2.761E-04 3.768E-04 4.621E-04 5.120E-04 5.306E-04 5.701E-04 5.890E-04 6.120E-04 6.515E-04 6.848E-04 6.886E-04 6.795E-04 7.715E-04
  1.260E+02  1.820E-04 2.022E-04 2.236E-04 2.384E-04 2.671E-04 2.904E-04 3.099E-04 3.049E-04 3.606E-04 3.837E-04 3.753E-04 3.551E-04 4.589E-04 4.918E-04 5.564E-04 6.711E-04 7.518E-04 8.153E-04 9.845E-04 2.256E-04 3.399E-04 6.109E-04 8.086E-04 9.832E-04 9.952E-04 8.394E-04 8.804E-04 8.472E-04 1.873E-04 4.217E-04 6.021E-04 5.874E-04 4.988E-04 4.691E-04 4.715E-04 5.318E-04 5.379E-04 4.845E-04 4.324E-04 3.723E-04 3.252E-04 1.951E-04 1.306E-04 1.025E-04 1.196E-04 1.479E-04 2.115E-04 2.572E-04 2.722E-04 3.713E-04 4.548E-04 5.034E-04 5.216E-04 5.599E-04 5.783E-04 6.008E-04 6.395E-04 6.725E-04 6.766E-04 6.701E-04 7.647E-04
  1.280E+02  1.794E-04 1.996E-04 2.195E-04 2.360E-04 2.528E-04 2.865E-04 3.145E-04 2.877E-04 3.231E-04 3.414E-04 3.759E-04 3.782E-04 4.287E-04 4.579E-04 5.681E-04 7.237E-04 8.042E-04 8.871E-04 1.078E-03 2.242E-04 3.375E-04 6.173E-04 8.271E-04 1.020E-03 1.039E-03 8.674E-04 9.072E-04 8.786E-04 1.842E-04 4.180E-04 6.064E-04 5.927E-04 5.010E-04 4.699E-04 4.716E-04 5.321E-04 5.378E-04 4.837E-04 4.309E-04 3.701E-04 3.224E-04 1.921E-04 1.282E-04 1.008E-04 1.180E-04 1.461E-04 2.089E-04 2.540E-04 2.688E-04 3.663E-04 4.482E-04 4.957E-04 5.135E-04 5.506E-04 5.685E-04 5.906E-04 6.286E-04 6.614E-04 6.658E-04 6.619E-04 7.590E-04
  1.300E+02  1.747E-04 1.668E-04 1.911E-04 2.326E-04 2.720E-04 2.214E-04 2.908E-04 2.961E-04 3.477E-04 3.706E-04 3.706E-04 4.003E-04 4.213E-04 4.959E-04 6.210E-04 7.281E-04 8.796E-04 9.276E-04 1.186E-03 2.229E-04 3.361E-04 6.287E-04 8.525E-04 1.075E-03 1.091E-03 9.019E-04 9.438E-04 9.146E-04 1.815E-04 4.157E-04 6.132E-04 6.002E-04 5.046E-04 4.722E-04 4.732E-04 5.343E-04 5.397E-04 4.844E-04 4.308E-04 3.688E-04 3.206E-04 1.895E-04 1.262E-04 9.934E-05 1.166E-04 1.445E-04 2.066E-04 2.512E-04 2.658E-04 3.619E-04 4.423E-04 4.888E-04 5.062E-04 5.422E-04 5.597E-04 5.814E-04 6.187E-04 6.513E-04 6.561E-04 6.547E-04 7.543E-04
  1.320E+02  1.785E-04 1.824E-04 2.091E-04 2.149E-04 2.476E-04 2.742E-04 2.764E-04 3.097E-04 3.380E-04 3.604E-04 3.896E-04 4.688E-04 5.131E-04 5.315E-04 6.935E-04 8.294E-04 1.005E-03 1.059E-03 1.345E-03 2.218E-04 3.355E-04 6.455E-04 8.875E-04 1.140E-03 1.153E-03 9.428E-04 9.902E-04 9.545E-04 1.792E-04 4.147E-04 6.227E-04 6.101E-04 5.098E-04 4.758E-04 4.762E-04 5.383E-04 5.434E-04 4.867E-04 4.319E-04 3.685E-04 3.194E-04 1.874E-04 1.245E-04 9.807E-05 1.154E-04 1.430E-04 2.047E-04 2.488E-04 2.632E-04 3.581E-04 4.370E-04 4.826E-04 4.995E-04 5.346E-04 5.518E-04 5.730E-04 6.098E-04 6.423E-04 6.474E-04 6.484E-04 7.504E-04
  1.340E+02  1.715E-04 2.015E-04 1.918E-04 2.289E-04 2.677E-04 3.040E-04 3.117E-04 3.924E-04 4.067E-04 4.324E-04 4.967E-04 4.802E-04 5.444E-04 6.865E-04 8.990E-04 9.359E-04 1.229E-03 1.187E-03 1.466E-03 2.208E-04 3.358E-04 6.674E-04 9.354E-04 1.214E-03 1.228E-03 9.917E-04 1.046E-03 9.990E-04 1.772E-04 4.150E-04 6.350E-04 6.224E-04 5.164E-04 4.807E-04 4.807E-04 5.441E-04 5.491E-04 4.906E-04 4.341E-04 3.691E-04 3.190E-04 1.857E-04 1.230E-04 9.698E-05 1.144E-04 1.418E-04 2.029E-04 2.466E-04 2.609E-04 3.546E-04 4.322E-04 4.770E-04 4.936E-04 5.277E-04 5.445E-04 5.654E-04 6.017E-04 6.341E-04 6.396E-04 6.430E-04 7.473E-04
  1.360E+02  1.829E-04 2.035E-04 2.399E-04 2.726E-04 3.302E-04 3.623E-04 3.964E-04 4.355E-04 5.342E-04 5.728E-04 5.761E-04 6.277E-04 7.608E-04 7.724E-04 9.923E-04 1.226E-03 1.363E-03 1.458E-03 1.650E-03 2.200E-04 3.372E-04 6.963E-04 9.959E-04 1.326E-03 1.336E-03 1.053E-03 1.108E-03 1.050E-03 1.756E-04 4.167E-04 6.502E-04 6.369E-04 5.244E-04 4.868E-04 4.864E-04 5.518E-04 5.566E-04 4.959E-04 4.375E-04 3.706E-04 3.193E-04 1.843E-04 1.218E-04 9.607E-05 1.135E-04 1.408E-04 2.015E-04 2.448E-04 2.589E-04 3.517E-04 4.280E-04 4.719E-04 4.882E-04 5.215E-04 5.380E-04 5.585E-04 5.944E-04 6.268E-04 6.327E-04 6.384E-04 7.450E-04
  1.380E+02  1.959E-04 2.489E-04 3.068E-04 3.578E-04 4.404E-04 5.289E-04 5.519E-04 6.416E-04 7.083E-04 7.450E-04 8.137E-04 9.217E-04 1.084E-03 1.101E-03 1.307E-03 1.551E-03 1.702E-03 1.741E-03 1.790E-03 2.193E-04 3.397E-04 7.337E-04 1.074E-03 1.469E-03 1.473E-03 1.129E-03 1.177E-03 1.107E-03 1.743E-04 4.198E-04 6.684E-04 6.533E-04 5.336E-04 4.939E-04 4.933E-04 5.613E-04 5.659E-04 5.026E-04 4.420E-04 3.728E-04 3.202E-04 1.833E-04 1.208E-04 9.531E-05 1.128E-04 1.399E-04 2.002E-04 2.432E-04 2.572E-04 3.491E-04 4.243E-04 4.674E-04 4.833E-04 5.158E-04 5.321E-04 5.523E-04 5.878E-04 6.202E-04 6.265E-04 6.345E-04 7.433E-04
  1.400E+02  2.406E-04 3.506E-04 4.470E-04 6.145E-04 7.380E-04 8.397E-04 9.008E-04 1.085E-03 1.121E-03 1.163E-03 1.297E-03 1.386E-03 1.452E-03 1.562E-03 1.819E-03 1.925E-03 2.093E-03 1.998E-03 1.836E-03 2.187E-04 3.433E-04 7.801E-04 1.179E-03 1.625E-03 1.622E-03 1.211E-03 1.258E-03 1.165E-03 1.733E-04 4.243E-04 6.895E-04 6.713E-04 5.437E-04 5.020E-04 5.013E-04 5.726E-04 5.771E-04 5.107E-04 4.475E-04 3.758E-04 3.217E-04 1.826E-04 1.201E-04 9.470E-05 1.122E-04 1.391E-04 1.992E-04 2.419E-04 2.558E-04 3.468E-04 4.210E-04 4.633E-04 4.790E-04 5.107E-04 5.267E-04 5.466E-04 5.818E-04 6.143E-04 6.209E-04 6.313E-04 7.423E-04
  1.420E+02  3.608E-04 6.573E-04 8.583E-04 1.263E-03 1.474E-03 1.543E-03 1.696E-03 1.805E-03 2.017E-03 2.023E-03 1.968E-03 2.208E-03 2.223E-03 2.242E-03 2.360E-03 2.424E-03 2.517E-03 2.284E-03 1.860E-03 2.182E-04 3.484E-04 8.382E-04 1.305E-03 1.825E-03 1.799E-03 1.304E-03 1.346E-03 1.221E-03 1.726E-04 4.303E-04 7.135E-04 6.910E-04 5.546E-04 5.110E-04 5.104E-04 5.855E-04 5.900E-04 5.201E-04 4.540E-04 3.795E-04 3.238E-04 1.823E-04 1.195E-04 9.422E-05 1.116E-04 1.385E-04 1.983E-04 2.408E-04 2.546E-04 3.449E-04 4.181E-04 4.597E-04 4.751E-04 5.060E-04 5.218E-04 5.415E-04 5.764E-04 6.091E-04 6.161E-04 6.287E-04 7.418E-04
  1.440E+02  8.109E-04 1.658E-03 2.193E-03 2.657E-03 2.902E-03 3.099E-03 3.007E-03 3.153E-03 3.224E-03 3.144E-03 3.205E-03 3.329E-03 3.276E-03 3.157E-03 2.958E-03 2.914E-03 2.823E-03 2.505E-03 1.854E-03 2.178E-04 3.550E-04 9.071E-04 1.451E-03 2.068E-03 2.000E-03 1.405E-03 1.440E-03 1.274E-03 1.723E-04 4.377E-04 7.403E-04 7.122E-04 5.663E-04 5.208E-04 5.205E-04 6.002E-04 6.047E-04 5.308E-04 4.614E-04 3.839E-04 3.264E-04 1.823E-04 1.192E-04 9.387E-05 1.112E-04 1.380E-04 1.976E-04 2.399E-04 2.536E-04 3.432E-04 4.155E-04 4.565E-04 4.716E-04 5.018E-04 5.174E-04 5.369E-04 5.715E-04 6.044E-04 6.118E-04 6.267E-04 7.418E-04
  1.460E+02  2.727E-03 4.362E-03 4.866E-03 4.743E-03 4.461E-03 4.322E-03 4.298E-03 4.068E-03 4.064E-03 4.000E-03 3.918E-03 3.822E-03 3.553E-03 3.544E-03 3.340E-03 3.070E-03 3.022E-03 2.532E-03 1.780E-03 2.175E-04 3.632E-04 9.882E-04 1.632E-03 2.320E-03 2.209E-03 1.510E-03 1.538E-03 1.322E-03 1.723E-04 4.467E-04 7.700E-04 7.348E-04 5.788E-04 5.313E-04 5.317E-04 6.164E-04 6.210E-04 5.428E-04 4.697E-04 3.890E-04 3.296E-04 1.827E-04 1.190E-04 9.362E-05 1.109E-04 1.376E-04 1.970E-04 2.391E-04 2.528E-04 3.419E-04 4.133E-04 4.536E-04 4.685E-04 4.980E-04 5.135E-04 5.328E-04 5.672E-04 6.003E-04 6.082E-04 6.252E-04 7.423E-04
  1.480E+02  6.064E-03 4.948E-03 4.659E-03 4.141E-03 4.095E-03 3.939E-03 3.966E-03 3.595E-03 3.747E-03 3.775E-03 3.683E-03 3.514E-03 3.551E-03 3.292E-03 3.228E-03 3.100E-03 2.891E-03 2.545E-03 1.715E-03 2.173E-04 3.733E-04 1.087E-03 1.840E-03 2.624E-03 2.448E-03 1.622E-03 1.631E-03 1.366E-03 1.726E-04 4.569E-04 8.025E-04 7.586E-04 5.921E-04 5.425E-04 5.437E-04 6.341E-04 6.389E-04 5.559E-04 4.789E-04 3.948E-04 3.334E-04 1.833E-04 1.190E-04 9.348E-05 1.107E-04 1.373E-04 1.966E-04 2.386E-04 2.522E-04 3.408E-04 4.114E-04 4.511E-04 4.657E-04 4.947E-04 5.100E-04 5.291E-04 5.634E-04 5.968E-04 6.051E-04 6.242E-04 7.432E-04
  1.500E+02  4.406E-03 3.689E-03 3.391E-03 3.331E-03 3.041E-03 3.311E-03 3.277E-03 3.014E-03 3.057E-03 3.124E-03 3.128E-03 3.094E-03 3.192E-03 3.121E-03 2.900E-03 3.046E-03 2.767E-03 2.523E-03 1.663E-03 2.170E-04 3.852E-04 1.201E-03 2.071E-03 2.947E-03 2.698E-03 1.737E-03 1.716E-03 1.406E-03 1.732E-04 4.682E-04 8.377E-04 7.835E-04 6.063E-04 5.545E-04 5.568E-04 6.532E-04 6.582E-04 5.700E-04 4.889E-04 4.013E-04 3.378E-04 1.843E-04 1.192E-04 9.344E-05 1.105E-04 1.371E-04 1.963E-04 2.382E-04 2.518E-04 3.399E-04 4.097E-04 4.490E-04 4.634E-04 4.917E-04 5.069E-04 5.259E-04 5.601E-04 5.938E-04 6.025E-04 6.237E-04 7.445E-04
  1.520E+02  3.299E-03 2.946E-03 2.918E-03 2.594E-03 2.697E-03 2.808E-03 2.614E-03 2.614E-03 2.614E-03 2.655E-03 2.802E-03 2.750E-03 2.902E-03 2.795E-03 2.736E-03 2.919E-03 2.624E-03 2.484E-03 1.652E-03 2.168E-04 3.985E-04 1.330E-03 2.340E-03 3.191E-03 2.903E-03 1.842E-03 1.801E-03 1.439E-03 1.741E-04 4.800E-04 8.753E-04 8.095E-04 6.214E-04 5.676E-04 5.708E-04 6.735E-04 6.786E-04 5.852E-04 4.997E-04 4.085E-04 3.428E-04 1.856E-04 1.195E-04 9.348E-05 1.104E-04 1.370E-04 1.961E-04 2.379E-04 2.515E-04 3.393E-04 4.084E-04 4.472E-04 4.614E-04 4.892E-04 5.043E-04 5.232E-04 5.573E-04 5.914E-04 6.005E-04 6.236E-04 7.461E-04
  1.540E+02  2.923E-03 2.637E-03 2.588E-03 2.551E-03 2.469E-03 2.542E-03 2.554E-03 2.440E-03 2.462E-03 2.516E-03 2.571E-03 2.609E-03 2.479E-03 2.578E-03 2.595E-03 2.618E-03 2.563E-03 2.329E-03 1.612E-03 2.166E-04 4.124E-04 1.476E-03 2.615E-03 3.383E-03 3.048E-03 1.938E-03 1.887E-03 1.470E-03 1.753E-04 4.913E-04 9.150E-04 8.369E-04 6.378E-04 5.820E-04 5.858E-04 6.946E-04 6.997E-04 6.010E-04 5.113E-04 4.164E-04 3.485E-04 1.872E-04 1.200E-04 9.360E-05 1.104E-04 1.370E-04 1.960E-04 2.378E-04 2.513E-04 3.389E-04 4.074E-04 4.457E-04 4.597E-04 4.871E-04 5.021E-04 5.209E-04 5.551E-04 5.895E-04 5.990E-04 6.239E-04 7.479E-04
  1.560E+02  2.566E-03 2.572E-03 2.376E-03 2.351E-03 2.553E-03 2.443E-03 2.311E-03 2.313E-03 2.301E-03 2.335E-03 2.533E-03 2.401E-03 2.453E-03 2.566E-03 2.535E-03 2.502E-03 2.517E-03 2.218E-03 1.573E-03 2.162E-04 4.252E-04 1.639E-03 2.865E-03 3.593E-03 3.172E-03 2.030E-03 1.973E-03 1.506E-03 1.766E-04 5.006E-04 9.560E-04 8.660E-04 6.556E-04 5.977E-04 6.017E-04 7.158E-04 7.207E-04 6.169E-04 5.232E-04 4.247E-04 3.546E-04 1.890E-04 1.205E-04 9.378E-05 1.104E-04 1.370E-04 1.960E-04 2.378E-04 2.513E-04 3.386E-04 4.067E-04 4.446E-04 4.585E-04 4.854E-04 5.004E-04 5.191E-04 5.534E-04 5.882E-04 5.980E-04 6.246E-04 7.500E-04
  1.580E+02  2.574E-03 2.424E-03 2.379E-03 2.354E-03 2.426E-03 2.280E-03 2.292E-03 2.196E-03 2.414E-03 2.451E-03 2.355E-03 2.421E-03 2.386E-03 2.407E-03 2.444E-03 2.455E-03 2.512E-03 2.238E-03 1.620E-03 2.157E-04 4.342E-04 1.809E-03 3.106E-03 3.771E-03 3.296E-03 2.124E-03 2.067E-03 1.552E-03 1.780E-04 5.057E-04 9.966E-04 8.970E-04 6.751E-04 6.144E-04 6.180E-04 7.357E-04 7.399E-04 6.321E-04 5.350E-04 4.332E-04 3.609E-04 1.910E-04 1.212E-04 9.402E-05 1.105E-04 1.371E-04 1.961E-04 2.379E-04 2.514E-04 3.386E-04 4.062E-04 4.439E-04 4.576E-04 4.842E-04 4.992E-04 5.179E-04 5.522E-04 5.874E-04 5.976E-04 6.256E-04 7.523E-04
  1.600E+02  2.572E-03 2.316E-03 2.357E-03 2.369E-03 2.246E-03 2.310E-03 2.380E-03 2.207E-03 2.371E-03 2.425E-03 2.295E-03 2.345E-03 2.480E-03 2.412E-03 2.403E-03 2.630E-03 2.497E-03 2.351E-03 1.712E-03 2.151E-04 4.362E-04 1.976E-03 3.349E-03 3.931E-03 3.450E-03 2.233E-03 2.169E-03 1.619E-03 1.790E-04 5.036E-04 1.033E-03 9.283E-04 6.953E-04 6.313E-04 6.333E-04 7.518E-04 7.548E-04 6.446E-04 5.454E-04 4.410E-04 3.669E-04 1.929E-04 1.218E-04 9.430E-05 1.106E-04 1.372E-04 1.963E-04 2.382E-04 2.516E-04 3.387E-04 4.061E-04 4.435E-04 4.572E-04 4.835E-04 4.984E-04 5.172E-04 5.516E-04 5.872E-04 5.977E-04 6.268E-04 7.546E-04
  1.620E+02  2.527E-03 2.464E-03 2.305E-03 2.354E-03 2.344E-03 2.301E-03 2.336E-03 2.288E-03 2.234E-03 2.288E-03 2.368E-03 2.371E-03 2.533E-03 2.553E-03 2.550E-03 2.645E-03 2.626E-03 2.454E-03 1.845E-03 2.143E-04 4.281E-04 2.117E-03 3.574E-03 4.154E-03 3.658E-03 2.359E-03 2.279E-03 1.711E-03 1.793E-04 4.914E-04 1.058E-03 9.561E-04 7.138E-04 6.459E-04 6.449E-04 7.602E-04 7.610E-04 6.514E-04 5.523E-04 4.467E-04 3.717E-04 1.946E-04 1.224E-04 9.462E-05 1.108E-04 1.374E-04 1.966E-04 2.385E-04 2.520E-04 3.391E-04 4.062E-04 4.435E-04 4.571E-04 4.832E-04 4.982E-04 5.170E-04 5.516E-04 5.875E-04 5.982E-04 6.283E-04 7.570E-04
  1.640E+02  2.477E-03 2.249E-03 2.261E-03 2.129E-03 2.284E-03 2.336E-03 2.229E-03 2.219E-03 2.305E-03 2.366E-03 2.436E-03 2.477E-03 2.595E-03 2.487E-03 2.585E-03 2.866E-03 2.726E-03 2.728E-03 2.071E-03 2.133E-04 4.091E-04 2.189E-03 3.748E-03 4.380E-03 3.880E-03 2.481E-03 2.386E-03 1.822E-03 1.782E-04 4.676E-04 1.060E-03 9.717E-04 7.254E-04 6.537E-04 6.484E-04 7.551E-04 7.532E-04 6.481E-04 5.525E-04 4.482E-04 3.736E-04 1.957E-04 1.230E-04 9.495E-05 1.109E-04 1.376E-04 1.969E-04 2.389E-04 2.524E-04 3.396E-04 4.066E-04 4.439E-04 4.575E-04 4.835E-04 4.985E-04 5.173E-04 5.521E-04 5.883E-04 5.992E-04 6.300E-04 7.594E-04
  1.660E+02  2.399E-03 2.208E-03 2.249E-03 2.345E-03 2.354E-03 2.212E-03 2.289E-03 2.183E-03 2.466E-03 2.535E-03 2.405E-03 2.745E-03 2.704E-03 2.864E-03 2.799E-03 3.121E-03 3.219E-03 3.033E-03 2.308E-03 2.123E-04 3.825E-04 2.142E-03 3.798E-03 4.525E-03 4.025E-03 2.551E-03 2.454E-03 1.927E-03 1.752E-04 4.335E-04 1.023E-03 9.619E-04 7.217E-04 6.481E-04 6.374E-04 7.303E-04 7.261E-04 6.302E-04 5.422E-04 4.427E-04 3.707E-04 1.957E-04 1.233E-04 9.530E-05 1.112E-04 1.378E-04 1.972E-04 2.393E-04 2.528E-04 3.402E-04 4.073E-04 4.445E-04 4.582E-04 4.841E-04 4.992E-04 5.180E-04 5.530E-04 5.895E-04 6.005E-04 6.318E-04 7.618E-04
  1.680E+02  2.666E-03 2.315E-03 2.468E-03 2.367E-03 2.304E-03 2.449E-03 2.424E-03 2.495E-03 2.590E-03 2.676E-03 2.743E-03 2.838E-03 2.977E-03 3.151E-03 3.212E-03 3.428E-03 3.671E-03 3.359E-03 2.631E-03 2.114E-04 3.565E-04 1.970E-03 3.646E-03 4.507E-03 4.005E-03 2.495E-03 2.417E-03 1.966E-03 1.699E-04 3.949E-04 9.401E-04 9.127E-04 6.931E-04 6.216E-04 6.069E-04 6.834E-04 6.785E-04 5.955E-04 5.187E-04 4.280E-04 3.613E-04 1.943E-04 1.234E-04 9.565E-05 1.114E-04 1.381E-04 1.976E-04 2.398E-04 2.534E-04 3.409E-04 4.081E-04 4.455E-04 4.591E-04 4.851E-04 5.002E-04 5.191E-04 5.542E-04 5.909E-04 6.020E-04 6.336E-04 7.640E-04
  1.700E+02  2.588E-03 2.430E-03 2.391E-03 2.417E-03 2.548E-03 2.650E-03 2.616E-03 2.702E-03 2.734E-03 2.844E-03 2.932E-03 3.113E-03 3.271E-03 3.413E-03 3.739E-03 3.823E-03 4.135E-03 3.734E-03 2.942E-03 2.108E-04 3.418E-04 1.736E-03 3.333E-03 4.237E-03 3.750E-03 2.266E-03 2.220E-03 1.864E-03 1.630E-04 3.616E-04 8.213E-04 8.223E-04 6.368E-04 5.733E-04 5.585E-04 6.217E-04 6.187E-04 5.491E-04 4.846E-04 4.052E-04 3.456E-04 1.915E-04 1.234E-04 9.601E-05 1.116E-04 1.383E-04 1.980E-04 2.403E-04 2.539E-04 3.417E-04 4.091E-04 4.465E-04 4.602E-04 4.863E-04 5.014E-04 5.204E-04 5.556E-04 5.925E-04 6.036E-04 6.353E-04 7.659E-04
  1.720E+02  2.662E-03 2.587E-03 2.718E-03 2.711E-03 2.788E-03 2.778E-03 2.877E-03 2.992E-03 3.378E-03 3.518E-03 3.449E-03 3.370E-03 3.668E-03 3.982E-03 4.205E-03 4.048E-03 4.478E-03 3.788E-03 2.882E-03 2.106E-04 3.470E-04 1.525E-03 3.027E-03 3.911E-03 3.405E-03 1.946E-03 1.914E-03 1.619E-03 1.563E-04 3.436E-04 7.084E-04 7.179E-04 5.681E-04 5.164E-04 5.068E-04 5.656E-04 5.668E-04 5.061E-04 4.502E-04 3.810E-04 3.281E-04 1.879E-04 1.233E-04 9.638E-05 1.119E-04 1.386E-04 1.983E-04 2.408E-04 2.544E-04 3.424E-04 4.101E-04 4.477E-04 4.614E-04 4.876E-04 5.028E-04 5.218E-04 5.571E-04 5.941E-04 6.052E-04 6.369E-04 7.677E-04
  1.740E+02  2.977E-03 2.799E-03 3.148E-03 3.264E-03 3.250E-03 3.442E-03 3.521E-03 3.621E-03 4.164E-03 4.365E-03 4.062E-03 4.626E-03 4.751E-03 4.835E-03 4.769E-03 4.973E-03 4.719E-03 4.084E-03 2.598E-03 2.107E-04 3.734E-04 1.402E-03 2.825E-03 3.795E-03 3.226E-03 1.734E-03 1.690E-03 1.386E-03 1.519E-04 3.458E-04 6.565E-04 6.544E-04 5.219E-04 4.792E-04 4.769E-04 5.409E-04 5.458E-04 4.860E-04 4.317E-04 3.665E-04 3.167E-04 1.854E-04 1.235E-04 9.675E-05 1.121E-04 1.388E-04 1.987E-04 2.412E-04 2.549E-04 3.431E-04 4.110E-04 4.487E-04 4.625E-04 4.888E-04 5.040E-04 5.231E-04 5.585E-04 5.955E-04 6.066E-04 6.382E-04 7.691E-04
  1.760E+02  4.073E-03 4.034E-03 4.172E-03 4.359E-03 4.705E-03 4.794E-03 4.880E-03 5.010E-03 5.421E-03 5.639E-03 5.464E-03 5.861E-03 6.454E-03 6.098E-03 5.599E-03 5.498E-03 5.220E-03 4.366E-03 2.648E-03 2.110E-04 4.123E-04 1.436E-03 2.741E-03 3.862E-03 3.299E-03 1.788E-03 1.745E-03 1.391E-03 1.512E-04 3.634E-04 6.923E-04 6.740E-04 5.283E-04 4.845E-04 4.852E-04 5.580E-04 5.639E-04 4.976E-04 4.381E-04 3.692E-04 3.175E-04 1.853E-04 1.239E-04 9.711E-05 1.122E-04 1.390E-04 1.989E-04 2.415E-04 2.553E-04 3.437E-04 4.118E-04 4.496E-04 4.634E-04 4.898E-04 5.050E-04 5.242E-04 5.596E-04 5.966E-04 6.077E-04 6.392E-04 7.701E-04
  1.780E+02  7.333E-03 6.732E-03 7.625E-03 7.651E-03 7.217E-03 7.270E-03 7.507E-03 6.760E-03 7.645E-03 7.684E-03 7.055E-03 7.431E-03 7.047E-03 6.343E-03 5.336E-03 5.851E-03 5.021E-03 4.616E-03 3.276E-03 2.113E-04 4.473E-04 1.657E-03 2.950E-03 4.320E-03 3.811E-03 2.127E-03 2.086E-03 1.664E-03 1.526E-04 3.837E-04 7.766E-04 7.510E-04 5.733E-04 5.198E-04 5.176E-04 5.965E-04 6.006E-04 5.260E-04 4.590E-04 3.828E-04 3.266E-04 1.871E-04 1.245E-04 9.737E-05 1.123E-04 1.391E-04 1.991E-04 2.418E-04 2.555E-04 3.441E-04 4.122E-04 4.501E-04 4.640E-04 4.905E-04 5.057E-04 5.249E-04 5.603E-04 5.973E-04 6.084E-04 6.398E-04 7.708E-04
  1.800E+02  1.573E-02 1.282E-02 1.153E-02 1.350E-02 1.087E-02 1.135E-02 9.655E-03 7.963E-03 1.090E-02 1.105E-02 8.251E-03 7.882E-03 9.005E-03 8.191E-03 6.531E-03 7.360E-03 6.055E-03 5.660E-03 4.180E-03 2.115E-04 4.614E-04 1.826E-03 3.316E-03 5.020E-03 4.420E-03 2.390E-03 2.337E-03 1.867E-03 1.536E-04 3.925E-04 8.212E-04 7.950E-04 5.999E-04 5.404E-04 5.357E-04 6.164E-04 6.192E-04 5.407E-04 4.703E-04 3.905E-04 3.320E-04 1.882E-04 1.247E-04 9.747E-05 1.124E-04 1.392E-04 1.992E-04 2.418E-04 2.556E-04 3.442E-04 4.124E-04 4.503E-04 4.642E-04 4.907E-04 5.059E-04 5.251E-04 5.606E-04 5.976E-04 6.087E-04 6.400E-04 7.710E-04
