# sea salt (coa., 98%)
#
# size distribution: lognormal
# ------------------
#
#   minimum radius, [um]:      1.150E-02
#   maximum radius, [um]:      1.000E+02
#                  sigma:      2.030E+00
#       Rmod (wet), [um]:      6.840E+00
#       Rmod (dry), [um]:      1.750E+00
#
# optical parameters:
# -------------------
#
# wavelength ext.coef  sca.coef  abs.coef  si.sc.alb  asym.par  ext.nor    ref.real  ref.imag
#     [um]     [1/km]    [1/km]    [1/km]
#
#  2.500E-01 8.081E-01 8.080E-01 9.653E-05 9.999E-01 0.838E+00 9.872E-01  1.364E+00 -1.167E-07
#  3.000E-01 8.102E-01 8.102E-01 3.342E-05 1.000E+00 0.842E+00 9.898E-01  1.352E+00 -4.923E-08
#  3.500E-01 8.123E-01 8.123E-01 6.730E-06 1.000E+00 0.857E+00 9.923E-01  1.346E+00 -1.182E-08
#  4.000E-01 8.143E-01 8.143E-01 1.068E-06 1.000E+00 0.859E+00 9.948E-01  1.342E+00 -2.331E-09
#  4.500E-01 8.158E-01 8.158E-01 7.780E-07 1.000E+00 0.859E+00 9.966E-01  1.340E+00 -1.410E-09
#  5.000E-01 8.167E-01 8.166E-01 6.815E-07 1.000E+00 0.868E+00 9.977E-01  1.338E+00 -1.243E-09
#  5.500E-01 8.186E-01 8.186E-01 8.294E-07 1.000E+00 0.869E+00 1.000E+00  1.336E+00 -2.095E-09
#  6.000E-01 8.204E-01 8.204E-01 4.205E-06 1.000E+00 0.864E+00 1.002E+00  1.335E+00 -1.099E-08
#  6.500E-01 8.218E-01 8.218E-01 5.584E-06 1.000E+00 0.870E+00 1.004E+00  1.334E+00 -1.684E-08
#  7.000E-01 8.205E-01 8.205E-01 1.100E-05 1.000E+00 0.870E+00 1.002E+00  1.334E+00 -3.629E-08
#  7.500E-01 8.246E-01 8.246E-01 4.748E-05 9.999E-01 0.868E+00 1.007E+00  1.333E+00 -1.715E-07
#  8.000E-01 8.256E-01 8.255E-01 4.168E-05 9.999E-01 0.864E+00 1.009E+00  1.332E+00 -1.556E-07
#  9.000E-01 8.292E-01 8.289E-01 2.792E-04 9.997E-01 0.865E+00 1.013E+00  1.331E+00 -1.188E-06
#  1.000E+00 8.314E-01 8.303E-01 1.116E-03 9.987E-01 0.866E+00 1.016E+00  1.329E+00 -5.203E-06
#  1.250E+00 8.388E-01 8.362E-01 2.551E-03 9.970E-01 0.866E+00 1.025E+00  1.325E+00 -1.455E-05
#  1.500E+00 8.444E-01 8.165E-01 2.787E-02 9.670E-01 0.869E+00 1.032E+00  1.323E+00 -2.062E-04
#  1.750E+00 8.511E-01 8.375E-01 1.368E-02 9.839E-01 0.864E+00 1.040E+00  1.315E+00 -1.111E-04
#  2.000E+00 8.560E-01 7.608E-01 9.519E-02 8.888E-01 0.881E+00 1.046E+00  1.308E+00 -1.098E-03
#  2.500E+00 8.680E-01 7.515E-01 1.165E-01 8.658E-01 0.892E+00 1.060E+00  1.264E+00 -1.778E-03
#  3.000E+00 8.609E-01 4.508E-01 4.101E-01 5.236E-01 0.958E+00 1.052E+00  1.375E+00 -2.676E-01
#  3.200E+00 8.729E-01 4.574E-01 4.154E-01 5.241E-01 0.954E+00 1.066E+00  1.478E+00 -9.090E-02
#  3.390E+00 8.800E-01 5.076E-01 3.724E-01 5.768E-01 0.926E+00 1.075E+00  1.424E+00 -2.279E-02
#  3.500E+00 8.836E-01 6.067E-01 2.769E-01 6.866E-01 0.886E+00 1.079E+00  1.401E+00 -9.269E-03
#  3.750E+00 8.897E-01 7.393E-01 1.504E-01 8.310E-01 0.850E+00 1.087E+00  1.371E+00 -3.465E-03
#  4.000E+00 8.965E-01 7.228E-01 1.737E-01 8.063E-01 0.858E+00 1.095E+00  1.353E+00 -4.546E-03
#  4.500E+00 9.083E-01 6.123E-01 2.960E-01 6.741E-01 0.892E+00 1.110E+00  1.335E+00 -1.320E-02
#  5.000E+00 9.204E-01 6.452E-01 2.752E-01 7.010E-01 0.882E+00 1.124E+00  1.327E+00 -1.223E-02
#  5.500E+00 9.363E-01 6.818E-01 2.545E-01 7.282E-01 0.882E+00 1.144E+00  1.300E+00 -1.147E-02
#  6.000E+00 9.084E-01 4.655E-01 4.429E-01 5.124E-01 0.958E+00 1.110E+00  1.267E+00 -1.054E-01
#  6.200E+00 9.238E-01 4.824E-01 4.414E-01 5.222E-01 0.939E+00 1.129E+00  1.367E+00 -8.689E-02
#  6.500E+00 9.431E-01 5.532E-01 3.900E-01 5.865E-01 0.911E+00 1.152E+00  1.341E+00 -3.863E-02
#  7.200E+00 9.609E-01 6.010E-01 3.599E-01 6.254E-01 0.902E+00 1.174E+00  1.314E+00 -3.168E-02
#  7.900E+00 9.718E-01 6.152E-01 3.567E-01 6.330E-01 0.906E+00 1.187E+00  1.296E+00 -3.355E-02
#  8.200E+00 9.748E-01 6.180E-01 3.568E-01 6.340E-01 0.908E+00 1.191E+00  1.288E+00 -3.485E-02
#  8.500E+00 9.766E-01 6.185E-01 3.581E-01 6.333E-01 0.910E+00 1.193E+00  1.281E+00 -3.652E-02
#  8.700E+00 9.771E-01 6.178E-01 3.593E-01 6.323E-01 0.912E+00 1.194E+00  1.277E+00 -3.777E-02
#  9.000E+00 9.762E-01 6.157E-01 3.605E-01 6.307E-01 0.916E+00 1.193E+00  1.268E+00 -3.970E-02
#  9.200E+00 9.740E-01 6.124E-01 3.616E-01 6.288E-01 0.919E+00 1.190E+00  1.261E+00 -4.124E-02
#  9.500E+00 9.677E-01 6.041E-01 3.636E-01 6.243E-01 0.924E+00 1.182E+00  1.249E+00 -4.396E-02
#  9.800E+00 9.565E-01 5.903E-01 3.662E-01 6.171E-01 0.930E+00 1.169E+00  1.235E+00 -4.737E-02
#  1.000E+01 9.448E-01 5.764E-01 3.684E-01 6.101E-01 0.935E+00 1.154E+00  1.223E+00 -5.020E-02
#  1.060E+01 8.796E-01 4.969E-01 3.828E-01 5.648E-01 0.949E+00 1.075E+00  1.184E+00 -6.651E-02
#  1.100E+01 8.177E-01 4.130E-01 4.047E-01 5.051E-01 0.956E+00 9.989E-01  1.158E+00 -9.541E-02
#  1.150E+01 7.733E-01 3.524E-01 4.209E-01 4.557E-01 0.956E+00 9.447E-01  1.132E+00 -1.399E-01
#  1.250E+01 8.031E-01 3.589E-01 4.442E-01 4.469E-01 0.938E+00 9.811E-01  1.128E+00 -2.549E-01
#  1.300E+01 8.276E-01 3.750E-01 4.527E-01 4.531E-01 0.928E+00 1.011E+00  1.150E+00 -3.002E-01
#  1.400E+01 8.668E-01 4.002E-01 4.667E-01 4.616E-01 0.912E+00 1.059E+00  1.213E+00 -3.642E-01
#  1.480E+01 8.871E-01 4.122E-01 4.749E-01 4.647E-01 0.903E+00 1.084E+00  1.261E+00 -3.899E-01
#  1.500E+01 8.920E-01 4.151E-01 4.768E-01 4.654E-01 0.900E+00 1.090E+00  1.273E+00 -3.959E-01
#  1.640E+01 9.188E-01 4.305E-01 4.884E-01 4.685E-01 0.886E+00 1.122E+00  1.350E+00 -4.214E-01
#  1.720E+01 9.320E-01 4.379E-01 4.941E-01 4.698E-01 0.879E+00 1.139E+00  1.392E+00 -4.238E-01
#  1.800E+01 9.432E-01 4.441E-01 4.991E-01 4.708E-01 0.872E+00 1.152E+00  1.429E+00 -4.210E-01
#  1.850E+01 9.490E-01 4.473E-01 5.017E-01 4.713E-01 0.869E+00 1.159E+00  1.448E+00 -4.162E-01
#  2.000E+01 9.606E-01 4.533E-01 5.073E-01 4.719E-01 0.861E+00 1.174E+00  1.485E+00 -3.890E-01
#  2.130E+01 9.641E-01 4.542E-01 5.100E-01 4.711E-01 0.855E+00 1.178E+00  1.496E+00 -3.754E-01
#  2.250E+01 9.686E-01 4.563E-01 5.123E-01 4.711E-01 0.848E+00 1.183E+00  1.510E+00 -3.668E-01
#  2.500E+01 9.748E-01 4.596E-01 5.152E-01 4.714E-01 0.835E+00 1.191E+00  1.535E+00 -3.535E-01
#  2.790E+01 9.764E-01 4.612E-01 5.153E-01 4.723E-01 0.821E+00 1.193E+00  1.553E+00 -3.379E-01
#  3.000E+01 9.716E-01 4.588E-01 5.127E-01 4.723E-01 0.812E+00 1.187E+00  1.555E+00 -3.275E-01
#  3.500E+01 9.409E-01 4.334E-01 5.076E-01 4.606E-01 0.796E+00 1.149E+00  1.536E+00 -3.387E-01
#  4.000E+01 9.128E-01 4.006E-01 5.121E-01 4.389E-01 0.776E+00 1.115E+00  1.523E+00 -3.953E-01
#
# volume phase function [1/km]:
# -----------------------------
#
# sca.ang. | wavelengths --->
# ---------|------------------
#          | 2.500E-01 3.000E-01 3.500E-01 4.000E-01 4.500E-01 5.000E-01 5.500E-01 6.000E-01 6.500E-01 7.000E-01 7.500E-01 8.000E-01 9.000E-01 1.000E+00 1.250E+00 1.500E+00 1.750E+00 2.000E+00 2.500E+00 3.000E+00 3.200E+00 3.390E+00 3.500E+00 3.750E+00 4.000E+00 4.500E+00 5.000E+00 5.500E+00 6.000E+00 6.200E+00 6.500E+00 7.200E+00 7.900E+00 8.200E+00 8.500E+00 8.700E+00 9.000E+00 9.200E+00 9.500E+00 9.800E+00 1.000E+01 1.060E+01 1.100E+01 1.150E+01 1.250E+01 1.300E+01 1.400E+01 1.480E+01 1.500E+01 1.640E+01 1.720E+01 1.800E+01 1.850E+01 2.000E+01 2.130E+01 2.250E+01 2.500E+01 2.790E+01 3.000E+01 3.500E+01 4.000E+01
#
  0.000E+00  1.609E+04 1.126E+04 8.304E+03 6.313E+03 5.048E+03 4.048E+03 3.357E+03 2.851E+03 2.443E+03 2.082E+03 1.837E+03 1.616E+03 1.283E+03 1.044E+03 6.749E+02 4.733E+02 3.504E+02 2.700E+02 1.754E+02 1.216E+02 1.082E+02 9.709E+01 9.151E+01 8.021E+01 7.101E+01 5.671E+01 4.649E+01 3.899E+01 3.226E+01 3.057E+01 2.822E+01 2.344E+01 1.981E+01 1.853E+01 1.737E+01 1.666E+01 1.568E+01 1.508E+01 1.425E+01 1.347E+01 1.298E+01 1.138E+01 9.970E+00 8.489E+00 7.192E+00 6.813E+00 6.121E+00 5.605E+00 5.486E+00 4.738E+00 4.377E+00 4.054E+00 3.869E+00 3.379E+00 3.019E+00 2.742E+00 2.279E+00 1.881E+00 1.655E+00 1.241E+00 9.513E-01
  1.000E-01  6.369E+03 5.497E+03 4.733E+03 4.060E+03 3.503E+03 3.009E+03 2.618E+03 2.297E+03 2.029E+03 1.772E+03 1.595E+03 1.426E+03 1.162E+03 9.631E+02 6.407E+02 4.564E+02 3.411E+02 2.645E+02 1.731E+02 1.205E+02 1.073E+02 9.639E+01 9.089E+01 7.974E+01 7.064E+01 5.648E+01 4.634E+01 3.888E+01 3.218E+01 3.051E+01 2.817E+01 2.341E+01 1.979E+01 1.850E+01 1.735E+01 1.664E+01 1.566E+01 1.507E+01 1.424E+01 1.346E+01 1.297E+01 1.137E+01 9.963E+00 8.483E+00 7.188E+00 6.809E+00 6.118E+00 5.603E+00 5.484E+00 4.736E+00 4.376E+00 4.053E+00 3.868E+00 3.378E+00 3.019E+00 2.741E+00 2.278E+00 1.881E+00 1.655E+00 1.241E+00 9.513E-01
  2.000E-01  2.037E+03 2.022E+03 1.953E+03 1.852E+03 1.734E+03 1.614E+03 1.504E+03 1.391E+03 1.297E+03 1.189E+03 1.113E+03 1.031E+03 8.899E+02 7.715E+02 5.527E+02 4.109E+02 3.155E+02 2.490E+02 1.665E+02 1.173E+02 1.047E+02 9.434E+01 8.908E+01 7.835E+01 6.956E+01 5.579E+01 4.588E+01 3.857E+01 3.196E+01 3.031E+01 2.800E+01 2.329E+01 1.971E+01 1.844E+01 1.729E+01 1.658E+01 1.562E+01 1.502E+01 1.420E+01 1.343E+01 1.294E+01 1.135E+01 9.942E+00 8.466E+00 7.176E+00 6.799E+00 6.110E+00 5.596E+00 5.478E+00 4.732E+00 4.372E+00 4.050E+00 3.865E+00 3.376E+00 3.017E+00 2.740E+00 2.277E+00 1.880E+00 1.654E+00 1.240E+00 9.511E-01
  3.000E-01  8.068E+02 8.734E+02 9.071E+02 9.191E+02 9.088E+02 8.857E+02 8.609E+02 8.260E+02 7.954E+02 7.565E+02 7.247E+02 6.894E+02 6.265E+02 5.683E+02 4.442E+02 3.496E+02 2.790E+02 2.262E+02 1.563E+02 1.121E+02 1.007E+02 9.107E+01 8.618E+01 7.612E+01 6.781E+01 5.468E+01 4.514E+01 3.805E+01 3.160E+01 2.998E+01 2.773E+01 2.311E+01 1.958E+01 1.832E+01 1.719E+01 1.649E+01 1.554E+01 1.495E+01 1.413E+01 1.337E+01 1.288E+01 1.131E+01 9.908E+00 8.439E+00 7.156E+00 6.781E+00 6.097E+00 5.585E+00 5.467E+00 4.724E+00 4.366E+00 4.045E+00 3.860E+00 3.372E+00 3.014E+00 2.737E+00 2.276E+00 1.879E+00 1.653E+00 1.240E+00 9.508E-01
  4.000E-01  3.760E+02 4.294E+02 4.688E+02 4.968E+02 5.114E+02 5.165E+02 5.181E+02 5.125E+02 5.066E+02 4.972E+02 4.838E+02 4.691E+02 4.405E+02 4.116E+02 3.446E+02 2.865E+02 2.386E+02 1.995E+02 1.436E+02 1.055E+02 9.542E+01 8.679E+01 8.236E+01 7.316E+01 6.548E+01 5.317E+01 4.412E+01 3.734E+01 3.110E+01 2.954E+01 2.735E+01 2.286E+01 1.940E+01 1.817E+01 1.705E+01 1.637E+01 1.543E+01 1.485E+01 1.404E+01 1.329E+01 1.281E+01 1.125E+01 9.860E+00 8.400E+00 7.128E+00 6.757E+00 6.078E+00 5.570E+00 5.453E+00 4.714E+00 4.357E+00 4.037E+00 3.854E+00 3.367E+00 3.010E+00 2.734E+00 2.273E+00 1.877E+00 1.652E+00 1.239E+00 9.505E-01
  5.000E-01  1.979E+02 2.339E+02 2.643E+02 2.890E+02 3.062E+02 3.182E+02 3.272E+02 3.316E+02 3.338E+02 3.341E+02 3.312E+02 3.271E+02 3.167E+02 3.032E+02 2.666E+02 2.311E+02 1.998E+02 1.723E+02 1.296E+02 9.788E+01 8.925E+01 8.173E+01 7.783E+01 6.962E+01 6.266E+01 5.133E+01 4.287E+01 3.646E+01 3.047E+01 2.898E+01 2.688E+01 2.253E+01 1.917E+01 1.797E+01 1.688E+01 1.621E+01 1.529E+01 1.472E+01 1.393E+01 1.319E+01 1.272E+01 1.118E+01 9.798E+00 8.351E+00 7.092E+00 6.726E+00 6.054E+00 5.550E+00 5.434E+00 4.700E+00 4.345E+00 4.027E+00 3.845E+00 3.361E+00 3.005E+00 2.730E+00 2.271E+00 1.875E+00 1.651E+00 1.238E+00 9.500E-01
  6.000E-01  1.141E+02 1.386E+02 1.600E+02 1.784E+02 1.932E+02 2.058E+02 2.154E+02 2.226E+02 2.274E+02 2.305E+02 2.330E+02 2.333E+02 2.315E+02 2.267E+02 2.086E+02 1.866E+02 1.661E+02 1.471E+02 1.154E+02 8.971E+01 8.255E+01 7.616E+01 7.282E+01 6.564E+01 5.947E+01 4.921E+01 4.141E+01 3.543E+01 2.973E+01 2.832E+01 2.633E+01 2.215E+01 1.890E+01 1.774E+01 1.668E+01 1.602E+01 1.512E+01 1.457E+01 1.380E+01 1.307E+01 1.261E+01 1.109E+01 9.724E+00 8.291E+00 7.049E+00 6.688E+00 6.025E+00 5.526E+00 5.411E+00 4.683E+00 4.331E+00 4.015E+00 3.834E+00 3.353E+00 2.998E+00 2.725E+00 2.267E+00 1.873E+00 1.649E+00 1.237E+00 9.494E-01
  7.000E-01  7.132E+01 8.769E+01 1.026E+02 1.156E+02 1.274E+02 1.385E+02 1.467E+02 1.547E+02 1.595E+02 1.633E+02 1.679E+02 1.703E+02 1.725E+02 1.718E+02 1.649E+02 1.520E+02 1.384E+02 1.251E+02 1.019E+02 8.145E+01 7.567E+01 7.036E+01 6.756E+01 6.141E+01 5.603E+01 4.689E+01 3.979E+01 3.427E+01 2.889E+01 2.757E+01 2.569E+01 2.171E+01 1.859E+01 1.746E+01 1.644E+01 1.580E+01 1.493E+01 1.439E+01 1.364E+01 1.293E+01 1.248E+01 1.098E+01 9.637E+00 8.221E+00 6.999E+00 6.644E+00 5.990E+00 5.498E+00 5.384E+00 4.664E+00 4.315E+00 4.001E+00 3.821E+00 3.343E+00 2.991E+00 2.718E+00 2.263E+00 1.870E+00 1.647E+00 1.236E+00 9.486E-01
  8.000E-01  4.776E+01 5.854E+01 6.864E+01 7.790E+01 8.711E+01 9.630E+01 1.032E+02 1.105E+02 1.148E+02 1.191E+02 1.235E+02 1.267E+02 1.307E+02 1.324E+02 1.314E+02 1.247E+02 1.161E+02 1.067E+02 8.962E+01 7.347E+01 6.888E+01 6.455E+01 6.224E+01 5.707E+01 5.245E+01 4.442E+01 3.805E+01 3.300E+01 2.797E+01 2.674E+01 2.499E+01 2.122E+01 1.824E+01 1.716E+01 1.617E+01 1.556E+01 1.471E+01 1.419E+01 1.346E+01 1.277E+01 1.233E+01 1.087E+01 9.539E+00 8.142E+00 6.941E+00 6.593E+00 5.951E+00 5.465E+00 5.353E+00 4.641E+00 4.296E+00 3.986E+00 3.807E+00 3.332E+00 2.982E+00 2.711E+00 2.258E+00 1.867E+00 1.644E+00 1.235E+00 9.478E-01
  9.000E-01  3.365E+01 4.065E+01 4.756E+01 5.474E+01 6.173E+01 6.899E+01 7.462E+01 8.069E+01 8.463E+01 8.884E+01 9.271E+01 9.587E+01 1.005E+02 1.033E+02 1.056E+02 1.029E+02 9.788E+01 9.142E+01 7.878E+01 6.602E+01 6.242E+01 5.893E+01 5.706E+01 5.276E+01 4.885E+01 4.187E+01 3.622E+01 3.165E+01 2.698E+01 2.585E+01 2.422E+01 2.069E+01 1.785E+01 1.682E+01 1.587E+01 1.529E+01 1.447E+01 1.397E+01 1.326E+01 1.259E+01 1.216E+01 1.074E+01 9.429E+00 8.053E+00 6.877E+00 6.537E+00 5.907E+00 5.429E+00 5.319E+00 4.616E+00 4.275E+00 3.968E+00 3.791E+00 3.320E+00 2.973E+00 2.704E+00 2.253E+00 1.864E+00 1.642E+00 1.233E+00 9.469E-01
  1.000E+00  2.426E+01 2.909E+01 3.440E+01 3.989E+01 4.526E+01 5.076E+01 5.545E+01 6.004E+01 6.379E+01 6.748E+01 7.084E+01 7.360E+01 7.840E+01 8.164E+01 8.580E+01 8.546E+01 8.293E+01 7.870E+01 6.940E+01 5.923E+01 5.642E+01 5.363E+01 5.213E+01 4.859E+01 4.531E+01 3.931E+01 3.434E+01 3.026E+01 2.594E+01 2.491E+01 2.342E+01 2.012E+01 1.744E+01 1.646E+01 1.555E+01 1.499E+01 1.421E+01 1.373E+01 1.305E+01 1.240E+01 1.199E+01 1.059E+01 9.308E+00 7.956E+00 6.806E+00 6.474E+00 5.859E+00 5.389E+00 5.280E+00 4.588E+00 4.251E+00 3.948E+00 3.773E+00 3.306E+00 2.962E+00 2.695E+00 2.247E+00 1.860E+00 1.639E+00 1.232E+00 9.458E-01
  1.100E+00  1.772E+01 2.157E+01 2.580E+01 3.000E+01 3.414E+01 3.820E+01 4.213E+01 4.548E+01 4.903E+01 5.211E+01 5.503E+01 5.735E+01 6.195E+01 6.531E+01 7.029E+01 7.148E+01 7.055E+01 6.800E+01 6.132E+01 5.316E+01 5.098E+01 4.874E+01 4.754E+01 4.464E+01 4.191E+01 3.679E+01 3.245E+01 2.883E+01 2.487E+01 2.393E+01 2.257E+01 1.951E+01 1.700E+01 1.607E+01 1.521E+01 1.467E+01 1.393E+01 1.347E+01 1.281E+01 1.219E+01 1.179E+01 1.044E+01 9.178E+00 7.851E+00 6.728E+00 6.406E+00 5.806E+00 5.345E+00 5.239E+00 4.558E+00 4.226E+00 3.926E+00 3.753E+00 3.292E+00 2.950E+00 2.685E+00 2.240E+00 1.855E+00 1.635E+00 1.230E+00 9.447E-01
  1.200E+00  1.306E+01 1.636E+01 1.969E+01 2.310E+01 2.634E+01 2.925E+01 3.258E+01 3.515E+01 3.826E+01 4.091E+01 4.329E+01 4.535E+01 4.958E+01 5.280E+01 5.804E+01 6.019E+01 6.031E+01 5.893E+01 5.436E+01 4.780E+01 4.609E+01 4.430E+01 4.334E+01 4.097E+01 3.870E+01 3.434E+01 3.058E+01 2.739E+01 2.378E+01 2.293E+01 2.171E+01 1.889E+01 1.654E+01 1.566E+01 1.485E+01 1.434E+01 1.363E+01 1.319E+01 1.257E+01 1.197E+01 1.159E+01 1.027E+01 9.039E+00 7.737E+00 6.645E+00 6.333E+00 5.748E+00 5.298E+00 5.194E+00 4.525E+00 4.198E+00 3.902E+00 3.731E+00 3.275E+00 2.937E+00 2.675E+00 2.233E+00 1.850E+00 1.631E+00 1.228E+00 9.434E-01
  1.300E+00  1.017E+01 1.275E+01 1.528E+01 1.813E+01 2.070E+01 2.283E+01 2.554E+01 2.771E+01 3.028E+01 3.250E+01 3.451E+01 3.639E+01 4.018E+01 4.311E+01 4.834E+01 5.097E+01 5.184E+01 5.124E+01 4.831E+01 4.307E+01 4.174E+01 4.030E+01 3.954E+01 3.760E+01 3.571E+01 3.200E+01 2.876E+01 2.597E+01 2.268E+01 2.193E+01 2.083E+01 1.824E+01 1.606E+01 1.524E+01 1.447E+01 1.399E+01 1.332E+01 1.290E+01 1.231E+01 1.174E+01 1.137E+01 1.010E+01 8.891E+00 7.617E+00 6.557E+00 6.255E+00 5.687E+00 5.248E+00 5.145E+00 4.489E+00 4.168E+00 3.876E+00 3.708E+00 3.258E+00 2.923E+00 2.663E+00 2.225E+00 1.845E+00 1.628E+00 1.225E+00 9.420E-01
  1.400E+00  8.277E+00 1.014E+01 1.222E+01 1.447E+01 1.651E+01 1.822E+01 2.037E+01 2.228E+01 2.429E+01 2.611E+01 2.791E+01 2.962E+01 3.293E+01 3.555E+01 4.058E+01 4.339E+01 4.479E+01 4.473E+01 4.303E+01 3.889E+01 3.787E+01 3.672E+01 3.612E+01 3.453E+01 3.295E+01 2.980E+01 2.701E+01 2.458E+01 2.159E+01 2.092E+01 1.994E+01 1.759E+01 1.557E+01 1.480E+01 1.408E+01 1.363E+01 1.300E+01 1.260E+01 1.204E+01 1.150E+01 1.114E+01 9.916E+00 8.735E+00 7.491E+00 6.463E+00 6.173E+00 5.622E+00 5.194E+00 5.094E+00 4.452E+00 4.136E+00 3.849E+00 3.683E+00 3.239E+00 2.908E+00 2.651E+00 2.217E+00 1.840E+00 1.623E+00 1.223E+00 9.406E-01
  1.500E+00  6.913E+00 8.370E+00 1.003E+01 1.175E+01 1.337E+01 1.486E+01 1.654E+01 1.823E+01 1.977E+01 2.128E+01 2.290E+01 2.441E+01 2.729E+01 2.956E+01 3.429E+01 3.714E+01 3.887E+01 3.921E+01 3.840E+01 3.518E+01 3.443E+01 3.352E+01 3.305E+01 3.174E+01 3.043E+01 2.774E+01 2.534E+01 2.323E+01 2.052E+01 1.993E+01 1.907E+01 1.693E+01 1.507E+01 1.435E+01 1.368E+01 1.326E+01 1.267E+01 1.229E+01 1.176E+01 1.125E+01 1.091E+01 9.726E+00 8.573E+00 7.358E+00 6.365E+00 6.086E+00 5.554E+00 5.137E+00 5.039E+00 4.411E+00 4.102E+00 3.820E+00 3.657E+00 3.219E+00 2.892E+00 2.638E+00 2.208E+00 1.834E+00 1.619E+00 1.220E+00 9.390E-01
  1.600E+00  5.726E+00 7.124E+00 8.410E+00 9.633E+00 1.093E+01 1.235E+01 1.362E+01 1.515E+01 1.630E+01 1.762E+01 1.898E+01 2.035E+01 2.281E+01 2.480E+01 2.916E+01 3.198E+01 3.386E+01 3.450E+01 3.435E+01 3.187E+01 3.135E+01 3.065E+01 3.028E+01 2.923E+01 2.813E+01 2.582E+01 2.377E+01 2.193E+01 1.948E+01 1.896E+01 1.820E+01 1.627E+01 1.456E+01 1.390E+01 1.328E+01 1.288E+01 1.233E+01 1.198E+01 1.147E+01 1.099E+01 1.067E+01 9.528E+00 8.405E+00 7.221E+00 6.263E+00 5.995E+00 5.482E+00 5.077E+00 4.982E+00 4.369E+00 4.066E+00 3.789E+00 3.629E+00 3.198E+00 2.876E+00 2.624E+00 2.199E+00 1.827E+00 1.614E+00 1.217E+00 9.373E-01
  1.700E+00  4.905E+00 6.103E+00 7.120E+00 7.900E+00 8.977E+00 1.036E+01 1.133E+01 1.273E+01 1.358E+01 1.473E+01 1.590E+01 1.712E+01 1.921E+01 2.099E+01 2.495E+01 2.768E+01 2.963E+01 3.045E+01 3.080E+01 2.891E+01 2.858E+01 2.806E+01 2.779E+01 2.695E+01 2.603E+01 2.406E+01 2.229E+01 2.070E+01 1.847E+01 1.802E+01 1.736E+01 1.562E+01 1.406E+01 1.345E+01 1.287E+01 1.250E+01 1.198E+01 1.165E+01 1.118E+01 1.072E+01 1.042E+01 9.326E+00 8.231E+00 7.079E+00 6.156E+00 5.901E+00 5.407E+00 5.015E+00 4.922E+00 4.325E+00 4.028E+00 3.757E+00 3.600E+00 3.176E+00 2.858E+00 2.609E+00 2.189E+00 1.820E+00 1.609E+00 1.215E+00 9.355E-01
  1.800E+00  4.374E+00 5.270E+00 5.930E+00 6.586E+00 7.500E+00 8.767E+00 9.551E+00 1.074E+01 1.146E+01 1.243E+01 1.345E+01 1.448E+01 1.629E+01 1.790E+01 2.148E+01 2.409E+01 2.603E+01 2.696E+01 2.770E+01 2.627E+01 2.609E+01 2.572E+01 2.553E+01 2.488E+01 2.413E+01 2.243E+01 2.091E+01 1.953E+01 1.751E+01 1.712E+01 1.654E+01 1.498E+01 1.355E+01 1.299E+01 1.246E+01 1.212E+01 1.164E+01 1.133E+01 1.089E+01 1.045E+01 1.017E+01 9.118E+00 8.054E+00 6.933E+00 6.047E+00 5.803E+00 5.329E+00 4.950E+00 4.860E+00 4.279E+00 3.989E+00 3.724E+00 3.569E+00 3.152E+00 2.839E+00 2.594E+00 2.178E+00 1.813E+00 1.603E+00 1.211E+00 9.336E-01
  1.900E+00  3.960E+00 4.459E+00 4.963E+00 5.669E+00 6.435E+00 7.478E+00 8.179E+00 9.054E+00 9.804E+00 1.061E+01 1.149E+01 1.229E+01 1.389E+01 1.537E+01 1.858E+01 2.106E+01 2.296E+01 2.395E+01 2.497E+01 2.390E+01 2.384E+01 2.360E+01 2.348E+01 2.300E+01 2.238E+01 2.094E+01 1.962E+01 1.843E+01 1.659E+01 1.625E+01 1.575E+01 1.435E+01 1.306E+01 1.254E+01 1.205E+01 1.173E+01 1.129E+01 1.100E+01 1.059E+01 1.018E+01 9.911E+00 8.908E+00 7.873E+00 6.784E+00 5.934E+00 5.703E+00 5.249E+00 4.882E+00 4.796E+00 4.231E+00 3.948E+00 3.688E+00 3.537E+00 3.128E+00 2.820E+00 2.578E+00 2.167E+00 1.806E+00 1.597E+00 1.208E+00 9.316E-01
  2.000E+00  3.524E+00 3.777E+00 4.362E+00 4.988E+00 5.637E+00 6.410E+00 7.082E+00 7.664E+00 8.480E+00 9.177E+00 9.871E+00 1.050E+01 1.193E+01 1.329E+01 1.617E+01 1.850E+01 2.033E+01 2.134E+01 2.257E+01 2.177E+01 2.181E+01 2.167E+01 2.162E+01 2.128E+01 2.079E+01 1.956E+01 1.843E+01 1.740E+01 1.572E+01 1.542E+01 1.499E+01 1.374E+01 1.257E+01 1.210E+01 1.165E+01 1.135E+01 1.094E+01 1.068E+01 1.029E+01 9.911E+00 9.654E+00 8.695E+00 7.690E+00 6.633E+00 5.819E+00 5.600E+00 5.167E+00 4.813E+00 4.729E+00 4.181E+00 3.905E+00 3.652E+00 3.504E+00 3.103E+00 2.799E+00 2.561E+00 2.155E+00 1.798E+00 1.591E+00 1.205E+00 9.295E-01
  3.000E+00  1.459E+00 1.420E+00 1.619E+00 1.790E+00 1.978E+00 2.180E+00 2.408E+00 2.481E+00 2.770E+00 2.963E+00 3.127E+00 3.291E+00 3.716E+00 4.182E+00 5.224E+00 6.234E+00 7.183E+00 7.885E+00 9.212E+00 9.377E+00 9.693E+00 9.922E+00 1.009E+01 1.035E+01 1.043E+01 1.031E+01 1.023E+01 1.010E+01 9.359E+00 9.303E+00 9.250E+00 8.874E+00 8.453E+00 8.275E+00 8.094E+00 7.972E+00 7.798E+00 7.685E+00 7.512E+00 7.332E+00 7.201E+00 6.605E+00 5.865E+00 5.099E+00 4.616E+00 4.511E+00 4.271E+00 4.049E+00 3.995E+00 3.619E+00 3.420E+00 3.232E+00 3.119E+00 2.805E+00 2.558E+00 2.361E+00 2.016E+00 1.702E+00 1.517E+00 1.162E+00 9.033E-01
  4.000E+00  9.072E-01 8.438E-01 9.488E-01 1.037E+00 1.119E+00 1.175E+00 1.292E+00 1.296E+00 1.433E+00 1.515E+00 1.559E+00 1.614E+00 1.809E+00 1.974E+00 2.448E+00 2.862E+00 3.340E+00 3.678E+00 4.520E+00 4.597E+00 4.850E+00 5.073E+00 5.248E+00 5.588E+00 5.739E+00 5.849E+00 6.025E+00 6.168E+00 5.806E+00 5.832E+00 5.922E+00 5.904E+00 5.803E+00 5.748E+00 5.685E+00 5.639E+00 5.574E+00 5.531E+00 5.460E+00 5.378E+00 5.311E+00 4.919E+00 4.358E+00 3.797E+00 3.529E+00 3.498E+00 3.398E+00 3.278E+00 3.247E+00 3.019E+00 2.891E+00 2.764E+00 2.686E+00 2.459E+00 2.273E+00 2.120E+00 1.843E+00 1.581E+00 1.422E+00 1.106E+00 8.684E-01
  5.000E+00  6.859E-01 6.418E-01 7.179E-01 7.652E-01 8.192E-01 8.043E-01 8.683E-01 8.916E-01 9.502E-01 9.834E-01 1.010E+00 1.049E+00 1.153E+00 1.227E+00 1.448E+00 1.647E+00 1.918E+00 2.056E+00 2.581E+00 2.494E+00 2.667E+00 2.837E+00 2.988E+00 3.298E+00 3.427E+00 3.544E+00 3.762E+00 3.972E+00 3.753E+00 3.797E+00 3.925E+00 4.040E+00 4.084E+00 4.091E+00 4.090E+00 4.083E+00 4.075E+00 4.068E+00 4.050E+00 4.019E+00 3.986E+00 3.709E+00 3.266E+00 2.839E+00 2.690E+00 2.696E+00 2.672E+00 2.615E+00 2.599E+00 2.472E+00 2.395E+00 2.316E+00 2.265E+00 2.111E+00 1.978E+00 1.866E+00 1.654E+00 1.445E+00 1.313E+00 1.040E+00 8.265E-01
  6.000E+00  5.749E-01 5.491E-01 6.004E-01 6.487E-01 6.816E-01 6.345E-01 6.744E-01 7.154E-01 7.254E-01 7.524E-01 7.669E-01 8.058E-01 8.687E-01 8.862E-01 1.034E+00 1.120E+00 1.281E+00 1.330E+00 1.665E+00 1.468E+00 1.583E+00 1.709E+00 1.840E+00 2.093E+00 2.194E+00 2.277E+00 2.475E+00 2.683E+00 2.516E+00 2.558E+00 2.692E+00 2.854E+00 2.950E+00 2.982E+00 3.005E+00 3.016E+00 3.035E+00 3.046E+00 3.055E+00 3.051E+00 3.037E+00 2.834E+00 2.480E+00 2.151E+00 2.073E+00 2.097E+00 2.112E+00 2.090E+00 2.083E+00 2.016E+00 1.972E+00 1.924E+00 1.893E+00 1.792E+00 1.700E+00 1.621E+00 1.465E+00 1.304E+00 1.198E+00 9.676E-01 7.796E-01
  8.000E+00  4.785E-01 4.645E-01 4.898E-01 5.373E-01 5.579E-01 5.122E-01 5.157E-01 5.711E-01 5.454E-01 5.567E-01 5.718E-01 6.119E-01 6.251E-01 6.267E-01 6.872E-01 7.077E-01 7.899E-01 7.515E-01 9.131E-01 6.144E-01 6.663E-01 7.413E-01 8.450E-01 1.026E+00 1.081E+00 1.092E+00 1.228E+00 1.389E+00 1.244E+00 1.273E+00 1.387E+00 1.545E+00 1.658E+00 1.700E+00 1.737E+00 1.758E+00 1.791E+00 1.811E+00 1.835E+00 1.848E+00 1.846E+00 1.715E+00 1.474E+00 1.270E+00 1.265E+00 1.303E+00 1.352E+00 1.365E+00 1.367E+00 1.363E+00 1.353E+00 1.339E+00 1.328E+00 1.288E+00 1.244E+00 1.206E+00 1.126E+00 1.036E+00 9.724E-01 8.172E-01 6.777E-01
  1.000E+01  4.236E-01 4.239E-01 4.450E-01 4.757E-01 4.804E-01 4.595E-01 4.583E-01 5.042E-01 4.768E-01 4.825E-01 5.001E-01 5.165E-01 5.121E-01 5.237E-01 5.358E-01 5.502E-01 5.987E-01 5.358E-01 6.318E-01 3.099E-01 3.355E-01 3.868E-01 4.730E-01 6.292E-01 6.534E-01 6.181E-01 7.109E-01 8.292E-01 6.834E-01 7.010E-01 7.928E-01 9.214E-01 1.016E+00 1.053E+00 1.085E+00 1.104E+00 1.134E+00 1.152E+00 1.174E+00 1.187E+00 1.186E+00 1.087E+00 9.160E-01 7.838E-01 8.009E-01 8.365E-01 8.897E-01 9.137E-01 9.188E-01 9.407E-01 9.473E-01 9.495E-01 9.488E-01 9.388E-01 9.207E-01 9.038E-01 8.642E-01 8.154E-01 7.781E-01 6.763E-01 5.763E-01
  1.200E+01  3.875E-01 3.857E-01 4.150E-01 4.208E-01 4.071E-01 4.198E-01 4.241E-01 4.356E-01 4.353E-01 4.361E-01 4.507E-01 4.343E-01 4.333E-01 4.604E-01 4.594E-01 4.595E-01 4.945E-01 4.318E-01 4.893E-01 1.785E-01 1.924E-01 2.322E-01 3.086E-01 4.417E-01 4.530E-01 3.991E-01 4.647E-01 5.547E-01 4.084E-01 4.195E-01 4.949E-01 5.964E-01 6.703E-01 6.989E-01 7.241E-01 7.388E-01 7.619E-01 7.759E-01 7.923E-01 8.005E-01 7.986E-01 7.172E-01 5.916E-01 5.020E-01 5.250E-01 5.554E-01 6.035E-01 6.285E-01 6.341E-01 6.628E-01 6.749E-01 6.838E-01 6.878E-01 6.933E-01 6.898E-01 6.854E-01 6.697E-01 6.451E-01 6.235E-01 5.561E-01 4.843E-01
  1.400E+01  3.500E-01 3.511E-01 3.798E-01 3.609E-01 3.522E-01 3.868E-01 3.921E-01 3.734E-01 3.959E-01 3.968E-01 3.997E-01 3.796E-01 3.878E-01 4.052E-01 4.125E-01 3.926E-01 4.240E-01 3.589E-01 3.999E-01 1.132E-01 1.214E-01 1.550E-01 2.244E-01 3.407E-01 3.449E-01 2.842E-01 3.341E-01 4.035E-01 2.614E-01 2.691E-01 3.325E-01 4.131E-01 4.694E-01 4.910E-01 5.097E-01 5.206E-01 5.374E-01 5.474E-01 5.583E-01 5.620E-01 5.584E-01 4.891E-01 3.951E-01 3.328E-01 3.553E-01 3.799E-01 4.200E-01 4.427E-01 4.479E-01 4.773E-01 4.908E-01 5.018E-01 5.074E-01 5.191E-01 5.226E-01 5.248E-01 5.234E-01 5.144E-01 5.031E-01 4.582E-01 4.058E-01
  1.600E+01  3.210E-01 3.193E-01 3.411E-01 3.179E-01 3.163E-01 3.513E-01 3.566E-01 3.292E-01 3.542E-01 3.545E-01 3.509E-01 3.402E-01 3.493E-01 3.499E-01 3.660E-01 3.418E-01 3.699E-01 3.077E-01 3.360E-01 7.715E-02 8.238E-02 1.119E-01 1.754E-01 2.809E-01 2.804E-01 2.175E-01 2.568E-01 3.120E-01 1.769E-01 1.829E-01 2.375E-01 3.023E-01 3.450E-01 3.610E-01 3.746E-01 3.824E-01 3.943E-01 4.009E-01 4.073E-01 4.076E-01 4.026E-01 3.433E-01 2.718E-01 2.273E-01 2.472E-01 2.668E-01 2.997E-01 3.191E-01 3.236E-01 3.502E-01 3.632E-01 3.744E-01 3.805E-01 3.947E-01 4.013E-01 4.064E-01 4.123E-01 4.127E-01 4.084E-01 3.794E-01 3.407E-01
  1.800E+01  2.859E-01 2.951E-01 3.055E-01 2.827E-01 2.899E-01 3.162E-01 3.177E-01 2.952E-01 3.201E-01 3.204E-01 3.098E-01 3.046E-01 3.118E-01 3.100E-01 3.216E-01 3.052E-01 3.245E-01 2.740E-01 2.862E-01 5.551E-02 5.908E-02 8.586E-02 1.451E-01 2.368E-01 2.352E-01 1.749E-01 2.069E-01 2.516E-01 1.254E-01 1.305E-01 1.782E-01 2.310E-01 2.634E-01 2.752E-01 2.850E-01 2.904E-01 2.985E-01 3.026E-01 3.057E-01 3.036E-01 2.979E-01 2.470E-01 1.919E-01 1.594E-01 1.764E-01 1.920E-01 2.185E-01 2.347E-01 2.385E-01 2.617E-01 2.734E-01 2.838E-01 2.896E-01 3.040E-01 3.120E-01 3.186E-01 3.279E-01 3.333E-01 3.332E-01 3.155E-01 2.872E-01
  2.000E+01  2.504E-01 2.641E-01 2.765E-01 2.566E-01 2.560E-01 2.835E-01 2.861E-01 2.643E-01 2.857E-01 2.849E-01 2.757E-01 2.744E-01 2.795E-01 2.770E-01 2.898E-01 2.688E-01 2.884E-01 2.380E-01 2.448E-01 4.167E-02 4.425E-02 6.886E-02 1.238E-01 2.040E-01 2.009E-01 1.453E-01 1.722E-01 2.082E-01 9.223E-02 9.693E-02 1.390E-01 1.825E-01 2.072E-01 2.158E-01 2.227E-01 2.264E-01 2.316E-01 2.339E-01 2.347E-01 2.311E-01 2.252E-01 1.815E-01 1.386E-01 1.145E-01 1.287E-01 1.411E-01 1.626E-01 1.759E-01 1.791E-01 1.988E-01 2.091E-01 2.184E-01 2.236E-01 2.371E-01 2.452E-01 2.522E-01 2.633E-01 2.713E-01 2.735E-01 2.632E-01 2.428E-01
  2.200E+01  2.345E-01 2.376E-01 2.429E-01 2.472E-01 2.253E-01 2.521E-01 2.532E-01 2.344E-01 2.528E-01 2.511E-01 2.478E-01 2.418E-01 2.467E-01 2.420E-01 2.549E-01 2.385E-01 2.535E-01 2.101E-01 2.106E-01 3.235E-02 3.431E-02 5.702E-02 1.071E-01 1.807E-01 1.768E-01 1.237E-01 1.460E-01 1.758E-01 6.994E-02 7.448E-02 1.119E-01 1.480E-01 1.668E-01 1.730E-01 1.777E-01 1.802E-01 1.834E-01 1.843E-01 1.836E-01 1.791E-01 1.733E-01 1.360E-01 1.022E-01 8.400E-02 9.582E-02 1.058E-01 1.232E-01 1.341E-01 1.368E-01 1.534E-01 1.622E-01 1.703E-01 1.750E-01 1.873E-01 1.950E-01 2.018E-01 2.132E-01 2.225E-01 2.260E-01 2.205E-01 2.059E-01
  2.400E+01  1.963E-01 2.010E-01 2.130E-01 2.215E-01 2.175E-01 2.173E-01 2.203E-01 2.134E-01 2.268E-01 2.260E-01 2.257E-01 2.112E-01 2.161E-01 2.145E-01 2.241E-01 2.090E-01 2.207E-01 1.846E-01 1.815E-01 2.581E-02 2.736E-02 4.842E-02 9.411E-02 1.605E-01 1.559E-01 1.067E-01 1.258E-01 1.501E-01 5.436E-02 5.883E-02 9.213E-02 1.223E-01 1.366E-01 1.411E-01 1.442E-01 1.457E-01 1.475E-01 1.476E-01 1.458E-01 1.410E-01 1.354E-01 1.036E-01 7.675E-02 6.279E-02 7.267E-02 8.075E-02 9.487E-02 1.039E-01 1.061E-01 1.200E-01 1.275E-01 1.345E-01 1.386E-01 1.495E-01 1.566E-01 1.630E-01 1.740E-01 1.837E-01 1.880E-01 1.856E-01 1.750E-01
  2.600E+01  1.934E-01 1.972E-01 1.890E-01 1.961E-01 1.977E-01 1.930E-01 1.879E-01 1.990E-01 1.957E-01 1.950E-01 1.986E-01 1.881E-01 1.883E-01 1.969E-01 1.994E-01 1.818E-01 1.946E-01 1.605E-01 1.558E-01 2.105E-02 2.234E-02 4.187E-02 8.361E-02 1.424E-01 1.375E-01 9.302E-02 1.093E-01 1.292E-01 4.312E-02 4.755E-02 7.726E-02 1.025E-01 1.134E-01 1.165E-01 1.186E-01 1.194E-01 1.202E-01 1.197E-01 1.173E-01 1.124E-01 1.072E-01 8.005E-02 5.857E-02 4.775E-02 5.603E-02 6.263E-02 7.419E-02 8.163E-02 8.347E-02 9.514E-02 1.015E-01 1.075E-01 1.111E-01 1.207E-01 1.270E-01 1.329E-01 1.432E-01 1.527E-01 1.573E-01 1.571E-01 1.493E-01
  2.800E+01  1.705E-01 1.693E-01 1.580E-01 1.678E-01 1.718E-01 1.665E-01 1.662E-01 1.773E-01 1.719E-01 1.711E-01 1.664E-01 1.756E-01 1.673E-01 1.782E-01 1.720E-01 1.644E-01 1.685E-01 1.427E-01 1.344E-01 1.750E-02 1.859E-02 3.667E-02 7.463E-02 1.277E-01 1.227E-01 8.161E-02 9.561E-02 1.119E-01 3.479E-02 3.916E-02 6.569E-02 8.694E-02 9.516E-02 9.732E-02 9.852E-02 9.894E-02 9.895E-02 9.808E-02 9.541E-02 9.064E-02 8.587E-02 6.270E-02 4.537E-02 3.687E-02 4.386E-02 4.929E-02 5.884E-02 6.501E-02 6.654E-02 7.635E-02 8.177E-02 8.691E-02 8.998E-02 9.834E-02 1.040E-01 1.092E-01 1.188E-01 1.277E-01 1.323E-01 1.335E-01 1.279E-01
  3.000E+01  1.480E-01 1.485E-01 1.536E-01 1.474E-01 1.507E-01 1.526E-01 1.465E-01 1.499E-01 1.415E-01 1.412E-01 1.474E-01 1.533E-01 1.557E-01 1.536E-01 1.476E-01 1.461E-01 1.467E-01 1.225E-01 1.149E-01 1.477E-02 1.572E-02 3.245E-02 6.715E-02 1.127E-01 1.079E-01 7.195E-02 8.406E-02 9.722E-02 2.847E-02 3.274E-02 5.644E-02 7.435E-02 8.054E-02 8.197E-02 8.257E-02 8.268E-02 8.221E-02 8.112E-02 7.834E-02 7.381E-02 6.948E-02 4.970E-02 3.560E-02 2.887E-02 3.480E-02 3.932E-02 4.726E-02 5.241E-02 5.369E-02 6.197E-02 6.657E-02 7.100E-02 7.364E-02 8.088E-02 8.587E-02 9.053E-02 9.916E-02 1.075E-01 1.119E-01 1.139E-01 1.099E-01
  3.200E+01  1.401E-01 1.377E-01 1.309E-01 1.369E-01 1.278E-01 1.335E-01 1.388E-01 1.276E-01 1.334E-01 1.325E-01 1.281E-01 1.305E-01 1.338E-01 1.280E-01 1.309E-01 1.277E-01 1.301E-01 1.064E-01 9.935E-02 1.264E-02 1.348E-02 2.894E-02 6.032E-02 1.008E-01 9.615E-02 6.368E-02 7.404E-02 8.483E-02 2.357E-02 2.773E-02 4.889E-02 6.401E-02 6.863E-02 6.952E-02 6.971E-02 6.960E-02 6.883E-02 6.762E-02 6.485E-02 6.063E-02 5.674E-02 3.983E-02 2.827E-02 2.289E-02 2.797E-02 3.175E-02 3.842E-02 4.274E-02 4.382E-02 5.083E-02 5.476E-02 5.855E-02 6.083E-02 6.712E-02 7.148E-02 7.561E-02 8.338E-02 9.105E-02 9.520E-02 9.757E-02 9.484E-02
  3.400E+01  1.157E-01 1.173E-01 1.080E-01 1.142E-01 1.173E-01 1.157E-01 1.154E-01 1.212E-01 1.167E-01 1.163E-01 1.184E-01 1.152E-01 1.119E-01 1.156E-01 1.191E-01 1.076E-01 1.131E-01 9.385E-02 8.509E-02 1.094E-02 1.170E-02 2.595E-02 5.399E-02 9.100E-02 8.609E-02 5.642E-02 6.540E-02 7.408E-02 1.972E-02 2.374E-02 4.263E-02 5.541E-02 5.882E-02 5.932E-02 5.922E-02 5.897E-02 5.801E-02 5.676E-02 5.408E-02 5.019E-02 4.672E-02 3.223E-02 2.270E-02 1.835E-02 2.273E-02 2.593E-02 3.157E-02 3.522E-02 3.614E-02 4.210E-02 4.547E-02 4.874E-02 5.070E-02 5.616E-02 5.997E-02 6.361E-02 7.056E-02 7.753E-02 8.139E-02 8.396E-02 8.208E-02
  3.600E+01  1.036E-01 9.899E-02 1.048E-01 9.219E-02 1.013E-01 1.055E-01 1.006E-01 9.987E-02 9.601E-02 9.595E-02 9.804E-02 1.039E-01 1.060E-01 1.016E-01 9.881E-02 9.605E-02 9.832E-02 8.178E-02 7.394E-02 9.564E-03 1.026E-02 2.338E-02 4.875E-02 8.108E-02 7.644E-02 5.016E-02 5.780E-02 6.492E-02 1.664E-02 2.050E-02 3.736E-02 4.818E-02 5.066E-02 5.087E-02 5.057E-02 5.023E-02 4.918E-02 4.793E-02 4.539E-02 4.184E-02 3.875E-02 2.631E-02 1.840E-02 1.487E-02 1.867E-02 2.140E-02 2.621E-02 2.931E-02 3.009E-02 3.520E-02 3.809E-02 4.091E-02 4.262E-02 4.735E-02 5.068E-02 5.389E-02 6.008E-02 6.639E-02 6.992E-02 7.256E-02 7.129E-02
  3.800E+01  8.799E-02 9.079E-02 8.975E-02 9.037E-02 9.165E-02 8.853E-02 8.805E-02 8.847E-02 9.074E-02 9.050E-02 9.177E-02 8.484E-02 8.840E-02 8.577E-02 8.846E-02 8.453E-02 8.624E-02 7.102E-02 6.371E-02 8.433E-03 9.075E-03 2.114E-02 4.389E-02 7.226E-02 6.812E-02 4.455E-02 5.128E-02 5.689E-02 1.415E-02 1.784E-02 3.288E-02 4.206E-02 4.382E-02 4.382E-02 4.340E-02 4.301E-02 4.191E-02 4.070E-02 3.832E-02 3.511E-02 3.236E-02 2.166E-02 1.506E-02 1.217E-02 1.548E-02 1.783E-02 2.196E-02 2.462E-02 2.529E-02 2.968E-02 3.218E-02 3.463E-02 3.611E-02 4.022E-02 4.313E-02 4.596E-02 5.146E-02 5.715E-02 6.037E-02 6.295E-02 6.213E-02
  4.000E+01  8.159E-02 7.365E-02 7.943E-02 7.224E-02 7.658E-02 7.713E-02 7.585E-02 7.768E-02 7.614E-02 7.549E-02 7.550E-02 8.071E-02 7.697E-02 7.877E-02 7.791E-02 7.371E-02 7.544E-02 6.227E-02 5.411E-02 7.494E-03 8.091E-03 1.915E-02 3.971E-02 6.434E-02 6.030E-02 3.965E-02 4.550E-02 4.995E-02 1.211E-02 1.562E-02 2.904E-02 3.683E-02 3.804E-02 3.790E-02 3.740E-02 3.698E-02 3.589E-02 3.474E-02 3.253E-02 2.964E-02 2.720E-02 1.797E-02 1.242E-02 1.004E-02 1.295E-02 1.499E-02 1.856E-02 2.085E-02 2.143E-02 2.524E-02 2.740E-02 2.953E-02 3.082E-02 3.440E-02 3.694E-02 3.944E-02 4.433E-02 4.944E-02 5.237E-02 5.482E-02 5.434E-02
  4.200E+01  7.260E-02 6.847E-02 6.226E-02 6.793E-02 6.884E-02 6.806E-02 6.558E-02 7.075E-02 7.054E-02 7.012E-02 6.674E-02 6.307E-02 6.686E-02 6.525E-02 6.987E-02 6.438E-02 6.503E-02 5.428E-02 4.762E-02 6.706E-03 7.263E-03 1.739E-02 3.586E-02 5.750E-02 5.390E-02 3.536E-02 4.037E-02 4.395E-02 1.043E-02 1.376E-02 2.573E-02 3.235E-02 3.314E-02 3.290E-02 3.236E-02 3.194E-02 3.087E-02 2.979E-02 2.776E-02 2.516E-02 2.300E-02 1.501E-02 1.033E-02 8.357E-03 1.093E-02 1.270E-02 1.582E-02 1.781E-02 1.831E-02 2.162E-02 2.351E-02 2.537E-02 2.649E-02 2.962E-02 3.185E-02 3.405E-02 3.840E-02 4.298E-02 4.562E-02 4.792E-02 4.769E-02
  4.400E+01  6.182E-02 6.180E-02 5.704E-02 5.860E-02 5.502E-02 6.020E-02 6.027E-02 5.845E-02 5.512E-02 5.521E-02 5.589E-02 5.893E-02 6.045E-02 5.874E-02 5.767E-02 5.718E-02 5.693E-02 4.788E-02 4.036E-02 6.037E-03 6.559E-03 1.582E-02 3.231E-02 5.105E-02 4.776E-02 3.155E-02 3.587E-02 3.873E-02 9.037E-03 1.217E-02 2.286E-02 2.849E-02 2.896E-02 2.866E-02 2.810E-02 2.768E-02 2.666E-02 2.565E-02 2.380E-02 2.146E-02 1.955E-02 1.262E-02 8.650E-03 7.005E-03 9.288E-03 1.085E-02 1.358E-02 1.532E-02 1.576E-02 1.866E-02 2.031E-02 2.194E-02 2.293E-02 2.567E-02 2.762E-02 2.956E-02 3.343E-02 3.754E-02 3.992E-02 4.205E-02 4.199E-02
  4.600E+01  4.875E-02 5.121E-02 5.291E-02 5.094E-02 5.010E-02 4.914E-02 4.944E-02 5.231E-02 5.035E-02 5.020E-02 5.023E-02 5.092E-02 4.793E-02 5.254E-02 5.151E-02 4.760E-02 5.069E-02 4.089E-02 3.538E-02 5.466E-03 5.957E-03 1.442E-02 2.906E-02 4.619E-02 4.285E-02 2.811E-02 3.193E-02 3.414E-02 7.868E-03 1.082E-02 2.035E-02 2.515E-02 2.539E-02 2.505E-02 2.449E-02 2.409E-02 2.312E-02 2.219E-02 2.050E-02 1.840E-02 1.671E-02 1.068E-02 7.291E-03 5.913E-03 7.952E-03 9.332E-03 1.174E-02 1.327E-02 1.366E-02 1.621E-02 1.767E-02 1.910E-02 1.997E-02 2.238E-02 2.409E-02 2.581E-02 2.925E-02 3.294E-02 3.508E-02 3.703E-02 3.709E-02
  4.800E+01  4.869E-02 4.494E-02 4.435E-02 4.387E-02 4.440E-02 4.321E-02 4.363E-02 4.125E-02 4.428E-02 4.448E-02 4.558E-02 4.307E-02 4.390E-02 4.257E-02 4.196E-02 4.267E-02 4.204E-02 3.598E-02 3.004E-02 4.973E-03 5.437E-03 1.316E-02 2.640E-02 4.099E-02 3.811E-02 2.510E-02 2.844E-02 3.014E-02 6.883E-03 9.655E-03 1.816E-02 2.226E-02 2.232E-02 2.196E-02 2.141E-02 2.103E-02 2.012E-02 1.926E-02 1.773E-02 1.585E-02 1.435E-02 9.089E-03 6.184E-03 5.024E-03 6.853E-03 8.081E-03 1.022E-02 1.158E-02 1.192E-02 1.417E-02 1.546E-02 1.673E-02 1.750E-02 1.962E-02 2.112E-02 2.265E-02 2.572E-02 2.903E-02 3.095E-02 3.273E-02 3.287E-02
  5.000E+01  4.055E-02 4.064E-02 3.741E-02 3.850E-02 3.465E-02 3.765E-02 3.946E-02 3.673E-02 3.448E-02 3.448E-02 3.710E-02 3.801E-02 3.844E-02 3.734E-02 3.644E-02 3.742E-02 3.722E-02 3.185E-02 2.640E-02 4.547E-03 4.984E-03 1.201E-02 2.389E-02 3.624E-02 3.377E-02 2.246E-02 2.534E-02 2.666E-02 6.048E-03 8.646E-03 1.624E-02 1.974E-02 1.968E-02 1.931E-02 1.879E-02 1.842E-02 1.758E-02 1.679E-02 1.540E-02 1.372E-02 1.238E-02 7.777E-03 5.276E-03 4.295E-03 5.943E-03 7.042E-03 8.958E-03 1.016E-02 1.047E-02 1.247E-02 1.362E-02 1.475E-02 1.543E-02 1.730E-02 1.862E-02 1.998E-02 2.272E-02 2.569E-02 2.742E-02 2.903E-02 2.922E-02
  5.200E+01  3.397E-02 3.076E-02 3.371E-02 3.278E-02 3.322E-02 3.029E-02 2.996E-02 3.135E-02 3.106E-02 3.094E-02 3.318E-02 3.363E-02 3.045E-02 3.361E-02 3.280E-02 3.015E-02 3.337E-02 2.629E-02 2.288E-02 4.176E-03 4.588E-03 1.098E-02 2.150E-02 3.226E-02 2.996E-02 2.008E-02 2.262E-02 2.361E-02 5.337E-03 7.769E-03 1.456E-02 1.755E-02 1.739E-02 1.703E-02 1.653E-02 1.619E-02 1.541E-02 1.469E-02 1.343E-02 1.192E-02 1.073E-02 6.690E-03 4.526E-03 3.693E-03 5.185E-03 6.173E-03 7.897E-03 8.971E-03 9.247E-03 1.104E-02 1.206E-02 1.307E-02 1.368E-02 1.533E-02 1.650E-02 1.771E-02 2.017E-02 2.283E-02 2.438E-02 2.584E-02 2.607E-02
  5.400E+01  2.989E-02 2.794E-02 2.983E-02 2.841E-02 2.726E-02 2.692E-02 2.753E-02 2.746E-02 2.642E-02 2.645E-02 2.876E-02 2.556E-02 2.672E-02 2.724E-02 2.819E-02 2.721E-02 2.744E-02 2.328E-02 1.925E-02 3.850E-03 4.240E-03 1.003E-02 1.926E-02 2.935E-02 2.707E-02 1.798E-02 2.018E-02 2.094E-02 4.729E-03 7.004E-03 1.307E-02 1.564E-02 1.541E-02 1.506E-02 1.459E-02 1.427E-02 1.355E-02 1.289E-02 1.175E-02 1.040E-02 9.344E-03 5.783E-03 3.904E-03 3.193E-03 4.549E-03 5.442E-03 7.001E-03 7.968E-03 8.216E-03 9.828E-03 1.074E-02 1.164E-02 1.219E-02 1.366E-02 1.469E-02 1.577E-02 1.798E-02 2.037E-02 2.177E-02 2.308E-02 2.333E-02
  5.600E+01  2.601E-02 2.385E-02 2.148E-02 2.356E-02 2.372E-02 2.270E-02 2.232E-02 2.284E-02 2.341E-02 2.350E-02 2.483E-02 2.291E-02 2.309E-02 2.231E-02 2.307E-02 2.362E-02 2.304E-02 2.054E-02 1.727E-02 3.564E-03 3.933E-03 9.188E-03 1.748E-02 2.604E-02 2.406E-02 1.610E-02 1.805E-02 1.861E-02 4.207E-03 6.333E-03 1.176E-02 1.396E-02 1.370E-02 1.335E-02 1.291E-02 1.262E-02 1.196E-02 1.136E-02 1.033E-02 9.113E-03 8.169E-03 5.023E-03 3.384E-03 2.775E-03 4.013E-03 4.824E-03 6.241E-03 7.116E-03 7.340E-03 8.797E-03 9.621E-03 1.043E-02 1.092E-02 1.223E-02 1.315E-02 1.411E-02 1.609E-02 1.825E-02 1.951E-02 2.068E-02 2.095E-02
  5.800E+01  2.118E-02 2.069E-02 2.049E-02 2.045E-02 2.050E-02 1.925E-02 1.972E-02 1.740E-02 1.997E-02 2.002E-02 1.903E-02 2.012E-02 2.012E-02 1.969E-02 1.923E-02 2.076E-02 2.020E-02 1.806E-02 1.465E-02 3.311E-03 3.660E-03 8.425E-03 1.584E-02 2.318E-02 2.137E-02 1.443E-02 1.617E-02 1.653E-02 3.757E-03 5.743E-03 1.060E-02 1.250E-02 1.220E-02 1.187E-02 1.147E-02 1.119E-02 1.059E-02 1.004E-02 9.108E-03 8.016E-03 7.172E-03 4.383E-03 2.947E-03 2.424E-03 3.558E-03 4.299E-03 5.593E-03 6.388E-03 6.593E-03 7.915E-03 8.661E-03 9.392E-03 9.831E-03 1.100E-02 1.182E-02 1.268E-02 1.446E-02 1.641E-02 1.754E-02 1.859E-02 1.887E-02
  6.000E+01  1.938E-02 1.701E-02 1.666E-02 1.668E-02 1.625E-02 1.658E-02 1.653E-02 1.625E-02 1.624E-02 1.630E-02 1.604E-02 1.684E-02 1.747E-02 1.685E-02 1.727E-02 1.713E-02 1.765E-02 1.536E-02 1.286E-02 3.087E-03 3.418E-03 7.722E-03 1.433E-02 2.051E-02 1.894E-02 1.297E-02 1.449E-02 1.474E-02 3.368E-03 5.224E-03 9.572E-03 1.121E-02 1.090E-02 1.059E-02 1.021E-02 9.960E-03 9.402E-03 8.905E-03 8.061E-03 7.078E-03 6.321E-03 3.842E-03 2.579E-03 2.128E-03 3.170E-03 3.849E-03 5.038E-03 5.765E-03 5.952E-03 7.158E-03 7.835E-03 8.498E-03 8.894E-03 9.940E-03 1.067E-02 1.145E-02 1.305E-02 1.481E-02 1.583E-02 1.677E-02 1.705E-02
  6.200E+01  1.540E-02 1.431E-02 1.408E-02 1.459E-02 1.222E-02 1.375E-02 1.411E-02 1.379E-02 1.289E-02 1.300E-02 1.406E-02 1.412E-02 1.462E-02 1.461E-02 1.486E-02 1.481E-02 1.537E-02 1.314E-02 1.099E-02 2.888E-03 3.201E-03 7.083E-03 1.290E-02 1.860E-02 1.713E-02 1.168E-02 1.296E-02 1.318E-02 3.031E-03 4.764E-03 8.663E-03 1.007E-02 9.761E-03 9.471E-03 9.120E-03 8.890E-03 8.379E-03 7.925E-03 7.160E-03 6.273E-03 5.594E-03 3.383E-03 2.267E-03 1.877E-03 2.839E-03 3.464E-03 4.560E-03 5.228E-03 5.400E-03 6.505E-03 7.123E-03 7.726E-03 8.085E-03 9.024E-03 9.674E-03 1.038E-02 1.183E-02 1.342E-02 1.434E-02 1.518E-02 1.545E-02
  6.400E+01  1.283E-02 1.132E-02 1.107E-02 1.185E-02 1.037E-02 1.148E-02 1.197E-02 1.166E-02 1.050E-02 1.061E-02 1.165E-02 1.209E-02 1.258E-02 1.239E-02 1.296E-02 1.244E-02 1.359E-02 1.138E-02 9.193E-03 2.711E-03 3.008E-03 6.511E-03 1.169E-02 1.663E-02 1.529E-02 1.051E-02 1.165E-02 1.179E-02 2.737E-03 4.358E-03 7.855E-03 9.076E-03 8.765E-03 8.493E-03 8.170E-03 7.958E-03 7.490E-03 7.077E-03 6.383E-03 5.581E-03 4.970E-03 2.990E-03 2.002E-03 1.663E-03 2.554E-03 3.132E-03 4.148E-03 4.763E-03 4.922E-03 5.939E-03 6.505E-03 7.056E-03 7.383E-03 8.228E-03 8.810E-03 9.446E-03 1.076E-02 1.220E-02 1.303E-02 1.379E-02 1.405E-02
  6.600E+01  1.077E-02 9.263E-03 8.898E-03 9.453E-03 8.723E-03 9.578E-03 9.704E-03 9.874E-03 8.872E-03 8.912E-03 9.829E-03 1.023E-02 1.055E-02 1.056E-02 1.135E-02 1.029E-02 1.197E-02 9.527E-03 8.335E-03 2.553E-03 2.834E-03 5.996E-03 1.063E-02 1.470E-02 1.351E-02 9.444E-03 1.052E-02 1.054E-02 2.481E-03 3.997E-03 7.138E-03 8.197E-03 7.892E-03 7.639E-03 7.341E-03 7.146E-03 6.718E-03 6.341E-03 5.710E-03 4.984E-03 4.432E-03 2.655E-03 1.775E-03 1.481E-03 2.308E-03 2.845E-03 3.790E-03 4.361E-03 4.508E-03 5.448E-03 5.968E-03 6.474E-03 6.772E-03 7.534E-03 8.056E-03 8.632E-03 9.827E-03 1.114E-02 1.189E-02 1.256E-02 1.282E-02
  6.800E+01  8.868E-03 7.574E-03 7.396E-03 7.989E-03 7.146E-03 7.887E-03 8.183E-03 8.039E-03 7.403E-03 7.514E-03 8.299E-03 8.551E-03 8.828E-03 8.825E-03 9.453E-03 8.928E-03 1.017E-02 8.303E-03 7.017E-03 2.411E-03 2.678E-03 5.521E-03 9.595E-03 1.323E-02 1.213E-02 8.530E-03 9.479E-03 9.467E-03 2.257E-03 3.677E-03 6.501E-03 7.421E-03 7.126E-03 6.891E-03 6.615E-03 6.437E-03 6.045E-03 5.701E-03 5.126E-03 4.467E-03 3.968E-03 2.367E-03 1.581E-03 1.324E-03 2.095E-03 2.596E-03 3.479E-03 4.010E-03 4.147E-03 5.020E-03 5.500E-03 5.965E-03 6.238E-03 6.927E-03 7.396E-03 7.920E-03 9.007E-03 1.020E-02 1.088E-02 1.148E-02 1.173E-02
  7.000E+01  7.081E-03 6.446E-03 6.172E-03 6.585E-03 5.577E-03 6.454E-03 6.787E-03 6.907E-03 6.095E-03 6.152E-03 6.944E-03 7.337E-03 7.424E-03 7.616E-03 8.197E-03 7.613E-03 8.733E-03 7.373E-03 6.306E-03 2.284E-03 2.537E-03 5.092E-03 8.689E-03 1.187E-02 1.096E-02 7.734E-03 8.530E-03 8.543E-03 2.061E-03 3.391E-03 5.933E-03 6.735E-03 6.452E-03 6.233E-03 5.981E-03 5.817E-03 5.457E-03 5.142E-03 4.618E-03 4.019E-03 3.565E-03 2.118E-03 1.414E-03 1.189E-03 1.911E-03 2.379E-03 3.207E-03 3.704E-03 3.832E-03 4.646E-03 5.091E-03 5.520E-03 5.770E-03 6.395E-03 6.817E-03 7.294E-03 8.286E-03 9.373E-03 9.987E-03 1.053E-02 1.077E-02
  7.200E+01  5.782E-03 5.198E-03 5.088E-03 5.199E-03 4.818E-03 5.421E-03 5.495E-03 5.525E-03 5.185E-03 5.288E-03 5.771E-03 5.964E-03 6.213E-03 6.328E-03 6.974E-03 6.723E-03 7.618E-03 6.292E-03 5.515E-03 2.170E-03 2.411E-03 4.713E-03 7.887E-03 1.082E-02 9.904E-03 6.997E-03 7.723E-03 7.699E-03 1.889E-03 3.137E-03 5.428E-03 6.128E-03 5.859E-03 5.656E-03 5.423E-03 5.273E-03 4.942E-03 4.654E-03 4.175E-03 3.629E-03 3.216E-03 1.903E-03 1.270E-03 1.073E-03 1.750E-03 2.189E-03 2.969E-03 3.435E-03 3.556E-03 4.317E-03 4.731E-03 5.128E-03 5.359E-03 5.927E-03 6.308E-03 6.744E-03 7.651E-03 8.643E-03 9.200E-03 9.682E-03 9.921E-03
  7.400E+01  4.761E-03 4.211E-03 4.105E-03 4.218E-03 4.225E-03 4.574E-03 4.539E-03 4.509E-03 4.739E-03 4.831E-03 4.474E-03 4.993E-03 5.458E-03 5.347E-03 5.745E-03 5.881E-03 6.386E-03 5.589E-03 4.831E-03 2.068E-03 2.296E-03 4.371E-03 7.177E-03 9.675E-03 8.865E-03 6.334E-03 7.020E-03 6.950E-03 1.737E-03 2.910E-03 4.978E-03 5.591E-03 5.336E-03 5.148E-03 4.933E-03 4.795E-03 4.491E-03 4.227E-03 3.788E-03 3.289E-03 2.912E-03 1.717E-03 1.145E-03 9.724E-04 1.610E-03 2.024E-03 2.761E-03 3.200E-03 3.314E-03 4.029E-03 4.415E-03 4.784E-03 4.998E-03 5.514E-03 5.859E-03 6.258E-03 7.089E-03 7.997E-03 8.503E-03 8.934E-03 9.167E-03
  7.600E+01  3.530E-03 3.419E-03 3.265E-03 3.507E-03 3.546E-03 3.556E-03 3.811E-03 3.578E-03 3.893E-03 3.975E-03 3.816E-03 4.276E-03 4.372E-03 4.627E-03 4.933E-03 5.053E-03 5.728E-03 5.013E-03 4.313E-03 1.976E-03 2.193E-03 4.051E-03 6.567E-03 8.672E-03 7.997E-03 5.768E-03 6.362E-03 6.319E-03 1.603E-03 2.707E-03 4.576E-03 5.115E-03 4.875E-03 4.700E-03 4.502E-03 4.375E-03 4.096E-03 3.853E-03 3.450E-03 2.992E-03 2.647E-03 1.555E-03 1.037E-03 8.852E-04 1.487E-03 1.878E-03 2.577E-03 2.993E-03 3.100E-03 3.774E-03 4.136E-03 4.480E-03 4.678E-03 5.150E-03 5.462E-03 5.828E-03 6.591E-03 7.423E-03 7.883E-03 8.270E-03 8.496E-03
  7.800E+01  3.105E-03 2.858E-03 2.761E-03 2.795E-03 2.985E-03 3.022E-03 3.114E-03 3.229E-03 3.344E-03 3.451E-03 3.528E-03 3.546E-03 3.642E-03 3.857E-03 4.009E-03 4.564E-03 4.898E-03 4.402E-03 3.943E-03 1.893E-03 2.100E-03 3.755E-03 5.983E-03 7.888E-03 7.301E-03 5.274E-03 5.773E-03 5.768E-03 1.486E-03 2.526E-03 4.218E-03 4.692E-03 4.467E-03 4.305E-03 4.123E-03 4.006E-03 3.747E-03 3.524E-03 3.153E-03 2.732E-03 2.415E-03 1.414E-03 9.431E-04 8.093E-04 1.379E-03 1.750E-03 2.415E-03 2.810E-03 2.912E-03 3.550E-03 3.890E-03 4.212E-03 4.396E-03 4.827E-03 5.111E-03 5.446E-03 6.149E-03 6.913E-03 7.333E-03 7.679E-03 7.899E-03
  8.000E+01  2.541E-03 2.431E-03 2.366E-03 2.435E-03 2.485E-03 2.615E-03 2.770E-03 2.699E-03 2.867E-03 2.971E-03 3.031E-03 2.859E-03 3.296E-03 3.194E-03 3.649E-03 3.894E-03 4.043E-03 4.005E-03 3.435E-03 1.819E-03 2.015E-03 3.490E-03 5.486E-03 7.168E-03 6.605E-03 4.805E-03 5.290E-03 5.246E-03 1.381E-03 2.364E-03 3.897E-03 4.318E-03 4.106E-03 3.957E-03 3.788E-03 3.679E-03 3.441E-03 3.234E-03 2.892E-03 2.504E-03 2.211E-03 1.291E-03 8.611E-04 7.432E-04 1.285E-03 1.638E-03 2.273E-03 2.648E-03 2.746E-03 3.351E-03 3.671E-03 3.974E-03 4.145E-03 4.541E-03 4.798E-03 5.108E-03 5.756E-03 6.459E-03 6.842E-03 7.152E-03 7.368E-03
  8.200E+01  2.149E-03 2.056E-03 2.062E-03 2.114E-03 2.160E-03 2.115E-03 2.358E-03 2.384E-03 2.383E-03 2.449E-03 2.526E-03 2.711E-03 2.741E-03 2.966E-03 3.323E-03 3.404E-03 3.679E-03 3.432E-03 3.092E-03 1.752E-03 1.939E-03 3.258E-03 5.035E-03 6.361E-03 5.892E-03 4.382E-03 4.872E-03 4.780E-03 1.289E-03 2.218E-03 3.611E-03 3.987E-03 3.787E-03 3.649E-03 3.491E-03 3.391E-03 3.171E-03 2.979E-03 2.662E-03 2.303E-03 2.033E-03 1.183E-03 7.895E-04 6.854E-04 1.202E-03 1.539E-03 2.146E-03 2.505E-03 2.598E-03 3.175E-03 3.478E-03 3.762E-03 3.922E-03 4.286E-03 4.521E-03 4.806E-03 5.405E-03 6.054E-03 6.403E-03 6.682E-03 6.893E-03
  8.400E+01  1.854E-03 1.710E-03 1.646E-03 1.706E-03 1.980E-03 1.989E-03 1.822E-03 2.064E-03 2.114E-03 2.167E-03 2.349E-03 2.410E-03 2.327E-03 2.617E-03 3.029E-03 2.891E-03 3.303E-03 3.033E-03 2.794E-03 1.691E-03 1.870E-03 3.052E-03 4.597E-03 5.872E-03 5.417E-03 4.039E-03 4.463E-03 4.400E-03 1.207E-03 2.088E-03 3.356E-03 3.691E-03 3.505E-03 3.375E-03 3.230E-03 3.137E-03 2.932E-03 2.754E-03 2.460E-03 2.127E-03 1.876E-03 1.088E-03 7.267E-04 6.349E-04 1.128E-03 1.451E-03 2.034E-03 2.378E-03 2.467E-03 3.018E-03 3.306E-03 3.574E-03 3.724E-03 4.059E-03 4.273E-03 4.537E-03 5.092E-03 5.692E-03 6.011E-03 6.262E-03 6.468E-03
  8.600E+01  1.645E-03 1.566E-03 1.560E-03 1.621E-03 1.644E-03 1.816E-03 1.768E-03 1.896E-03 1.789E-03 1.850E-03 2.021E-03 1.947E-03 2.293E-03 2.158E-03 2.507E-03 2.673E-03 2.843E-03 2.687E-03 2.545E-03 1.637E-03 1.807E-03 2.861E-03 4.217E-03 5.484E-03 5.051E-03 3.747E-03 4.092E-03 4.075E-03 1.135E-03 1.971E-03 3.128E-03 3.428E-03 3.255E-03 3.134E-03 2.999E-03 2.913E-03 2.721E-03 2.556E-03 2.282E-03 1.971E-03 1.737E-03 1.004E-03 6.717E-04 5.906E-04 1.064E-03 1.373E-03 1.935E-03 2.266E-03 2.351E-03 2.879E-03 3.152E-03 3.407E-03 3.548E-03 3.856E-03 4.052E-03 4.297E-03 4.813E-03 5.368E-03 5.660E-03 5.885E-03 6.088E-03
  8.800E+01  1.434E-03 1.392E-03 1.333E-03 1.378E-03 1.481E-03 1.552E-03 1.587E-03 1.546E-03 1.633E-03 1.720E-03 1.713E-03 1.911E-03 2.081E-03 1.951E-03 2.072E-03 2.491E-03 2.612E-03 2.537E-03 2.169E-03 1.588E-03 1.751E-03 2.684E-03 3.935E-03 5.013E-03 4.639E-03 3.455E-03 3.799E-03 3.757E-03 1.070E-03 1.866E-03 2.924E-03 3.195E-03 3.032E-03 2.921E-03 2.794E-03 2.714E-03 2.535E-03 2.380E-03 2.124E-03 1.834E-03 1.615E-03 9.308E-04 6.233E-04 5.517E-04 1.006E-03 1.304E-03 1.847E-03 2.166E-03 2.248E-03 2.755E-03 3.016E-03 3.257E-03 3.390E-03 3.675E-03 3.855E-03 4.083E-03 4.562E-03 5.077E-03 5.345E-03 5.548E-03 5.748E-03
  9.000E+01  1.331E-03 1.249E-03 1.330E-03 1.340E-03 1.272E-03 1.440E-03 1.412E-03 1.522E-03 1.514E-03 1.550E-03 1.643E-03 1.605E-03 1.866E-03 1.803E-03 2.110E-03 2.097E-03 2.467E-03 2.277E-03 2.013E-03 1.543E-03 1.699E-03 2.529E-03 3.668E-03 4.497E-03 4.180E-03 3.187E-03 3.553E-03 3.478E-03 1.013E-03 1.771E-03 2.742E-03 2.990E-03 2.837E-03 2.732E-03 2.613E-03 2.538E-03 2.371E-03 2.226E-03 1.985E-03 1.712E-03 1.507E-03 8.657E-04 5.808E-04 5.176E-04 9.558E-04 1.243E-03 1.768E-03 2.076E-03 2.156E-03 2.644E-03 2.894E-03 3.124E-03 3.250E-03 3.514E-03 3.678E-03 3.890E-03 4.337E-03 4.816E-03 5.062E-03 5.245E-03 5.442E-03
  9.200E+01  1.296E-03 1.204E-03 1.214E-03 1.211E-03 1.264E-03 1.250E-03 1.263E-03 1.372E-03 1.472E-03 1.508E-03 1.461E-03 1.521E-03 1.593E-03 1.720E-03 1.986E-03 1.847E-03 2.225E-03 2.028E-03 1.907E-03 1.504E-03 1.653E-03 2.394E-03 3.397E-03 4.226E-03 3.899E-03 2.978E-03 3.305E-03 3.260E-03 9.622E-04 1.687E-03 2.579E-03 2.807E-03 2.663E-03 2.565E-03 2.454E-03 2.382E-03 2.225E-03 2.089E-03 1.862E-03 1.605E-03 1.411E-03 8.081E-04 5.432E-04 4.876E-04 9.110E-04 1.189E-03 1.698E-03 1.997E-03 2.074E-03 2.546E-03 2.785E-03 3.004E-03 3.124E-03 3.369E-03 3.520E-03 3.718E-03 4.135E-03 4.581E-03 4.808E-03 4.973E-03 5.167E-03
  9.400E+01  1.198E-03 1.192E-03 1.112E-03 1.147E-03 1.235E-03 1.224E-03 1.290E-03 1.384E-03 1.339E-03 1.387E-03 1.378E-03 1.370E-03 1.538E-03 1.557E-03 1.830E-03 1.863E-03 1.980E-03 1.940E-03 1.763E-03 1.468E-03 1.611E-03 2.265E-03 3.183E-03 4.026E-03 3.710E-03 2.803E-03 3.080E-03 3.073E-03 9.167E-04 1.611E-03 2.434E-03 2.643E-03 2.509E-03 2.417E-03 2.313E-03 2.245E-03 2.096E-03 1.967E-03 1.753E-03 1.510E-03 1.326E-03 7.570E-04 5.101E-04 4.611E-04 8.713E-04 1.141E-03 1.636E-03 1.926E-03 2.001E-03 2.457E-03 2.688E-03 2.897E-03 3.011E-03 3.239E-03 3.377E-03 3.563E-03 3.954E-03 4.370E-03 4.579E-03 4.728E-03 4.920E-03
  9.600E+01  1.188E-03 1.104E-03 1.119E-03 1.114E-03 1.241E-03 1.142E-03 1.196E-03 1.205E-03 1.342E-03 1.379E-03 1.368E-03 1.311E-03 1.403E-03 1.362E-03 1.641E-03 1.773E-03 1.913E-03 1.804E-03 1.556E-03 1.435E-03 1.573E-03 2.147E-03 3.015E-03 3.687E-03 3.415E-03 2.626E-03 2.913E-03 2.884E-03 8.763E-04 1.542E-03 2.304E-03 2.499E-03 2.373E-03 2.287E-03 2.188E-03 2.124E-03 1.983E-03 1.860E-03 1.657E-03 1.425E-03 1.251E-03 7.117E-04 4.808E-04 4.378E-04 8.361E-04 1.098E-03 1.581E-03 1.863E-03 1.936E-03 2.379E-03 2.600E-03 2.802E-03 2.910E-03 3.122E-03 3.250E-03 3.423E-03 3.791E-03 4.179E-03 4.372E-03 4.507E-03 4.698E-03
  9.800E+01  1.179E-03 1.125E-03 1.102E-03 1.081E-03 1.172E-03 1.185E-03 1.168E-03 1.131E-03 1.236E-03 1.265E-03 1.227E-03 1.311E-03 1.479E-03 1.376E-03 1.630E-03 1.631E-03 1.746E-03 1.675E-03 1.495E-03 1.406E-03 1.539E-03 2.046E-03 2.871E-03 3.345E-03 3.120E-03 2.468E-03 2.777E-03 2.722E-03 8.401E-04 1.481E-03 2.189E-03 2.374E-03 2.254E-03 2.173E-03 2.077E-03 2.017E-03 1.883E-03 1.766E-03 1.571E-03 1.351E-03 1.184E-03 6.713E-04 4.548E-04 4.172E-04 8.049E-04 1.060E-03 1.531E-03 1.807E-03 1.878E-03 2.308E-03 2.522E-03 2.716E-03 2.819E-03 3.017E-03 3.135E-03 3.298E-03 3.644E-03 4.007E-03 4.186E-03 4.308E-03 4.497E-03
  1.000E+02  1.148E-03 1.110E-03 1.078E-03 1.110E-03 1.071E-03 1.155E-03 1.179E-03 1.154E-03 1.160E-03 1.188E-03 1.217E-03 1.319E-03 1.466E-03 1.430E-03 1.445E-03 1.532E-03 1.668E-03 1.621E-03 1.462E-03 1.380E-03 1.507E-03 1.954E-03 2.709E-03 3.216E-03 3.008E-03 2.350E-03 2.628E-03 2.608E-03 8.079E-04 1.426E-03 2.087E-03 2.263E-03 2.150E-03 2.072E-03 1.981E-03 1.923E-03 1.794E-03 1.682E-03 1.496E-03 1.284E-03 1.125E-03 6.352E-04 4.319E-04 3.990E-04 7.772E-04 1.026E-03 1.487E-03 1.756E-03 1.826E-03 2.245E-03 2.452E-03 2.639E-03 2.737E-03 2.923E-03 3.032E-03 3.185E-03 3.511E-03 3.852E-03 4.017E-03 4.129E-03 4.316E-03
  1.020E+02  1.253E-03 1.146E-03 1.118E-03 1.054E-03 1.052E-03 1.091E-03 1.178E-03 1.155E-03 1.144E-03 1.168E-03 1.292E-03 1.287E-03 1.331E-03 1.355E-03 1.572E-03 1.508E-03 1.668E-03 1.600E-03 1.444E-03 1.356E-03 1.479E-03 1.864E-03 2.541E-03 3.177E-03 2.954E-03 2.255E-03 2.490E-03 2.525E-03 7.791E-04 1.376E-03 1.996E-03 2.164E-03 2.059E-03 1.983E-03 1.897E-03 1.840E-03 1.717E-03 1.609E-03 1.430E-03 1.226E-03 1.072E-03 6.031E-04 4.115E-04 3.830E-04 7.526E-04 9.963E-04 1.448E-03 1.711E-03 1.779E-03 2.188E-03 2.390E-03 2.570E-03 2.664E-03 2.838E-03 2.939E-03 3.084E-03 3.391E-03 3.712E-03 3.865E-03 3.967E-03 4.153E-03
  1.040E+02  1.320E-03 1.173E-03 1.212E-03 1.095E-03 1.154E-03 1.135E-03 1.069E-03 1.237E-03 1.134E-03 1.145E-03 1.248E-03 1.259E-03 1.337E-03 1.393E-03 1.551E-03 1.372E-03 1.680E-03 1.406E-03 1.398E-03 1.335E-03 1.454E-03 1.784E-03 2.400E-03 3.050E-03 2.802E-03 2.172E-03 2.390E-03 2.443E-03 7.534E-04 1.332E-03 1.916E-03 2.078E-03 1.979E-03 1.907E-03 1.823E-03 1.769E-03 1.648E-03 1.544E-03 1.371E-03 1.173E-03 1.025E-03 5.743E-04 3.934E-04 3.688E-04 7.308E-04 9.696E-04 1.413E-03 1.671E-03 1.738E-03 2.138E-03 2.333E-03 2.507E-03 2.598E-03 2.761E-03 2.855E-03 2.992E-03 3.283E-03 3.585E-03 3.728E-03 3.820E-03 4.006E-03
  1.060E+02  1.372E-03 1.181E-03 1.186E-03 1.155E-03 1.180E-03 1.228E-03 1.066E-03 1.248E-03 1.222E-03 1.269E-03 1.220E-03 1.365E-03 1.439E-03 1.454E-03 1.550E-03 1.448E-03 1.833E-03 1.417E-03 1.385E-03 1.316E-03 1.431E-03 1.715E-03 2.286E-03 2.922E-03 2.696E-03 2.094E-03 2.314E-03 2.366E-03 7.304E-04 1.292E-03 1.846E-03 2.005E-03 1.910E-03 1.842E-03 1.759E-03 1.706E-03 1.589E-03 1.488E-03 1.319E-03 1.127E-03 9.831E-04 5.484E-04 3.773E-04 3.563E-04 7.114E-04 9.458E-04 1.382E-03 1.635E-03 1.701E-03 2.092E-03 2.283E-03 2.452E-03 2.539E-03 2.692E-03 2.779E-03 2.909E-03 3.185E-03 3.471E-03 3.603E-03 3.687E-03 3.873E-03
  1.080E+02  1.488E-03 1.273E-03 1.179E-03 1.265E-03 1.228E-03 1.348E-03 1.245E-03 1.286E-03 1.248E-03 1.272E-03 1.328E-03 1.332E-03 1.489E-03 1.415E-03 1.691E-03 1.442E-03 1.633E-03 1.400E-03 1.436E-03 1.299E-03 1.411E-03 1.654E-03 2.170E-03 2.903E-03 2.683E-03 2.025E-03 2.248E-03 2.321E-03 7.099E-04 1.256E-03 1.785E-03 1.944E-03 1.852E-03 1.785E-03 1.705E-03 1.652E-03 1.538E-03 1.439E-03 1.274E-03 1.086E-03 9.456E-04 5.253E-04 3.630E-04 3.452E-04 6.943E-04 9.246E-04 1.354E-03 1.603E-03 1.667E-03 2.052E-03 2.238E-03 2.401E-03 2.486E-03 2.630E-03 2.711E-03 2.834E-03 3.097E-03 3.367E-03 3.490E-03 3.567E-03 3.752E-03
  1.100E+02  1.715E-03 1.501E-03 1.351E-03 1.262E-03 1.239E-03 1.288E-03 1.363E-03 1.372E-03 1.389E-03 1.434E-03 1.449E-03 1.445E-03 1.394E-03 1.523E-03 1.550E-03 1.582E-03 1.697E-03 1.517E-03 1.494E-03 1.284E-03 1.392E-03 1.604E-03 2.036E-03 2.862E-03 2.681E-03 1.973E-03 2.186E-03 2.310E-03 6.916E-04 1.224E-03 1.732E-03 1.891E-03 1.804E-03 1.737E-03 1.658E-03 1.606E-03 1.494E-03 1.396E-03 1.234E-03 1.049E-03 9.121E-04 5.044E-04 3.503E-04 3.354E-04 6.790E-04 9.059E-04 1.329E-03 1.574E-03 1.638E-03 2.015E-03 2.197E-03 2.356E-03 2.438E-03 2.575E-03 2.650E-03 2.767E-03 3.017E-03 3.273E-03 3.388E-03 3.458E-03 3.643E-03
  1.120E+02  1.943E-03 1.606E-03 1.455E-03 1.365E-03 1.389E-03 1.382E-03 1.496E-03 1.434E-03 1.517E-03 1.525E-03 1.499E-03 1.496E-03 1.508E-03 1.523E-03 1.718E-03 1.740E-03 1.725E-03 1.537E-03 1.586E-03 1.271E-03 1.376E-03 1.559E-03 1.935E-03 2.788E-03 2.638E-03 1.944E-03 2.138E-03 2.317E-03 6.752E-04 1.195E-03 1.688E-03 1.848E-03 1.764E-03 1.697E-03 1.620E-03 1.568E-03 1.456E-03 1.359E-03 1.199E-03 1.017E-03 8.820E-04 4.856E-04 3.390E-04 3.268E-04 6.655E-04 8.892E-04 1.307E-03 1.549E-03 1.611E-03 1.983E-03 2.161E-03 2.316E-03 2.395E-03 2.524E-03 2.594E-03 2.706E-03 2.944E-03 3.187E-03 3.295E-03 3.360E-03 3.545E-03
  1.140E+02  2.144E-03 1.583E-03 1.517E-03 1.551E-03 1.571E-03 1.534E-03 1.486E-03 1.510E-03 1.520E-03 1.544E-03 1.471E-03 1.597E-03 1.596E-03 1.649E-03 1.845E-03 1.701E-03 1.979E-03 1.480E-03 1.755E-03 1.258E-03 1.361E-03 1.517E-03 1.861E-03 2.713E-03 2.584E-03 1.915E-03 2.122E-03 2.323E-03 6.605E-04 1.170E-03 1.650E-03 1.814E-03 1.731E-03 1.666E-03 1.588E-03 1.536E-03 1.424E-03 1.328E-03 1.168E-03 9.878E-04 8.549E-04 4.687E-04 3.290E-04 3.191E-04 6.536E-04 8.744E-04 1.287E-03 1.526E-03 1.588E-03 1.953E-03 2.128E-03 2.279E-03 2.356E-03 2.479E-03 2.544E-03 2.651E-03 2.879E-03 3.110E-03 3.211E-03 3.271E-03 3.455E-03
  1.160E+02  2.721E-03 1.889E-03 1.741E-03 1.678E-03 1.646E-03 1.589E-03 1.781E-03 1.809E-03 1.665E-03 1.684E-03 1.719E-03 1.745E-03 1.828E-03 1.773E-03 1.920E-03 1.930E-03 2.006E-03 1.698E-03 1.918E-03 1.248E-03 1.348E-03 1.486E-03 1.812E-03 2.671E-03 2.565E-03 1.876E-03 2.144E-03 2.330E-03 6.474E-04 1.147E-03 1.619E-03 1.790E-03 1.707E-03 1.641E-03 1.562E-03 1.509E-03 1.397E-03 1.301E-03 1.141E-03 9.620E-04 8.305E-04 4.533E-04 3.200E-04 3.124E-04 6.430E-04 8.612E-04 1.270E-03 1.506E-03 1.567E-03 1.927E-03 2.099E-03 2.247E-03 2.321E-03 2.438E-03 2.499E-03 2.601E-03 2.819E-03 3.040E-03 3.134E-03 3.190E-03 3.375E-03
  1.180E+02  3.969E-03 2.308E-03 2.103E-03 1.988E-03 1.894E-03 1.850E-03 1.791E-03 1.820E-03 2.085E-03 2.157E-03 2.001E-03 1.913E-03 1.919E-03 2.167E-03 2.224E-03 2.027E-03 2.206E-03 1.758E-03 2.240E-03 1.238E-03 1.336E-03 1.456E-03 1.799E-03 2.571E-03 2.511E-03 1.855E-03 2.177E-03 2.374E-03 6.356E-04 1.127E-03 1.595E-03 1.774E-03 1.691E-03 1.623E-03 1.542E-03 1.488E-03 1.375E-03 1.278E-03 1.117E-03 9.388E-04 8.084E-04 4.394E-04 3.121E-04 3.064E-04 6.336E-04 8.496E-04 1.254E-03 1.488E-03 1.548E-03 1.904E-03 2.072E-03 2.217E-03 2.290E-03 2.401E-03 2.458E-03 2.556E-03 2.766E-03 2.976E-03 3.065E-03 3.116E-03 3.301E-03
  1.200E+02  4.308E-03 3.209E-03 2.659E-03 2.329E-03 2.394E-03 2.243E-03 2.086E-03 2.285E-03 2.296E-03 2.328E-03 2.228E-03 2.338E-03 2.249E-03 2.454E-03 2.383E-03 2.196E-03 2.510E-03 1.987E-03 2.735E-03 1.230E-03 1.326E-03 1.437E-03 1.780E-03 2.447E-03 2.463E-03 1.868E-03 2.204E-03 2.460E-03 6.252E-04 1.110E-03 1.577E-03 1.765E-03 1.681E-03 1.611E-03 1.528E-03 1.472E-03 1.357E-03 1.259E-03 1.097E-03 9.180E-04 7.883E-04 4.268E-04 3.050E-04 3.012E-04 6.253E-04 8.393E-04 1.240E-03 1.472E-03 1.531E-03 1.883E-03 2.049E-03 2.191E-03 2.262E-03 2.367E-03 2.421E-03 2.516E-03 2.717E-03 2.918E-03 3.002E-03 3.050E-03 3.235E-03
  1.220E+02  2.285E-03 4.274E-03 3.373E-03 3.120E-03 2.781E-03 2.823E-03 2.899E-03 2.705E-03 2.606E-03 2.658E-03 2.636E-03 2.819E-03 2.579E-03 2.839E-03 2.795E-03 2.495E-03 2.919E-03 2.132E-03 3.290E-03 1.222E-03 1.316E-03 1.412E-03 1.762E-03 2.414E-03 2.493E-03 1.919E-03 2.242E-03 2.569E-03 6.158E-04 1.094E-03 1.566E-03 1.763E-03 1.676E-03 1.604E-03 1.519E-03 1.461E-03 1.343E-03 1.243E-03 1.079E-03 8.990E-04 7.698E-04 4.154E-04 2.987E-04 2.965E-04 6.181E-04 8.302E-04 1.228E-03 1.457E-03 1.516E-03 1.864E-03 2.028E-03 2.167E-03 2.237E-03 2.337E-03 2.388E-03 2.479E-03 2.673E-03 2.865E-03 2.944E-03 2.989E-03 3.175E-03
  1.240E+02  1.362E-03 3.399E-03 4.011E-03 3.998E-03 3.606E-03 3.696E-03 3.458E-03 3.356E-03 3.244E-03 3.266E-03 3.436E-03 3.361E-03 3.241E-03 3.322E-03 3.248E-03 2.792E-03 3.297E-03 2.505E-03 4.059E-03 1.215E-03 1.308E-03 1.398E-03 1.739E-03 2.384E-03 2.511E-03 1.980E-03 2.319E-03 2.687E-03 6.074E-04 1.081E-03 1.560E-03 1.769E-03 1.677E-03 1.603E-03 1.513E-03 1.453E-03 1.332E-03 1.229E-03 1.063E-03 8.816E-04 7.527E-04 4.050E-04 2.931E-04 2.925E-04 6.116E-04 8.222E-04 1.217E-03 1.445E-03 1.503E-03 1.848E-03 2.009E-03 2.146E-03 2.214E-03 2.310E-03 2.358E-03 2.445E-03 2.632E-03 2.817E-03 2.892E-03 2.934E-03 3.121E-03
  1.260E+02  1.127E-03 1.682E-03 2.821E-03 3.700E-03 3.888E-03 4.010E-03 3.706E-03 3.835E-03 3.845E-03 3.781E-03 3.495E-03 3.653E-03 3.662E-03 3.543E-03 3.890E-03 3.400E-03 3.832E-03 2.947E-03 5.180E-03 1.210E-03 1.301E-03 1.382E-03 1.759E-03 2.436E-03 2.596E-03 2.061E-03 2.417E-03 2.838E-03 6.000E-04 1.069E-03 1.560E-03 1.782E-03 1.684E-03 1.607E-03 1.511E-03 1.449E-03 1.323E-03 1.218E-03 1.048E-03 8.655E-04 7.368E-04 3.956E-04 2.881E-04 2.889E-04 6.060E-04 8.152E-04 1.207E-03 1.433E-03 1.492E-03 1.833E-03 1.992E-03 2.127E-03 2.193E-03 2.286E-03 2.331E-03 2.415E-03 2.596E-03 2.774E-03 2.844E-03 2.884E-03 3.072E-03
  1.280E+02  9.958E-04 1.199E-03 1.720E-03 2.212E-03 2.406E-03 2.873E-03 3.275E-03 3.219E-03 3.220E-03 3.171E-03 3.343E-03 3.417E-03 3.556E-03 3.896E-03 3.822E-03 3.733E-03 4.758E-03 3.617E-03 6.191E-03 1.205E-03 1.295E-03 1.382E-03 1.768E-03 2.558E-03 2.781E-03 2.142E-03 2.558E-03 3.006E-03 5.933E-04 1.059E-03 1.566E-03 1.804E-03 1.697E-03 1.613E-03 1.513E-03 1.447E-03 1.317E-03 1.208E-03 1.035E-03 8.506E-04 7.220E-04 3.870E-04 2.837E-04 2.857E-04 6.011E-04 8.090E-04 1.199E-03 1.423E-03 1.481E-03 1.820E-03 1.977E-03 2.110E-03 2.175E-03 2.264E-03 2.306E-03 2.388E-03 2.563E-03 2.734E-03 2.801E-03 2.839E-03 3.027E-03
  1.300E+02  9.680E-04 1.011E-03 1.270E-03 1.630E-03 1.710E-03 2.197E-03 2.151E-03 2.608E-03 2.695E-03 2.735E-03 2.798E-03 3.255E-03 3.351E-03 3.136E-03 4.054E-03 4.200E-03 5.228E-03 4.668E-03 7.551E-03 1.200E-03 1.290E-03 1.381E-03 1.802E-03 2.758E-03 3.063E-03 2.280E-03 2.695E-03 3.248E-03 5.874E-04 1.051E-03 1.579E-03 1.830E-03 1.714E-03 1.622E-03 1.517E-03 1.447E-03 1.312E-03 1.200E-03 1.022E-03 8.364E-04 7.080E-04 3.792E-04 2.798E-04 2.830E-04 5.967E-04 8.035E-04 1.192E-03 1.415E-03 1.472E-03 1.808E-03 1.964E-03 2.095E-03 2.159E-03 2.244E-03 2.284E-03 2.363E-03 2.532E-03 2.697E-03 2.761E-03 2.797E-03 2.987E-03
  1.320E+02  9.323E-04 1.014E-03 1.216E-03 1.448E-03 1.580E-03 1.585E-03 2.069E-03 2.092E-03 2.239E-03 2.302E-03 2.596E-03 3.007E-03 3.055E-03 3.828E-03 4.875E-03 4.869E-03 7.298E-03 5.709E-03 7.630E-03 1.196E-03 1.285E-03 1.396E-03 1.853E-03 3.047E-03 3.390E-03 2.423E-03 2.895E-03 3.474E-03 5.821E-04 1.044E-03 1.597E-03 1.861E-03 1.732E-03 1.634E-03 1.522E-03 1.449E-03 1.307E-03 1.192E-03 1.011E-03 8.229E-04 6.948E-04 3.722E-04 2.764E-04 2.805E-04 5.929E-04 7.988E-04 1.185E-03 1.407E-03 1.464E-03 1.798E-03 1.952E-03 2.081E-03 2.144E-03 2.226E-03 2.264E-03 2.341E-03 2.505E-03 2.664E-03 2.724E-03 2.760E-03 2.951E-03
  1.340E+02  9.774E-04 1.047E-03 1.281E-03 1.558E-03 1.636E-03 2.055E-03 2.470E-03 2.575E-03 3.210E-03 3.398E-03 3.476E-03 3.498E-03 4.517E-03 4.511E-03 5.977E-03 7.257E-03 8.808E-03 8.060E-03 7.987E-03 1.193E-03 1.281E-03 1.409E-03 1.940E-03 3.519E-03 3.940E-03 2.617E-03 3.104E-03 3.722E-03 5.775E-04 1.039E-03 1.620E-03 1.897E-03 1.752E-03 1.647E-03 1.528E-03 1.451E-03 1.303E-03 1.184E-03 9.991E-04 8.099E-04 6.823E-04 3.658E-04 2.733E-04 2.784E-04 5.896E-04 7.946E-04 1.179E-03 1.400E-03 1.457E-03 1.789E-03 1.941E-03 2.069E-03 2.131E-03 2.210E-03 2.246E-03 2.320E-03 2.479E-03 2.632E-03 2.690E-03 2.725E-03 2.918E-03
  1.360E+02  9.736E-04 1.364E-03 1.926E-03 2.138E-03 2.811E-03 3.557E-03 4.105E-03 5.452E-03 5.398E-03 5.608E-03 6.610E-03 6.999E-03 7.615E-03 8.904E-03 1.020E-02 9.363E-03 1.352E-02 9.222E-03 7.544E-03 1.190E-03 1.278E-03 1.437E-03 2.118E-03 3.860E-03 4.317E-03 2.841E-03 3.370E-03 3.952E-03 5.734E-04 1.035E-03 1.647E-03 1.937E-03 1.773E-03 1.661E-03 1.534E-03 1.453E-03 1.299E-03 1.176E-03 9.878E-04 7.974E-04 6.705E-04 3.601E-04 2.706E-04 2.766E-04 5.868E-04 7.911E-04 1.174E-03 1.394E-03 1.451E-03 1.781E-03 1.932E-03 2.058E-03 2.119E-03 2.195E-03 2.229E-03 2.301E-03 2.456E-03 2.604E-03 2.658E-03 2.693E-03 2.888E-03
  1.380E+02  1.172E-03 2.577E-03 4.501E-03 7.115E-03 9.369E-03 1.088E-02 1.267E-02 1.331E-02 1.424E-02 1.394E-02 1.518E-02 1.506E-02 1.608E-02 1.569E-02 1.625E-02 1.476E-02 1.640E-02 1.092E-02 6.703E-03 1.187E-03 1.276E-03 1.480E-03 2.312E-03 4.580E-03 4.998E-03 3.028E-03 3.692E-03 4.114E-03 5.698E-04 1.033E-03 1.679E-03 1.980E-03 1.794E-03 1.674E-03 1.538E-03 1.453E-03 1.294E-03 1.168E-03 9.765E-04 7.856E-04 6.595E-04 3.550E-04 2.682E-04 2.749E-04 5.843E-04 7.880E-04 1.170E-03 1.389E-03 1.446E-03 1.773E-03 1.923E-03 2.048E-03 2.108E-03 2.182E-03 2.214E-03 2.284E-03 2.434E-03 2.577E-03 2.629E-03 2.664E-03 2.862E-03
  1.400E+02  2.579E-03 1.162E-02 2.111E-02 2.615E-02 2.715E-02 2.643E-02 2.634E-02 2.531E-02 2.455E-02 2.383E-02 2.364E-02 2.277E-02 2.214E-02 2.175E-02 1.939E-02 1.673E-02 1.691E-02 1.091E-02 6.441E-03 1.185E-03 1.275E-03 1.527E-03 2.571E-03 5.663E-03 6.033E-03 3.312E-03 3.921E-03 4.327E-03 5.667E-04 1.031E-03 1.716E-03 2.022E-03 1.814E-03 1.683E-03 1.541E-03 1.454E-03 1.288E-03 1.159E-03 9.655E-04 7.745E-04 6.494E-04 3.504E-04 2.662E-04 2.735E-04 5.822E-04 7.853E-04 1.166E-03 1.385E-03 1.441E-03 1.767E-03 1.916E-03 2.040E-03 2.099E-03 2.170E-03 2.200E-03 2.268E-03 2.414E-03 2.552E-03 2.601E-03 2.637E-03 2.837E-03
  1.420E+02  1.515E-02 3.378E-02 2.626E-02 2.238E-02 2.111E-02 2.069E-02 1.897E-02 1.859E-02 1.891E-02 1.918E-02 1.898E-02 1.852E-02 1.878E-02 1.774E-02 1.666E-02 1.481E-02 1.499E-02 9.903E-03 6.232E-03 1.183E-03 1.274E-03 1.602E-03 2.971E-03 6.671E-03 6.864E-03 3.571E-03 4.160E-03 4.470E-03 5.641E-04 1.032E-03 1.756E-03 2.061E-03 1.831E-03 1.691E-03 1.544E-03 1.453E-03 1.282E-03 1.151E-03 9.551E-04 7.644E-04 6.403E-04 3.464E-04 2.643E-04 2.723E-04 5.804E-04 7.830E-04 1.163E-03 1.381E-03 1.437E-03 1.762E-03 1.909E-03 2.032E-03 2.090E-03 2.158E-03 2.187E-03 2.253E-03 2.395E-03 2.528E-03 2.575E-03 2.612E-03 2.816E-03
  1.440E+02  3.281E-02 1.828E-02 1.665E-02 1.550E-02 1.483E-02 1.422E-02 1.395E-02 1.387E-02 1.329E-02 1.345E-02 1.417E-02 1.359E-02 1.401E-02 1.404E-02 1.402E-02 1.287E-02 1.277E-02 8.757E-03 5.697E-03 1.182E-03 1.274E-03 1.685E-03 3.340E-03 8.152E-03 7.894E-03 3.749E-03 4.383E-03 4.518E-03 5.619E-04 1.034E-03 1.798E-03 2.098E-03 1.845E-03 1.696E-03 1.544E-03 1.451E-03 1.276E-03 1.142E-03 9.458E-04 7.555E-04 6.324E-04 3.429E-04 2.627E-04 2.713E-04 5.789E-04 7.811E-04 1.161E-03 1.378E-03 1.433E-03 1.757E-03 1.904E-03 2.025E-03 2.082E-03 2.148E-03 2.175E-03 2.240E-03 2.377E-03 2.505E-03 2.550E-03 2.588E-03 2.797E-03
  1.460E+02  1.750E-02 1.420E-02 1.341E-02 1.292E-02 1.256E-02 1.192E-02 1.146E-02 1.167E-02 1.197E-02 1.200E-02 1.223E-02 1.145E-02 1.171E-02 1.159E-02 1.145E-02 1.092E-02 1.056E-02 7.886E-03 5.323E-03 1.181E-03 1.275E-03 1.769E-03 3.812E-03 9.702E-03 8.800E-03 3.948E-03 4.503E-03 4.516E-03 5.601E-04 1.037E-03 1.841E-03 2.131E-03 1.856E-03 1.700E-03 1.544E-03 1.449E-03 1.270E-03 1.135E-03 9.380E-04 7.481E-04 6.258E-04 3.398E-04 2.613E-04 2.704E-04 5.776E-04 7.794E-04 1.158E-03 1.375E-03 1.430E-03 1.753E-03 1.898E-03 2.019E-03 2.075E-03 2.139E-03 2.164E-03 2.227E-03 2.359E-03 2.483E-03 2.526E-03 2.567E-03 2.780E-03
  1.480E+02  1.498E-02 1.260E-02 1.177E-02 1.218E-02 1.051E-02 1.119E-02 1.043E-02 1.049E-02 1.053E-02 1.055E-02 1.098E-02 1.042E-02 1.079E-02 1.048E-02 1.084E-02 1.005E-02 1.007E-02 7.339E-03 5.225E-03 1.180E-03 1.277E-03 1.889E-03 4.520E-03 1.038E-02 8.988E-03 4.053E-03 4.617E-03 4.429E-03 5.588E-04 1.042E-03 1.884E-03 2.163E-03 1.866E-03 1.706E-03 1.544E-03 1.447E-03 1.267E-03 1.131E-03 9.324E-04 7.426E-04 6.207E-04 3.373E-04 2.602E-04 2.696E-04 5.765E-04 7.781E-04 1.156E-03 1.372E-03 1.428E-03 1.749E-03 1.894E-03 2.013E-03 2.069E-03 2.130E-03 2.154E-03 2.214E-03 2.343E-03 2.462E-03 2.503E-03 2.547E-03 2.765E-03
  1.500E+02  1.400E-02 1.124E-02 1.085E-02 1.054E-02 1.003E-02 1.017E-02 9.711E-03 9.916E-03 1.015E-02 1.014E-02 9.701E-03 1.010E-02 9.984E-03 9.937E-03 1.006E-02 8.806E-03 9.506E-03 6.706E-03 4.956E-03 1.179E-03 1.281E-03 2.041E-03 5.117E-03 1.086E-02 8.884E-03 4.058E-03 4.693E-03 4.318E-03 5.579E-04 1.049E-03 1.928E-03 2.193E-03 1.877E-03 1.713E-03 1.547E-03 1.449E-03 1.268E-03 1.130E-03 9.299E-04 7.393E-04 6.173E-04 3.352E-04 2.591E-04 2.690E-04 5.756E-04 7.769E-04 1.155E-03 1.370E-03 1.426E-03 1.746E-03 1.890E-03 2.008E-03 2.063E-03 2.122E-03 2.144E-03 2.203E-03 2.328E-03 2.442E-03 2.481E-03 2.528E-03 2.752E-03
  1.520E+02  1.350E-02 1.054E-02 1.006E-02 1.004E-02 9.074E-03 9.714E-03 9.254E-03 9.225E-03 9.130E-03 9.080E-03 9.309E-03 9.401E-03 9.486E-03 9.754E-03 1.003E-02 8.348E-03 9.081E-03 5.927E-03 4.758E-03 1.178E-03 1.285E-03 2.175E-03 5.510E-03 1.104E-02 8.795E-03 4.060E-03 4.686E-03 4.224E-03 5.576E-04 1.059E-03 1.976E-03 2.224E-03 1.893E-03 1.725E-03 1.556E-03 1.457E-03 1.273E-03 1.133E-03 9.309E-04 7.387E-04 6.158E-04 3.336E-04 2.583E-04 2.685E-04 5.748E-04 7.760E-04 1.153E-03 1.369E-03 1.424E-03 1.744E-03 1.887E-03 2.004E-03 2.058E-03 2.114E-03 2.135E-03 2.192E-03 2.313E-03 2.424E-03 2.461E-03 2.511E-03 2.741E-03
  1.540E+02  1.211E-02 9.947E-03 8.788E-03 9.206E-03 8.532E-03 8.862E-03 8.720E-03 8.770E-03 8.931E-03 8.923E-03 8.664E-03 8.908E-03 9.136E-03 8.426E-03 9.444E-03 8.113E-03 9.139E-03 6.121E-03 4.705E-03 1.177E-03 1.291E-03 2.321E-03 5.982E-03 1.089E-02 8.707E-03 4.057E-03 4.640E-03 4.206E-03 5.577E-04 1.071E-03 2.031E-03 2.263E-03 1.920E-03 1.747E-03 1.575E-03 1.474E-03 1.286E-03 1.143E-03 9.367E-04 7.412E-04 6.166E-04 3.324E-04 2.575E-04 2.680E-04 5.743E-04 7.753E-04 1.152E-03 1.368E-03 1.423E-03 1.742E-03 1.884E-03 2.000E-03 2.053E-03 2.107E-03 2.127E-03 2.182E-03 2.300E-03 2.406E-03 2.442E-03 2.496E-03 2.733E-03
  1.560E+02  1.088E-02 9.234E-03 8.200E-03 8.107E-03 8.593E-03 8.175E-03 8.206E-03 7.448E-03 7.912E-03 8.116E-03 8.320E-03 8.736E-03 8.266E-03 8.538E-03 8.215E-03 8.214E-03 8.476E-03 6.129E-03 4.736E-03 1.177E-03 1.298E-03 2.510E-03 6.292E-03 1.063E-02 8.619E-03 4.083E-03 4.598E-03 4.279E-03 5.583E-04 1.086E-03 2.098E-03 2.315E-03 1.962E-03 1.783E-03 1.607E-03 1.503E-03 1.308E-03 1.161E-03 9.481E-04 7.471E-04 6.196E-04 3.317E-04 2.570E-04 2.677E-04 5.738E-04 7.748E-04 1.152E-03 1.367E-03 1.422E-03 1.740E-03 1.882E-03 1.997E-03 2.050E-03 2.101E-03 2.119E-03 2.173E-03 2.288E-03 2.391E-03 2.425E-03 2.484E-03 2.726E-03
  1.580E+02  1.009E-02 8.006E-03 7.553E-03 7.977E-03 7.311E-03 7.607E-03 7.566E-03 7.755E-03 7.935E-03 7.972E-03 7.934E-03 7.726E-03 8.128E-03 8.075E-03 8.426E-03 7.850E-03 8.264E-03 6.103E-03 4.687E-03 1.177E-03 1.304E-03 2.689E-03 6.345E-03 1.039E-02 8.514E-03 4.169E-03 4.648E-03 4.407E-03 5.594E-04 1.102E-03 2.182E-03 2.396E-03 2.027E-03 1.840E-03 1.656E-03 1.547E-03 1.342E-03 1.188E-03 9.659E-04 7.569E-04 6.252E-04 3.314E-04 2.565E-04 2.674E-04 5.735E-04 7.744E-04 1.151E-03 1.366E-03 1.421E-03 1.739E-03 1.880E-03 1.994E-03 2.047E-03 2.096E-03 2.113E-03 2.166E-03 2.277E-03 2.377E-03 2.410E-03 2.473E-03 2.722E-03
  1.600E+02  9.434E-03 7.891E-03 7.264E-03 7.259E-03 7.414E-03 7.352E-03 7.266E-03 7.694E-03 7.295E-03 7.288E-03 7.330E-03 7.620E-03 7.892E-03 7.859E-03 8.436E-03 7.563E-03 8.212E-03 6.044E-03 4.675E-03 1.176E-03 1.309E-03 2.864E-03 6.432E-03 1.051E-02 8.584E-03 4.321E-03 4.853E-03 4.641E-03 5.608E-04 1.117E-03 2.291E-03 2.516E-03 2.122E-03 1.923E-03 1.725E-03 1.608E-03 1.389E-03 1.226E-03 9.909E-04 7.711E-04 6.337E-04 3.315E-04 2.561E-04 2.672E-04 5.733E-04 7.742E-04 1.151E-03 1.366E-03 1.421E-03 1.738E-03 1.879E-03 1.993E-03 2.044E-03 2.092E-03 2.108E-03 2.160E-03 2.269E-03 2.366E-03 2.398E-03 2.465E-03 2.720E-03
  1.620E+02  8.745E-03 6.909E-03 6.902E-03 6.859E-03 7.022E-03 7.040E-03 6.237E-03 7.001E-03 6.928E-03 6.945E-03 7.162E-03 7.474E-03 7.408E-03 7.996E-03 7.900E-03 7.167E-03 8.300E-03 5.937E-03 4.658E-03 1.176E-03 1.308E-03 3.086E-03 6.675E-03 1.097E-02 9.010E-03 4.630E-03 5.223E-03 5.025E-03 5.623E-04 1.127E-03 2.429E-03 2.684E-03 2.252E-03 2.035E-03 1.818E-03 1.690E-03 1.452E-03 1.275E-03 1.023E-03 7.897E-04 6.450E-04 3.320E-04 2.559E-04 2.671E-04 5.732E-04 7.740E-04 1.151E-03 1.365E-03 1.421E-03 1.738E-03 1.878E-03 1.992E-03 2.043E-03 2.090E-03 2.105E-03 2.155E-03 2.263E-03 2.359E-03 2.389E-03 2.461E-03 2.721E-03
  1.640E+02  8.170E-03 6.624E-03 5.949E-03 6.109E-03 6.365E-03 6.442E-03 6.640E-03 6.810E-03 6.752E-03 6.802E-03 7.079E-03 7.533E-03 7.056E-03 7.652E-03 8.506E-03 7.437E-03 8.737E-03 5.935E-03 4.831E-03 1.176E-03 1.302E-03 3.296E-03 7.138E-03 1.164E-02 9.713E-03 5.138E-03 5.833E-03 5.577E-03 5.631E-04 1.124E-03 2.580E-03 2.895E-03 2.413E-03 2.172E-03 1.929E-03 1.787E-03 1.527E-03 1.334E-03 1.062E-03 8.117E-04 6.585E-04 3.327E-04 2.557E-04 2.670E-04 5.731E-04 7.740E-04 1.151E-03 1.366E-03 1.421E-03 1.738E-03 1.878E-03 1.992E-03 2.043E-03 2.088E-03 2.103E-03 2.153E-03 2.260E-03 2.354E-03 2.385E-03 2.459E-03 2.723E-03
  1.660E+02  7.451E-03 6.619E-03 6.359E-03 5.928E-03 5.990E-03 6.326E-03 6.342E-03 6.481E-03 6.210E-03 6.382E-03 6.839E-03 7.011E-03 7.274E-03 7.794E-03 8.697E-03 7.886E-03 8.807E-03 6.531E-03 5.244E-03 1.176E-03 1.290E-03 3.400E-03 7.837E-03 1.310E-02 1.107E-02 5.813E-03 6.711E-03 6.360E-03 5.621E-04 1.101E-03 2.689E-03 3.110E-03 2.580E-03 2.309E-03 2.042E-03 1.883E-03 1.600E-03 1.392E-03 1.099E-03 8.331E-04 6.713E-04 3.332E-04 2.555E-04 2.670E-04 5.732E-04 7.741E-04 1.151E-03 1.366E-03 1.421E-03 1.739E-03 1.879E-03 1.993E-03 2.044E-03 2.089E-03 2.104E-03 2.153E-03 2.260E-03 2.354E-03 2.383E-03 2.460E-03 2.728E-03
  1.680E+02  7.295E-03 6.055E-03 6.058E-03 5.956E-03 5.979E-03 6.297E-03 6.190E-03 6.452E-03 6.489E-03 6.738E-03 6.914E-03 6.550E-03 7.459E-03 7.389E-03 8.694E-03 8.157E-03 8.861E-03 7.036E-03 5.756E-03 1.175E-03 1.276E-03 3.363E-03 8.425E-03 1.483E-02 1.280E-02 6.582E-03 7.644E-03 7.300E-03 5.582E-04 1.055E-03 2.669E-03 3.218E-03 2.673E-03 2.385E-03 2.103E-03 1.934E-03 1.638E-03 1.423E-03 1.119E-03 8.441E-04 6.777E-04 3.328E-04 2.553E-04 2.670E-04 5.733E-04 7.743E-04 1.151E-03 1.367E-03 1.422E-03 1.740E-03 1.881E-03 1.994E-03 2.046E-03 2.091E-03 2.106E-03 2.155E-03 2.262E-03 2.356E-03 2.386E-03 2.463E-03 2.734E-03
  1.700E+02  6.847E-03 5.665E-03 5.465E-03 5.700E-03 6.126E-03 6.069E-03 6.285E-03 6.550E-03 6.604E-03 6.888E-03 6.876E-03 7.726E-03 7.873E-03 7.549E-03 9.555E-03 8.739E-03 1.085E-02 7.950E-03 6.690E-03 1.175E-03 1.267E-03 3.242E-03 8.676E-03 1.644E-02 1.426E-02 7.060E-03 8.121E-03 7.956E-03 5.508E-04 9.963E-04 2.440E-03 3.068E-03 2.570E-03 2.299E-03 2.028E-03 1.864E-03 1.585E-03 1.381E-03 1.092E-03 8.276E-04 6.668E-04 3.305E-04 2.551E-04 2.671E-04 5.734E-04 7.745E-04 1.152E-03 1.367E-03 1.423E-03 1.741E-03 1.883E-03 1.997E-03 2.048E-03 2.094E-03 2.109E-03 2.159E-03 2.266E-03 2.361E-03 2.391E-03 2.469E-03 2.740E-03
  1.720E+02  6.952E-03 6.067E-03 5.952E-03 5.930E-03 5.943E-03 6.200E-03 6.390E-03 7.322E-03 6.844E-03 7.285E-03 7.596E-03 7.961E-03 8.469E-03 8.013E-03 1.023E-02 9.759E-03 1.052E-02 9.354E-03 8.294E-03 1.175E-03 1.267E-03 3.099E-03 9.228E-03 1.786E-02 1.497E-02 6.749E-03 7.650E-03 7.612E-03 5.411E-04 9.438E-04 2.051E-03 2.616E-03 2.214E-03 1.993E-03 1.767E-03 1.631E-03 1.401E-03 1.233E-03 9.909E-04 7.667E-04 6.275E-04 3.256E-04 2.548E-04 2.673E-04 5.736E-04 7.748E-04 1.153E-03 1.368E-03 1.424E-03 1.743E-03 1.885E-03 2.000E-03 2.052E-03 2.098E-03 2.113E-03 2.164E-03 2.272E-03 2.367E-03 2.398E-03 2.476E-03 2.747E-03
  1.740E+02  6.855E-03 6.280E-03 6.238E-03 6.489E-03 6.432E-03 6.892E-03 7.369E-03 7.544E-03 7.899E-03 8.236E-03 8.813E-03 8.814E-03 9.826E-03 1.045E-02 1.151E-02 1.155E-02 1.308E-02 1.029E-02 7.713E-03 1.175E-03 1.279E-03 2.877E-03 9.980E-03 1.934E-02 1.533E-02 5.957E-03 6.624E-03 6.310E-03 5.326E-04 9.192E-04 1.737E-03 2.110E-03 1.775E-03 1.603E-03 1.432E-03 1.329E-03 1.154E-03 1.027E-03 8.449E-04 6.740E-04 5.662E-04 3.187E-04 2.547E-04 2.675E-04 5.739E-04 7.751E-04 1.153E-03 1.369E-03 1.425E-03 1.745E-03 1.887E-03 2.002E-03 2.055E-03 2.102E-03 2.118E-03 2.169E-03 2.278E-03 2.375E-03 2.405E-03 2.482E-03 2.754E-03
  1.760E+02  7.648E-03 7.049E-03 6.827E-03 7.203E-03 8.025E-03 8.419E-03 9.401E-03 8.717E-03 9.641E-03 1.035E-02 1.066E-02 1.191E-02 1.232E-02 1.330E-02 1.631E-02 1.546E-02 1.840E-02 1.281E-02 8.205E-03 1.175E-03 1.299E-03 2.642E-03 9.503E-03 2.035E-02 1.550E-02 5.539E-03 6.130E-03 5.599E-03 5.287E-04 9.284E-04 1.740E-03 1.987E-03 1.619E-03 1.450E-03 1.285E-03 1.191E-03 1.028E-03 9.120E-04 7.530E-04 6.088E-04 5.198E-04 3.133E-04 2.548E-04 2.677E-04 5.740E-04 7.754E-04 1.154E-03 1.370E-03 1.426E-03 1.746E-03 1.889E-03 2.005E-03 2.058E-03 2.106E-03 2.122E-03 2.173E-03 2.284E-03 2.381E-03 2.411E-03 2.488E-03 2.759E-03
  1.780E+02  1.130E-02 1.077E-02 1.021E-02 1.134E-02 1.295E-02 1.391E-02 1.474E-02 1.558E-02 1.526E-02 1.616E-02 1.713E-02 1.849E-02 2.045E-02 2.123E-02 2.180E-02 1.950E-02 2.106E-02 1.395E-02 1.016E-02 1.176E-03 1.318E-03 2.792E-03 8.080E-03 1.799E-02 1.455E-02 6.248E-03 7.050E-03 6.682E-03 5.290E-04 9.537E-04 2.023E-03 2.335E-03 1.852E-03 1.637E-03 1.420E-03 1.301E-03 1.101E-03 9.600E-04 7.722E-04 6.114E-04 5.170E-04 3.123E-04 2.551E-04 2.679E-04 5.742E-04 7.756E-04 1.154E-03 1.371E-03 1.426E-03 1.747E-03 1.891E-03 2.007E-03 2.060E-03 2.108E-03 2.125E-03 2.177E-03 2.287E-03 2.385E-03 2.416E-03 2.492E-03 2.762E-03
  1.800E+02  3.786E-02 4.596E-02 4.552E-02 4.625E-02 4.345E-02 4.544E-02 5.198E-02 4.672E-02 5.466E-02 4.877E-02 4.393E-02 4.939E-02 4.527E-02 4.402E-02 4.681E-02 3.009E-02 4.166E-02 2.004E-02 1.520E-02 1.178E-03 1.326E-03 3.126E-03 9.171E-03 1.992E-02 1.679E-02 7.426E-03 8.405E-03 8.072E-03 5.298E-04 9.667E-04 2.203E-03 2.599E-03 2.045E-03 1.798E-03 1.545E-03 1.407E-03 1.180E-03 1.020E-03 8.080E-04 6.298E-04 5.271E-04 3.131E-04 2.553E-04 2.679E-04 5.742E-04 7.756E-04 1.154E-03 1.371E-03 1.427E-03 1.748E-03 1.891E-03 2.007E-03 2.060E-03 2.109E-03 2.126E-03 2.178E-03 2.289E-03 2.387E-03 2.417E-03 2.493E-03 2.764E-03
