# sea salt (coa., 90%)
#
# size distribution: lognormal
# ------------------
#
#   minimum radius, [um]:      9.900E-03
#   maximum radius, [um]:      1.000E+02
#                  sigma:      2.030E+00
#       Rmod (wet), [um]:      4.180E+00
#       Rmod (dry), [um]:      1.750E+00
#
# optical parameters:
# -------------------
#
# wavelength ext.coef  sca.coef  abs.coef  si.sc.alb  asym.par  ext.nor    ref.real  ref.imag
#     [um]     [1/km]    [1/km]    [1/km]
#
#  2.500E-01 3.063E-01 3.062E-01 7.832E-05 9.997E-01 0.849E+00 9.830E-01  1.373E+00 -3.979E-07
#  3.000E-01 3.074E-01 3.074E-01 2.706E-05 9.999E-01 0.855E+00 9.866E-01  1.361E+00 -1.616E-07
#  3.500E-01 3.084E-01 3.084E-01 4.155E-06 1.000E+00 0.854E+00 9.899E-01  1.355E+00 -2.980E-08
#  4.000E-01 3.094E-01 3.094E-01 3.872E-07 1.000E+00 0.862E+00 9.929E-01  1.351E+00 -3.925E-09
#  4.500E-01 3.105E-01 3.105E-01 4.626E-07 1.000E+00 0.864E+00 9.965E-01  1.349E+00 -2.728E-09
#  5.000E-01 3.110E-01 3.110E-01 2.596E-07 1.000E+00 0.860E+00 9.983E-01  1.347E+00 -2.064E-09
#  5.500E-01 3.116E-01 3.116E-01 2.971E-07 1.000E+00 0.860E+00 1.000E+00  1.345E+00 -2.550E-09
#  6.000E-01 3.126E-01 3.126E-01 9.877E-07 1.000E+00 0.862E+00 1.003E+00  1.344E+00 -1.127E-08
#  6.500E-01 3.136E-01 3.136E-01 1.308E-06 1.000E+00 0.857E+00 1.006E+00  1.343E+00 -1.831E-08
#  7.000E-01 3.143E-01 3.143E-01 3.316E-06 1.000E+00 0.857E+00 1.009E+00  1.343E+00 -4.572E-08
#  7.500E-01 3.152E-01 3.152E-01 1.610E-05 9.999E-01 0.858E+00 1.012E+00  1.342E+00 -2.238E-07
#  8.000E-01 3.158E-01 3.158E-01 1.709E-05 9.999E-01 0.862E+00 1.014E+00  1.340E+00 -2.589E-07
#  9.000E-01 3.170E-01 3.168E-01 2.091E-04 9.993E-01 0.860E+00 1.018E+00  1.339E+00 -3.562E-06
#  1.000E+00 3.190E-01 3.183E-01 6.944E-04 9.978E-01 0.855E+00 1.024E+00  1.337E+00 -1.302E-05
#  1.250E+00 3.224E-01 3.209E-01 1.524E-03 9.953E-01 0.850E+00 1.035E+00  1.334E+00 -3.433E-05
#  1.500E+00 3.246E-01 3.170E-01 7.620E-03 9.765E-01 0.852E+00 1.042E+00  1.331E+00 -2.272E-04
#  1.750E+00 3.285E-01 3.241E-01 4.399E-03 9.866E-01 0.846E+00 1.054E+00  1.323E+00 -1.486E-04
#  2.000E+00 3.318E-01 3.069E-01 2.497E-02 9.247E-01 0.854E+00 1.065E+00  1.317E+00 -1.093E-03
#  2.500E+00 3.417E-01 3.086E-01 3.313E-02 9.030E-01 0.865E+00 1.097E+00  1.273E+00 -1.906E-03
#  3.000E+00 3.332E-01 1.705E-01 1.627E-01 5.118E-01 0.948E+00 1.069E+00  1.389E+00 -2.528E-01
#  3.200E+00 3.411E-01 1.782E-01 1.629E-01 5.225E-01 0.934E+00 1.095E+00  1.479E+00 -8.584E-02
#  3.390E+00 3.463E-01 2.184E-01 1.279E-01 6.306E-01 0.879E+00 1.111E+00  1.427E+00 -2.160E-02
#  3.500E+00 3.488E-01 2.654E-01 8.345E-02 7.608E-01 0.838E+00 1.120E+00  1.406E+00 -8.828E-03
#  3.750E+00 3.539E-01 3.131E-01 4.083E-02 8.846E-01 0.811E+00 1.136E+00  1.376E+00 -3.346E-03
#  4.000E+00 3.580E-01 3.104E-01 4.765E-02 8.669E-01 0.819E+00 1.149E+00  1.360E+00 -4.365E-03
#  4.500E+00 3.644E-01 2.749E-01 8.953E-02 7.543E-01 0.851E+00 1.169E+00  1.344E+00 -1.252E-02
#  5.000E+00 3.707E-01 2.895E-01 8.127E-02 7.808E-01 0.846E+00 1.190E+00  1.336E+00 -1.167E-02
#  5.500E+00 3.771E-01 3.039E-01 7.327E-02 8.057E-01 0.855E+00 1.210E+00  1.307E+00 -1.101E-02
#  6.000E+00 3.525E-01 1.875E-01 1.650E-01 5.320E-01 0.936E+00 1.131E+00  1.276E+00 -9.996E-02
#  6.200E+00 3.669E-01 2.024E-01 1.645E-01 5.517E-01 0.906E+00 1.178E+00  1.380E+00 -8.316E-02
#  6.500E+00 3.773E-01 2.476E-01 1.298E-01 6.561E-01 0.875E+00 1.211E+00  1.348E+00 -3.669E-02
#  7.200E+00 3.808E-01 2.669E-01 1.139E-01 7.010E-01 0.873E+00 1.222E+00  1.320E+00 -3.026E-02
#  7.900E+00 3.784E-01 2.666E-01 1.118E-01 7.044E-01 0.881E+00 1.215E+00  1.302E+00 -3.237E-02
#  8.200E+00 3.763E-01 2.641E-01 1.122E-01 7.018E-01 0.884E+00 1.208E+00  1.296E+00 -3.399E-02
#  8.500E+00 3.741E-01 2.610E-01 1.131E-01 6.976E-01 0.886E+00 1.201E+00  1.293E+00 -3.591E-02
#  8.700E+00 3.738E-01 2.596E-01 1.143E-01 6.943E-01 0.885E+00 1.200E+00  1.296E+00 -3.732E-02
#  9.000E+00 3.706E-01 2.560E-01 1.145E-01 6.909E-01 0.887E+00 1.189E+00  1.290E+00 -3.903E-02
#  9.200E+00 3.661E-01 2.516E-01 1.145E-01 6.873E-01 0.892E+00 1.175E+00  1.281E+00 -4.038E-02
#  9.500E+00 3.584E-01 2.440E-01 1.144E-01 6.808E-01 0.898E+00 1.150E+00  1.268E+00 -4.246E-02
#  9.800E+00 3.484E-01 2.331E-01 1.153E-01 6.692E-01 0.904E+00 1.118E+00  1.253E+00 -4.556E-02
#  1.000E+01 3.396E-01 2.235E-01 1.161E-01 6.582E-01 0.909E+00 1.090E+00  1.242E+00 -4.817E-02
#  1.060E+01 3.039E-01 1.806E-01 1.233E-01 5.943E-01 0.925E+00 9.752E-01  1.203E+00 -6.348E-02
#  1.100E+01 2.789E-01 1.432E-01 1.358E-01 5.133E-01 0.932E+00 8.952E-01  1.177E+00 -9.072E-02
#  1.150E+01 2.635E-01 1.162E-01 1.473E-01 4.410E-01 0.932E+00 8.457E-01  1.152E+00 -1.326E-01
#  1.250E+01 2.790E-01 1.141E-01 1.649E-01 4.089E-01 0.912E+00 8.954E-01  1.145E+00 -2.412E-01
#  1.300E+01 2.911E-01 1.206E-01 1.706E-01 4.141E-01 0.901E+00 9.344E-01  1.165E+00 -2.839E-01
#  1.400E+01 3.107E-01 1.318E-01 1.789E-01 4.243E-01 0.881E+00 9.971E-01  1.225E+00 -3.445E-01
#  1.480E+01 3.205E-01 1.376E-01 1.830E-01 4.291E-01 0.869E+00 1.029E+00  1.271E+00 -3.691E-01
#  1.500E+01 3.230E-01 1.391E-01 1.840E-01 4.305E-01 0.866E+00 1.037E+00  1.283E+00 -3.751E-01
#  1.640E+01 3.364E-01 1.471E-01 1.893E-01 4.372E-01 0.846E+00 1.080E+00  1.362E+00 -4.023E-01
#  1.720E+01 3.437E-01 1.519E-01 1.917E-01 4.421E-01 0.835E+00 1.103E+00  1.412E+00 -4.063E-01
#  1.800E+01 3.482E-01 1.551E-01 1.931E-01 4.454E-01 0.826E+00 1.117E+00  1.449E+00 -4.043E-01
#  1.850E+01 3.500E-01 1.564E-01 1.935E-01 4.470E-01 0.820E+00 1.123E+00  1.467E+00 -4.000E-01
#  2.000E+01 3.516E-01 1.586E-01 1.930E-01 4.511E-01 0.809E+00 1.128E+00  1.501E+00 -3.753E-01
#  2.130E+01 3.497E-01 1.579E-01 1.918E-01 4.515E-01 0.800E+00 1.122E+00  1.511E+00 -3.633E-01
#  2.250E+01 3.486E-01 1.578E-01 1.909E-01 4.525E-01 0.791E+00 1.119E+00  1.525E+00 -3.561E-01
#  2.500E+01 3.450E-01 1.566E-01 1.883E-01 4.540E-01 0.774E+00 1.107E+00  1.548E+00 -3.449E-01
#  2.790E+01 3.381E-01 1.538E-01 1.844E-01 4.548E-01 0.755E+00 1.085E+00  1.565E+00 -3.343E-01
#  3.000E+01 3.304E-01 1.500E-01 1.804E-01 4.539E-01 0.745E+00 1.060E+00  1.567E+00 -3.259E-01
#  3.500E+01 3.085E-01 1.331E-01 1.754E-01 4.315E-01 0.722E+00 9.902E-01  1.549E+00 -3.480E-01
#  4.000E+01 2.967E-01 1.173E-01 1.795E-01 3.952E-01 0.691E+00 9.523E-01  1.535E+00 -4.301E-01
#
# volume phase function [1/km]:
# -----------------------------
#
# sca.ang. | wavelengths --->
# ---------|------------------
#          | 2.500E-01 3.000E-01 3.500E-01 4.000E-01 4.500E-01 5.000E-01 5.500E-01 6.000E-01 6.500E-01 7.000E-01 7.500E-01 8.000E-01 9.000E-01 1.000E+00 1.250E+00 1.500E+00 1.750E+00 2.000E+00 2.500E+00 3.000E+00 3.200E+00 3.390E+00 3.500E+00 3.750E+00 4.000E+00 4.500E+00 5.000E+00 5.500E+00 6.000E+00 6.200E+00 6.500E+00 7.200E+00 7.900E+00 8.200E+00 8.500E+00 8.700E+00 9.000E+00 9.200E+00 9.500E+00 9.800E+00 1.000E+01 1.060E+01 1.100E+01 1.150E+01 1.250E+01 1.300E+01 1.400E+01 1.480E+01 1.500E+01 1.640E+01 1.720E+01 1.800E+01 1.850E+01 2.000E+01 2.130E+01 2.250E+01 2.500E+01 2.790E+01 3.000E+01 3.500E+01 4.000E+01
#
  0.000E+00  2.597E+03 1.810E+03 1.327E+03 1.027E+03 8.137E+02 6.602E+02 5.470E+02 4.602E+02 3.947E+02 3.413E+02 2.978E+02 2.619E+02 2.083E+02 1.698E+02 1.098E+02 7.698E+01 5.726E+01 4.423E+01 2.901E+01 1.997E+01 1.784E+01 1.608E+01 1.520E+01 1.339E+01 1.188E+01 9.537E+00 7.881E+00 6.686E+00 5.433E+00 5.161E+00 4.833E+00 4.079E+00 3.487E+00 3.273E+00 3.074E+00 2.947E+00 2.781E+00 2.681E+00 2.538E+00 2.399E+00 2.307E+00 1.979E+00 1.681E+00 1.383E+00 1.141E+00 1.088E+00 9.922E-01 9.167E-01 8.995E-01 7.873E-01 7.343E-01 6.837E-01 6.540E-01 5.745E-01 5.145E-01 4.682E-01 3.904E-01 3.226E-01 2.833E-01 2.081E-01 1.555E-01
  1.000E-01  1.486E+03 1.183E+03 9.546E+02 7.880E+02 6.559E+02 5.521E+02 4.710E+02 4.049E+02 3.537E+02 3.102E+02 2.739E+02 2.432E+02 1.964E+02 1.619E+02 1.065E+02 7.533E+01 5.636E+01 4.369E+01 2.879E+01 1.986E+01 1.775E+01 1.601E+01 1.514E+01 1.334E+01 1.185E+01 9.514E+00 7.866E+00 6.676E+00 5.426E+00 5.155E+00 4.828E+00 4.075E+00 3.485E+00 3.270E+00 3.072E+00 2.945E+00 2.779E+00 2.679E+00 2.537E+00 2.398E+00 2.305E+00 1.979E+00 1.680E+00 1.382E+00 1.141E+00 1.088E+00 9.920E-01 9.164E-01 8.993E-01 7.872E-01 7.341E-01 6.836E-01 6.539E-01 5.744E-01 5.144E-01 4.682E-01 3.904E-01 3.225E-01 2.833E-01 2.081E-01 1.555E-01
  2.000E-01  6.831E+02 6.124E+02 5.444E+02 4.820E+02 4.267E+02 3.780E+02 3.371E+02 3.010E+02 2.717E+02 2.451E+02 2.217E+02 2.010E+02 1.680E+02 1.421E+02 9.765E+01 7.081E+01 5.383E+01 4.217E+01 2.814E+01 1.954E+01 1.750E+01 1.581E+01 1.496E+01 1.321E+01 1.174E+01 9.447E+00 7.821E+00 6.644E+00 5.404E+00 5.135E+00 4.812E+00 4.064E+00 3.477E+00 3.264E+00 3.066E+00 2.940E+00 2.775E+00 2.675E+00 2.533E+00 2.395E+00 2.302E+00 1.976E+00 1.678E+00 1.380E+00 1.140E+00 1.087E+00 9.912E-01 9.158E-01 8.987E-01 7.867E-01 7.338E-01 6.833E-01 6.536E-01 5.742E-01 5.142E-01 4.680E-01 3.903E-01 3.225E-01 2.833E-01 2.081E-01 1.555E-01
  3.000E-01  3.415E+02 3.331E+02 3.165E+02 2.970E+02 2.759E+02 2.543E+02 2.347E+02 2.160E+02 2.001E+02 1.848E+02 1.707E+02 1.579E+02 1.364E+02 1.187E+02 8.593E+01 6.442E+01 5.009E+01 3.986E+01 2.712E+01 1.903E+01 1.710E+01 1.548E+01 1.467E+01 1.299E+01 1.157E+01 9.336E+00 7.747E+00 6.593E+00 5.368E+00 5.103E+00 4.785E+00 4.046E+00 3.464E+00 3.252E+00 3.057E+00 2.931E+00 2.767E+00 2.668E+00 2.527E+00 2.389E+00 2.297E+00 1.972E+00 1.675E+00 1.378E+00 1.138E+00 1.085E+00 9.898E-01 9.147E-01 8.976E-01 7.860E-01 7.331E-01 6.827E-01 6.531E-01 5.738E-01 5.139E-01 4.678E-01 3.901E-01 3.224E-01 2.832E-01 2.080E-01 1.554E-01
  4.000E-01  1.858E+02 1.928E+02 1.933E+02 1.893E+02 1.826E+02 1.740E+02 1.651E+02 1.560E+02 1.478E+02 1.393E+02 1.310E+02 1.232E+02 1.094E+02 9.746E+01 7.394E+01 5.733E+01 4.571E+01 3.704E+01 2.582E+01 1.836E+01 1.657E+01 1.505E+01 1.429E+01 1.269E+01 1.133E+01 9.187E+00 7.646E+00 6.523E+00 5.318E+00 5.059E+00 4.747E+00 4.020E+00 3.446E+00 3.237E+00 3.043E+00 2.919E+00 2.756E+00 2.658E+00 2.518E+00 2.381E+00 2.290E+00 1.966E+00 1.670E+00 1.374E+00 1.135E+00 1.083E+00 9.880E-01 9.132E-01 8.962E-01 7.849E-01 7.322E-01 6.820E-01 6.524E-01 5.733E-01 5.135E-01 4.674E-01 3.899E-01 3.222E-01 2.831E-01 2.080E-01 1.554E-01
  5.000E-01  1.087E+02 1.181E+02 1.234E+02 1.250E+02 1.244E+02 1.218E+02 1.183E+02 1.144E+02 1.103E+02 1.058E+02 1.011E+02 9.646E+01 8.785E+01 7.990E+01 6.315E+01 5.043E+01 4.119E+01 3.400E+01 2.433E+01 1.757E+01 1.594E+01 1.453E+01 1.383E+01 1.233E+01 1.105E+01 9.001E+00 7.521E+00 6.434E+00 5.255E+00 5.003E+00 4.700E+00 3.988E+00 3.424E+00 3.217E+00 3.026E+00 2.903E+00 2.742E+00 2.645E+00 2.507E+00 2.371E+00 2.280E+00 1.959E+00 1.664E+00 1.369E+00 1.131E+00 1.080E+00 9.856E-01 9.112E-01 8.943E-01 7.835E-01 7.311E-01 6.810E-01 6.515E-01 5.727E-01 5.130E-01 4.670E-01 3.896E-01 3.220E-01 2.829E-01 2.079E-01 1.554E-01
  6.000E-01  6.756E+01 7.601E+01 8.195E+01 8.523E+01 8.701E+01 8.733E+01 8.643E+01 8.519E+01 8.344E+01 8.121E+01 7.871E+01 7.609E+01 7.083E+01 6.567E+01 5.390E+01 4.419E+01 3.688E+01 3.097E+01 2.275E+01 1.670E+01 1.523E+01 1.395E+01 1.330E+01 1.192E+01 1.072E+01 8.785E+00 7.373E+00 6.330E+00 5.181E+00 4.937E+00 4.644E+00 3.950E+00 3.396E+00 3.194E+00 3.005E+00 2.884E+00 2.725E+00 2.630E+00 2.493E+00 2.359E+00 2.269E+00 1.950E+00 1.656E+00 1.363E+00 1.127E+00 1.076E+00 9.827E-01 9.088E-01 8.921E-01 7.819E-01 7.297E-01 6.798E-01 6.505E-01 5.719E-01 5.124E-01 4.665E-01 3.892E-01 3.218E-01 2.827E-01 2.078E-01 1.553E-01
  7.000E-01  4.414E+01 5.100E+01 5.634E+01 5.980E+01 6.238E+01 6.396E+01 6.432E+01 6.449E+01 6.396E+01 6.307E+01 6.190E+01 6.055E+01 5.747E+01 5.419E+01 4.606E+01 3.871E+01 3.295E+01 2.810E+01 2.116E+01 1.579E+01 1.448E+01 1.332E+01 1.274E+01 1.147E+01 1.036E+01 8.544E+00 7.206E+00 6.211E+00 5.096E+00 4.860E+00 4.580E+00 3.905E+00 3.365E+00 3.166E+00 2.981E+00 2.862E+00 2.706E+00 2.612E+00 2.477E+00 2.345E+00 2.256E+00 1.939E+00 1.647E+00 1.356E+00 1.122E+00 1.072E+00 9.794E-01 9.061E-01 8.894E-01 7.800E-01 7.280E-01 6.784E-01 6.492E-01 5.709E-01 5.116E-01 4.659E-01 3.888E-01 3.215E-01 2.825E-01 2.076E-01 1.552E-01
  8.000E-01  3.005E+01 3.546E+01 3.979E+01 4.303E+01 4.573E+01 4.773E+01 4.869E+01 4.953E+01 4.968E+01 4.956E+01 4.918E+01 4.861E+01 4.694E+01 4.497E+01 3.944E+01 3.395E+01 2.943E+01 2.546E+01 1.961E+01 1.486E+01 1.370E+01 1.267E+01 1.215E+01 1.099E+01 9.974E+00 8.283E+00 7.024E+00 6.080E+00 5.002E+00 4.776E+00 4.508E+00 3.856E+00 3.329E+00 3.135E+00 2.954E+00 2.837E+00 2.684E+00 2.591E+00 2.459E+00 2.328E+00 2.241E+00 1.927E+00 1.638E+00 1.348E+00 1.117E+00 1.067E+00 9.755E-01 9.029E-01 8.863E-01 7.777E-01 7.261E-01 6.768E-01 6.478E-01 5.698E-01 5.107E-01 4.652E-01 3.883E-01 3.212E-01 2.823E-01 2.075E-01 1.551E-01
  9.000E-01  2.118E+01 2.541E+01 2.887E+01 3.171E+01 3.424E+01 3.623E+01 3.745E+01 3.853E+01 3.908E+01 3.939E+01 3.947E+01 3.937E+01 3.861E+01 3.755E+01 3.388E+01 2.981E+01 2.630E+01 2.307E+01 1.814E+01 1.395E+01 1.293E+01 1.202E+01 1.155E+01 1.050E+01 9.574E+00 8.007E+00 6.829E+00 5.938E+00 4.899E+00 4.683E+00 4.429E+00 3.801E+00 3.290E+00 3.100E+00 2.923E+00 2.809E+00 2.659E+00 2.568E+00 2.439E+00 2.310E+00 2.224E+00 1.914E+00 1.626E+00 1.339E+00 1.110E+00 1.061E+00 9.711E-01 8.993E-01 8.829E-01 7.752E-01 7.240E-01 6.750E-01 6.461E-01 5.686E-01 5.098E-01 4.644E-01 3.878E-01 3.208E-01 2.820E-01 2.073E-01 1.550E-01
  1.000E+00  1.541E+01 1.865E+01 2.145E+01 2.391E+01 2.613E+01 2.791E+01 2.923E+01 3.033E+01 3.112E+01 3.165E+01 3.198E+01 3.215E+01 3.197E+01 3.153E+01 2.920E+01 2.622E+01 2.353E+01 2.091E+01 1.678E+01 1.307E+01 1.218E+01 1.137E+01 1.095E+01 1.001E+01 9.167E+00 7.722E+00 6.624E+00 5.789E+00 4.789E+00 4.584E+00 4.344E+00 3.741E+00 3.247E+00 3.063E+00 2.890E+00 2.778E+00 2.632E+00 2.544E+00 2.416E+00 2.291E+00 2.206E+00 1.899E+00 1.614E+00 1.329E+00 1.103E+00 1.055E+00 9.663E-01 8.953E-01 8.791E-01 7.724E-01 7.217E-01 6.730E-01 6.443E-01 5.672E-01 5.087E-01 4.635E-01 3.872E-01 3.204E-01 2.817E-01 2.072E-01 1.549E-01
  1.100E+00  1.152E+01 1.396E+01 1.631E+01 1.839E+01 2.030E+01 2.181E+01 2.312E+01 2.415E+01 2.506E+01 2.568E+01 2.614E+01 2.646E+01 2.666E+01 2.663E+01 2.526E+01 2.313E+01 2.107E+01 1.896E+01 1.551E+01 1.223E+01 1.146E+01 1.074E+01 1.037E+01 9.531E+00 8.762E+00 7.433E+00 6.414E+00 5.633E+00 4.674E+00 4.480E+00 4.255E+00 3.678E+00 3.201E+00 3.022E+00 2.855E+00 2.746E+00 2.603E+00 2.517E+00 2.392E+00 2.269E+00 2.186E+00 1.883E+00 1.601E+00 1.319E+00 1.096E+00 1.048E+00 9.610E-01 8.909E-01 8.749E-01 7.694E-01 7.191E-01 6.708E-01 6.423E-01 5.657E-01 5.075E-01 4.625E-01 3.865E-01 3.199E-01 2.813E-01 2.070E-01 1.548E-01
  1.200E+00  8.799E+00 1.067E+01 1.263E+01 1.440E+01 1.601E+01 1.727E+01 1.850E+01 1.946E+01 2.037E+01 2.103E+01 2.156E+01 2.196E+01 2.237E+01 2.262E+01 2.194E+01 2.045E+01 1.890E+01 1.721E+01 1.435E+01 1.145E+01 1.077E+01 1.014E+01 9.814E+00 9.060E+00 8.363E+00 7.143E+00 6.201E+00 5.473E+00 4.555E+00 4.372E+00 4.161E+00 3.611E+00 3.152E+00 2.979E+00 2.817E+00 2.711E+00 2.572E+00 2.488E+00 2.367E+00 2.246E+00 2.164E+00 1.866E+00 1.586E+00 1.307E+00 1.087E+00 1.041E+00 9.553E-01 8.862E-01 8.704E-01 7.660E-01 7.162E-01 6.684E-01 6.401E-01 5.640E-01 5.062E-01 4.614E-01 3.858E-01 3.194E-01 2.809E-01 2.068E-01 1.547E-01
  1.300E+00  6.816E+00 8.320E+00 9.936E+00 1.144E+01 1.280E+01 1.385E+01 1.497E+01 1.585E+01 1.671E+01 1.736E+01 1.792E+01 1.837E+01 1.891E+01 1.931E+01 1.913E+01 1.813E+01 1.699E+01 1.563E+01 1.327E+01 1.071E+01 1.012E+01 9.566E+00 9.280E+00 8.606E+00 7.975E+00 6.857E+00 5.986E+00 5.310E+00 4.433E+00 4.261E+00 4.065E+00 3.542E+00 3.101E+00 2.934E+00 2.777E+00 2.674E+00 2.539E+00 2.457E+00 2.339E+00 2.222E+00 2.141E+00 1.848E+00 1.571E+00 1.295E+00 1.078E+00 1.033E+00 9.492E-01 8.811E-01 8.656E-01 7.625E-01 7.132E-01 6.658E-01 6.378E-01 5.623E-01 5.047E-01 4.602E-01 3.850E-01 3.189E-01 2.805E-01 2.065E-01 1.545E-01
  1.400E+00  5.358E+00 6.619E+00 7.950E+00 9.209E+00 1.036E+01 1.126E+01 1.224E+01 1.306E+01 1.382E+01 1.445E+01 1.501E+01 1.548E+01 1.608E+01 1.657E+01 1.674E+01 1.611E+01 1.530E+01 1.422E+01 1.228E+01 1.002E+01 9.514E+00 9.024E+00 8.773E+00 8.172E+00 7.601E+00 6.576E+00 5.774E+00 5.147E+00 4.309E+00 4.148E+00 3.966E+00 3.470E+00 3.048E+00 2.887E+00 2.735E+00 2.635E+00 2.505E+00 2.426E+00 2.311E+00 2.196E+00 2.117E+00 1.829E+00 1.555E+00 1.282E+00 1.069E+00 1.025E+00 9.426E-01 8.757E-01 8.604E-01 7.586E-01 7.100E-01 6.630E-01 6.352E-01 5.604E-01 5.032E-01 4.590E-01 3.841E-01 3.183E-01 2.801E-01 2.063E-01 1.544E-01
  1.500E+00  4.335E+00 5.376E+00 6.471E+00 7.501E+00 8.470E+00 9.270E+00 1.012E+01 1.087E+01 1.153E+01 1.212E+01 1.268E+01 1.313E+01 1.376E+01 1.429E+01 1.470E+01 1.436E+01 1.380E+01 1.296E+01 1.138E+01 9.380E+00 8.942E+00 8.512E+00 8.293E+00 7.758E+00 7.242E+00 6.303E+00 5.564E+00 4.984E+00 4.185E+00 4.033E+00 3.866E+00 3.397E+00 2.993E+00 2.839E+00 2.692E+00 2.595E+00 2.469E+00 2.392E+00 2.281E+00 2.169E+00 2.092E+00 1.808E+00 1.538E+00 1.268E+00 1.059E+00 1.016E+00 9.357E-01 8.699E-01 8.549E-01 7.546E-01 7.065E-01 6.601E-01 6.326E-01 5.583E-01 5.016E-01 4.577E-01 3.832E-01 3.177E-01 2.796E-01 2.060E-01 1.542E-01
  1.600E+00  3.601E+00 4.463E+00 5.337E+00 6.173E+00 6.986E+00 7.721E+00 8.451E+00 9.132E+00 9.700E+00 1.024E+01 1.078E+01 1.122E+01 1.184E+01 1.238E+01 1.296E+01 1.283E+01 1.247E+01 1.182E+01 1.054E+01 8.781E+00 8.406E+00 8.031E+00 7.840E+00 7.366E+00 6.899E+00 6.039E+00 5.359E+00 4.823E+00 4.060E+00 3.919E+00 3.765E+00 3.322E+00 2.937E+00 2.789E+00 2.648E+00 2.554E+00 2.432E+00 2.358E+00 2.250E+00 2.141E+00 2.066E+00 1.787E+00 1.520E+00 1.254E+00 1.049E+00 1.007E+00 9.284E-01 8.639E-01 8.491E-01 7.503E-01 7.028E-01 6.569E-01 6.297E-01 5.562E-01 4.999E-01 4.563E-01 3.822E-01 3.171E-01 2.791E-01 2.057E-01 1.541E-01
  1.700E+00  3.050E+00 3.764E+00 4.461E+00 5.122E+00 5.808E+00 6.497E+00 7.119E+00 7.737E+00 8.223E+00 8.712E+00 9.223E+00 9.636E+00 1.024E+01 1.078E+01 1.147E+01 1.149E+01 1.130E+01 1.081E+01 9.779E+00 8.222E+00 7.903E+00 7.578E+00 7.413E+00 6.994E+00 6.572E+00 5.784E+00 5.159E+00 4.665E+00 3.937E+00 3.805E+00 3.665E+00 3.247E+00 2.880E+00 2.738E+00 2.602E+00 2.512E+00 2.394E+00 2.323E+00 2.218E+00 2.112E+00 2.039E+00 1.766E+00 1.501E+00 1.239E+00 1.038E+00 9.971E-01 9.208E-01 8.575E-01 8.430E-01 7.457E-01 6.990E-01 6.536E-01 6.267E-01 5.539E-01 4.981E-01 4.548E-01 3.812E-01 3.164E-01 2.786E-01 2.054E-01 1.539E-01
  1.800E+00  2.613E+00 3.205E+00 3.745E+00 4.289E+00 4.873E+00 5.511E+00 6.045E+00 6.597E+00 7.022E+00 7.466E+00 7.938E+00 8.319E+00 8.903E+00 9.426E+00 1.017E+01 1.032E+01 1.025E+01 9.889E+00 9.079E+00 7.702E+00 7.432E+00 7.151E+00 7.010E+00 6.641E+00 6.262E+00 5.540E+00 4.965E+00 4.510E+00 3.815E+00 3.692E+00 3.565E+00 3.171E+00 2.822E+00 2.686E+00 2.556E+00 2.469E+00 2.355E+00 2.286E+00 2.185E+00 2.083E+00 2.012E+00 1.743E+00 1.482E+00 1.223E+00 1.027E+00 9.871E-01 9.128E-01 8.508E-01 8.366E-01 7.410E-01 6.949E-01 6.502E-01 6.236E-01 5.515E-01 4.962E-01 4.532E-01 3.801E-01 3.157E-01 2.780E-01 2.051E-01 1.537E-01
  1.900E+00  2.252E+00 2.745E+00 3.166E+00 3.641E+00 4.139E+00 4.704E+00 5.174E+00 5.653E+00 6.041E+00 6.442E+00 6.869E+00 7.213E+00 7.773E+00 8.282E+00 9.057E+00 9.292E+00 9.323E+00 9.064E+00 8.437E+00 7.217E+00 6.991E+00 6.750E+00 6.630E+00 6.308E+00 5.966E+00 5.306E+00 4.778E+00 4.359E+00 3.696E+00 3.581E+00 3.465E+00 3.096E+00 2.764E+00 2.634E+00 2.509E+00 2.425E+00 2.316E+00 2.250E+00 2.152E+00 2.052E+00 1.983E+00 1.720E+00 1.463E+00 1.207E+00 1.015E+00 9.767E-01 9.046E-01 8.439E-01 8.300E-01 7.361E-01 6.907E-01 6.466E-01 6.203E-01 5.490E-01 4.941E-01 4.515E-01 3.790E-01 3.149E-01 2.774E-01 2.048E-01 1.535E-01
  2.000E+00  1.946E+00 2.343E+00 2.710E+00 3.137E+00 3.562E+00 4.036E+00 4.460E+00 4.865E+00 5.232E+00 5.593E+00 5.973E+00 6.282E+00 6.818E+00 7.307E+00 8.087E+00 8.388E+00 8.495E+00 8.321E+00 7.849E+00 6.767E+00 6.579E+00 6.373E+00 6.272E+00 5.992E+00 5.686E+00 5.083E+00 4.598E+00 4.213E+00 3.579E+00 3.472E+00 3.368E+00 3.020E+00 2.706E+00 2.582E+00 2.462E+00 2.381E+00 2.276E+00 2.212E+00 2.118E+00 2.022E+00 1.954E+00 1.696E+00 1.442E+00 1.191E+00 1.003E+00 9.661E-01 8.960E-01 8.368E-01 8.231E-01 7.309E-01 6.863E-01 6.428E-01 6.169E-01 5.464E-01 4.921E-01 4.498E-01 3.778E-01 3.141E-01 2.768E-01 2.044E-01 1.533E-01
  3.000E+00  6.979E-01 7.937E-01 8.788E-01 9.924E-01 1.122E+00 1.277E+00 1.400E+00 1.519E+00 1.650E+00 1.779E+00 1.914E+00 2.039E+00 2.288E+00 2.519E+00 3.029E+00 3.392E+00 3.687E+00 3.833E+00 4.025E+00 3.673E+00 3.683E+00 3.674E+00 3.681E+00 3.653E+00 3.563E+00 3.328E+00 3.143E+00 2.996E+00 2.584E+00 2.534E+00 2.512E+00 2.336E+00 2.156E+00 2.080E+00 2.003E+00 1.949E+00 1.880E+00 1.838E+00 1.775E+00 1.706E+00 1.656E+00 1.447E+00 1.229E+00 1.017E+00 8.714E-01 8.478E-01 7.997E-01 7.549E-01 7.445E-01 6.711E-01 6.347E-01 5.982E-01 5.761E-01 5.150E-01 4.667E-01 4.288E-01 3.632E-01 3.041E-01 2.691E-01 2.000E-01 1.506E-01
  4.000E+00  4.001E-01 4.304E-01 4.575E-01 5.097E-01 5.654E-01 6.240E-01 6.740E-01 7.149E-01 7.833E-01 8.361E-01 8.787E-01 9.369E-01 1.048E+00 1.161E+00 1.425E+00 1.664E+00 1.864E+00 2.014E+00 2.273E+00 2.120E+00 2.176E+00 2.224E+00 2.266E+00 2.327E+00 2.318E+00 2.236E+00 2.188E+00 2.159E+00 1.875E+00 1.856E+00 1.879E+00 1.807E+00 1.710E+00 1.665E+00 1.617E+00 1.581E+00 1.537E+00 1.510E+00 1.468E+00 1.420E+00 1.382E+00 1.212E+00 1.026E+00 8.474E-01 7.386E-01 7.259E-01 6.967E-01 6.653E-01 6.578E-01 6.029E-01 5.750E-01 5.458E-01 5.278E-01 4.769E-01 4.355E-01 4.026E-01 3.446E-01 2.912E-01 2.590E-01 1.941E-01 1.470E-01
  5.000E+00  2.768E-01 2.983E-01 3.049E-01 3.407E-01 3.661E-01 3.984E-01 4.289E-01 4.400E-01 4.790E-01 5.048E-01 5.257E-01 5.512E-01 6.061E-01 6.611E-01 8.085E-01 9.540E-01 1.080E+00 1.186E+00 1.399E+00 1.293E+00 1.351E+00 1.411E+00 1.464E+00 1.549E+00 1.569E+00 1.550E+00 1.563E+00 1.590E+00 1.380E+00 1.376E+00 1.422E+00 1.408E+00 1.363E+00 1.339E+00 1.310E+00 1.286E+00 1.259E+00 1.243E+00 1.215E+00 1.180E+00 1.152E+00 1.011E+00 8.508E-01 7.015E-01 6.204E-01 6.153E-01 6.001E-01 5.792E-01 5.742E-01 5.346E-01 5.140E-01 4.914E-01 4.772E-01 4.360E-01 4.014E-01 3.736E-01 3.234E-01 2.762E-01 2.471E-01 1.870E-01 1.425E-01
  6.000E+00  2.226E-01 2.339E-01 2.428E-01 2.630E-01 2.827E-01 2.997E-01 3.129E-01 3.213E-01 3.435E-01 3.576E-01 3.702E-01 3.839E-01 4.178E-01 4.468E-01 5.289E-01 6.153E-01 7.023E-01 7.662E-01 9.314E-01 8.268E-01 8.765E-01 9.349E-01 9.886E-01 1.073E+00 1.102E+00 1.108E+00 1.148E+00 1.199E+00 1.032E+00 1.035E+00 1.092E+00 1.111E+00 1.097E+00 1.085E+00 1.068E+00 1.052E+00 1.036E+00 1.027E+00 1.009E+00 9.839E-01 9.620E-01 8.435E-01 7.054E-01 5.802E-01 5.204E-01 5.205E-01 5.151E-01 5.020E-01 4.988E-01 4.712E-01 4.564E-01 4.393E-01 4.282E-01 3.954E-01 3.669E-01 3.437E-01 3.011E-01 2.599E-01 2.340E-01 1.791E-01 1.375E-01
  8.000E+00  1.721E-01 1.768E-01 1.873E-01 2.011E-01 2.088E-01 2.104E-01 2.193E-01 2.267E-01 2.321E-01 2.378E-01 2.448E-01 2.518E-01 2.656E-01 2.801E-01 3.129E-01 3.401E-01 3.869E-01 4.013E-01 4.999E-01 3.807E-01 4.116E-01 4.585E-01 5.077E-01 5.776E-01 6.046E-01 6.185E-01 6.680E-01 7.299E-01 6.049E-01 6.133E-01 6.737E-01 7.185E-01 7.326E-01 7.326E-01 7.283E-01 7.220E-01 7.175E-01 7.148E-01 7.074E-01 6.932E-01 6.788E-01 5.907E-01 4.870E-01 3.985E-01 3.669E-01 3.730E-01 3.794E-01 3.765E-01 3.757E-01 3.643E-01 3.577E-01 3.485E-01 3.420E-01 3.218E-01 3.028E-01 2.871E-01 2.570E-01 2.265E-01 2.065E-01 1.616E-01 1.261E-01
  1.000E+01  1.509E-01 1.532E-01 1.639E-01 1.743E-01 1.804E-01 1.766E-01 1.802E-01 1.867E-01 1.856E-01 1.886E-01 1.936E-01 2.014E-01 2.112E-01 2.102E-01 2.266E-01 2.375E-01 2.670E-01 2.628E-01 3.244E-01 1.989E-01 2.177E-01 2.549E-01 2.977E-01 3.594E-01 3.781E-01 3.828E-01 4.260E-01 4.816E-01 3.755E-01 3.844E-01 4.406E-01 4.886E-01 5.098E-01 5.137E-01 5.141E-01 5.117E-01 5.117E-01 5.115E-01 5.082E-01 4.988E-01 4.881E-01 4.194E-01 3.406E-01 2.772E-01 2.614E-01 2.695E-01 2.809E-01 2.832E-01 2.837E-01 2.818E-01 2.802E-01 2.760E-01 2.727E-01 2.610E-01 2.487E-01 2.383E-01 2.175E-01 1.952E-01 1.800E-01 1.438E-01 1.140E-01
  1.200E+01  1.395E-01 1.389E-01 1.482E-01 1.570E-01 1.614E-01 1.535E-01 1.568E-01 1.624E-01 1.612E-01 1.630E-01 1.650E-01 1.728E-01 1.746E-01 1.772E-01 1.849E-01 1.904E-01 2.081E-01 1.997E-01 2.384E-01 1.147E-01 1.266E-01 1.575E-01 1.953E-01 2.483E-01 2.612E-01 2.585E-01 2.934E-01 3.398E-01 2.449E-01 2.533E-01 3.033E-01 3.471E-01 3.679E-01 3.724E-01 3.743E-01 3.736E-01 3.750E-01 3.754E-01 3.734E-01 3.661E-01 3.575E-01 3.022E-01 2.418E-01 1.958E-01 1.888E-01 1.972E-01 2.100E-01 2.148E-01 2.159E-01 2.191E-01 2.203E-01 2.192E-01 2.178E-01 2.118E-01 2.042E-01 1.975E-01 1.835E-01 1.676E-01 1.561E-01 1.270E-01 1.021E-01
  1.400E+01  1.260E-01 1.264E-01 1.332E-01 1.426E-01 1.447E-01 1.380E-01 1.403E-01 1.475E-01 1.435E-01 1.446E-01 1.475E-01 1.505E-01 1.519E-01 1.531E-01 1.605E-01 1.591E-01 1.716E-01 1.615E-01 1.884E-01 7.162E-02 7.952E-02 1.062E-01 1.400E-01 1.860E-01 1.950E-01 1.873E-01 2.152E-01 2.528E-01 1.666E-01 1.744E-01 2.183E-01 2.560E-01 2.737E-01 2.778E-01 2.797E-01 2.798E-01 2.813E-01 2.816E-01 2.799E-01 2.736E-01 2.662E-01 2.209E-01 1.743E-01 1.406E-01 1.384E-01 1.462E-01 1.587E-01 1.645E-01 1.658E-01 1.715E-01 1.742E-01 1.750E-01 1.748E-01 1.724E-01 1.679E-01 1.639E-01 1.548E-01 1.437E-01 1.351E-01 1.117E-01 9.096E-02
  1.600E+01  1.141E-01 1.201E-01 1.212E-01 1.274E-01 1.300E-01 1.261E-01 1.255E-01 1.315E-01 1.285E-01 1.292E-01 1.327E-01 1.350E-01 1.348E-01 1.353E-01 1.390E-01 1.379E-01 1.479E-01 1.361E-01 1.545E-01 4.764E-02 5.324E-02 7.687E-02 1.076E-01 1.481E-01 1.542E-01 1.433E-01 1.657E-01 1.958E-01 1.174E-01 1.247E-01 1.631E-01 1.947E-01 2.090E-01 2.121E-01 2.138E-01 2.141E-01 2.153E-01 2.152E-01 2.133E-01 2.077E-01 2.011E-01 1.637E-01 1.275E-01 1.025E-01 1.028E-01 1.098E-01 1.213E-01 1.272E-01 1.286E-01 1.353E-01 1.388E-01 1.405E-01 1.410E-01 1.409E-01 1.385E-01 1.364E-01 1.308E-01 1.231E-01 1.169E-01 9.811E-02 8.082E-02
  1.800E+01  9.952E-02 1.117E-01 1.093E-01 1.148E-01 1.182E-01 1.118E-01 1.132E-01 1.180E-01 1.152E-01 1.158E-01 1.168E-01 1.197E-01 1.191E-01 1.207E-01 1.213E-01 1.223E-01 1.273E-01 1.185E-01 1.304E-01 3.336E-02 3.757E-02 5.893E-02 8.738E-02 1.216E-01 1.263E-01 1.142E-01 1.324E-01 1.563E-01 8.538E-02 9.218E-02 1.257E-01 1.519E-01 1.629E-01 1.652E-01 1.664E-01 1.668E-01 1.676E-01 1.671E-01 1.650E-01 1.598E-01 1.540E-01 1.229E-01 9.455E-02 7.578E-02 7.742E-02 8.346E-02 9.376E-02 9.929E-02 1.006E-01 1.076E-01 1.113E-01 1.136E-01 1.145E-01 1.158E-01 1.148E-01 1.138E-01 1.107E-01 1.056E-01 1.011E-01 8.609E-02 7.171E-02
  2.000E+01  1.002E-01 1.031E-01 9.744E-02 1.023E-01 1.045E-01 1.002E-01 1.016E-01 1.063E-01 1.022E-01 1.026E-01 1.060E-01 1.055E-01 1.055E-01 1.069E-01 1.090E-01 1.066E-01 1.114E-01 1.021E-01 1.109E-01 2.436E-02 2.769E-02 4.722E-02 7.335E-02 1.027E-01 1.061E-01 9.375E-02 1.088E-01 1.275E-01 6.371E-02 7.013E-02 9.946E-02 1.209E-01 1.292E-01 1.308E-01 1.315E-01 1.319E-01 1.324E-01 1.316E-01 1.293E-01 1.244E-01 1.193E-01 9.339E-02 7.106E-02 5.683E-02 5.904E-02 6.422E-02 7.322E-02 7.827E-02 7.952E-02 8.628E-02 8.994E-02 9.241E-02 9.352E-02 9.560E-02 9.552E-02 9.539E-02 9.393E-02 9.077E-02 8.749E-02 7.551E-02 6.357E-02
  2.200E+01  9.086E-02 9.269E-02 8.503E-02 9.014E-02 9.241E-02 8.924E-02 8.960E-02 9.386E-02 9.084E-02 9.104E-02 9.337E-02 9.602E-02 9.555E-02 9.454E-02 9.530E-02 9.337E-02 9.848E-02 8.889E-02 9.447E-02 1.842E-02 2.117E-02 3.909E-02 6.272E-02 8.920E-02 9.134E-02 7.875E-02 9.093E-02 1.057E-01 4.862E-02 5.469E-02 8.033E-02 9.786E-02 1.039E-01 1.049E-01 1.053E-01 1.057E-01 1.058E-01 1.048E-01 1.024E-01 9.795E-02 9.342E-02 7.178E-02 5.408E-02 4.317E-02 4.556E-02 4.997E-02 5.774E-02 6.226E-02 6.339E-02 6.970E-02 7.319E-02 7.568E-02 7.687E-02 7.937E-02 7.987E-02 8.025E-02 7.995E-02 7.816E-02 7.586E-02 6.626E-02 5.634E-02
  2.400E+01  7.968E-02 7.990E-02 8.333E-02 7.939E-02 8.105E-02 7.890E-02 7.990E-02 7.981E-02 8.031E-02 8.081E-02 8.155E-02 8.483E-02 8.493E-02 8.304E-02 8.208E-02 8.432E-02 8.528E-02 7.885E-02 8.157E-02 1.432E-02 1.668E-02 3.320E-02 5.455E-02 7.852E-02 7.973E-02 6.714E-02 7.711E-02 8.874E-02 3.782E-02 4.355E-02 6.598E-02 8.029E-02 8.463E-02 8.514E-02 8.528E-02 8.561E-02 8.548E-02 8.434E-02 8.199E-02 7.788E-02 7.388E-02 5.576E-02 4.164E-02 3.319E-02 3.556E-02 3.929E-02 4.597E-02 4.997E-02 5.097E-02 5.673E-02 5.998E-02 6.238E-02 6.358E-02 6.624E-02 6.708E-02 6.780E-02 6.827E-02 6.746E-02 6.589E-02 5.818E-02 4.993E-02
  2.600E+01  6.998E-02 7.144E-02 7.402E-02 6.839E-02 6.969E-02 7.536E-02 7.440E-02 7.166E-02 7.214E-02 7.238E-02 7.184E-02 7.349E-02 7.439E-02 7.375E-02 7.496E-02 7.328E-02 7.635E-02 6.815E-02 6.993E-02 1.141E-02 1.348E-02 2.872E-02 4.806E-02 6.934E-02 6.992E-02 5.784E-02 6.608E-02 7.511E-02 2.991E-02 3.531E-02 5.494E-02 6.661E-02 6.959E-02 6.978E-02 6.972E-02 7.001E-02 6.971E-02 6.850E-02 6.621E-02 6.248E-02 5.896E-02 4.376E-02 3.241E-02 2.581E-02 2.804E-02 3.121E-02 3.693E-02 4.043E-02 4.132E-02 4.650E-02 4.947E-02 5.174E-02 5.290E-02 5.557E-02 5.661E-02 5.752E-02 5.849E-02 5.836E-02 5.735E-02 5.115E-02 4.427E-02
  2.800E+01  6.494E-02 6.295E-02 6.278E-02 6.759E-02 6.234E-02 6.592E-02 6.733E-02 6.295E-02 6.510E-02 6.510E-02 6.571E-02 6.340E-02 6.546E-02 6.380E-02 6.596E-02 6.557E-02 6.604E-02 6.070E-02 6.043E-02 9.268E-03 1.113E-02 2.516E-02 4.271E-02 6.145E-02 6.165E-02 5.021E-02 5.703E-02 6.401E-02 2.399E-02 2.907E-02 4.626E-02 5.576E-02 5.772E-02 5.767E-02 5.748E-02 5.773E-02 5.731E-02 5.609E-02 5.390E-02 5.055E-02 4.747E-02 3.467E-02 2.549E-02 2.028E-02 2.233E-02 2.501E-02 2.992E-02 3.297E-02 3.375E-02 3.838E-02 4.107E-02 4.317E-02 4.426E-02 4.686E-02 4.799E-02 4.899E-02 5.028E-02 5.062E-02 5.001E-02 4.503E-02 3.928E-02
  3.000E+01  5.568E-02 5.776E-02 5.503E-02 5.642E-02 5.909E-02 5.669E-02 5.594E-02 6.053E-02 5.695E-02 5.706E-02 5.840E-02 5.730E-02 5.676E-02 5.761E-02 5.935E-02 5.635E-02 5.810E-02 5.283E-02 5.208E-02 7.659E-03 9.352E-03 2.227E-02 3.825E-02 5.416E-02 5.412E-02 4.379E-02 4.954E-02 5.481E-02 1.949E-02 2.424E-02 3.930E-02 4.704E-02 4.824E-02 4.802E-02 4.775E-02 4.796E-02 4.747E-02 4.628E-02 4.422E-02 4.122E-02 3.852E-02 2.772E-02 2.025E-02 1.609E-02 1.794E-02 2.023E-02 2.444E-02 2.709E-02 2.778E-02 3.189E-02 3.431E-02 3.623E-02 3.725E-02 3.970E-02 4.086E-02 4.190E-02 4.337E-02 4.403E-02 4.371E-02 3.969E-02 3.489E-02
  3.200E+01  4.969E-02 5.028E-02 5.252E-02 4.780E-02 4.964E-02 4.983E-02 4.716E-02 5.015E-02 4.823E-02 4.844E-02 4.945E-02 5.225E-02 5.171E-02 5.137E-02 5.025E-02 4.956E-02 5.140E-02 4.583E-02 4.473E-02 6.423E-03 7.977E-03 1.985E-02 3.422E-02 4.808E-02 4.780E-02 3.839E-02 4.319E-02 4.715E-02 1.600E-02 2.044E-02 3.364E-02 3.994E-02 4.058E-02 4.025E-02 3.993E-02 4.012E-02 3.959E-02 3.844E-02 3.653E-02 3.385E-02 3.149E-02 2.235E-02 1.623E-02 1.289E-02 1.455E-02 1.649E-02 2.011E-02 2.242E-02 2.302E-02 2.667E-02 2.884E-02 3.058E-02 3.151E-02 3.381E-02 3.494E-02 3.598E-02 3.753E-02 3.840E-02 3.829E-02 3.505E-02 3.103E-02
  3.400E+01  4.513E-02 4.603E-02 4.434E-02 4.627E-02 4.515E-02 4.520E-02 4.623E-02 4.159E-02 4.513E-02 4.512E-02 4.440E-02 4.419E-02 4.465E-02 4.374E-02 4.413E-02 4.422E-02 4.483E-02 4.059E-02 3.891E-02 5.455E-03 6.891E-03 1.779E-02 3.058E-02 4.326E-02 4.263E-02 3.379E-02 3.776E-02 4.072E-02 1.326E-02 1.740E-02 2.897E-02 3.411E-02 3.434E-02 3.395E-02 3.359E-02 3.376E-02 3.322E-02 3.213E-02 3.038E-02 2.799E-02 2.593E-02 1.817E-02 1.311E-02 1.041E-02 1.189E-02 1.356E-02 1.667E-02 1.869E-02 1.921E-02 2.244E-02 2.437E-02 2.595E-02 2.680E-02 2.892E-02 3.001E-02 3.102E-02 3.259E-02 3.357E-02 3.363E-02 3.099E-02 2.763E-02
  3.600E+01  3.927E-02 3.918E-02 3.881E-02 3.887E-02 3.895E-02 3.725E-02 3.818E-02 4.036E-02 3.851E-02 3.860E-02 3.949E-02 4.071E-02 3.787E-02 4.011E-02 3.995E-02 3.819E-02 3.984E-02 3.540E-02 3.345E-02 4.684E-03 6.017E-03 1.601E-02 2.747E-02 3.866E-02 3.791E-02 2.980E-02 3.309E-02 3.528E-02 1.109E-02 1.493E-02 2.509E-02 2.928E-02 2.921E-02 2.878E-02 2.842E-02 2.857E-02 2.803E-02 2.702E-02 2.542E-02 2.330E-02 2.149E-02 1.488E-02 1.068E-02 8.476E-03 9.790E-03 1.122E-02 1.392E-02 1.567E-02 1.613E-02 1.899E-02 2.072E-02 2.214E-02 2.291E-02 2.485E-02 2.588E-02 2.684E-02 2.838E-02 2.944E-02 2.960E-02 2.746E-02 2.463E-02
  3.800E+01  3.575E-02 3.587E-02 3.397E-02 3.538E-02 3.277E-02 3.533E-02 3.523E-02 3.296E-02 3.459E-02 3.464E-02 3.308E-02 3.382E-02 3.503E-02 3.391E-02 3.380E-02 3.438E-02 3.420E-02 3.152E-02 2.925E-02 4.061E-03 5.301E-03 1.446E-02 2.471E-02 3.451E-02 3.372E-02 2.632E-02 2.909E-02 3.065E-02 9.341E-03 1.290E-02 2.183E-02 2.524E-02 2.497E-02 2.453E-02 2.417E-02 2.430E-02 2.379E-02 2.285E-02 2.139E-02 1.951E-02 1.793E-02 1.227E-02 8.771E-03 6.955E-03 8.122E-03 9.358E-03 1.170E-02 1.323E-02 1.363E-02 1.616E-02 1.770E-02 1.898E-02 1.968E-02 2.145E-02 2.241E-02 2.332E-02 2.480E-02 2.588E-02 2.611E-02 2.437E-02 2.200E-02
  4.000E+01  3.064E-02 3.054E-02 3.080E-02 3.003E-02 2.983E-02 2.901E-02 2.956E-02 3.092E-02 2.941E-02 2.945E-02 3.081E-02 2.989E-02 2.945E-02 3.090E-02 3.086E-02 2.919E-02 3.082E-02 2.712E-02 2.495E-02 3.552E-03 4.708E-03 1.307E-02 2.233E-02 3.067E-02 2.987E-02 2.328E-02 2.565E-02 2.668E-02 7.923E-03 1.121E-02 1.907E-02 2.185E-02 2.144E-02 2.101E-02 2.066E-02 2.078E-02 2.028E-02 1.942E-02 1.810E-02 1.643E-02 1.505E-02 1.019E-02 7.252E-03 5.749E-03 6.784E-03 7.856E-03 9.891E-03 1.123E-02 1.159E-02 1.383E-02 1.520E-02 1.636E-02 1.699E-02 1.860E-02 1.948E-02 2.033E-02 2.175E-02 2.282E-02 2.309E-02 2.168E-02 1.967E-02
  4.200E+01  2.696E-02 2.711E-02 2.628E-02 2.703E-02 2.598E-02 2.640E-02 2.729E-02 2.512E-02 2.613E-02 2.620E-02 2.559E-02 2.591E-02 2.652E-02 2.549E-02 2.618E-02 2.628E-02 2.621E-02 2.405E-02 2.202E-02 3.131E-03 4.209E-03 1.185E-02 2.014E-02 2.732E-02 2.652E-02 2.065E-02 2.264E-02 2.331E-02 6.762E-03 9.803E-03 1.672E-02 1.899E-02 1.849E-02 1.807E-02 1.774E-02 1.784E-02 1.738E-02 1.659E-02 1.540E-02 1.392E-02 1.270E-02 8.521E-03 6.036E-03 4.784E-03 5.704E-03 6.637E-03 8.415E-03 9.596E-03 9.908E-03 1.189E-02 1.313E-02 1.416E-02 1.473E-02 1.619E-02 1.701E-02 1.779E-02 1.913E-02 2.017E-02 2.047E-02 1.931E-02 1.762E-02
  4.400E+01  2.435E-02 2.259E-02 2.351E-02 2.191E-02 2.265E-02 2.172E-02 2.146E-02 2.311E-02 2.199E-02 2.207E-02 2.284E-02 2.325E-02 2.282E-02 2.346E-02 2.375E-02 2.236E-02 2.350E-02 2.091E-02 1.883E-02 2.779E-03 3.786E-03 1.076E-02 1.815E-02 2.449E-02 2.365E-02 1.833E-02 2.001E-02 2.040E-02 5.804E-03 8.610E-03 1.470E-02 1.656E-02 1.602E-02 1.561E-02 1.529E-02 1.539E-02 1.496E-02 1.424E-02 1.316E-02 1.185E-02 1.078E-02 7.166E-03 5.057E-03 4.006E-03 4.826E-03 5.641E-03 7.202E-03 8.242E-03 8.518E-03 1.028E-02 1.139E-02 1.232E-02 1.283E-02 1.415E-02 1.490E-02 1.562E-02 1.687E-02 1.787E-02 1.819E-02 1.724E-02 1.582E-02
  4.600E+01  2.070E-02 1.987E-02 1.838E-02 1.980E-02 2.071E-02 1.993E-02 1.967E-02 2.025E-02 2.008E-02 2.014E-02 2.048E-02 1.912E-02 1.982E-02 1.954E-02 2.041E-02 1.981E-02 2.023E-02 1.842E-02 1.659E-02 2.482E-03 3.422E-03 9.783E-03 1.633E-02 2.210E-02 2.124E-02 1.631E-02 1.771E-02 1.790E-02 5.009E-03 7.595E-03 1.297E-02 1.449E-02 1.392E-02 1.354E-02 1.324E-02 1.333E-02 1.293E-02 1.227E-02 1.130E-02 1.014E-02 9.197E-03 6.062E-03 4.261E-03 3.376E-03 4.108E-03 4.823E-03 6.198E-03 7.118E-03 7.363E-03 8.937E-03 9.925E-03 1.076E-02 1.123E-02 1.242E-02 1.310E-02 1.377E-02 1.493E-02 1.589E-02 1.621E-02 1.542E-02 1.422E-02
  4.800E+01  1.774E-02 1.766E-02 1.727E-02 1.779E-02 1.661E-02 1.801E-02 1.735E-02 1.688E-02 1.729E-02 1.739E-02 1.671E-02 1.715E-02 1.791E-02 1.710E-02 1.759E-02 1.730E-02 1.757E-02 1.617E-02 1.427E-02 2.230E-03 3.108E-03 8.898E-03 1.479E-02 1.972E-02 1.893E-02 1.452E-02 1.572E-02 1.574E-02 4.344E-03 6.726E-03 1.148E-02 1.272E-02 1.215E-02 1.178E-02 1.151E-02 1.159E-02 1.122E-02 1.062E-02 9.753E-03 8.714E-03 7.886E-03 5.156E-03 3.612E-03 2.861E-03 3.516E-03 4.148E-03 5.364E-03 6.179E-03 6.397E-03 7.804E-03 8.692E-03 9.448E-03 9.867E-03 1.094E-02 1.157E-02 1.218E-02 1.325E-02 1.416E-02 1.447E-02 1.382E-02 1.281E-02
  5.000E+01  1.571E-02 1.402E-02 1.559E-02 1.395E-02 1.460E-02 1.495E-02 1.383E-02 1.491E-02 1.456E-02 1.461E-02 1.484E-02 1.555E-02 1.530E-02 1.548E-02 1.557E-02 1.487E-02 1.561E-02 1.413E-02 1.260E-02 2.015E-03 2.834E-03 8.101E-03 1.339E-02 1.755E-02 1.681E-02 1.294E-02 1.398E-02 1.387E-02 3.784E-03 5.979E-03 1.019E-02 1.120E-02 1.064E-02 1.030E-02 1.005E-02 1.012E-02 9.777E-03 9.237E-03 8.452E-03 7.527E-03 6.794E-03 4.409E-03 3.078E-03 2.438E-03 3.027E-03 3.586E-03 4.666E-03 5.392E-03 5.587E-03 6.847E-03 7.646E-03 8.329E-03 8.708E-03 9.681E-03 1.025E-02 1.081E-02 1.180E-02 1.265E-02 1.296E-02 1.242E-02 1.156E-02
  5.200E+01  1.354E-02 1.304E-02 1.364E-02 1.289E-02 1.273E-02 1.268E-02 1.240E-02 1.329E-02 1.331E-02 1.340E-02 1.352E-02 1.261E-02 1.277E-02 1.345E-02 1.382E-02 1.285E-02 1.387E-02 1.218E-02 1.084E-02 1.830E-03 2.595E-03 7.382E-03 1.208E-02 1.572E-02 1.501E-02 1.156E-02 1.245E-02 1.225E-02 3.312E-03 5.333E-03 9.063E-03 9.896E-03 9.344E-03 9.031E-03 8.801E-03 8.865E-03 8.552E-03 8.062E-03 7.355E-03 6.530E-03 5.881E-03 3.790E-03 2.637E-03 2.089E-03 2.619E-03 3.117E-03 4.080E-03 4.728E-03 4.903E-03 6.036E-03 6.756E-03 7.374E-03 7.716E-03 8.596E-03 9.108E-03 9.621E-03 1.054E-02 1.133E-02 1.163E-02 1.118E-02 1.045E-02
  5.400E+01  1.174E-02 1.099E-02 1.022E-02 1.104E-02 1.135E-02 1.127E-02 1.096E-02 1.090E-02 1.161E-02 1.168E-02 1.148E-02 1.091E-02 1.159E-02 1.111E-02 1.138E-02 1.155E-02 1.165E-02 1.097E-02 9.536E-03 1.670E-03 2.383E-03 6.735E-03 1.088E-02 1.425E-02 1.353E-02 1.035E-02 1.108E-02 1.086E-02 2.910E-03 4.772E-03 8.084E-03 8.767E-03 8.237E-03 7.948E-03 7.737E-03 7.795E-03 7.509E-03 7.065E-03 6.427E-03 5.690E-03 5.113E-03 3.273E-03 2.270E-03 1.799E-03 2.278E-03 2.723E-03 3.585E-03 4.166E-03 4.323E-03 5.344E-03 5.996E-03 6.555E-03 6.866E-03 7.662E-03 8.127E-03 8.596E-03 9.442E-03 1.018E-02 1.046E-02 1.009E-02 9.466E-03
  5.600E+01  1.019E-02 9.805E-03 9.453E-03 9.762E-03 9.642E-03 9.676E-03 9.742E-03 8.739E-03 1.010E-02 1.018E-02 9.345E-03 9.558E-03 9.978E-03 9.876E-03 9.971E-03 1.014E-02 1.024E-02 9.562E-03 8.404E-03 1.530E-03 2.196E-03 6.154E-03 9.877E-03 1.276E-02 1.212E-02 9.264E-03 9.905E-03 9.637E-03 2.568E-03 4.283E-03 7.229E-03 7.788E-03 7.285E-03 7.019E-03 6.826E-03 6.879E-03 6.617E-03 6.214E-03 5.639E-03 4.979E-03 4.465E-03 2.841E-03 1.964E-03 1.557E-03 1.992E-03 2.391E-03 3.166E-03 3.689E-03 3.830E-03 4.754E-03 5.344E-03 5.852E-03 6.134E-03 6.854E-03 7.276E-03 7.705E-03 8.484E-03 9.170E-03 9.436E-03 9.119E-03 8.594E-03
  5.800E+01  8.550E-03 8.464E-03 8.306E-03 8.143E-03 7.497E-03 8.418E-03 8.314E-03 7.826E-03 8.128E-03 8.228E-03 8.040E-03 8.408E-03 8.801E-03 8.582E-03 8.720E-03 8.768E-03 8.997E-03 8.421E-03 7.281E-03 1.409E-03 2.030E-03 5.628E-03 8.969E-03 1.141E-02 1.082E-02 8.295E-03 8.879E-03 8.563E-03 2.275E-03 3.856E-03 6.480E-03 6.939E-03 6.464E-03 6.219E-03 6.043E-03 6.091E-03 5.852E-03 5.486E-03 4.967E-03 4.374E-03 3.916E-03 2.476E-03 1.707E-03 1.354E-03 1.750E-03 2.109E-03 2.809E-03 3.281E-03 3.409E-03 4.247E-03 4.784E-03 5.245E-03 5.501E-03 6.154E-03 6.537E-03 6.929E-03 7.646E-03 8.282E-03 8.532E-03 8.264E-03 7.820E-03
  6.000E+01  7.196E-03 7.326E-03 6.701E-03 6.754E-03 6.378E-03 7.017E-03 6.864E-03 6.865E-03 6.711E-03 6.820E-03 6.991E-03 7.336E-03 7.356E-03 7.630E-03 7.642E-03 7.463E-03 8.032E-03 7.221E-03 6.464E-03 1.302E-03 1.881E-03 5.144E-03 8.128E-03 1.023E-02 9.685E-03 7.455E-03 7.959E-03 7.638E-03 2.022E-03 3.481E-03 5.823E-03 6.200E-03 5.754E-03 5.529E-03 5.368E-03 5.412E-03 5.193E-03 4.861E-03 4.391E-03 3.859E-03 3.448E-03 2.168E-03 1.491E-03 1.182E-03 1.545E-03 1.870E-03 2.505E-03 2.932E-03 3.049E-03 3.810E-03 4.299E-03 4.720E-03 4.953E-03 5.546E-03 5.893E-03 6.252E-03 6.911E-03 7.501E-03 7.734E-03 7.506E-03 7.131E-03
  6.200E+01  6.202E-03 6.316E-03 5.756E-03 5.423E-03 5.673E-03 5.954E-03 5.599E-03 5.799E-03 5.945E-03 6.018E-03 6.134E-03 6.310E-03 6.325E-03 6.550E-03 6.740E-03 6.501E-03 6.910E-03 6.388E-03 5.590E-03 1.208E-03 1.748E-03 4.706E-03 7.346E-03 9.274E-03 8.752E-03 6.725E-03 7.135E-03 6.838E-03 1.805E-03 3.152E-03 5.245E-03 5.554E-03 5.138E-03 4.931E-03 4.784E-03 4.825E-03 4.624E-03 4.322E-03 3.897E-03 3.417E-03 3.048E-03 1.907E-03 1.307E-03 1.038E-03 1.370E-03 1.665E-03 2.243E-03 2.632E-03 2.738E-03 3.433E-03 3.880E-03 4.265E-03 4.477E-03 5.015E-03 5.331E-03 5.660E-03 6.266E-03 6.811E-03 7.029E-03 6.834E-03 6.517E-03
  6.400E+01  5.270E-03 5.141E-03 4.994E-03 4.374E-03 4.835E-03 4.930E-03 4.621E-03 5.024E-03 5.082E-03 5.157E-03 5.195E-03 5.412E-03 5.289E-03 5.816E-03 5.861E-03 5.658E-03 6.106E-03 5.600E-03 5.012E-03 1.126E-03 1.629E-03 4.313E-03 6.671E-03 8.392E-03 7.898E-03 6.060E-03 6.422E-03 6.126E-03 1.617E-03 2.861E-03 4.737E-03 4.991E-03 4.602E-03 4.412E-03 4.278E-03 4.315E-03 4.132E-03 3.857E-03 3.471E-03 3.037E-03 2.706E-03 1.684E-03 1.151E-03 9.146E-04 1.221E-03 1.490E-03 2.018E-03 2.373E-03 2.470E-03 3.106E-03 3.516E-03 3.868E-03 4.062E-03 4.552E-03 4.839E-03 5.140E-03 5.698E-03 6.203E-03 6.405E-03 6.237E-03 5.970E-03
  6.600E+01  4.382E-03 4.317E-03 4.079E-03 3.764E-03 4.060E-03 4.040E-03 3.799E-03 4.266E-03 4.387E-03 4.469E-03 4.568E-03 4.579E-03 4.378E-03 4.866E-03 5.158E-03 4.937E-03 5.355E-03 4.928E-03 4.338E-03 1.052E-03 1.522E-03 3.961E-03 6.080E-03 7.518E-03 7.090E-03 5.460E-03 5.804E-03 5.495E-03 1.453E-03 2.605E-03 4.288E-03 4.497E-03 4.135E-03 3.961E-03 3.838E-03 3.872E-03 3.705E-03 3.454E-03 3.103E-03 2.710E-03 2.411E-03 1.493E-03 1.018E-03 8.098E-04 1.092E-03 1.339E-03 1.824E-03 2.149E-03 2.238E-03 2.823E-03 3.199E-03 3.522E-03 3.700E-03 4.146E-03 4.407E-03 4.683E-03 5.197E-03 5.664E-03 5.851E-03 5.705E-03 5.482E-03
  6.800E+01  3.601E-03 3.641E-03 3.361E-03 3.133E-03 3.417E-03 3.414E-03 3.298E-03 3.624E-03 3.629E-03 3.704E-03 3.802E-03 4.046E-03 3.846E-03 4.166E-03 4.474E-03 4.346E-03 4.617E-03 4.316E-03 3.869E-03 9.876E-04 1.426E-03 3.638E-03 5.531E-03 6.797E-03 6.387E-03 4.941E-03 5.247E-03 4.951E-03 1.311E-03 2.378E-03 3.892E-03 4.063E-03 3.727E-03 3.567E-03 3.455E-03 3.486E-03 3.333E-03 3.103E-03 2.783E-03 2.427E-03 2.156E-03 1.329E-03 9.045E-04 7.201E-04 9.822E-04 1.209E-03 1.656E-03 1.955E-03 2.037E-03 2.575E-03 2.922E-03 3.219E-03 3.382E-03 3.789E-03 4.027E-03 4.280E-03 4.754E-03 5.186E-03 5.360E-03 5.232E-03 5.047E-03
  7.000E+01  2.879E-03 3.052E-03 2.802E-03 2.761E-03 2.931E-03 2.893E-03 2.794E-03 3.137E-03 3.087E-03 3.167E-03 3.307E-03 3.352E-03 3.278E-03 3.731E-03 3.955E-03 3.702E-03 4.195E-03 3.777E-03 3.474E-03 9.299E-04 1.339E-03 3.346E-03 5.039E-03 6.136E-03 5.776E-03 4.489E-03 4.745E-03 4.478E-03 1.187E-03 2.177E-03 3.541E-03 3.682E-03 3.370E-03 3.223E-03 3.120E-03 3.149E-03 3.008E-03 2.798E-03 2.506E-03 2.182E-03 1.936E-03 1.188E-03 8.067E-04 6.431E-04 8.871E-04 1.097E-03 1.510E-03 1.786E-03 1.862E-03 2.359E-03 2.679E-03 2.953E-03 3.104E-03 3.475E-03 3.692E-03 3.925E-03 4.362E-03 4.762E-03 4.922E-03 4.811E-03 4.657E-03
  7.200E+01  2.461E-03 2.419E-03 2.364E-03 2.400E-03 2.287E-03 2.520E-03 2.572E-03 2.650E-03 2.594E-03 2.681E-03 2.813E-03 2.861E-03 2.929E-03 3.131E-03 3.382E-03 3.429E-03 3.577E-03 3.405E-03 3.036E-03 8.785E-04 1.260E-03 3.085E-03 4.594E-03 5.626E-03 5.280E-03 4.077E-03 4.308E-03 4.053E-03 1.079E-03 1.998E-03 3.230E-03 3.346E-03 3.057E-03 2.922E-03 2.827E-03 2.854E-03 2.724E-03 2.532E-03 2.265E-03 1.969E-03 1.745E-03 1.066E-03 7.223E-04 5.767E-04 8.047E-04 9.991E-04 1.382E-03 1.638E-03 1.708E-03 2.170E-03 2.466E-03 2.720E-03 2.858E-03 3.198E-03 3.396E-03 3.611E-03 4.014E-03 4.384E-03 4.533E-03 4.434E-03 4.309E-03
  7.400E+01  2.090E-03 2.042E-03 2.020E-03 2.131E-03 1.872E-03 2.137E-03 2.155E-03 2.168E-03 2.169E-03 2.241E-03 2.377E-03 2.504E-03 2.530E-03 2.674E-03 2.904E-03 2.973E-03 3.217E-03 3.015E-03 2.692E-03 8.327E-04 1.189E-03 2.847E-03 4.199E-03 5.102E-03 4.788E-03 3.707E-03 3.926E-03 3.678E-03 9.838E-04 1.839E-03 2.954E-03 3.051E-03 2.782E-03 2.657E-03 2.570E-03 2.595E-03 2.475E-03 2.299E-03 2.054E-03 1.783E-03 1.578E-03 9.603E-04 6.493E-04 5.195E-04 7.333E-04 9.142E-04 1.271E-03 1.509E-03 1.574E-03 2.003E-03 2.279E-03 2.514E-03 2.642E-03 2.954E-03 3.134E-03 3.332E-03 3.705E-03 4.048E-03 4.185E-03 4.098E-03 3.997E-03
  7.600E+01  1.739E-03 1.667E-03 1.693E-03 1.743E-03 1.757E-03 1.761E-03 1.816E-03 1.889E-03 1.896E-03 1.957E-03 2.000E-03 2.097E-03 2.216E-03 2.373E-03 2.613E-03 2.625E-03 2.843E-03 2.640E-03 2.481E-03 7.918E-04 1.125E-03 2.628E-03 3.849E-03 4.629E-03 4.342E-03 3.389E-03 3.580E-03 3.356E-03 9.003E-04 1.697E-03 2.709E-03 2.789E-03 2.540E-03 2.425E-03 2.345E-03 2.367E-03 2.257E-03 2.094E-03 1.869E-03 1.621E-03 1.433E-03 8.683E-04 5.861E-04 4.699E-04 6.711E-04 8.400E-04 1.174E-03 1.396E-03 1.457E-03 1.857E-03 2.114E-03 2.332E-03 2.450E-03 2.737E-03 2.902E-03 3.085E-03 3.430E-03 3.748E-03 3.875E-03 3.797E-03 3.718E-03
  7.800E+01  1.333E-03 1.416E-03 1.294E-03 1.412E-03 1.523E-03 1.467E-03 1.573E-03 1.506E-03 1.742E-03 1.813E-03 1.768E-03 1.752E-03 1.947E-03 1.996E-03 2.177E-03 2.391E-03 2.483E-03 2.438E-03 2.183E-03 7.552E-04 1.067E-03 2.429E-03 3.527E-03 4.235E-03 3.969E-03 3.109E-03 3.270E-03 3.072E-03 8.268E-04 1.571E-03 2.491E-03 2.558E-03 2.326E-03 2.220E-03 2.146E-03 2.167E-03 2.065E-03 1.915E-03 1.707E-03 1.478E-03 1.306E-03 7.882E-04 5.311E-04 4.269E-04 6.168E-04 7.752E-04 1.088E-03 1.296E-03 1.353E-03 1.728E-03 1.968E-03 2.171E-03 2.281E-03 2.544E-03 2.696E-03 2.865E-03 3.185E-03 3.480E-03 3.597E-03 3.527E-03 3.467E-03
  8.000E+01  1.276E-03 1.143E-03 1.213E-03 1.204E-03 1.275E-03 1.299E-03 1.348E-03 1.389E-03 1.490E-03 1.547E-03 1.502E-03 1.528E-03 1.674E-03 1.716E-03 1.910E-03 2.149E-03 2.187E-03 2.181E-03 1.967E-03 7.225E-04 1.014E-03 2.253E-03 3.246E-03 3.888E-03 3.647E-03 2.849E-03 3.005E-03 2.813E-03 7.619E-04 1.458E-03 2.297E-03 2.353E-03 2.138E-03 2.039E-03 1.971E-03 1.990E-03 1.895E-03 1.756E-03 1.564E-03 1.353E-03 1.194E-03 7.182E-04 4.831E-04 3.894E-04 5.694E-04 7.185E-04 1.013E-03 1.208E-03 1.262E-03 1.614E-03 1.838E-03 2.028E-03 2.130E-03 2.373E-03 2.512E-03 2.669E-03 2.966E-03 3.240E-03 3.348E-03 3.286E-03 3.242E-03
  8.200E+01  1.044E-03 9.054E-04 1.008E-03 1.042E-03 1.051E-03 1.053E-03 1.103E-03 1.262E-03 1.244E-03 1.297E-03 1.405E-03 1.394E-03 1.384E-03 1.555E-03 1.753E-03 1.820E-03 1.960E-03 1.963E-03 1.815E-03 6.931E-04 9.658E-04 2.096E-03 2.996E-03 3.547E-03 3.335E-03 2.614E-03 2.773E-03 2.584E-03 7.047E-04 1.357E-03 2.124E-03 2.172E-03 1.971E-03 1.880E-03 1.816E-03 1.834E-03 1.746E-03 1.617E-03 1.439E-03 1.243E-03 1.096E-03 6.568E-04 4.412E-04 3.568E-04 5.279E-04 6.686E-04 9.473E-04 1.131E-03 1.182E-03 1.513E-03 1.724E-03 1.901E-03 1.997E-03 2.221E-03 2.349E-03 2.494E-03 2.770E-03 3.026E-03 3.125E-03 3.069E-03 3.040E-03
  8.400E+01  8.507E-04 8.790E-04 8.869E-04 9.053E-04 9.839E-04 9.219E-04 9.803E-04 1.062E-03 1.139E-03 1.185E-03 1.217E-03 1.170E-03 1.185E-03 1.457E-03 1.597E-03 1.690E-03 1.813E-03 1.789E-03 1.668E-03 6.668E-04 9.222E-04 1.952E-03 2.765E-03 3.276E-03 3.074E-03 2.417E-03 2.559E-03 2.391E-03 6.540E-04 1.266E-03 1.970E-03 2.011E-03 1.824E-03 1.739E-03 1.679E-03 1.696E-03 1.614E-03 1.494E-03 1.328E-03 1.147E-03 1.010E-03 6.030E-04 4.046E-04 3.282E-04 4.914E-04 6.248E-04 8.890E-04 1.063E-03 1.111E-03 1.423E-03 1.622E-03 1.788E-03 1.877E-03 2.085E-03 2.203E-03 2.337E-03 2.595E-03 2.833E-03 2.925E-03 2.874E-03 2.858E-03
  8.600E+01  7.527E-04 7.436E-04 7.415E-04 8.313E-04 8.060E-04 8.460E-04 9.110E-04 8.833E-04 9.836E-04 1.027E-03 1.056E-03 1.122E-03 1.148E-03 1.200E-03 1.299E-03 1.518E-03 1.592E-03 1.597E-03 1.487E-03 6.431E-04 8.828E-04 1.819E-03 2.554E-03 3.052E-03 2.853E-03 2.246E-03 2.367E-03 2.221E-03 6.091E-04 1.185E-03 1.833E-03 1.868E-03 1.694E-03 1.614E-03 1.558E-03 1.573E-03 1.497E-03 1.385E-03 1.230E-03 1.061E-03 9.341E-04 5.556E-04 3.724E-04 3.032E-04 4.594E-04 5.862E-04 8.374E-04 1.002E-03 1.048E-03 1.344E-03 1.531E-03 1.688E-03 1.771E-03 1.963E-03 2.072E-03 2.198E-03 2.438E-03 2.660E-03 2.745E-03 2.699E-03 2.695E-03
  8.800E+01  6.760E-04 6.859E-04 6.718E-04 7.382E-04 7.276E-04 7.649E-04 8.226E-04 7.726E-04 8.720E-04 9.088E-04 9.312E-04 1.021E-03 1.056E-03 1.179E-03 1.154E-03 1.398E-03 1.483E-03 1.482E-03 1.368E-03 6.219E-04 8.469E-04 1.700E-03 2.377E-03 2.823E-03 2.648E-03 2.085E-03 2.205E-03 2.063E-03 5.692E-04 1.113E-03 1.710E-03 1.742E-03 1.578E-03 1.504E-03 1.451E-03 1.465E-03 1.393E-03 1.289E-03 1.144E-03 9.857E-04 8.669E-04 5.138E-04 3.441E-04 2.813E-04 4.312E-04 5.521E-04 7.918E-04 9.485E-04 9.918E-04 1.273E-03 1.450E-03 1.598E-03 1.676E-03 1.854E-03 1.955E-03 2.072E-03 2.297E-03 2.505E-03 2.583E-03 2.542E-03 2.548E-03
  9.000E+01  6.351E-04 6.106E-04 6.532E-04 6.247E-04 6.942E-04 6.748E-04 7.065E-04 7.530E-04 7.947E-04 8.280E-04 9.215E-04 9.111E-04 8.819E-04 1.047E-03 1.107E-03 1.267E-03 1.336E-03 1.365E-03 1.265E-03 6.029E-04 8.144E-04 1.594E-03 2.218E-03 2.610E-03 2.457E-03 1.938E-03 2.064E-03 1.926E-03 5.338E-04 1.047E-03 1.601E-03 1.630E-03 1.476E-03 1.406E-03 1.356E-03 1.369E-03 1.302E-03 1.203E-03 1.067E-03 9.189E-04 8.074E-04 4.768E-04 3.192E-04 2.621E-04 4.064E-04 5.220E-04 7.514E-04 9.009E-04 9.422E-04 1.210E-03 1.378E-03 1.518E-03 1.591E-03 1.757E-03 1.850E-03 1.960E-03 2.170E-03 2.365E-03 2.438E-03 2.400E-03 2.415E-03
  9.200E+01  6.035E-04 6.054E-04 6.085E-04 5.839E-04 6.450E-04 6.099E-04 6.479E-04 7.277E-04 7.351E-04 7.663E-04 8.037E-04 8.107E-04 7.918E-04 9.342E-04 1.042E-03 1.208E-03 1.205E-03 1.266E-03 1.193E-03 5.858E-04 7.848E-04 1.498E-03 2.070E-03 2.454E-03 2.302E-03 1.818E-03 1.932E-03 1.813E-03 5.023E-04 9.889E-04 1.504E-03 1.530E-03 1.385E-03 1.319E-03 1.272E-03 1.284E-03 1.220E-03 1.128E-03 9.997E-04 8.597E-04 7.548E-04 4.441E-04 2.972E-04 2.452E-04 3.845E-04 4.954E-04 7.155E-04 8.585E-04 8.981E-04 1.154E-03 1.314E-03 1.446E-03 1.515E-03 1.670E-03 1.756E-03 1.859E-03 2.056E-03 2.239E-03 2.306E-03 2.272E-03 2.296E-03
  9.400E+01  5.573E-04 5.548E-04 5.375E-04 5.398E-04 5.949E-04 6.242E-04 6.490E-04 6.180E-04 7.028E-04 7.346E-04 7.668E-04 7.317E-04 8.047E-04 8.111E-04 8.927E-04 1.070E-03 1.105E-03 1.139E-03 1.103E-03 5.704E-04 7.580E-04 1.409E-03 1.941E-03 2.320E-03 2.168E-03 1.713E-03 1.817E-03 1.713E-03 4.742E-04 9.363E-04 1.417E-03 1.441E-03 1.305E-03 1.242E-03 1.198E-03 1.209E-03 1.148E-03 1.060E-03 9.396E-04 8.073E-04 7.081E-04 4.152E-04 2.778E-04 2.303E-04 3.651E-04 4.718E-04 6.837E-04 8.208E-04 8.588E-04 1.104E-03 1.256E-03 1.382E-03 1.447E-03 1.591E-03 1.671E-03 1.768E-03 1.953E-03 2.125E-03 2.188E-03 2.157E-03 2.189E-03
  9.600E+01  5.666E-04 5.532E-04 5.824E-04 5.801E-04 5.735E-04 5.569E-04 6.708E-04 5.557E-04 6.639E-04 6.965E-04 6.809E-04 6.997E-04 7.443E-04 7.907E-04 8.902E-04 1.086E-03 1.068E-03 1.097E-03 1.020E-03 5.566E-04 7.336E-04 1.329E-03 1.836E-03 2.157E-03 2.030E-03 1.611E-03 1.725E-03 1.618E-03 4.492E-04 8.890E-04 1.339E-03 1.363E-03 1.234E-03 1.175E-03 1.132E-03 1.142E-03 1.084E-03 1.001E-03 8.863E-04 7.607E-04 6.666E-04 3.894E-04 2.606E-04 2.171E-04 3.479E-04 4.509E-04 6.553E-04 7.873E-04 8.238E-04 1.059E-03 1.204E-03 1.324E-03 1.386E-03 1.521E-03 1.595E-03 1.686E-03 1.860E-03 2.022E-03 2.081E-03 2.053E-03 2.092E-03
  9.800E+01  5.359E-04 5.171E-04 5.421E-04 5.249E-04 5.105E-04 5.208E-04 5.825E-04 5.929E-04 5.916E-04 6.220E-04 6.824E-04 7.286E-04 7.036E-04 7.743E-04 8.546E-04 9.456E-04 9.974E-04 1.005E-03 9.839E-04 5.442E-04 7.116E-04 1.259E-03 1.747E-03 2.005E-03 1.899E-03 1.520E-03 1.645E-03 1.538E-03 4.269E-04 8.465E-04 1.270E-03 1.294E-03 1.171E-03 1.115E-03 1.074E-03 1.083E-03 1.028E-03 9.484E-04 8.390E-04 7.194E-04 6.298E-04 3.665E-04 2.454E-04 2.055E-04 3.328E-04 4.324E-04 6.301E-04 7.574E-04 7.926E-04 1.018E-03 1.158E-03 1.272E-03 1.331E-03 1.457E-03 1.527E-03 1.612E-03 1.777E-03 1.929E-03 1.984E-03 1.959E-03 2.004E-03
  1.000E+02  5.697E-04 4.965E-04 5.707E-04 5.056E-04 5.310E-04 5.284E-04 5.229E-04 5.696E-04 6.166E-04 6.425E-04 6.593E-04 6.909E-04 6.716E-04 8.142E-04 8.231E-04 9.005E-04 9.886E-04 9.729E-04 9.686E-04 5.331E-04 6.915E-04 1.195E-03 1.649E-03 1.920E-03 1.821E-03 1.452E-03 1.564E-03 1.480E-03 4.069E-04 8.083E-04 1.209E-03 1.233E-03 1.116E-03 1.062E-03 1.022E-03 1.030E-03 9.774E-04 9.017E-04 7.972E-04 6.826E-04 5.970E-04 3.461E-04 2.319E-04 1.953E-04 3.193E-04 4.160E-04 6.077E-04 7.307E-04 7.647E-04 9.825E-04 1.116E-03 1.226E-03 1.281E-03 1.400E-03 1.465E-03 1.545E-03 1.701E-03 1.846E-03 1.897E-03 1.875E-03 1.925E-03
  1.020E+02  5.569E-04 5.410E-04 5.411E-04 5.192E-04 5.803E-04 5.238E-04 5.425E-04 5.631E-04 6.240E-04 6.469E-04 6.778E-04 6.532E-04 6.369E-04 7.852E-04 7.877E-04 8.849E-04 9.760E-04 9.451E-04 9.400E-04 5.231E-04 6.734E-04 1.135E-03 1.550E-03 1.873E-03 1.767E-03 1.397E-03 1.493E-03 1.431E-03 3.891E-04 7.739E-04 1.155E-03 1.180E-03 1.068E-03 1.015E-03 9.770E-04 9.843E-04 9.332E-04 8.605E-04 7.601E-04 6.500E-04 5.679E-04 3.280E-04 2.199E-04 1.862E-04 3.074E-04 4.014E-04 5.877E-04 7.068E-04 7.398E-04 9.503E-04 1.079E-03 1.184E-03 1.237E-03 1.348E-03 1.409E-03 1.485E-03 1.633E-03 1.770E-03 1.818E-03 1.798E-03 1.854E-03
  1.040E+02  5.525E-04 5.748E-04 5.191E-04 5.555E-04 5.582E-04 5.313E-04 5.458E-04 5.960E-04 6.002E-04 6.183E-04 6.522E-04 7.099E-04 6.144E-04 7.652E-04 8.473E-04 8.050E-04 9.867E-04 8.713E-04 8.827E-04 5.142E-04 6.570E-04 1.080E-03 1.468E-03 1.795E-03 1.688E-03 1.343E-03 1.441E-03 1.383E-03 3.731E-04 7.431E-04 1.107E-03 1.133E-03 1.025E-03 9.747E-04 9.372E-04 9.436E-04 8.942E-04 8.241E-04 7.272E-04 6.211E-04 5.420E-04 3.117E-04 2.092E-04 1.782E-04 2.969E-04 3.884E-04 5.698E-04 6.855E-04 7.175E-04 9.214E-04 1.046E-03 1.146E-03 1.197E-03 1.302E-03 1.359E-03 1.431E-03 1.571E-03 1.701E-03 1.746E-03 1.729E-03 1.790E-03
  1.060E+02  6.765E-04 5.647E-04 5.585E-04 5.546E-04 5.636E-04 5.680E-04 5.654E-04 6.324E-04 5.845E-04 6.033E-04 6.822E-04 6.754E-04 6.618E-04 7.373E-04 8.511E-04 8.095E-04 9.460E-04 8.482E-04 8.815E-04 5.062E-04 6.422E-04 1.033E-03 1.404E-03 1.703E-03 1.614E-03 1.294E-03 1.401E-03 1.345E-03 3.588E-04 7.154E-04 1.065E-03 1.093E-03 9.887E-04 9.394E-04 9.024E-04 9.081E-04 8.600E-04 7.921E-04 6.982E-04 5.954E-04 5.189E-04 2.972E-04 1.997E-04 1.711E-04 2.875E-04 3.768E-04 5.539E-04 6.665E-04 6.976E-04 8.955E-04 1.015E-03 1.112E-03 1.161E-03 1.260E-03 1.313E-03 1.382E-03 1.516E-03 1.639E-03 1.682E-03 1.667E-03 1.732E-03
  1.080E+02  7.156E-04 6.146E-04 5.918E-04 6.004E-04 6.041E-04 5.842E-04 6.073E-04 6.446E-04 6.295E-04 6.565E-04 6.400E-04 6.757E-04 6.734E-04 7.354E-04 8.168E-04 8.839E-04 9.392E-04 8.966E-04 9.097E-04 4.990E-04 6.288E-04 9.923E-04 1.343E-03 1.663E-03 1.587E-03 1.259E-03 1.360E-03 1.323E-03 3.460E-04 6.906E-04 1.028E-03 1.058E-03 9.573E-04 9.087E-04 8.723E-04 8.772E-04 8.300E-04 7.640E-04 6.726E-04 5.726E-04 4.984E-04 2.842E-04 1.913E-04 1.648E-04 2.792E-04 3.666E-04 5.397E-04 6.495E-04 6.798E-04 8.722E-04 9.883E-04 1.081E-03 1.128E-03 1.222E-03 1.272E-03 1.338E-03 1.465E-03 1.583E-03 1.623E-03 1.610E-03 1.680E-03
  1.100E+02  7.714E-04 6.800E-04 6.195E-04 6.159E-04 6.432E-04 6.110E-04 6.616E-04 6.271E-04 6.877E-04 7.140E-04 7.048E-04 6.796E-04 7.111E-04 7.965E-04 8.375E-04 9.069E-04 9.608E-04 9.195E-04 9.491E-04 4.926E-04 6.167E-04 9.574E-04 1.277E-03 1.638E-03 1.573E-03 1.234E-03 1.324E-03 1.312E-03 3.345E-04 6.684E-04 9.971E-04 1.029E-03 9.305E-04 8.824E-04 8.464E-04 8.504E-04 8.039E-04 7.394E-04 6.502E-04 5.525E-04 4.801E-04 2.725E-04 1.838E-04 1.592E-04 2.718E-04 3.575E-04 5.271E-04 6.343E-04 6.639E-04 8.513E-04 9.639E-04 1.054E-03 1.099E-03 1.188E-03 1.235E-03 1.298E-03 1.419E-03 1.532E-03 1.570E-03 1.559E-03 1.633E-03
  1.120E+02  8.655E-04 7.324E-04 6.564E-04 6.995E-04 6.984E-04 6.410E-04 7.038E-04 6.768E-04 7.495E-04 7.675E-04 7.324E-04 7.572E-04 7.872E-04 8.027E-04 8.504E-04 9.050E-04 9.688E-04 8.997E-04 9.714E-04 4.868E-04 6.059E-04 9.262E-04 1.222E-03 1.605E-03 1.544E-03 1.215E-03 1.301E-03 1.306E-03 3.242E-04 6.486E-04 9.703E-04 1.004E-03 9.079E-04 8.602E-04 8.242E-04 8.274E-04 7.815E-04 7.181E-04 6.305E-04 5.346E-04 4.638E-04 2.621E-04 1.771E-04 1.543E-04 2.653E-04 3.494E-04 5.158E-04 6.207E-04 6.497E-04 8.326E-04 9.420E-04 1.029E-03 1.072E-03 1.157E-03 1.201E-03 1.261E-03 1.378E-03 1.485E-03 1.521E-03 1.513E-03 1.591E-03
  1.140E+02  1.111E-03 8.112E-04 7.831E-04 7.926E-04 7.697E-04 7.593E-04 7.240E-04 7.858E-04 7.748E-04 7.955E-04 8.030E-04 8.256E-04 8.490E-04 8.497E-04 9.440E-04 9.947E-04 1.033E-03 9.590E-04 1.024E-03 4.817E-04 5.962E-04 8.984E-04 1.178E-03 1.567E-03 1.522E-03 1.198E-03 1.292E-03 1.303E-03 3.150E-04 6.310E-04 9.479E-04 9.850E-04 8.893E-04 8.419E-04 8.055E-04 8.080E-04 7.623E-04 6.998E-04 6.133E-04 5.189E-04 4.493E-04 2.527E-04 1.711E-04 1.500E-04 2.595E-04 3.422E-04 5.057E-04 6.086E-04 6.370E-04 8.158E-04 9.222E-04 1.007E-03 1.048E-03 1.129E-03 1.171E-03 1.228E-03 1.340E-03 1.443E-03 1.478E-03 1.472E-03 1.553E-03
  1.160E+02  1.503E-03 1.026E-03 9.315E-04 8.897E-04 8.645E-04 8.770E-04 8.483E-04 8.575E-04 8.509E-04 8.789E-04 9.136E-04 8.156E-04 9.536E-04 9.449E-04 9.969E-04 1.033E-03 1.043E-03 1.014E-03 1.130E-03 4.772E-04 5.875E-04 8.765E-04 1.147E-03 1.552E-03 1.520E-03 1.185E-03 1.292E-03 1.309E-03 3.067E-04 6.154E-04 9.297E-04 9.703E-04 8.748E-04 8.270E-04 7.900E-04 7.919E-04 7.461E-04 6.841E-04 5.984E-04 5.050E-04 4.365E-04 2.443E-04 1.658E-04 1.461E-04 2.543E-04 3.358E-04 4.967E-04 5.978E-04 6.256E-04 8.007E-04 9.045E-04 9.863E-04 1.027E-03 1.103E-03 1.143E-03 1.199E-03 1.306E-03 1.405E-03 1.438E-03 1.434E-03 1.519E-03
  1.180E+02  1.370E-03 1.454E-03 1.156E-03 1.068E-03 9.742E-04 1.009E-03 1.077E-03 9.999E-04 1.032E-03 1.050E-03 1.058E-03 9.598E-04 1.074E-03 9.853E-04 1.097E-03 1.157E-03 1.068E-03 1.074E-03 1.238E-03 4.731E-04 5.798E-04 8.590E-04 1.131E-03 1.530E-03 1.521E-03 1.180E-03 1.299E-03 1.328E-03 2.993E-04 6.016E-04 9.156E-04 9.599E-04 8.640E-04 8.152E-04 7.777E-04 7.788E-04 7.326E-04 6.708E-04 5.856E-04 4.928E-04 4.250E-04 2.367E-04 1.611E-04 1.427E-04 2.498E-04 3.301E-04 4.888E-04 5.881E-04 6.154E-04 7.871E-04 8.885E-04 9.681E-04 1.007E-03 1.080E-03 1.119E-03 1.172E-03 1.275E-03 1.371E-03 1.402E-03 1.400E-03 1.488E-03
  1.200E+02  8.710E-04 1.456E-03 1.420E-03 1.405E-03 1.268E-03 1.165E-03 1.196E-03 1.211E-03 1.139E-03 1.158E-03 1.107E-03 1.065E-03 1.091E-03 1.245E-03 1.265E-03 1.188E-03 1.280E-03 1.169E-03 1.425E-03 4.695E-04 5.730E-04 8.463E-04 1.121E-03 1.504E-03 1.520E-03 1.189E-03 1.311E-03 1.360E-03 2.927E-04 5.895E-04 9.054E-04 9.532E-04 8.562E-04 8.064E-04 7.681E-04 7.684E-04 7.216E-04 6.597E-04 5.746E-04 4.821E-04 4.148E-04 2.299E-04 1.569E-04 1.396E-04 2.457E-04 3.251E-04 4.817E-04 5.795E-04 6.064E-04 7.750E-04 8.741E-04 9.517E-04 9.894E-04 1.060E-03 1.096E-03 1.147E-03 1.247E-03 1.339E-03 1.369E-03 1.369E-03 1.461E-03
  1.220E+02  5.782E-04 1.044E-03 1.323E-03 1.293E-03 1.244E-03 1.275E-03 1.251E-03 1.298E-03 1.283E-03 1.292E-03 1.247E-03 1.216E-03 1.237E-03 1.300E-03 1.337E-03 1.225E-03 1.377E-03 1.230E-03 1.583E-03 4.663E-04 5.671E-04 8.346E-04 1.116E-03 1.499E-03 1.530E-03 1.210E-03 1.335E-03 1.398E-03 2.867E-04 5.790E-04 8.987E-04 9.504E-04 8.514E-04 8.005E-04 7.610E-04 7.605E-04 7.130E-04 6.507E-04 5.652E-04 4.726E-04 4.057E-04 2.238E-04 1.531E-04 1.370E-04 2.422E-04 3.206E-04 4.753E-04 5.718E-04 5.983E-04 7.641E-04 8.612E-04 9.369E-04 9.735E-04 1.041E-03 1.076E-03 1.125E-03 1.221E-03 1.311E-03 1.340E-03 1.342E-03 1.436E-03
  1.240E+02  5.158E-04 7.636E-04 9.473E-04 1.026E-03 1.284E-03 1.203E-03 1.190E-03 1.333E-03 1.304E-03 1.292E-03 1.252E-03 1.270E-03 1.246E-03 1.339E-03 1.466E-03 1.212E-03 1.525E-03 1.300E-03 1.831E-03 4.635E-04 5.619E-04 8.274E-04 1.117E-03 1.507E-03 1.548E-03 1.235E-03 1.376E-03 1.441E-03 2.814E-04 5.700E-04 8.955E-04 9.517E-04 8.496E-04 7.973E-04 7.561E-04 7.550E-04 7.066E-04 6.435E-04 5.572E-04 4.644E-04 3.976E-04 2.183E-04 1.498E-04 1.346E-04 2.390E-04 3.167E-04 4.697E-04 5.649E-04 5.911E-04 7.544E-04 8.496E-04 9.235E-04 9.592E-04 1.024E-03 1.057E-03 1.105E-03 1.198E-03 1.285E-03 1.313E-03 1.317E-03 1.414E-03
  1.260E+02  4.047E-04 5.720E-04 6.992E-04 9.074E-04 8.339E-04 9.913E-04 1.058E-03 1.060E-03 1.046E-03 1.040E-03 1.245E-03 1.212E-03 1.233E-03 1.344E-03 1.454E-03 1.350E-03 1.762E-03 1.474E-03 2.104E-03 4.610E-04 5.576E-04 8.238E-04 1.137E-03 1.535E-03 1.593E-03 1.268E-03 1.430E-03 1.496E-03 2.766E-04 5.624E-04 8.960E-04 9.570E-04 8.506E-04 7.964E-04 7.534E-04 7.516E-04 7.019E-04 6.379E-04 5.505E-04 4.571E-04 3.904E-04 2.133E-04 1.469E-04 1.325E-04 2.362E-04 3.132E-04 4.648E-04 5.588E-04 5.847E-04 7.457E-04 8.392E-04 9.115E-04 9.462E-04 1.008E-03 1.040E-03 1.086E-03 1.177E-03 1.261E-03 1.288E-03 1.294E-03 1.395E-03
  1.280E+02  4.008E-04 4.538E-04 5.086E-04 6.047E-04 6.504E-04 7.982E-04 7.961E-04 1.100E-03 9.940E-04 1.013E-03 1.016E-03 1.064E-03 1.219E-03 1.181E-03 1.624E-03 1.461E-03 1.884E-03 1.723E-03 2.490E-03 4.588E-04 5.540E-04 8.279E-04 1.162E-03 1.598E-03 1.675E-03 1.318E-03 1.491E-03 1.566E-03 2.724E-04 5.562E-04 9.002E-04 9.657E-04 8.542E-04 7.975E-04 7.526E-04 7.503E-04 6.990E-04 6.337E-04 5.449E-04 4.507E-04 3.839E-04 2.089E-04 1.442E-04 1.307E-04 2.338E-04 3.101E-04 4.604E-04 5.535E-04 5.790E-04 7.379E-04 8.298E-04 9.007E-04 9.346E-04 9.945E-04 1.025E-03 1.070E-03 1.158E-03 1.239E-03 1.266E-03 1.274E-03 1.377E-03
  1.300E+02  4.008E-04 4.423E-04 5.506E-04 5.447E-04 5.714E-04 7.281E-04 7.481E-04 7.396E-04 8.977E-04 9.266E-04 9.642E-04 1.096E-03 1.232E-03 1.374E-03 1.510E-03 1.617E-03 2.201E-03 2.001E-03 2.917E-03 4.569E-04 5.511E-04 8.371E-04 1.196E-03 1.703E-03 1.801E-03 1.390E-03 1.558E-03 1.654E-03 2.686E-04 5.512E-04 9.082E-04 9.774E-04 8.599E-04 8.003E-04 7.536E-04 7.507E-04 6.976E-04 6.307E-04 5.404E-04 4.451E-04 3.781E-04 2.049E-04 1.419E-04 1.291E-04 2.316E-04 3.074E-04 4.565E-04 5.487E-04 5.740E-04 7.310E-04 8.215E-04 8.910E-04 9.241E-04 9.819E-04 1.011E-03 1.055E-03 1.140E-03 1.220E-03 1.246E-03 1.256E-03 1.362E-03
  1.320E+02  3.856E-04 4.234E-04 4.917E-04 4.863E-04 6.192E-04 6.547E-04 7.070E-04 9.189E-04 9.430E-04 9.960E-04 1.155E-03 1.177E-03 1.263E-03 1.451E-03 1.832E-03 1.856E-03 2.587E-03 2.368E-03 3.198E-03 4.552E-04 5.489E-04 8.537E-04 1.241E-03 1.847E-03 1.957E-03 1.472E-03 1.644E-03 1.746E-03 2.653E-04 5.475E-04 9.195E-04 9.920E-04 8.673E-04 8.048E-04 7.559E-04 7.525E-04 6.976E-04 6.288E-04 5.366E-04 4.402E-04 3.729E-04 2.013E-04 1.399E-04 1.277E-04 2.298E-04 3.050E-04 4.531E-04 5.445E-04 5.695E-04 7.249E-04 8.140E-04 8.823E-04 9.146E-04 9.705E-04 9.990E-04 1.041E-03 1.124E-03 1.202E-03 1.227E-03 1.240E-03 1.349E-03
  1.340E+02  3.317E-04 4.211E-04 4.890E-04 6.232E-04 7.122E-04 9.254E-04 9.920E-04 1.026E-03 1.169E-03 1.232E-03 1.254E-03 1.472E-03 1.859E-03 1.734E-03 2.167E-03 2.512E-03 3.124E-03 3.009E-03 3.506E-03 4.537E-04 5.475E-04 8.751E-04 1.310E-03 2.030E-03 2.148E-03 1.573E-03 1.745E-03 1.845E-03 2.624E-04 5.450E-04 9.340E-04 1.009E-03 8.763E-04 8.107E-04 7.593E-04 7.555E-04 6.986E-04 6.278E-04 5.334E-04 4.358E-04 3.683E-04 1.982E-04 1.381E-04 1.265E-04 2.281E-04 3.030E-04 4.501E-04 5.408E-04 5.656E-04 7.194E-04 8.073E-04 8.745E-04 9.061E-04 9.601E-04 9.876E-04 1.029E-03 1.110E-03 1.186E-03 1.210E-03 1.225E-03 1.337E-03
  1.360E+02  3.929E-04 5.047E-04 6.841E-04 8.611E-04 1.171E-03 1.152E-03 1.317E-03 1.760E-03 1.788E-03 1.871E-03 2.020E-03 2.300E-03 2.237E-03 2.707E-03 3.294E-03 3.035E-03 4.134E-03 3.425E-03 3.548E-03 4.525E-04 5.468E-04 9.057E-04 1.415E-03 2.255E-03 2.362E-03 1.675E-03 1.872E-03 1.937E-03 2.598E-04 5.437E-04 9.517E-04 1.030E-03 8.864E-04 8.176E-04 7.636E-04 7.596E-04 7.006E-04 6.276E-04 5.309E-04 4.320E-04 3.641E-04 1.954E-04 1.366E-04 1.254E-04 2.267E-04 3.012E-04 4.475E-04 5.376E-04 5.622E-04 7.146E-04 8.014E-04 8.674E-04 8.984E-04 9.507E-04 9.773E-04 1.017E-03 1.097E-03 1.171E-03 1.195E-03 1.212E-03 1.327E-03
  1.380E+02  4.994E-04 8.109E-04 1.114E-03 1.768E-03 2.122E-03 2.505E-03 2.688E-03 3.190E-03 3.294E-03 3.349E-03 3.556E-03 3.779E-03 4.089E-03 4.062E-03 4.613E-03 4.328E-03 5.075E-03 4.160E-03 3.456E-03 4.514E-04 5.469E-04 9.469E-04 1.545E-03 2.569E-03 2.664E-03 1.789E-03 2.008E-03 2.026E-03 2.576E-04 5.436E-04 9.728E-04 1.052E-03 8.977E-04 8.251E-04 7.686E-04 7.647E-04 7.033E-04 6.279E-04 5.289E-04 4.287E-04 3.605E-04 1.930E-04 1.352E-04 1.245E-04 2.254E-04 2.996E-04 4.452E-04 5.347E-04 5.592E-04 7.104E-04 7.961E-04 8.612E-04 8.916E-04 9.422E-04 9.680E-04 1.007E-03 1.084E-03 1.157E-03 1.181E-03 1.200E-03 1.318E-03
  1.400E+02  8.011E-04 2.010E-03 3.329E-03 4.778E-03 5.138E-03 5.623E-03 6.119E-03 6.471E-03 6.421E-03 6.271E-03 6.481E-03 6.543E-03 6.259E-03 6.198E-03 6.329E-03 5.503E-03 5.982E-03 4.563E-03 3.321E-03 4.505E-04 5.479E-04 9.974E-04 1.714E-03 2.947E-03 3.011E-03 1.932E-03 2.135E-03 2.124E-03 2.557E-04 5.448E-04 9.971E-04 1.075E-03 9.095E-04 8.327E-04 7.742E-04 7.705E-04 7.066E-04 6.287E-04 5.274E-04 4.259E-04 3.574E-04 1.909E-04 1.341E-04 1.237E-04 2.244E-04 2.983E-04 4.433E-04 5.323E-04 5.567E-04 7.067E-04 7.915E-04 8.556E-04 8.854E-04 9.345E-04 9.595E-04 9.976E-04 1.073E-03 1.144E-03 1.168E-03 1.190E-03 1.311E-03
  1.420E+02  2.452E-03 7.462E-03 9.502E-03 9.658E-03 9.364E-03 9.063E-03 8.861E-03 8.576E-03 8.568E-03 8.397E-03 8.057E-03 8.104E-03 7.398E-03 7.638E-03 7.006E-03 5.916E-03 6.316E-03 4.552E-03 3.216E-03 4.497E-04 5.498E-04 1.064E-03 1.929E-03 3.396E-03 3.397E-03 2.072E-03 2.265E-03 2.206E-03 2.542E-04 5.473E-04 1.024E-03 1.099E-03 9.212E-04 8.405E-04 7.802E-04 7.767E-04 7.105E-04 6.301E-04 5.265E-04 4.237E-04 3.548E-04 1.891E-04 1.331E-04 1.230E-04 2.235E-04 2.971E-04 4.416E-04 5.302E-04 5.545E-04 7.035E-04 7.874E-04 8.506E-04 8.799E-04 9.275E-04 9.517E-04 9.890E-04 1.063E-03 1.133E-03 1.156E-03 1.181E-03 1.305E-03
  1.440E+02  1.101E-02 1.066E-02 8.879E-03 8.143E-03 7.752E-03 7.611E-03 7.157E-03 7.182E-03 7.347E-03 7.404E-03 7.499E-03 6.862E-03 6.853E-03 6.711E-03 6.519E-03 5.818E-03 5.719E-03 4.469E-03 2.980E-03 4.490E-04 5.529E-04 1.141E-03 2.160E-03 3.977E-03 3.857E-03 2.213E-03 2.386E-03 2.266E-03 2.530E-04 5.511E-04 1.054E-03 1.124E-03 9.330E-04 8.486E-04 7.865E-04 7.835E-04 7.151E-04 6.321E-04 5.262E-04 4.220E-04 3.528E-04 1.876E-04 1.322E-04 1.224E-04 2.227E-04 2.961E-04 4.402E-04 5.285E-04 5.526E-04 7.007E-04 7.838E-04 8.462E-04 8.749E-04 9.212E-04 9.447E-04 9.811E-04 1.054E-03 1.122E-03 1.146E-03 1.173E-03 1.300E-03
  1.460E+02  1.019E-02 7.183E-03 6.523E-03 6.131E-03 5.692E-03 5.731E-03 5.807E-03 5.656E-03 5.815E-03 5.920E-03 5.542E-03 5.720E-03 5.892E-03 6.008E-03 5.723E-03 5.519E-03 5.273E-03 4.256E-03 2.777E-03 4.485E-04 5.571E-04 1.228E-03 2.448E-03 4.524E-03 4.239E-03 2.345E-03 2.495E-03 2.301E-03 2.521E-04 5.563E-04 1.086E-03 1.148E-03 9.448E-04 8.571E-04 7.932E-04 7.910E-04 7.204E-04 6.349E-04 5.267E-04 4.212E-04 3.514E-04 1.865E-04 1.316E-04 1.219E-04 2.221E-04 2.953E-04 4.390E-04 5.270E-04 5.510E-04 6.983E-04 7.807E-04 8.423E-04 8.706E-04 9.154E-04 9.383E-04 9.740E-04 1.045E-03 1.112E-03 1.136E-03 1.166E-03 1.296E-03
  1.480E+02  6.857E-03 5.754E-03 5.172E-03 4.600E-03 4.856E-03 5.008E-03 4.672E-03 4.697E-03 4.902E-03 4.973E-03 5.049E-03 4.779E-03 5.103E-03 5.004E-03 5.045E-03 4.613E-03 4.751E-03 3.818E-03 2.684E-03 4.481E-04 5.628E-04 1.337E-03 2.806E-03 4.982E-03 4.509E-03 2.440E-03 2.601E-03 2.309E-03 2.515E-04 5.630E-04 1.120E-03 1.174E-03 9.573E-04 8.665E-04 8.008E-04 7.995E-04 7.268E-04 6.388E-04 5.281E-04 4.213E-04 3.509E-04 1.856E-04 1.310E-04 1.215E-04 2.215E-04 2.947E-04 4.381E-04 5.258E-04 5.497E-04 6.963E-04 7.780E-04 8.389E-04 8.667E-04 9.102E-04 9.325E-04 9.675E-04 1.037E-03 1.103E-03 1.127E-03 1.160E-03 1.293E-03
  1.500E+02  5.760E-03 5.015E-03 4.746E-03 4.570E-03 4.291E-03 4.466E-03 4.385E-03 4.321E-03 4.421E-03 4.480E-03 4.479E-03 4.354E-03 4.322E-03 4.650E-03 4.780E-03 4.391E-03 4.340E-03 3.612E-03 2.630E-03 4.477E-04 5.699E-04 1.465E-03 3.163E-03 5.410E-03 4.738E-03 2.508E-03 2.687E-03 2.301E-03 2.513E-04 5.713E-04 1.156E-03 1.200E-03 9.712E-04 8.772E-04 8.100E-04 8.097E-04 7.347E-04 6.441E-04 5.310E-04 4.224E-04 3.511E-04 1.850E-04 1.306E-04 1.212E-04 2.211E-04 2.941E-04 4.373E-04 5.248E-04 5.487E-04 6.947E-04 7.758E-04 8.360E-04 8.634E-04 9.057E-04 9.274E-04 9.616E-04 1.030E-03 1.096E-03 1.119E-03 1.155E-03 1.291E-03
  1.520E+02  5.499E-03 4.613E-03 4.236E-03 4.245E-03 4.237E-03 4.176E-03 3.961E-03 4.300E-03 4.104E-03 4.162E-03 4.365E-03 4.005E-03 4.190E-03 4.064E-03 4.563E-03 3.965E-03 4.108E-03 3.327E-03 2.464E-03 4.474E-04 5.785E-04 1.602E-03 3.510E-03 5.675E-03 4.853E-03 2.570E-03 2.745E-03 2.295E-03 2.514E-04 5.809E-04 1.196E-03 1.228E-03 9.875E-04 8.903E-04 8.215E-04 8.221E-04 7.447E-04 6.514E-04 5.354E-04 4.247E-04 3.523E-04 1.846E-04 1.302E-04 1.209E-04 2.208E-04 2.937E-04 4.367E-04 5.241E-04 5.479E-04 6.934E-04 7.740E-04 8.335E-04 8.605E-04 9.016E-04 9.228E-04 9.565E-04 1.024E-03 1.089E-03 1.112E-03 1.151E-03 1.290E-03
  1.540E+02  4.998E-03 4.529E-03 4.095E-03 3.977E-03 4.060E-03 3.924E-03 3.943E-03 3.708E-03 4.007E-03 4.070E-03 3.876E-03 3.969E-03 3.930E-03 4.166E-03 4.036E-03 4.044E-03 4.000E-03 3.319E-03 2.467E-03 4.471E-04 5.879E-04 1.756E-03 3.858E-03 5.831E-03 4.927E-03 2.632E-03 2.780E-03 2.312E-03 2.519E-04 5.915E-04 1.241E-03 1.260E-03 1.008E-03 9.071E-04 8.366E-04 8.377E-04 7.576E-04 6.612E-04 5.419E-04 4.284E-04 3.545E-04 1.846E-04 1.300E-04 1.208E-04 2.205E-04 2.934E-04 4.363E-04 5.236E-04 5.474E-04 6.925E-04 7.725E-04 8.316E-04 8.582E-04 8.982E-04 9.190E-04 9.521E-04 1.019E-03 1.083E-03 1.106E-03 1.148E-03 1.290E-03
  1.560E+02  4.614E-03 4.133E-03 3.919E-03 3.964E-03 3.569E-03 3.732E-03 3.672E-03 3.741E-03 3.713E-03 3.756E-03 3.758E-03 3.703E-03 4.013E-03 4.074E-03 4.085E-03 3.974E-03 3.905E-03 3.342E-03 2.512E-03 4.469E-04 5.971E-04 1.935E-03 4.136E-03 5.986E-03 5.016E-03 2.701E-03 2.818E-03 2.356E-03 2.526E-04 6.023E-04 1.291E-03 1.298E-03 1.034E-03 9.291E-04 8.560E-04 8.572E-04 7.741E-04 6.740E-04 5.505E-04 4.336E-04 3.578E-04 1.848E-04 1.299E-04 1.206E-04 2.204E-04 2.932E-04 4.361E-04 5.233E-04 5.470E-04 6.918E-04 7.715E-04 8.301E-04 8.564E-04 8.955E-04 9.158E-04 9.484E-04 1.014E-03 1.078E-03 1.101E-03 1.146E-03 1.291E-03
  1.580E+02  4.390E-03 4.015E-03 3.714E-03 3.374E-03 3.621E-03 3.572E-03 3.510E-03 3.576E-03 3.751E-03 3.807E-03 3.759E-03 3.732E-03 3.724E-03 3.979E-03 3.949E-03 3.896E-03 3.883E-03 3.304E-03 2.654E-03 4.467E-04 6.043E-04 2.123E-03 4.351E-03 6.087E-03 5.077E-03 2.788E-03 2.896E-03 2.430E-03 2.535E-04 6.117E-04 1.347E-03 1.346E-03 1.067E-03 9.576E-04 8.805E-04 8.815E-04 7.946E-04 6.900E-04 5.615E-04 4.403E-04 3.621E-04 1.851E-04 1.298E-04 1.206E-04 2.203E-04 2.931E-04 4.360E-04 5.231E-04 5.469E-04 6.915E-04 7.709E-04 8.291E-04 8.552E-04 8.934E-04 9.134E-04 9.456E-04 1.011E-03 1.074E-03 1.098E-03 1.145E-03 1.292E-03
  1.600E+02  4.244E-03 3.881E-03 3.562E-03 3.439E-03 3.335E-03 3.217E-03 3.486E-03 3.536E-03 3.451E-03 3.506E-03 3.696E-03 3.674E-03 3.520E-03 3.810E-03 4.154E-03 3.627E-03 4.009E-03 3.227E-03 2.698E-03 4.464E-04 6.068E-04 2.316E-03 4.588E-03 6.247E-03 5.208E-03 2.915E-03 3.037E-03 2.555E-03 2.543E-04 6.170E-04 1.408E-03 1.406E-03 1.109E-03 9.929E-04 9.104E-04 9.102E-04 8.185E-04 7.089E-04 5.744E-04 4.482E-04 3.671E-04 1.857E-04 1.298E-04 1.206E-04 2.202E-04 2.931E-04 4.360E-04 5.232E-04 5.469E-04 6.915E-04 7.706E-04 8.286E-04 8.545E-04 8.921E-04 9.118E-04 9.438E-04 1.008E-03 1.071E-03 1.095E-03 1.145E-03 1.294E-03
  1.620E+02  3.718E-03 3.432E-03 3.476E-03 3.490E-03 3.370E-03 3.362E-03 3.237E-03 3.431E-03 3.545E-03 3.624E-03 3.598E-03 3.649E-03 3.599E-03 3.922E-03 4.203E-03 3.879E-03 4.108E-03 3.388E-03 2.721E-03 4.461E-04 6.022E-04 2.510E-03 4.883E-03 6.513E-03 5.477E-03 3.113E-03 3.256E-03 2.746E-03 2.548E-04 6.144E-04 1.469E-03 1.474E-03 1.157E-03 1.033E-03 9.437E-04 9.413E-04 8.439E-04 7.291E-04 5.883E-04 4.567E-04 3.726E-04 1.863E-04 1.299E-04 1.206E-04 2.203E-04 2.932E-04 4.361E-04 5.234E-04 5.472E-04 6.918E-04 7.708E-04 8.286E-04 8.544E-04 8.915E-04 9.110E-04 9.428E-04 1.007E-03 1.070E-03 1.094E-03 1.146E-03 1.297E-03
  1.640E+02  3.807E-03 3.344E-03 3.269E-03 3.094E-03 3.344E-03 3.246E-03 3.132E-03 3.521E-03 3.414E-03 3.498E-03 3.650E-03 3.280E-03 3.582E-03 3.949E-03 4.129E-03 3.888E-03 4.423E-03 3.461E-03 2.891E-03 4.458E-04 5.891E-04 2.650E-03 5.219E-03 6.954E-03 5.922E-03 3.391E-03 3.561E-03 3.014E-03 2.544E-04 6.000E-04 1.513E-03 1.542E-03 1.205E-03 1.072E-03 9.748E-04 9.688E-04 8.657E-04 7.467E-04 6.006E-04 4.641E-04 3.774E-04 1.868E-04 1.300E-04 1.207E-04 2.203E-04 2.933E-04 4.364E-04 5.237E-04 5.475E-04 6.923E-04 7.714E-04 8.292E-04 8.549E-04 8.917E-04 9.112E-04 9.429E-04 1.007E-03 1.070E-03 1.094E-03 1.147E-03 1.300E-03
  1.660E+02  3.484E-03 3.222E-03 3.090E-03 3.169E-03 3.192E-03 3.128E-03 3.252E-03 3.393E-03 3.461E-03 3.590E-03 3.796E-03 3.601E-03 3.769E-03 3.739E-03 4.425E-03 4.575E-03 4.501E-03 4.176E-03 3.249E-03 4.454E-04 5.697E-04 2.664E-03 5.504E-03 7.662E-03 6.612E-03 3.715E-03 3.899E-03 3.346E-03 2.524E-04 5.714E-04 1.511E-03 1.582E-03 1.235E-03 1.095E-03 9.918E-04 9.806E-04 8.740E-04 7.541E-04 6.063E-04 4.676E-04 3.796E-04 1.870E-04 1.301E-04 1.208E-04 2.204E-04 2.934E-04 4.367E-04 5.242E-04 5.481E-04 6.931E-04 7.723E-04 8.302E-04 8.560E-04 8.926E-04 9.121E-04 9.438E-04 1.008E-03 1.071E-03 1.096E-03 1.150E-03 1.303E-03
  1.680E+02  3.626E-03 3.274E-03 3.112E-03 3.089E-03 3.229E-03 3.063E-03 3.295E-03 3.183E-03 3.677E-03 3.829E-03 3.813E-03 3.640E-03 3.815E-03 4.238E-03 4.460E-03 5.081E-03 5.176E-03 4.865E-03 3.804E-03 4.451E-04 5.497E-04 2.517E-03 5.557E-03 8.278E-03 7.236E-03 3.959E-03 4.138E-03 3.641E-03 2.483E-04 5.311E-04 1.430E-03 1.552E-03 1.219E-03 1.079E-03 9.752E-04 9.587E-04 8.546E-04 7.402E-04 5.979E-04 4.626E-04 3.765E-04 1.865E-04 1.302E-04 1.210E-04 2.206E-04 2.936E-04 4.371E-04 5.248E-04 5.487E-04 6.941E-04 7.735E-04 8.316E-04 8.575E-04 8.942E-04 9.137E-04 9.454E-04 1.010E-03 1.073E-03 1.098E-03 1.152E-03 1.306E-03
  1.700E+02  3.381E-03 3.138E-03 2.961E-03 3.282E-03 3.251E-03 3.251E-03 3.499E-03 3.603E-03 3.693E-03 3.877E-03 3.991E-03 4.130E-03 4.164E-03 4.529E-03 5.149E-03 5.669E-03 5.768E-03 5.466E-03 4.454E-03 4.449E-04 5.372E-04 2.265E-03 5.337E-03 8.500E-03 7.430E-03 3.911E-03 4.068E-03 3.689E-03 2.423E-04 4.879E-04 1.259E-03 1.418E-03 1.129E-03 1.003E-03 9.071E-04 8.884E-04 7.957E-04 6.949E-04 5.678E-04 4.445E-04 3.649E-04 1.851E-04 1.303E-04 1.211E-04 2.208E-04 2.939E-04 4.375E-04 5.255E-04 5.494E-04 6.952E-04 7.750E-04 8.332E-04 8.592E-04 8.962E-04 9.158E-04 9.476E-04 1.013E-03 1.076E-03 1.100E-03 1.155E-03 1.310E-03
  1.720E+02  3.533E-03 3.294E-03 3.427E-03 3.335E-03 3.614E-03 3.415E-03 3.805E-03 3.475E-03 4.081E-03 4.268E-03 4.184E-03 4.584E-03 4.616E-03 5.362E-03 5.472E-03 6.521E-03 6.610E-03 6.050E-03 5.059E-03 4.448E-04 5.390E-04 2.004E-03 5.136E-03 8.417E-03 7.143E-03 3.488E-03 3.602E-03 3.304E-03 2.358E-04 4.551E-04 1.053E-03 1.202E-03 9.743E-04 8.725E-04 7.951E-04 7.804E-04 7.059E-04 6.232E-04 5.178E-04 4.134E-04 3.446E-04 1.826E-04 1.304E-04 1.213E-04 2.209E-04 2.941E-04 4.380E-04 5.261E-04 5.501E-04 6.964E-04 7.764E-04 8.350E-04 8.612E-04 8.984E-04 9.181E-04 9.501E-04 1.015E-03 1.079E-03 1.103E-03 1.158E-03 1.313E-03
  1.740E+02  3.841E-03 3.404E-03 3.421E-03 3.704E-03 3.909E-03 4.036E-03 4.354E-03 4.609E-03 4.980E-03 5.286E-03 5.191E-03 5.407E-03 5.810E-03 6.237E-03 6.778E-03 7.377E-03 7.158E-03 6.169E-03 4.527E-03 4.449E-04 5.565E-04 1.800E-03 4.999E-03 8.401E-03 6.830E-03 2.991E-03 3.071E-03 2.691E-03 2.308E-04 4.433E-04 9.227E-04 1.022E-03 8.324E-04 7.520E-04 6.922E-04 6.860E-04 6.266E-04 5.568E-04 4.684E-04 3.812E-04 3.228E-04 1.801E-04 1.305E-04 1.216E-04 2.211E-04 2.943E-04 4.384E-04 5.267E-04 5.508E-04 6.975E-04 7.778E-04 8.367E-04 8.630E-04 9.005E-04 9.203E-04 9.525E-04 1.018E-03 1.082E-03 1.106E-03 1.161E-03 1.315E-03
  1.760E+02  4.437E-03 4.342E-03 4.418E-03 4.719E-03 4.929E-03 5.049E-03 5.977E-03 5.798E-03 6.444E-03 6.864E-03 7.725E-03 7.210E-03 7.302E-03 8.641E-03 8.749E-03 9.644E-03 8.767E-03 6.863E-03 4.246E-03 4.450E-04 5.835E-04 1.758E-03 4.690E-03 8.448E-03 6.790E-03 2.892E-03 3.005E-03 2.497E-03 2.290E-04 4.525E-04 9.499E-04 1.011E-03 8.054E-04 7.255E-04 6.675E-04 6.663E-04 6.078E-04 5.369E-04 4.497E-04 3.667E-04 3.119E-04 1.788E-04 1.308E-04 1.218E-04 2.213E-04 2.945E-04 4.388E-04 5.272E-04 5.513E-04 6.983E-04 7.790E-04 8.380E-04 8.645E-04 9.023E-04 9.222E-04 9.545E-04 1.020E-03 1.084E-03 1.109E-03 1.163E-03 1.317E-03
  1.780E+02  7.058E-03 7.147E-03 7.109E-03 7.964E-03 8.386E-03 8.299E-03 9.358E-03 9.790E-03 9.735E-03 1.015E-02 1.029E-02 1.003E-02 1.038E-02 1.088E-02 1.084E-02 9.459E-03 9.886E-03 7.165E-03 5.775E-03 4.452E-04 6.082E-04 2.010E-03 4.691E-03 8.525E-03 7.195E-03 3.423E-03 3.631E-03 3.043E-03 2.295E-04 4.697E-04 1.087E-03 1.155E-03 8.931E-04 7.940E-04 7.209E-04 7.170E-04 6.464E-04 5.643E-04 4.651E-04 3.738E-04 3.153E-04 1.792E-04 1.312E-04 1.219E-04 2.213E-04 2.946E-04 4.390E-04 5.275E-04 5.517E-04 6.989E-04 7.797E-04 8.390E-04 8.655E-04 9.035E-04 9.235E-04 9.559E-04 1.022E-03 1.086E-03 1.110E-03 1.164E-03 1.318E-03
  1.800E+02  2.009E-02 1.586E-02 1.343E-02 1.652E-02 1.658E-02 1.481E-02 1.446E-02 1.472E-02 1.755E-02 1.770E-02 1.429E-02 1.655E-02 1.563E-02 1.932E-02 1.534E-02 1.251E-02 1.476E-02 9.399E-03 8.268E-03 4.452E-04 6.182E-04 2.248E-03 5.387E-03 9.750E-03 8.305E-03 3.948E-03 4.197E-03 3.548E-03 2.302E-04 4.780E-04 1.166E-03 1.250E-03 9.548E-04 8.431E-04 7.597E-04 7.527E-04 6.743E-04 5.855E-04 4.788E-04 3.814E-04 3.199E-04 1.798E-04 1.313E-04 1.220E-04 2.214E-04 2.947E-04 4.391E-04 5.277E-04 5.518E-04 6.991E-04 7.800E-04 8.393E-04 8.658E-04 9.039E-04 9.239E-04 9.564E-04 1.022E-03 1.086E-03 1.111E-03 1.165E-03 1.319E-03
