# sea salt (coa., 80%)
#
# size distribution: lognormal
# ------------------
#
#   minimum radius, [um]:      9.000E-03
#   maximum radius, [um]:      1.000E+02
#                  sigma:      2.030E+00
#       Rmod (wet), [um]:      3.490E+00
#       Rmod (dry), [um]:      1.750E+00
#
# optical parameters:
# -------------------
#
# wavelength ext.coef  sca.coef  abs.coef  si.sc.alb  asym.par  ext.nor    ref.real  ref.imag
#     [um]     [1/km]    [1/km]    [1/km]
#
#  2.500E-01 2.141E-01 2.140E-01 7.714E-05 9.996E-01 0.847E+00 9.798E-01  1.381E+00 -6.597E-07
#  3.000E-01 2.154E-01 2.154E-01 2.638E-05 9.999E-01 0.859E+00 9.855E-01  1.369E+00 -2.661E-07
#  3.500E-01 2.160E-01 2.159E-01 4.042E-06 1.000E+00 0.853E+00 9.882E-01  1.364E+00 -4.653E-08
#  4.000E-01 2.169E-01 2.169E-01 4.912E-07 1.000E+00 0.854E+00 9.925E-01  1.359E+00 -5.408E-09
#  4.500E-01 2.175E-01 2.175E-01 4.019E-07 1.000E+00 0.856E+00 9.953E-01  1.358E+00 -3.955E-09
#  5.000E-01 2.180E-01 2.180E-01 2.079E-07 1.000E+00 0.856E+00 9.978E-01  1.356E+00 -2.828E-09
#  5.500E-01 2.185E-01 2.185E-01 1.563E-07 1.000E+00 0.858E+00 1.000E+00  1.354E+00 -2.974E-09
#  6.000E-01 2.195E-01 2.195E-01 5.103E-07 1.000E+00 0.855E+00 1.005E+00  1.352E+00 -1.154E-08
#  6.500E-01 2.200E-01 2.200E-01 8.525E-07 1.000E+00 0.855E+00 1.007E+00  1.351E+00 -1.968E-08
#  7.000E-01 2.206E-01 2.206E-01 2.459E-06 1.000E+00 0.854E+00 1.010E+00  1.351E+00 -5.449E-08
#  7.500E-01 2.218E-01 2.217E-01 1.151E-05 9.999E-01 0.851E+00 1.015E+00  1.350E+00 -2.725E-07
#  8.000E-01 2.216E-01 2.216E-01 1.395E-05 9.999E-01 0.852E+00 1.014E+00  1.348E+00 -3.551E-07
#  9.000E-01 2.231E-01 2.229E-01 2.088E-04 9.991E-01 0.850E+00 1.021E+00  1.347E+00 -5.770E-06
#  1.000E+00 2.236E-01 2.229E-01 6.381E-04 9.971E-01 0.851E+00 1.023E+00  1.345E+00 -2.030E-05
#  1.250E+00 2.273E-01 2.259E-01 1.325E-03 9.942E-01 0.843E+00 1.040E+00  1.342E+00 -5.274E-05
#  1.500E+00 2.297E-01 2.247E-01 5.032E-03 9.781E-01 0.839E+00 1.051E+00  1.339E+00 -2.466E-04
#  1.750E+00 2.325E-01 2.292E-01 3.287E-03 9.859E-01 0.835E+00 1.064E+00  1.330E+00 -1.835E-04
#  2.000E+00 2.356E-01 2.203E-01 1.531E-02 9.350E-01 0.840E+00 1.078E+00  1.324E+00 -1.087E-03
#  2.500E+00 2.432E-01 2.219E-01 2.132E-02 9.123E-01 0.854E+00 1.113E+00  1.282E+00 -2.025E-03
#  3.000E+00 2.357E-01 1.196E-01 1.161E-01 5.075E-01 0.943E+00 1.079E+00  1.401E+00 -2.390E-01
#  3.200E+00 2.423E-01 1.278E-01 1.146E-01 5.273E-01 0.922E+00 1.109E+00  1.480E+00 -8.113E-02
#  3.390E+00 2.470E-01 1.633E-01 8.370E-02 6.611E-01 0.857E+00 1.130E+00  1.430E+00 -2.049E-02
#  3.500E+00 2.493E-01 1.974E-01 5.190E-02 7.918E-01 0.819E+00 1.141E+00  1.410E+00 -8.417E-03
#  3.750E+00 2.532E-01 2.287E-01 2.450E-02 9.033E-01 0.799E+00 1.159E+00  1.382E+00 -3.235E-03
#  4.000E+00 2.564E-01 2.277E-01 2.865E-02 8.882E-01 0.806E+00 1.173E+00  1.367E+00 -4.197E-03
#  4.500E+00 2.609E-01 2.054E-01 5.549E-02 7.873E-01 0.836E+00 1.194E+00  1.352E+00 -1.189E-02
#  5.000E+00 2.652E-01 2.152E-01 5.000E-02 8.115E-01 0.833E+00 1.214E+00  1.343E+00 -1.115E-02
#  5.500E+00 2.684E-01 2.237E-01 4.476E-02 8.333E-01 0.845E+00 1.228E+00  1.313E+00 -1.059E-02
#  6.000E+00 2.478E-01 1.353E-01 1.125E-01 5.461E-01 0.925E+00 1.134E+00  1.283E+00 -9.490E-02
#  6.200E+00 2.610E-01 1.489E-01 1.121E-01 5.704E-01 0.889E+00 1.194E+00  1.393E+00 -7.968E-02
#  6.500E+00 2.677E-01 1.842E-01 8.353E-02 6.880E-01 0.861E+00 1.225E+00  1.354E+00 -3.489E-02
#  7.200E+00 2.675E-01 1.957E-01 7.185E-02 7.314E-01 0.862E+00 1.224E+00  1.326E+00 -2.894E-02
#  7.900E+00 2.628E-01 1.922E-01 7.062E-02 7.313E-01 0.870E+00 1.203E+00  1.307E+00 -3.126E-02
#  8.200E+00 2.603E-01 1.890E-01 7.131E-02 7.261E-01 0.873E+00 1.191E+00  1.303E+00 -3.320E-02
#  8.500E+00 2.586E-01 1.862E-01 7.240E-02 7.200E-01 0.873E+00 1.183E+00  1.303E+00 -3.535E-02
#  8.700E+00 2.596E-01 1.860E-01 7.369E-02 7.162E-01 0.869E+00 1.188E+00  1.313E+00 -3.690E-02
#  9.000E+00 2.574E-01 1.835E-01 7.382E-02 7.132E-01 0.870E+00 1.178E+00  1.311E+00 -3.840E-02
#  9.200E+00 2.531E-01 1.795E-01 7.354E-02 7.094E-01 0.875E+00 1.158E+00  1.300E+00 -3.957E-02
#  9.500E+00 2.465E-01 1.736E-01 7.294E-02 7.041E-01 0.882E+00 1.128E+00  1.285E+00 -4.107E-02
#  9.800E+00 2.385E-01 1.651E-01 7.339E-02 6.923E-01 0.888E+00 1.091E+00  1.271E+00 -4.388E-02
#  1.000E+01 2.315E-01 1.576E-01 7.388E-02 6.809E-01 0.894E+00 1.059E+00  1.259E+00 -4.629E-02
#  1.060E+01 2.056E-01 1.265E-01 7.913E-02 6.152E-01 0.910E+00 9.409E-01  1.219E+00 -6.067E-02
#  1.100E+01 1.885E-01 9.984E-02 8.861E-02 5.298E-01 0.918E+00 8.623E-01  1.194E+00 -8.636E-02
#  1.150E+01 1.777E-01 7.974E-02 9.797E-02 4.487E-01 0.918E+00 8.132E-01  1.171E+00 -1.259E-01
#  1.250E+01 1.866E-01 7.411E-02 1.125E-01 3.972E-01 0.900E+00 8.537E-01  1.160E+00 -2.284E-01
#  1.300E+01 1.951E-01 7.809E-02 1.170E-01 4.002E-01 0.888E+00 8.928E-01  1.179E+00 -2.688E-01
#  1.400E+01 2.092E-01 8.576E-02 1.235E-01 4.099E-01 0.867E+00 9.575E-01  1.235E+00 -3.263E-01
#  1.480E+01 2.164E-01 8.995E-02 1.265E-01 4.156E-01 0.853E+00 9.904E-01  1.280E+00 -3.499E-01
#  1.500E+01 2.184E-01 9.115E-02 1.273E-01 4.173E-01 0.850E+00 9.995E-01  1.293E+00 -3.557E-01
#  1.640E+01 2.287E-01 9.749E-02 1.312E-01 4.262E-01 0.827E+00 1.047E+00  1.373E+00 -3.845E-01
#  1.720E+01 2.351E-01 1.021E-01 1.331E-01 4.341E-01 0.813E+00 1.076E+00  1.431E+00 -3.900E-01
#  1.800E+01 2.382E-01 1.044E-01 1.337E-01 4.385E-01 0.803E+00 1.090E+00  1.468E+00 -3.887E-01
#  1.850E+01 2.390E-01 1.052E-01 1.338E-01 4.403E-01 0.797E+00 1.094E+00  1.484E+00 -3.849E-01
#  2.000E+01 2.388E-01 1.064E-01 1.324E-01 4.457E-01 0.784E+00 1.093E+00  1.515E+00 -3.626E-01
#  2.130E+01 2.362E-01 1.054E-01 1.308E-01 4.463E-01 0.774E+00 1.081E+00  1.525E+00 -3.520E-01
#  2.250E+01 2.345E-01 1.049E-01 1.296E-01 4.474E-01 0.765E+00 1.073E+00  1.538E+00 -3.460E-01
#  2.500E+01 2.298E-01 1.031E-01 1.267E-01 4.487E-01 0.746E+00 1.052E+00  1.560E+00 -3.370E-01
#  2.790E+01 2.230E-01 9.988E-02 1.231E-01 4.480E-01 0.726E+00 1.020E+00  1.577E+00 -3.309E-01
#  3.000E+01 2.161E-01 9.639E-02 1.197E-01 4.460E-01 0.715E+00 9.889E-01  1.579E+00 -3.245E-01
#  3.500E+01 1.997E-01 8.324E-02 1.165E-01 4.168E-01 0.689E+00 9.138E-01  1.561E+00 -3.567E-01
#  4.000E+01 1.938E-01 7.236E-02 1.215E-01 3.733E-01 0.650E+00 8.870E-01  1.547E+00 -4.625E-01
#
# volume phase function [1/km]:
# -----------------------------
#
# sca.ang. | wavelengths --->
# ---------|------------------
#          | 2.500E-01 3.000E-01 3.500E-01 4.000E-01 4.500E-01 5.000E-01 5.500E-01 6.000E-01 6.500E-01 7.000E-01 7.500E-01 8.000E-01 9.000E-01 1.000E+00 1.250E+00 1.500E+00 1.750E+00 2.000E+00 2.500E+00 3.000E+00 3.200E+00 3.390E+00 3.500E+00 3.750E+00 4.000E+00 4.500E+00 5.000E+00 5.500E+00 6.000E+00 6.200E+00 6.500E+00 7.200E+00 7.900E+00 8.200E+00 8.500E+00 8.700E+00 9.000E+00 9.200E+00 9.500E+00 9.800E+00 1.000E+01 1.060E+01 1.100E+01 1.150E+01 1.250E+01 1.300E+01 1.400E+01 1.480E+01 1.500E+01 1.640E+01 1.720E+01 1.800E+01 1.850E+01 2.000E+01 2.130E+01 2.250E+01 2.500E+01 2.790E+01 3.000E+01 3.500E+01 4.000E+01
#
  0.000E+00  1.293E+03 9.038E+02 6.668E+02 5.126E+02 4.060E+02 3.289E+02 2.725E+02 2.302E+02 1.966E+02 1.704E+02 1.488E+02 1.308E+02 1.043E+02 8.488E+01 5.512E+01 3.877E+01 2.882E+01 2.234E+01 1.465E+01 1.006E+01 9.006E+00 8.137E+00 7.698E+00 6.828E+00 6.068E+00 4.873E+00 4.049E+00 3.456E+00 2.782E+00 2.643E+00 2.498E+00 2.125E+00 1.825E+00 1.713E+00 1.608E+00 1.538E+00 1.451E+00 1.401E+00 1.328E+00 1.255E+00 1.206E+00 1.032E+00 8.723E-01 7.106E-01 5.681E-01 5.409E-01 4.952E-01 4.593E-01 4.515E-01 3.983E-01 3.742E-01 3.493E-01 3.343E-01 2.943E-01 2.636E-01 2.400E-01 2.000E-01 1.649E-01 1.445E-01 1.047E-01 7.728E-02
  1.000E-01  8.263E+02 6.440E+02 5.124E+02 4.156E+02 3.423E+02 2.856E+02 2.420E+02 2.081E+02 1.804E+02 1.580E+02 1.393E+02 1.234E+02 9.959E+01 8.173E+01 5.380E+01 3.812E+01 2.847E+01 2.213E+01 1.456E+01 1.002E+01 8.973E+00 8.110E+00 7.674E+00 6.810E+00 6.054E+00 4.864E+00 4.043E+00 3.452E+00 2.779E+00 2.640E+00 2.496E+00 2.124E+00 1.824E+00 1.712E+00 1.607E+00 1.537E+00 1.451E+00 1.400E+00 1.328E+00 1.255E+00 1.206E+00 1.031E+00 8.720E-01 7.104E-01 5.679E-01 5.408E-01 4.951E-01 4.593E-01 4.514E-01 3.982E-01 3.741E-01 3.493E-01 3.343E-01 2.943E-01 2.636E-01 2.400E-01 2.000E-01 1.649E-01 1.445E-01 1.047E-01 7.728E-02
  2.000E-01  4.270E+02 3.708E+02 3.209E+02 2.781E+02 2.415E+02 2.104E+02 1.850E+02 1.642E+02 1.463E+02 1.309E+02 1.178E+02 1.061E+02 8.802E+01 7.374E+01 5.024E+01 3.631E+01 2.745E+01 2.152E+01 1.430E+01 9.891E+00 8.873E+00 8.030E+00 7.604E+00 6.756E+00 6.011E+00 4.837E+00 4.025E+00 3.439E+00 2.770E+00 2.633E+00 2.490E+00 2.119E+00 1.821E+00 1.709E+00 1.604E+00 1.535E+00 1.449E+00 1.398E+00 1.326E+00 1.253E+00 1.204E+00 1.030E+00 8.712E-01 7.097E-01 5.674E-01 5.404E-01 4.948E-01 4.590E-01 4.511E-01 3.980E-01 3.740E-01 3.491E-01 3.342E-01 2.942E-01 2.635E-01 2.399E-01 2.000E-01 1.649E-01 1.444E-01 1.046E-01 7.728E-02
  3.000E-01  2.318E+02 2.183E+02 2.016E+02 1.841E+02 1.671E+02 1.510E+02 1.369E+02 1.249E+02 1.139E+02 1.040E+02 9.531E+01 8.734E+01 7.452E+01 6.387E+01 4.541E+01 3.370E+01 2.594E+01 2.059E+01 1.389E+01 9.688E+00 8.713E+00 7.901E+00 7.489E+00 6.667E+00 5.943E+00 4.793E+00 3.995E+00 3.419E+00 2.756E+00 2.620E+00 2.479E+00 2.112E+00 1.816E+00 1.705E+00 1.600E+00 1.532E+00 1.446E+00 1.395E+00 1.323E+00 1.251E+00 1.202E+00 1.029E+00 8.698E-01 7.086E-01 5.667E-01 5.397E-01 4.943E-01 4.586E-01 4.507E-01 3.977E-01 3.737E-01 3.489E-01 3.340E-01 2.940E-01 2.634E-01 2.398E-01 1.999E-01 1.648E-01 1.444E-01 1.046E-01 7.726E-02
  4.000E-01  1.340E+02 1.343E+02 1.305E+02 1.243E+02 1.169E+02 1.090E+02 1.015E+02 9.477E+01 8.818E+01 8.207E+01 7.646E+01 7.109E+01 6.219E+01 5.439E+01 4.027E+01 3.072E+01 2.413E+01 1.943E+01 1.336E+01 9.420E+00 8.500E+00 7.728E+00 7.336E+00 6.549E+00 5.849E+00 4.734E+00 3.955E+00 3.391E+00 2.736E+00 2.602E+00 2.464E+00 2.102E+00 1.809E+00 1.698E+00 1.595E+00 1.527E+00 1.441E+00 1.391E+00 1.320E+00 1.248E+00 1.199E+00 1.026E+00 8.678E-01 7.071E-01 5.656E-01 5.388E-01 4.935E-01 4.580E-01 4.501E-01 3.973E-01 3.734E-01 3.486E-01 3.337E-01 2.938E-01 2.633E-01 2.397E-01 1.998E-01 1.647E-01 1.444E-01 1.046E-01 7.725E-02
  5.000E-01  8.213E+01 8.631E+01 8.718E+01 8.588E+01 8.330E+01 7.982E+01 7.605E+01 7.246E+01 6.862E+01 6.489E+01 6.136E+01 5.780E+01 5.176E+01 4.610E+01 3.542E+01 2.773E+01 2.221E+01 1.816E+01 1.275E+01 9.099E+00 8.243E+00 7.519E+00 7.149E+00 6.403E+00 5.734E+00 4.659E+00 3.904E+00 3.355E+00 2.711E+00 2.580E+00 2.445E+00 2.089E+00 1.799E+00 1.690E+00 1.588E+00 1.520E+00 1.436E+00 1.386E+00 1.315E+00 1.244E+00 1.196E+00 1.023E+00 8.653E-01 7.051E-01 5.642E-01 5.376E-01 4.926E-01 4.572E-01 4.494E-01 3.967E-01 3.729E-01 3.482E-01 3.334E-01 2.935E-01 2.630E-01 2.395E-01 1.997E-01 1.647E-01 1.443E-01 1.046E-01 7.723E-02
  6.000E-01  5.287E+01 5.763E+01 6.001E+01 6.079E+01 6.050E+01 5.941E+01 5.772E+01 5.597E+01 5.384E+01 5.163E+01 4.948E+01 4.715E+01 4.312E+01 3.905E+01 3.106E+01 2.490E+01 2.032E+01 1.686E+01 1.209E+01 8.741E+00 7.953E+00 7.281E+00 6.936E+00 6.235E+00 5.600E+00 4.572E+00 3.845E+00 3.313E+00 2.681E+00 2.553E+00 2.422E+00 2.074E+00 1.788E+00 1.681E+00 1.580E+00 1.513E+00 1.429E+00 1.380E+00 1.310E+00 1.239E+00 1.191E+00 1.020E+00 8.623E-01 7.026E-01 5.625E-01 5.361E-01 4.915E-01 4.562E-01 4.485E-01 3.961E-01 3.723E-01 3.478E-01 3.329E-01 2.932E-01 2.628E-01 2.393E-01 1.996E-01 1.646E-01 1.442E-01 1.045E-01 7.720E-02
  7.000E-01  3.549E+01 3.979E+01 4.240E+01 4.400E+01 4.477E+01 4.494E+01 4.441E+01 4.372E+01 4.263E+01 4.141E+01 4.016E+01 3.866E+01 3.603E+01 3.312E+01 2.722E+01 2.232E+01 1.853E+01 1.559E+01 1.142E+01 8.359E+00 7.641E+00 7.021E+00 6.703E+00 6.050E+00 5.452E+00 4.473E+00 3.777E+00 3.265E+00 2.647E+00 2.522E+00 2.396E+00 2.056E+00 1.776E+00 1.670E+00 1.570E+00 1.504E+00 1.421E+00 1.373E+00 1.303E+00 1.233E+00 1.186E+00 1.015E+00 8.587E-01 6.998E-01 5.605E-01 5.343E-01 4.901E-01 4.551E-01 4.474E-01 3.953E-01 3.717E-01 3.472E-01 3.324E-01 2.928E-01 2.625E-01 2.390E-01 1.994E-01 1.645E-01 1.441E-01 1.045E-01 7.717E-02
  8.000E-01  2.465E+01 2.826E+01 3.070E+01 3.254E+01 3.375E+01 3.450E+01 3.461E+01 3.452E+01 3.408E+01 3.348E+01 3.282E+01 3.188E+01 3.024E+01 2.819E+01 2.387E+01 2.000E+01 1.688E+01 1.439E+01 1.074E+01 7.966E+00 7.315E+00 6.749E+00 6.457E+00 5.853E+00 5.293E+00 4.366E+00 3.702E+00 3.212E+00 2.608E+00 2.488E+00 2.367E+00 2.035E+00 1.761E+00 1.657E+00 1.559E+00 1.494E+00 1.412E+00 1.364E+00 1.296E+00 1.227E+00 1.180E+00 1.010E+00 8.546E-01 6.966E-01 5.582E-01 5.324E-01 4.886E-01 4.538E-01 4.462E-01 3.944E-01 3.709E-01 3.465E-01 3.318E-01 2.924E-01 2.621E-01 2.388E-01 1.992E-01 1.643E-01 1.440E-01 1.044E-01 7.714E-02
  9.000E-01  1.762E+01 2.056E+01 2.275E+01 2.455E+01 2.589E+01 2.685E+01 2.729E+01 2.754E+01 2.749E+01 2.728E+01 2.702E+01 2.646E+01 2.548E+01 2.407E+01 2.095E+01 1.792E+01 1.536E+01 1.326E+01 1.009E+01 7.572E+00 6.986E+00 6.470E+00 6.203E+00 5.648E+00 5.125E+00 4.252E+00 3.622E+00 3.154E+00 2.566E+00 2.450E+00 2.335E+00 2.013E+00 1.745E+00 1.643E+00 1.547E+00 1.482E+00 1.402E+00 1.355E+00 1.288E+00 1.219E+00 1.173E+00 1.005E+00 8.501E-01 6.929E-01 5.557E-01 5.301E-01 4.868E-01 4.524E-01 4.448E-01 3.934E-01 3.701E-01 3.458E-01 3.312E-01 2.919E-01 2.617E-01 2.384E-01 1.990E-01 1.642E-01 1.439E-01 1.044E-01 7.710E-02
  1.000E+00  1.293E+01 1.529E+01 1.722E+01 1.887E+01 2.017E+01 2.116E+01 2.175E+01 2.219E+01 2.237E+01 2.240E+01 2.240E+01 2.209E+01 2.158E+01 2.064E+01 1.843E+01 1.607E+01 1.399E+01 1.222E+01 9.464E+00 7.185E+00 6.658E+00 6.191E+00 5.948E+00 5.439E+00 4.953E+00 4.133E+00 3.538E+00 3.092E+00 2.521E+00 2.410E+00 2.300E+00 1.989E+00 1.728E+00 1.628E+00 1.533E+00 1.470E+00 1.391E+00 1.345E+00 1.279E+00 1.211E+00 1.165E+00 9.990E-01 8.450E-01 6.889E-01 5.529E-01 5.277E-01 4.849E-01 4.508E-01 4.433E-01 3.923E-01 3.691E-01 3.450E-01 3.304E-01 2.913E-01 2.613E-01 2.381E-01 1.987E-01 1.640E-01 1.438E-01 1.043E-01 7.706E-02
  1.100E+00  9.722E+00 1.164E+01 1.329E+01 1.475E+01 1.594E+01 1.686E+01 1.751E+01 1.805E+01 1.836E+01 1.854E+01 1.869E+01 1.856E+01 1.837E+01 1.778E+01 1.625E+01 1.443E+01 1.274E+01 1.126E+01 8.872E+00 6.809E+00 6.337E+00 5.914E+00 5.695E+00 5.229E+00 4.779E+00 4.011E+00 3.450E+00 3.027E+00 2.474E+00 2.367E+00 2.264E+00 1.963E+00 1.709E+00 1.611E+00 1.519E+00 1.457E+00 1.379E+00 1.334E+00 1.269E+00 1.202E+00 1.157E+00 9.925E-01 8.395E-01 6.845E-01 5.498E-01 5.250E-01 4.828E-01 4.490E-01 4.416E-01 3.910E-01 3.681E-01 3.441E-01 3.296E-01 2.907E-01 2.608E-01 2.377E-01 1.985E-01 1.638E-01 1.437E-01 1.042E-01 7.701E-02
  1.200E+00  7.471E+00 9.020E+00 1.044E+01 1.170E+01 1.276E+01 1.357E+01 1.423E+01 1.481E+01 1.518E+01 1.545E+01 1.570E+01 1.569E+01 1.570E+01 1.537E+01 1.437E+01 1.298E+01 1.161E+01 1.037E+01 8.315E+00 6.449E+00 6.026E+00 5.645E+00 5.446E+00 5.022E+00 4.605E+00 3.887E+00 3.359E+00 2.960E+00 2.424E+00 2.322E+00 2.225E+00 1.935E+00 1.689E+00 1.594E+00 1.503E+00 1.442E+00 1.367E+00 1.322E+00 1.258E+00 1.193E+00 1.148E+00 9.854E-01 8.336E-01 6.798E-01 5.465E-01 5.220E-01 4.805E-01 4.471E-01 4.398E-01 3.897E-01 3.669E-01 3.431E-01 3.287E-01 2.900E-01 2.603E-01 2.372E-01 1.982E-01 1.636E-01 1.435E-01 1.041E-01 7.696E-02
  1.300E+00  5.840E+00 7.101E+00 8.334E+00 9.412E+00 1.033E+01 1.105E+01 1.169E+01 1.226E+01 1.265E+01 1.296E+01 1.327E+01 1.334E+01 1.349E+01 1.334E+01 1.273E+01 1.169E+01 1.059E+01 9.558E+00 7.792E+00 6.104E+00 5.727E+00 5.384E+00 5.205E+00 4.818E+00 4.433E+00 3.763E+00 3.268E+00 2.892E+00 2.373E+00 2.275E+00 2.185E+00 1.907E+00 1.668E+00 1.575E+00 1.487E+00 1.427E+00 1.353E+00 1.310E+00 1.247E+00 1.183E+00 1.139E+00 9.779E-01 8.273E-01 6.747E-01 5.429E-01 5.189E-01 4.780E-01 4.451E-01 4.379E-01 3.883E-01 3.657E-01 3.421E-01 3.278E-01 2.893E-01 2.597E-01 2.368E-01 1.978E-01 1.634E-01 1.433E-01 1.040E-01 7.690E-02
  1.400E+00  4.621E+00 5.680E+00 6.734E+00 7.651E+00 8.451E+00 9.096E+00 9.695E+00 1.023E+01 1.062E+01 1.095E+01 1.129E+01 1.141E+01 1.164E+01 1.163E+01 1.131E+01 1.055E+01 9.669E+00 8.816E+00 7.302E+00 5.776E+00 5.441E+00 5.132E+00 4.972E+00 4.621E+00 4.265E+00 3.640E+00 3.176E+00 2.822E+00 2.321E+00 2.228E+00 2.143E+00 1.877E+00 1.646E+00 1.556E+00 1.469E+00 1.411E+00 1.339E+00 1.297E+00 1.235E+00 1.172E+00 1.129E+00 9.700E-01 8.206E-01 6.693E-01 5.391E-01 5.156E-01 4.754E-01 4.429E-01 4.358E-01 3.867E-01 3.644E-01 3.410E-01 3.268E-01 2.886E-01 2.591E-01 2.363E-01 1.975E-01 1.632E-01 1.432E-01 1.039E-01 7.684E-02
  1.500E+00  3.716E+00 4.624E+00 5.495E+00 6.272E+00 6.969E+00 7.563E+00 8.117E+00 8.609E+00 8.981E+00 9.315E+00 9.660E+00 9.806E+00 1.010E+01 1.017E+01 1.007E+01 9.532E+00 8.842E+00 8.137E+00 6.844E+00 5.465E+00 5.168E+00 4.891E+00 4.747E+00 4.429E+00 4.101E+00 3.519E+00 3.084E+00 2.752E+00 2.268E+00 2.179E+00 2.101E+00 1.846E+00 1.623E+00 1.536E+00 1.452E+00 1.395E+00 1.324E+00 1.283E+00 1.223E+00 1.161E+00 1.119E+00 9.616E-01 8.136E-01 6.637E-01 5.351E-01 5.120E-01 4.726E-01 4.406E-01 4.335E-01 3.851E-01 3.630E-01 3.398E-01 3.257E-01 2.877E-01 2.584E-01 2.357E-01 1.971E-01 1.629E-01 1.430E-01 1.038E-01 7.678E-02
  1.600E+00  3.056E+00 3.824E+00 4.523E+00 5.180E+00 5.788E+00 6.349E+00 6.854E+00 7.295E+00 7.648E+00 7.973E+00 8.313E+00 8.476E+00 8.791E+00 8.934E+00 8.996E+00 8.630E+00 8.096E+00 7.518E+00 6.417E+00 5.170E+00 4.908E+00 4.660E+00 4.532E+00 4.244E+00 3.942E+00 3.400E+00 2.994E+00 2.682E+00 2.214E+00 2.130E+00 2.058E+00 1.814E+00 1.599E+00 1.515E+00 1.433E+00 1.377E+00 1.309E+00 1.269E+00 1.210E+00 1.150E+00 1.108E+00 9.529E-01 8.062E-01 6.577E-01 5.309E-01 5.083E-01 4.696E-01 4.381E-01 4.312E-01 3.833E-01 3.615E-01 3.385E-01 3.245E-01 2.868E-01 2.577E-01 2.351E-01 1.967E-01 1.627E-01 1.428E-01 1.037E-01 7.671E-02
  1.700E+00  2.568E+00 3.200E+00 3.752E+00 4.312E+00 4.845E+00 5.377E+00 5.832E+00 6.222E+00 6.557E+00 6.865E+00 7.190E+00 7.361E+00 7.687E+00 7.875E+00 8.055E+00 7.829E+00 7.423E+00 6.952E+00 6.019E+00 4.891E+00 4.660E+00 4.440E+00 4.326E+00 4.067E+00 3.789E+00 3.284E+00 2.904E+00 2.612E+00 2.161E+00 2.081E+00 2.015E+00 1.782E+00 1.575E+00 1.493E+00 1.414E+00 1.360E+00 1.293E+00 1.254E+00 1.197E+00 1.138E+00 1.097E+00 9.438E-01 7.985E-01 6.516E-01 5.264E-01 5.044E-01 4.666E-01 4.356E-01 4.287E-01 3.815E-01 3.599E-01 3.371E-01 3.233E-01 2.859E-01 2.570E-01 2.345E-01 1.963E-01 1.624E-01 1.425E-01 1.036E-01 7.663E-02
  1.800E+00  2.188E+00 2.701E+00 3.137E+00 3.627E+00 4.093E+00 4.587E+00 4.995E+00 5.337E+00 5.655E+00 5.944E+00 6.247E+00 6.422E+00 6.748E+00 6.967E+00 7.231E+00 7.114E+00 6.816E+00 6.435E+00 5.648E+00 4.627E+00 4.425E+00 4.230E+00 4.130E+00 3.896E+00 3.641E+00 3.171E+00 2.817E+00 2.544E+00 2.108E+00 2.032E+00 1.972E+00 1.750E+00 1.551E+00 1.471E+00 1.394E+00 1.342E+00 1.277E+00 1.239E+00 1.183E+00 1.125E+00 1.085E+00 9.343E-01 7.905E-01 6.451E-01 5.218E-01 5.003E-01 4.633E-01 4.329E-01 4.261E-01 3.796E-01 3.583E-01 3.357E-01 3.220E-01 2.849E-01 2.562E-01 2.339E-01 1.959E-01 1.621E-01 1.423E-01 1.034E-01 7.655E-02
  1.900E+00  1.876E+00 2.287E+00 2.657E+00 3.089E+00 3.494E+00 3.932E+00 4.300E+00 4.604E+00 4.903E+00 5.173E+00 5.450E+00 5.625E+00 5.948E+00 6.186E+00 6.508E+00 6.477E+00 6.267E+00 5.962E+00 5.304E+00 4.378E+00 4.202E+00 4.029E+00 3.942E+00 3.732E+00 3.498E+00 3.061E+00 2.731E+00 2.476E+00 2.055E+00 1.983E+00 1.928E+00 1.718E+00 1.526E+00 1.449E+00 1.375E+00 1.323E+00 1.260E+00 1.223E+00 1.169E+00 1.113E+00 1.073E+00 9.246E-01 7.823E-01 6.385E-01 5.171E-01 4.961E-01 4.600E-01 4.301E-01 4.235E-01 3.776E-01 3.565E-01 3.343E-01 3.207E-01 2.839E-01 2.554E-01 2.332E-01 1.954E-01 1.618E-01 1.421E-01 1.033E-01 7.647E-02
  2.000E+00  1.618E+00 1.944E+00 2.283E+00 2.660E+00 3.014E+00 3.383E+00 3.717E+00 3.993E+00 4.273E+00 4.523E+00 4.772E+00 4.946E+00 5.262E+00 5.511E+00 5.872E+00 5.907E+00 5.771E+00 5.531E+00 4.983E+00 4.144E+00 3.990E+00 3.839E+00 3.762E+00 3.575E+00 3.360E+00 2.955E+00 2.647E+00 2.409E+00 2.002E+00 1.935E+00 1.885E+00 1.685E+00 1.501E+00 1.427E+00 1.354E+00 1.304E+00 1.243E+00 1.207E+00 1.155E+00 1.100E+00 1.061E+00 9.147E-01 7.738E-01 6.317E-01 5.122E-01 4.918E-01 4.565E-01 4.271E-01 4.207E-01 3.755E-01 3.547E-01 3.327E-01 3.193E-01 2.829E-01 2.545E-01 2.325E-01 1.949E-01 1.614E-01 1.418E-01 1.032E-01 7.639E-02
  3.000E+00  5.491E-01 6.304E-01 7.113E-01 8.226E-01 9.381E-01 1.058E+00 1.169E+00 1.272E+00 1.387E+00 1.491E+00 1.582E+00 1.683E+00 1.860E+00 2.038E+00 2.377E+00 2.583E+00 2.722E+00 2.767E+00 2.776E+00 2.437E+00 2.417E+00 2.393E+00 2.388E+00 2.343E+00 2.261E+00 2.076E+00 1.934E+00 1.825E+00 1.534E+00 1.496E+00 1.488E+00 1.374E+00 1.255E+00 1.203E+00 1.151E+00 1.114E+00 1.070E+00 1.044E+00 1.005E+00 9.625E-01 9.316E-01 8.072E-01 6.819E-01 5.568E-01 4.573E-01 4.427E-01 4.167E-01 3.934E-01 3.882E-01 3.508E-01 3.335E-01 3.143E-01 3.025E-01 2.699E-01 2.441E-01 2.239E-01 1.889E-01 1.573E-01 1.386E-01 1.014E-01 7.529E-02
  4.000E+00  2.911E-01 3.304E-01 3.563E-01 3.989E-01 4.454E-01 5.025E-01 5.416E-01 5.860E-01 6.375E-01 6.829E-01 7.269E-01 7.716E-01 8.686E-01 9.573E-01 1.160E+00 1.313E+00 1.453E+00 1.531E+00 1.663E+00 1.495E+00 1.518E+00 1.540E+00 1.564E+00 1.578E+00 1.556E+00 1.478E+00 1.423E+00 1.388E+00 1.172E+00 1.153E+00 1.171E+00 1.113E+00 1.039E+00 1.005E+00 9.680E-01 9.405E-01 9.090E-01 8.909E-01 8.628E-01 8.302E-01 8.056E-01 6.999E-01 5.893E-01 4.806E-01 3.996E-01 3.901E-01 3.726E-01 3.553E-01 3.514E-01 3.220E-01 3.082E-01 2.922E-01 2.821E-01 2.540E-01 2.311E-01 2.130E-01 1.812E-01 1.520E-01 1.345E-01 9.894E-02 7.381E-02
  5.000E+00  2.009E-01 2.220E-01 2.331E-01 2.598E-01 2.778E-01 3.068E-01 3.318E-01 3.468E-01 3.713E-01 3.934E-01 4.190E-01 4.464E-01 4.914E-01 5.422E-01 6.569E-01 7.611E-01 8.628E-01 9.257E-01 1.065E+00 9.559E-01 9.893E-01 1.027E+00 1.061E+00 1.099E+00 1.103E+00 1.075E+00 1.066E+00 1.070E+00 9.012E-01 8.929E-01 9.254E-01 9.042E-01 8.613E-01 8.385E-01 8.129E-01 7.926E-01 7.706E-01 7.582E-01 7.381E-01 7.131E-01 6.934E-01 6.029E-01 5.053E-01 4.111E-01 3.457E-01 3.402E-01 3.296E-01 3.172E-01 3.145E-01 2.922E-01 2.816E-01 2.687E-01 2.603E-01 2.364E-01 2.165E-01 2.006E-01 1.723E-01 1.457E-01 1.295E-01 9.601E-02 7.200E-02
  6.000E+00  1.536E-01 1.741E-01 1.770E-01 1.929E-01 2.081E-01 2.247E-01 2.372E-01 2.446E-01 2.621E-01 2.745E-01 2.862E-01 2.963E-01 3.297E-01 3.562E-01 4.240E-01 4.922E-01 5.631E-01 6.074E-01 7.250E-01 6.347E-01 6.672E-01 7.084E-01 7.448E-01 7.922E-01 8.060E-01 8.007E-01 8.144E-01 8.387E-01 7.001E-01 6.982E-01 7.384E-01 7.396E-01 7.170E-01 7.021E-01 6.844E-01 6.693E-01 6.542E-01 6.458E-01 6.315E-01 6.121E-01 5.960E-01 5.179E-01 4.318E-01 3.505E-01 2.979E-01 2.954E-01 2.901E-01 2.817E-01 2.799E-01 2.634E-01 2.556E-01 2.453E-01 2.384E-01 2.185E-01 2.014E-01 1.877E-01 1.627E-01 1.388E-01 1.239E-01 9.268E-02 6.991E-02
  8.000E+00  1.190E-01 1.354E-01 1.323E-01 1.424E-01 1.499E-01 1.525E-01 1.594E-01 1.641E-01 1.708E-01 1.757E-01 1.798E-01 1.848E-01 1.926E-01 2.081E-01 2.369E-01 2.642E-01 3.014E-01 3.197E-01 3.947E-01 3.080E-01 3.316E-01 3.690E-01 4.033E-01 4.516E-01 4.688E-01 4.753E-01 5.040E-01 5.414E-01 4.371E-01 4.410E-01 4.858E-01 5.080E-01 5.065E-01 5.008E-01 4.922E-01 4.839E-01 4.770E-01 4.732E-01 4.658E-01 4.534E-01 4.421E-01 3.819E-01 3.146E-01 2.539E-01 2.204E-01 2.218E-01 2.235E-01 2.207E-01 2.201E-01 2.123E-01 2.087E-01 2.025E-01 1.980E-01 1.846E-01 1.722E-01 1.620E-01 1.431E-01 1.242E-01 1.120E-01 8.525E-02 6.513E-02
  1.000E+01  1.022E-01 1.161E-01 1.135E-01 1.189E-01 1.231E-01 1.237E-01 1.270E-01 1.309E-01 1.343E-01 1.366E-01 1.375E-01 1.426E-01 1.479E-01 1.553E-01 1.693E-01 1.784E-01 2.016E-01 2.059E-01 2.555E-01 1.661E-01 1.820E-01 2.136E-01 2.446E-01 2.864E-01 3.010E-01 3.067E-01 3.353E-01 3.720E-01 2.850E-01 2.908E-01 3.338E-01 3.615E-01 3.679E-01 3.661E-01 3.620E-01 3.574E-01 3.544E-01 3.527E-01 3.485E-01 3.399E-01 3.312E-01 2.832E-01 2.303E-01 1.849E-01 1.636E-01 1.668E-01 1.720E-01 1.725E-01 1.727E-01 1.704E-01 1.696E-01 1.663E-01 1.635E-01 1.548E-01 1.460E-01 1.387E-01 1.246E-01 1.098E-01 1.001E-01 7.743E-02 5.992E-02
  1.200E+01  9.119E-02 1.044E-01 9.883E-02 1.051E-01 1.077E-01 1.081E-01 1.103E-01 1.130E-01 1.130E-01 1.146E-01 1.164E-01 1.196E-01 1.231E-01 1.253E-01 1.346E-01 1.373E-01 1.525E-01 1.507E-01 1.841E-01 9.743E-02 1.083E-01 1.354E-01 1.633E-01 1.992E-01 2.103E-01 2.125E-01 2.373E-01 2.692E-01 1.930E-01 1.995E-01 2.387E-01 2.657E-01 2.742E-01 2.739E-01 2.720E-01 2.695E-01 2.684E-01 2.674E-01 2.647E-01 2.580E-01 2.510E-01 2.118E-01 1.700E-01 1.358E-01 1.223E-01 1.263E-01 1.331E-01 1.353E-01 1.359E-01 1.369E-01 1.378E-01 1.364E-01 1.348E-01 1.295E-01 1.235E-01 1.183E-01 1.080E-01 9.663E-02 8.881E-02 6.979E-02 5.466E-02
  1.400E+01  8.431E-02 9.525E-02 8.990E-02 9.423E-02 9.730E-02 9.475E-02 9.696E-02 9.966E-02 9.984E-02 1.009E-01 1.019E-01 1.036E-01 1.062E-01 1.070E-01 1.128E-01 1.146E-01 1.231E-01 1.213E-01 1.434E-01 6.126E-02 6.900E-02 9.268E-02 1.178E-01 1.490E-01 1.573E-01 1.562E-01 1.767E-01 2.033E-01 1.352E-01 1.418E-01 1.767E-01 2.009E-01 2.089E-01 2.092E-01 2.083E-01 2.070E-01 2.067E-01 2.060E-01 2.038E-01 1.983E-01 1.923E-01 1.598E-01 1.267E-01 1.008E-01 9.238E-02 9.646E-02 1.036E-01 1.067E-01 1.075E-01 1.104E-01 1.122E-01 1.120E-01 1.113E-01 1.084E-01 1.043E-01 1.008E-01 9.334E-02 8.473E-02 7.853E-02 6.260E-02 4.959E-02
  1.600E+01  8.227E-02 8.719E-02 8.110E-02 8.568E-02 8.634E-02 8.516E-02 8.782E-02 8.932E-02 8.887E-02 8.966E-02 9.099E-02 9.106E-02 9.342E-02 9.502E-02 9.817E-02 9.833E-02 1.044E-01 1.011E-01 1.170E-01 4.078E-02 4.657E-02 6.771E-02 9.056E-02 1.177E-01 1.239E-01 1.203E-01 1.370E-01 1.586E-01 9.752E-02 1.040E-01 1.347E-01 1.555E-01 1.622E-01 1.626E-01 1.621E-01 1.616E-01 1.616E-01 1.609E-01 1.589E-01 1.540E-01 1.488E-01 1.217E-01 9.539E-02 7.560E-02 7.045E-02 7.432E-02 8.124E-02 8.462E-02 8.552E-02 8.937E-02 9.177E-02 9.235E-02 9.220E-02 9.083E-02 8.819E-02 8.586E-02 8.062E-02 7.417E-02 6.929E-02 5.599E-02 4.482E-02
  1.800E+01  7.727E-02 7.851E-02 7.456E-02 7.517E-02 7.764E-02 7.836E-02 7.788E-02 7.875E-02 7.957E-02 8.000E-02 8.031E-02 8.261E-02 8.394E-02 8.328E-02 8.497E-02 8.539E-02 9.110E-02 8.600E-02 9.720E-02 2.847E-02 3.301E-02 5.218E-02 7.291E-02 9.693E-02 1.015E-01 9.601E-02 1.096E-01 1.268E-01 7.212E-02 7.836E-02 1.053E-01 1.227E-01 1.280E-01 1.282E-01 1.279E-01 1.279E-01 1.280E-01 1.271E-01 1.252E-01 1.209E-01 1.163E-01 9.354E-02 7.254E-02 5.733E-02 5.426E-02 5.779E-02 6.421E-02 6.759E-02 6.849E-02 7.275E-02 7.537E-02 7.642E-02 7.661E-02 7.634E-02 7.471E-02 7.326E-02 6.967E-02 6.488E-02 6.107E-02 4.998E-02 4.042E-02
  2.000E+01  6.760E-02 6.798E-02 7.124E-02 6.727E-02 6.959E-02 7.081E-02 7.104E-02 6.911E-02 7.183E-02 7.230E-02 7.116E-02 7.285E-02 7.491E-02 7.343E-02 7.376E-02 7.645E-02 7.836E-02 7.550E-02 8.243E-02 2.068E-02 2.440E-02 4.188E-02 6.073E-02 8.187E-02 8.530E-02 7.874E-02 8.981E-02 1.033E-01 5.450E-02 6.050E-02 8.407E-02 9.842E-02 1.023E-01 1.024E-01 1.022E-01 1.024E-01 1.025E-01 1.015E-01 9.963E-02 9.569E-02 9.168E-02 7.253E-02 5.571E-02 4.392E-02 4.220E-02 4.534E-02 5.114E-02 5.436E-02 5.522E-02 5.953E-02 6.221E-02 6.351E-02 6.392E-02 6.435E-02 6.345E-02 6.262E-02 6.027E-02 5.677E-02 5.380E-02 4.456E-02 3.639E-02
  2.200E+01  6.059E-02 6.063E-02 6.515E-02 6.157E-02 6.098E-02 6.554E-02 6.573E-02 6.315E-02 6.355E-02 6.371E-02 6.422E-02 6.415E-02 6.553E-02 6.598E-02 6.762E-02 6.605E-02 6.945E-02 6.476E-02 7.031E-02 1.553E-02 1.868E-02 3.468E-02 5.181E-02 7.014E-02 7.259E-02 6.585E-02 7.493E-02 8.541E-02 4.197E-02 4.769E-02 6.825E-02 8.000E-02 8.274E-02 8.262E-02 8.245E-02 8.285E-02 8.291E-02 8.185E-02 7.997E-02 7.641E-02 7.286E-02 5.673E-02 4.319E-02 3.399E-02 3.312E-02 3.588E-02 4.104E-02 4.402E-02 4.481E-02 4.899E-02 5.160E-02 5.302E-02 5.356E-02 5.444E-02 5.404E-02 5.365E-02 5.221E-02 4.971E-02 4.741E-02 3.969E-02 3.272E-02
  2.400E+01  5.168E-02 5.291E-02 5.582E-02 5.816E-02 5.607E-02 5.880E-02 5.869E-02 5.647E-02 5.762E-02 5.754E-02 5.778E-02 5.741E-02 5.897E-02 5.840E-02 5.913E-02 5.800E-02 6.142E-02 5.654E-02 6.018E-02 1.199E-02 1.474E-02 2.941E-02 4.483E-02 6.110E-02 6.271E-02 5.591E-02 6.330E-02 7.139E-02 3.286E-02 3.829E-02 5.621E-02 6.575E-02 6.756E-02 6.731E-02 6.713E-02 6.765E-02 6.764E-02 6.653E-02 6.470E-02 6.148E-02 5.836E-02 4.475E-02 3.380E-02 2.656E-02 2.623E-02 2.863E-02 3.317E-02 3.588E-02 3.660E-02 4.054E-02 4.301E-02 4.447E-02 4.506E-02 4.622E-02 4.616E-02 4.609E-02 4.531E-02 4.357E-02 4.180E-02 3.536E-02 2.941E-02
  2.600E+01  5.112E-02 5.079E-02 4.982E-02 5.147E-02 5.137E-02 4.975E-02 5.114E-02 5.151E-02 5.148E-02 5.159E-02 5.256E-02 5.150E-02 5.077E-02 5.234E-02 5.208E-02 5.178E-02 5.322E-02 5.019E-02 5.203E-02 9.485E-03 1.192E-02 2.540E-02 3.924E-02 5.379E-02 5.473E-02 4.799E-02 5.400E-02 6.016E-02 2.609E-02 3.121E-02 4.683E-02 5.455E-02 5.563E-02 5.528E-02 5.511E-02 5.567E-02 5.561E-02 5.449E-02 5.273E-02 4.983E-02 4.709E-02 3.558E-02 2.668E-02 2.094E-02 2.094E-02 2.303E-02 2.700E-02 2.943E-02 3.009E-02 3.372E-02 3.603E-02 3.746E-02 3.808E-02 3.938E-02 3.956E-02 3.970E-02 3.940E-02 3.824E-02 3.689E-02 3.150E-02 2.642E-02
  2.800E+01  4.274E-02 4.483E-02 4.332E-02 4.411E-02 4.495E-02 4.274E-02 4.437E-02 4.631E-02 4.485E-02 4.493E-02 4.551E-02 4.714E-02 4.494E-02 4.668E-02 4.643E-02 4.534E-02 4.786E-02 4.351E-02 4.468E-02 7.653E-03 9.855E-03 2.224E-02 3.472E-02 4.749E-02 4.800E-02 4.150E-02 4.641E-02 5.105E-02 2.099E-02 2.579E-02 3.939E-02 4.562E-02 4.614E-02 4.574E-02 4.556E-02 4.615E-02 4.603E-02 4.494E-02 4.327E-02 4.067E-02 3.826E-02 2.851E-02 2.124E-02 1.666E-02 1.686E-02 1.866E-02 2.213E-02 2.429E-02 2.488E-02 2.820E-02 3.033E-02 3.170E-02 3.232E-02 3.368E-02 3.401E-02 3.429E-02 3.433E-02 3.361E-02 3.259E-02 2.808E-02 2.374E-02
  3.000E+01  3.626E-02 3.842E-02 4.121E-02 3.825E-02 3.815E-02 4.088E-02 4.020E-02 3.958E-02 3.967E-02 3.983E-02 3.952E-02 4.016E-02 4.108E-02 4.005E-02 4.064E-02 4.042E-02 4.133E-02 3.849E-02 3.876E-02 6.282E-03 8.290E-03 1.967E-02 3.093E-02 4.213E-02 4.236E-02 3.609E-02 4.013E-02 4.355E-02 1.707E-02 2.156E-02 3.341E-02 3.842E-02 3.853E-02 3.810E-02 3.791E-02 3.850E-02 3.836E-02 3.730E-02 3.574E-02 3.341E-02 3.130E-02 2.302E-02 1.705E-02 1.336E-02 1.367E-02 1.523E-02 1.825E-02 2.017E-02 2.069E-02 2.371E-02 2.566E-02 2.695E-02 2.755E-02 2.890E-02 2.933E-02 2.971E-02 2.999E-02 2.960E-02 2.883E-02 2.505E-02 2.134E-02
  3.200E+01  3.614E-02 3.671E-02 3.519E-02 3.660E-02 3.639E-02 3.584E-02 3.536E-02 3.565E-02 3.617E-02 3.619E-02 3.673E-02 3.434E-02 3.566E-02 3.564E-02 3.671E-02 3.518E-02 3.669E-02 3.375E-02 3.347E-02 5.234E-03 7.079E-03 1.750E-02 2.766E-02 3.731E-02 3.735E-02 3.152E-02 3.487E-02 3.731E-02 1.403E-02 1.821E-02 2.854E-02 3.255E-02 3.237E-02 3.192E-02 3.174E-02 3.231E-02 3.215E-02 3.114E-02 2.969E-02 2.762E-02 2.576E-02 1.872E-02 1.379E-02 1.080E-02 1.117E-02 1.252E-02 1.515E-02 1.685E-02 1.731E-02 2.003E-02 2.180E-02 2.300E-02 2.357E-02 2.490E-02 2.538E-02 2.581E-02 2.625E-02 2.610E-02 2.554E-02 2.236E-02 1.919E-02
  3.400E+01  3.060E-02 3.114E-02 3.195E-02 3.050E-02 3.097E-02 3.036E-02 3.011E-02 3.159E-02 3.084E-02 3.087E-02 3.167E-02 3.234E-02 3.180E-02 3.190E-02 3.158E-02 3.124E-02 3.224E-02 2.986E-02 2.901E-02 4.417E-03 6.120E-03 1.564E-02 2.476E-02 3.305E-02 3.294E-02 2.764E-02 3.040E-02 3.210E-02 1.163E-02 1.550E-02 2.452E-02 2.773E-02 2.735E-02 2.690E-02 2.673E-02 2.727E-02 2.709E-02 2.615E-02 2.481E-02 2.297E-02 2.134E-02 1.533E-02 1.123E-02 8.790E-03 9.189E-03 1.036E-02 1.265E-02 1.415E-02 1.456E-02 1.700E-02 1.861E-02 1.972E-02 2.026E-02 2.153E-02 2.203E-02 2.249E-02 2.304E-02 2.307E-02 2.266E-02 1.998E-02 1.726E-02
  3.600E+01  2.833E-02 2.828E-02 2.736E-02 2.847E-02 2.660E-02 2.820E-02 2.830E-02 2.652E-02 2.817E-02 2.819E-02 2.780E-02 2.741E-02 2.758E-02 2.725E-02 2.777E-02 2.724E-02 2.808E-02 2.594E-02 2.516E-02 3.770E-03 5.347E-03 1.405E-02 2.219E-02 2.942E-02 2.914E-02 2.431E-02 2.659E-02 2.772E-02 9.714E-03 1.330E-02 2.117E-02 2.374E-02 2.323E-02 2.279E-02 2.262E-02 2.314E-02 2.295E-02 2.207E-02 2.085E-02 1.921E-02 1.778E-02 1.264E-02 9.214E-03 7.206E-03 7.608E-03 8.621E-03 1.062E-02 1.195E-02 1.231E-02 1.450E-02 1.596E-02 1.698E-02 1.748E-02 1.867E-02 1.918E-02 1.965E-02 2.026E-02 2.042E-02 2.014E-02 1.787E-02 1.555E-02
  3.800E+01  2.390E-02 2.395E-02 2.460E-02 2.390E-02 2.415E-02 2.289E-02 2.357E-02 2.484E-02 2.414E-02 2.418E-02 2.454E-02 2.499E-02 2.382E-02 2.488E-02 2.479E-02 2.382E-02 2.511E-02 2.284E-02 2.178E-02 3.249E-03 4.714E-03 1.266E-02 1.991E-02 2.636E-02 2.594E-02 2.144E-02 2.331E-02 2.402E-02 8.176E-03 1.149E-02 1.837E-02 2.042E-02 1.982E-02 1.940E-02 1.924E-02 1.972E-02 1.954E-02 1.872E-02 1.761E-02 1.615E-02 1.490E-02 1.048E-02 7.609E-03 5.948E-03 6.339E-03 7.220E-03 8.972E-03 1.014E-02 1.046E-02 1.243E-02 1.374E-02 1.468E-02 1.514E-02 1.626E-02 1.676E-02 1.722E-02 1.787E-02 1.812E-02 1.793E-02 1.601E-02 1.401E-02
  4.000E+01  2.195E-02 2.189E-02 2.119E-02 2.199E-02 2.101E-02 2.178E-02 2.199E-02 2.017E-02 2.202E-02 2.207E-02 2.087E-02 2.106E-02 2.149E-02 2.117E-02 2.114E-02 2.150E-02 2.174E-02 2.031E-02 1.905E-02 2.826E-03 4.187E-03 1.144E-02 1.796E-02 2.354E-02 2.311E-02 1.894E-02 2.049E-02 2.087E-02 6.927E-03 9.985E-03 1.600E-02 1.763E-02 1.699E-02 1.659E-02 1.645E-02 1.689E-02 1.671E-02 1.596E-02 1.495E-02 1.365E-02 1.255E-02 8.747E-03 6.323E-03 4.940E-03 5.314E-03 6.081E-03 7.618E-03 8.651E-03 8.938E-03 1.070E-02 1.188E-02 1.274E-02 1.316E-02 1.420E-02 1.468E-02 1.514E-02 1.579E-02 1.610E-02 1.599E-02 1.436E-02 1.265E-02
  4.200E+01  1.888E-02 1.840E-02 1.932E-02 1.799E-02 1.836E-02 1.768E-02 1.776E-02 1.886E-02 1.817E-02 1.828E-02 1.882E-02 1.916E-02 1.859E-02 1.912E-02 1.913E-02 1.871E-02 1.937E-02 1.784E-02 1.654E-02 2.477E-03 3.742E-03 1.036E-02 1.623E-02 2.092E-02 2.050E-02 1.675E-02 1.807E-02 1.818E-02 5.904E-03 8.721E-03 1.399E-02 1.529E-02 1.462E-02 1.426E-02 1.412E-02 1.453E-02 1.436E-02 1.367E-02 1.275E-02 1.160E-02 1.063E-02 7.342E-03 5.286E-03 4.128E-03 4.479E-03 5.151E-03 6.502E-03 7.417E-03 7.671E-03 9.248E-03 1.032E-02 1.110E-02 1.149E-02 1.245E-02 1.291E-02 1.334E-02 1.399E-02 1.434E-02 1.428E-02 1.289E-02 1.143E-02
  4.400E+01  1.707E-02 1.660E-02 1.580E-02 1.659E-02 1.677E-02 1.616E-02 1.637E-02 1.621E-02 1.678E-02 1.680E-02 1.658E-02 1.572E-02 1.628E-02 1.628E-02 1.673E-02 1.656E-02 1.692E-02 1.565E-02 1.439E-02 2.187E-03 3.364E-03 9.388E-03 1.462E-02 1.870E-02 1.825E-02 1.486E-02 1.595E-02 1.588E-02 5.061E-03 7.653E-03 1.228E-02 1.330E-02 1.264E-02 1.230E-02 1.217E-02 1.255E-02 1.239E-02 1.176E-02 1.093E-02 9.903E-03 9.051E-03 6.197E-03 4.445E-03 3.469E-03 3.797E-03 4.386E-03 5.577E-03 6.389E-03 6.615E-03 8.030E-03 8.997E-03 9.708E-03 1.006E-02 1.095E-02 1.138E-02 1.179E-02 1.243E-02 1.280E-02 1.278E-02 1.160E-02 1.034E-02
  4.600E+01  1.493E-02 1.501E-02 1.427E-02 1.436E-02 1.341E-02 1.464E-02 1.448E-02 1.395E-02 1.380E-02 1.392E-02 1.389E-02 1.444E-02 1.459E-02 1.458E-02 1.450E-02 1.443E-02 1.492E-02 1.373E-02 1.256E-02 1.944E-03 3.038E-03 8.516E-03 1.316E-02 1.672E-02 1.624E-02 1.321E-02 1.411E-02 1.393E-02 4.361E-03 6.744E-03 1.081E-02 1.162E-02 1.097E-02 1.065E-02 1.054E-02 1.089E-02 1.073E-02 1.016E-02 9.408E-03 8.494E-03 7.742E-03 5.259E-03 3.759E-03 2.932E-03 3.236E-03 3.755E-03 4.807E-03 5.529E-03 5.731E-03 7.002E-03 7.876E-03 8.523E-03 8.849E-03 9.660E-03 1.007E-02 1.045E-02 1.107E-02 1.145E-02 1.146E-02 1.045E-02 9.362E-03
  4.800E+01  1.346E-02 1.239E-02 1.288E-02 1.221E-02 1.226E-02 1.171E-02 1.190E-02 1.258E-02 1.219E-02 1.224E-02 1.260E-02 1.264E-02 1.246E-02 1.290E-02 1.284E-02 1.281E-02 1.309E-02 1.223E-02 1.104E-02 1.738E-03 2.756E-03 7.739E-03 1.189E-02 1.504E-02 1.456E-02 1.176E-02 1.250E-02 1.224E-02 3.776E-03 5.967E-03 9.545E-03 1.018E-02 9.558E-03 9.266E-03 9.162E-03 9.478E-03 9.334E-03 8.811E-03 8.133E-03 7.319E-03 6.653E-03 4.486E-03 3.195E-03 2.491E-03 2.772E-03 3.230E-03 4.164E-03 4.807E-03 4.988E-03 6.131E-03 6.922E-03 7.511E-03 7.809E-03 8.552E-03 8.929E-03 9.294E-03 9.879E-03 1.026E-02 1.030E-02 9.424E-03 8.492E-03
  5.000E+01  1.083E-02 1.085E-02 1.018E-02 1.067E-02 1.129E-02 1.055E-02 1.068E-02 1.115E-02 1.102E-02 1.107E-02 1.111E-02 1.051E-02 1.062E-02 1.103E-02 1.149E-02 1.109E-02 1.156E-02 1.066E-02 9.608E-03 1.563E-03 2.509E-03 7.041E-03 1.077E-02 1.342E-02 1.300E-02 1.047E-02 1.111E-02 1.077E-02 3.285E-03 5.299E-03 8.454E-03 8.950E-03 8.357E-03 8.089E-03 7.995E-03 8.283E-03 8.149E-03 7.673E-03 7.061E-03 6.334E-03 5.744E-03 3.845E-03 2.729E-03 2.127E-03 2.386E-03 2.793E-03 3.623E-03 4.198E-03 4.360E-03 5.390E-03 6.107E-03 6.644E-03 6.916E-03 7.596E-03 7.945E-03 8.286E-03 8.840E-03 9.217E-03 9.267E-03 8.516E-03 7.715E-03
  5.200E+01  9.900E-03 9.831E-03 9.185E-03 9.627E-03 9.536E-03 9.549E-03 9.747E-03 8.836E-03 9.676E-03 9.746E-03 9.119E-03 9.238E-03 9.798E-03 9.397E-03 9.571E-03 9.982E-03 9.917E-03 9.557E-03 8.410E-03 1.412E-03 2.293E-03 6.408E-03 9.765E-03 1.200E-02 1.159E-02 9.342E-03 9.896E-03 9.508E-03 2.870E-03 4.721E-03 7.508E-03 7.894E-03 7.334E-03 7.088E-03 7.002E-03 7.266E-03 7.141E-03 6.708E-03 6.155E-03 5.505E-03 4.981E-03 3.312E-03 2.343E-03 1.825E-03 2.064E-03 2.426E-03 3.167E-03 3.682E-03 3.827E-03 4.758E-03 5.409E-03 5.898E-03 6.146E-03 6.768E-03 7.091E-03 7.408E-03 7.931E-03 8.297E-03 8.359E-03 7.709E-03 7.020E-03
  5.400E+01  8.297E-03 8.468E-03 7.860E-03 8.114E-03 7.575E-03 8.298E-03 8.318E-03 8.049E-03 7.805E-03 7.900E-03 7.906E-03 8.301E-03 8.399E-03 8.537E-03 8.668E-03 8.628E-03 8.970E-03 8.298E-03 7.449E-03 1.283E-03 2.101E-03 5.838E-03 8.838E-03 1.075E-02 1.035E-02 8.354E-03 8.827E-03 8.420E-03 2.518E-03 4.220E-03 6.687E-03 6.984E-03 6.458E-03 6.233E-03 6.155E-03 6.396E-03 6.280E-03 5.887E-03 5.386E-03 4.804E-03 4.338E-03 2.866E-03 2.021E-03 1.573E-03 1.794E-03 2.117E-03 2.781E-03 3.243E-03 3.375E-03 4.217E-03 4.809E-03 5.255E-03 5.482E-03 6.050E-03 6.347E-03 6.642E-03 7.133E-03 7.486E-03 7.554E-03 6.991E-03 6.398E-03
  5.600E+01  7.409E-03 7.127E-03 6.987E-03 6.248E-03 6.901E-03 6.963E-03 6.655E-03 7.067E-03 6.826E-03 6.877E-03 6.935E-03 7.395E-03 7.321E-03 7.314E-03 7.581E-03 7.547E-03 7.761E-03 7.348E-03 6.483E-03 1.171E-03 1.932E-03 5.329E-03 7.978E-03 9.719E-03 9.322E-03 7.491E-03 7.878E-03 7.476E-03 2.218E-03 3.784E-03 5.971E-03 6.197E-03 5.706E-03 5.501E-03 5.430E-03 5.650E-03 5.543E-03 5.185E-03 4.732E-03 4.210E-03 3.793E-03 2.491E-03 1.751E-03 1.363E-03 1.567E-03 1.856E-03 2.453E-03 2.869E-03 2.988E-03 3.752E-03 4.291E-03 4.699E-03 4.906E-03 5.425E-03 5.699E-03 5.972E-03 6.431E-03 6.770E-03 6.842E-03 6.352E-03 5.842E-03
  5.800E+01  6.315E-03 5.597E-03 6.078E-03 5.675E-03 5.996E-03 5.608E-03 5.846E-03 6.236E-03 6.049E-03 6.110E-03 6.218E-03 6.297E-03 6.105E-03 6.511E-03 6.686E-03 6.623E-03 6.885E-03 6.519E-03 5.758E-03 1.073E-03 1.780E-03 4.868E-03 7.216E-03 8.801E-03 8.424E-03 6.728E-03 7.047E-03 6.653E-03 1.962E-03 3.403E-03 5.346E-03 5.516E-03 5.059E-03 4.871E-03 4.807E-03 5.008E-03 4.910E-03 4.584E-03 4.173E-03 3.703E-03 3.331E-03 2.175E-03 1.524E-03 1.186E-03 1.374E-03 1.635E-03 2.173E-03 2.549E-03 2.657E-03 3.352E-03 3.844E-03 4.217E-03 4.406E-03 4.881E-03 5.132E-03 5.385E-03 5.814E-03 6.136E-03 6.210E-03 5.782E-03 5.344E-03
  6.000E+01  5.342E-03 5.140E-03 5.249E-03 5.050E-03 5.214E-03 4.992E-03 5.034E-03 5.433E-03 5.337E-03 5.413E-03 5.525E-03 5.267E-03 5.329E-03 5.416E-03 5.830E-03 5.880E-03 5.912E-03 5.786E-03 5.052E-03 9.877E-04 1.645E-03 4.447E-03 6.576E-03 7.879E-03 7.550E-03 6.043E-03 6.327E-03 5.934E-03 1.741E-03 3.069E-03 4.799E-03 4.924E-03 4.500E-03 4.329E-03 4.270E-03 4.453E-03 4.363E-03 4.066E-03 3.694E-03 3.270E-03 2.936E-03 1.907E-03 1.332E-03 1.036E-03 1.211E-03 1.446E-03 1.933E-03 2.274E-03 2.372E-03 3.005E-03 3.455E-03 3.797E-03 3.971E-03 4.405E-03 4.635E-03 4.869E-03 5.269E-03 5.574E-03 5.648E-03 5.273E-03 4.898E-03
  6.200E+01  4.709E-03 4.468E-03 4.576E-03 4.376E-03 4.388E-03 4.358E-03 4.365E-03 4.654E-03 4.514E-03 4.568E-03 4.706E-03 4.535E-03 4.764E-03 4.708E-03 5.189E-03 5.157E-03 5.288E-03 5.068E-03 4.477E-03 9.130E-04 1.524E-03 4.067E-03 5.999E-03 7.046E-03 6.744E-03 5.434E-03 5.697E-03 5.304E-03 1.552E-03 2.776E-03 4.319E-03 4.409E-03 4.016E-03 3.859E-03 3.806E-03 3.974E-03 3.890E-03 3.620E-03 3.281E-03 2.899E-03 2.598E-03 1.678E-03 1.170E-03 9.092E-04 1.072E-03 1.285E-03 1.728E-03 2.038E-03 2.127E-03 2.705E-03 3.118E-03 3.432E-03 3.591E-03 3.988E-03 4.200E-03 4.416E-03 4.788E-03 5.076E-03 5.149E-03 4.819E-03 4.498E-03
  6.400E+01  3.995E-03 3.756E-03 3.808E-03 3.714E-03 3.868E-03 3.700E-03 3.679E-03 3.967E-03 4.040E-03 4.109E-03 4.133E-03 3.822E-03 4.060E-03 4.049E-03 4.494E-03 4.490E-03 4.705E-03 4.504E-03 3.948E-03 8.472E-04 1.415E-03 3.726E-03 5.452E-03 6.359E-03 6.080E-03 4.904E-03 5.130E-03 4.757E-03 1.387E-03 2.517E-03 3.897E-03 3.960E-03 3.595E-03 3.452E-03 3.404E-03 3.557E-03 3.481E-03 3.233E-03 2.925E-03 2.579E-03 2.308E-03 1.484E-03 1.031E-03 8.014E-04 9.527E-04 1.147E-03 1.550E-03 1.833E-03 1.914E-03 2.445E-03 2.824E-03 3.112E-03 3.259E-03 3.622E-03 3.816E-03 4.016E-03 4.362E-03 4.633E-03 4.704E-03 4.413E-03 4.139E-03
  6.600E+01  3.455E-03 3.209E-03 3.297E-03 3.170E-03 3.159E-03 3.259E-03 3.178E-03 3.307E-03 3.495E-03 3.558E-03 3.590E-03 3.315E-03 3.679E-03 3.418E-03 3.737E-03 4.129E-03 3.998E-03 4.089E-03 3.533E-03 7.892E-04 1.317E-03 3.418E-03 4.945E-03 5.826E-03 5.548E-03 4.441E-03 4.625E-03 4.281E-03 1.245E-03 2.289E-03 3.526E-03 3.567E-03 3.229E-03 3.098E-03 3.054E-03 3.195E-03 3.124E-03 2.898E-03 2.617E-03 2.303E-03 2.058E-03 1.317E-03 9.123E-04 7.092E-04 8.506E-04 1.028E-03 1.397E-03 1.656E-03 1.730E-03 2.218E-03 2.567E-03 2.832E-03 2.967E-03 3.300E-03 3.478E-03 3.663E-03 3.985E-03 4.240E-03 4.308E-03 4.050E-03 3.817E-03
  6.800E+01  2.812E-03 2.665E-03 2.748E-03 2.739E-03 2.651E-03 2.694E-03 2.705E-03 2.926E-03 2.919E-03 2.977E-03 3.164E-03 2.919E-03 3.028E-03 2.997E-03 3.411E-03 3.556E-03 3.541E-03 3.597E-03 3.148E-03 7.378E-04 1.229E-03 3.138E-03 4.516E-03 5.263E-03 5.019E-03 4.021E-03 4.187E-03 3.859E-03 1.121E-03 2.087E-03 3.198E-03 3.222E-03 2.910E-03 2.790E-03 2.749E-03 2.879E-03 2.814E-03 2.606E-03 2.350E-03 2.065E-03 1.842E-03 1.173E-03 8.106E-04 6.303E-04 7.627E-04 9.254E-04 1.264E-03 1.502E-03 1.570E-03 2.019E-03 2.341E-03 2.586E-03 2.711E-03 3.016E-03 3.179E-03 3.350E-03 3.650E-03 3.889E-03 3.954E-03 3.725E-03 3.528E-03
  7.000E+01  2.351E-03 2.233E-03 2.291E-03 2.302E-03 2.277E-03 2.284E-03 2.336E-03 2.513E-03 2.502E-03 2.564E-03 2.688E-03 2.446E-03 2.708E-03 2.569E-03 3.036E-03 3.154E-03 3.195E-03 3.190E-03 2.759E-03 6.923E-04 1.149E-03 2.885E-03 4.133E-03 4.736E-03 4.519E-03 3.647E-03 3.803E-03 3.487E-03 1.013E-03 1.908E-03 2.908E-03 2.919E-03 2.630E-03 2.521E-03 2.483E-03 2.602E-03 2.542E-03 2.352E-03 2.117E-03 1.857E-03 1.655E-03 1.049E-03 7.231E-04 5.624E-04 6.868E-04 8.366E-04 1.149E-03 1.367E-03 1.431E-03 1.846E-03 2.143E-03 2.370E-03 2.485E-03 2.765E-03 2.915E-03 3.073E-03 3.352E-03 3.576E-03 3.638E-03 3.434E-03 3.268E-03
  7.200E+01  1.996E-03 1.768E-03 1.902E-03 1.948E-03 1.919E-03 1.884E-03 1.937E-03 2.059E-03 2.112E-03 2.170E-03 2.282E-03 2.218E-03 2.242E-03 2.354E-03 2.571E-03 2.749E-03 2.818E-03 2.821E-03 2.493E-03 6.519E-04 1.077E-03 2.656E-03 3.762E-03 4.332E-03 4.113E-03 3.322E-03 3.455E-03 3.165E-03 9.190E-04 1.749E-03 2.652E-03 2.653E-03 2.386E-03 2.285E-03 2.251E-03 2.360E-03 2.304E-03 2.130E-03 1.914E-03 1.677E-03 1.492E-03 9.419E-04 6.476E-04 5.040E-04 6.212E-04 7.596E-04 1.048E-03 1.250E-03 1.309E-03 1.693E-03 1.969E-03 2.179E-03 2.285E-03 2.543E-03 2.681E-03 2.828E-03 3.087E-03 3.297E-03 3.355E-03 3.173E-03 3.034E-03
  7.400E+01  1.609E-03 1.507E-03 1.599E-03 1.516E-03 1.635E-03 1.567E-03 1.636E-03 1.767E-03 1.803E-03 1.854E-03 2.018E-03 1.959E-03 1.990E-03 2.055E-03 2.303E-03 2.456E-03 2.510E-03 2.528E-03 2.254E-03 6.160E-04 1.012E-03 2.449E-03 3.436E-03 3.985E-03 3.776E-03 3.036E-03 3.145E-03 2.882E-03 8.364E-04 1.608E-03 2.425E-03 2.418E-03 2.171E-03 2.078E-03 2.046E-03 2.147E-03 2.095E-03 1.935E-03 1.737E-03 1.519E-03 1.350E-03 8.489E-04 5.822E-04 4.534E-04 5.642E-04 6.925E-04 9.604E-04 1.148E-03 1.202E-03 1.559E-03 1.816E-03 2.011E-03 2.109E-03 2.346E-03 2.473E-03 2.609E-03 2.850E-03 3.047E-03 3.102E-03 2.939E-03 2.824E-03
  7.600E+01  1.312E-03 1.366E-03 1.318E-03 1.294E-03 1.380E-03 1.417E-03 1.381E-03 1.511E-03 1.568E-03 1.621E-03 1.725E-03 1.696E-03 1.765E-03 1.754E-03 2.039E-03 2.188E-03 2.230E-03 2.284E-03 1.985E-03 5.839E-04 9.529E-04 2.261E-03 3.167E-03 3.615E-03 3.437E-03 2.772E-03 2.880E-03 2.627E-03 7.637E-04 1.482E-03 2.223E-03 2.211E-03 1.982E-03 1.896E-03 1.867E-03 1.959E-03 1.912E-03 1.763E-03 1.581E-03 1.381E-03 1.226E-03 7.679E-04 5.255E-04 4.096E-04 5.147E-04 6.341E-04 8.835E-04 1.058E-03 1.108E-03 1.441E-03 1.680E-03 1.862E-03 1.953E-03 2.172E-03 2.289E-03 2.415E-03 2.639E-03 2.823E-03 2.875E-03 2.729E-03 2.635E-03
  7.800E+01  1.185E-03 1.110E-03 1.120E-03 1.159E-03 1.114E-03 1.242E-03 1.287E-03 1.300E-03 1.272E-03 1.323E-03 1.432E-03 1.492E-03 1.595E-03 1.554E-03 1.805E-03 1.909E-03 2.032E-03 1.982E-03 1.783E-03 5.553E-04 8.994E-04 2.092E-03 2.932E-03 3.265E-03 3.111E-03 2.536E-03 2.646E-03 2.402E-03 6.998E-04 1.370E-03 2.044E-03 2.028E-03 1.815E-03 1.736E-03 1.709E-03 1.794E-03 1.750E-03 1.613E-03 1.444E-03 1.260E-03 1.118E-03 6.972E-04 4.761E-04 3.715E-04 4.715E-04 5.831E-04 8.162E-04 9.785E-04 1.026E-03 1.337E-03 1.560E-03 1.730E-03 1.814E-03 2.016E-03 2.124E-03 2.241E-03 2.450E-03 2.623E-03 2.672E-03 2.540E-03 2.465E-03
  8.000E+01  9.648E-04 8.972E-04 9.427E-04 9.586E-04 1.073E-03 1.057E-03 1.055E-03 1.134E-03 1.177E-03 1.218E-03 1.305E-03 1.342E-03 1.381E-03 1.398E-03 1.613E-03 1.657E-03 1.828E-03 1.794E-03 1.639E-03 5.298E-04 8.508E-04 1.939E-03 2.695E-03 3.017E-03 2.866E-03 2.336E-03 2.430E-03 2.210E-03 6.435E-04 1.269E-03 1.885E-03 1.866E-03 1.668E-03 1.594E-03 1.569E-03 1.649E-03 1.607E-03 1.480E-03 1.324E-03 1.154E-03 1.023E-03 6.354E-04 4.329E-04 3.384E-04 4.338E-04 5.384E-04 7.569E-04 9.089E-04 9.531E-04 1.245E-03 1.454E-03 1.612E-03 1.691E-03 1.878E-03 1.977E-03 2.086E-03 2.281E-03 2.443E-03 2.489E-03 2.370E-03 2.312E-03
  8.200E+01  8.000E-04 8.126E-04 7.399E-04 8.559E-04 9.008E-04 9.106E-04 9.957E-04 9.590E-04 1.053E-03 1.096E-03 1.191E-03 1.082E-03 1.193E-03 1.147E-03 1.379E-03 1.597E-03 1.607E-03 1.669E-03 1.486E-03 5.069E-04 8.066E-04 1.800E-03 2.466E-03 2.838E-03 2.682E-03 2.161E-03 2.234E-03 2.041E-03 5.937E-04 1.180E-03 1.743E-03 1.722E-03 1.538E-03 1.469E-03 1.446E-03 1.520E-03 1.481E-03 1.363E-03 1.218E-03 1.060E-03 9.388E-04 5.812E-04 3.953E-04 3.095E-04 4.007E-04 4.992E-04 7.048E-04 8.475E-04 8.890E-04 1.163E-03 1.359E-03 1.507E-03 1.581E-03 1.754E-03 1.846E-03 1.947E-03 2.130E-03 2.282E-03 2.324E-03 2.217E-03 2.174E-03
  8.400E+01  7.405E-04 6.761E-04 6.905E-04 7.007E-04 7.942E-04 8.077E-04 8.300E-04 8.437E-04 9.142E-04 9.551E-04 9.902E-04 1.020E-03 1.116E-03 1.038E-03 1.202E-03 1.410E-03 1.432E-03 1.503E-03 1.332E-03 4.864E-04 7.666E-04 1.674E-03 2.277E-03 2.616E-03 2.474E-03 1.998E-03 2.069E-03 1.887E-03 5.497E-04 1.099E-03 1.616E-03 1.595E-03 1.423E-03 1.359E-03 1.337E-03 1.405E-03 1.370E-03 1.259E-03 1.125E-03 9.778E-04 8.650E-04 5.336E-04 3.622E-04 2.841E-04 3.718E-04 4.647E-04 6.588E-04 7.932E-04 8.323E-04 1.090E-03 1.275E-03 1.414E-03 1.483E-03 1.643E-03 1.728E-03 1.823E-03 1.994E-03 2.137E-03 2.176E-03 2.079E-03 2.050E-03
  8.600E+01  6.219E-04 6.046E-04 6.342E-04 5.972E-04 6.615E-04 6.855E-04 6.996E-04 7.887E-04 7.530E-04 7.841E-04 9.352E-04 9.336E-04 9.412E-04 9.721E-04 1.193E-03 1.216E-03 1.360E-03 1.335E-03 1.235E-03 4.681E-04 7.302E-04 1.561E-03 2.127E-03 2.391E-03 2.267E-03 1.850E-03 1.926E-03 1.750E-03 5.106E-04 1.027E-03 1.503E-03 1.482E-03 1.321E-03 1.262E-03 1.241E-03 1.304E-03 1.271E-03 1.168E-03 1.042E-03 9.049E-04 7.999E-04 4.917E-04 3.332E-04 2.620E-04 3.463E-04 4.344E-04 6.182E-04 7.451E-04 7.821E-04 1.026E-03 1.200E-03 1.331E-03 1.395E-03 1.545E-03 1.623E-03 1.712E-03 1.872E-03 2.006E-03 2.043E-03 1.955E-03 1.938E-03
  8.800E+01  5.537E-04 4.986E-04 5.560E-04 5.810E-04 6.196E-04 6.016E-04 6.378E-04 6.832E-04 7.161E-04 7.467E-04 8.374E-04 8.176E-04 8.499E-04 9.032E-04 1.042E-03 1.118E-03 1.248E-03 1.228E-03 1.151E-03 4.516E-04 6.971E-04 1.459E-03 1.983E-03 2.235E-03 2.116E-03 1.725E-03 1.793E-03 1.634E-03 4.760E-04 9.623E-04 1.403E-03 1.382E-03 1.231E-03 1.175E-03 1.155E-03 1.215E-03 1.183E-03 1.086E-03 9.686E-04 8.404E-04 7.423E-04 4.547E-04 3.077E-04 2.425E-04 3.240E-04 4.076E-04 5.823E-04 7.025E-04 7.376E-04 9.685E-04 1.133E-03 1.257E-03 1.317E-03 1.456E-03 1.529E-03 1.612E-03 1.762E-03 1.889E-03 1.923E-03 1.843E-03 1.836E-03
  9.000E+01  4.561E-04 4.991E-04 4.751E-04 5.208E-04 6.142E-04 5.934E-04 6.244E-04 6.135E-04 6.482E-04 6.778E-04 7.456E-04 7.197E-04 8.145E-04 7.632E-04 9.122E-04 1.090E-03 1.085E-03 1.163E-03 1.066E-03 4.369E-04 6.671E-04 1.366E-03 1.843E-03 2.122E-03 2.002E-03 1.615E-03 1.674E-03 1.533E-03 4.452E-04 9.042E-04 1.313E-03 1.293E-03 1.151E-03 1.098E-03 1.080E-03 1.135E-03 1.105E-03 1.014E-03 9.037E-04 7.834E-04 6.913E-04 4.220E-04 2.851E-04 2.254E-04 3.042E-04 3.840E-04 5.505E-04 6.647E-04 6.981E-04 9.174E-04 1.074E-03 1.190E-03 1.247E-03 1.377E-03 1.444E-03 1.522E-03 1.663E-03 1.783E-03 1.815E-03 1.743E-03 1.745E-03
  9.200E+01  5.103E-04 4.438E-04 4.808E-04 4.991E-04 5.383E-04 5.473E-04 5.659E-04 5.353E-04 6.257E-04 6.530E-04 6.740E-04 6.606E-04 7.499E-04 7.176E-04 8.363E-04 9.894E-04 1.016E-03 1.069E-03 9.775E-04 4.236E-04 6.398E-04 1.281E-03 1.723E-03 1.978E-03 1.868E-03 1.514E-03 1.574E-03 1.441E-03 4.178E-04 8.520E-04 1.233E-03 1.214E-03 1.081E-03 1.030E-03 1.012E-03 1.064E-03 1.036E-03 9.503E-04 8.461E-04 7.328E-04 6.461E-04 3.930E-04 2.653E-04 2.103E-04 2.868E-04 3.632E-04 5.222E-04 6.311E-04 6.629E-04 8.718E-04 1.020E-03 1.131E-03 1.184E-03 1.305E-03 1.368E-03 1.442E-03 1.574E-03 1.687E-03 1.717E-03 1.652E-03 1.663E-03
  9.400E+01  4.503E-04 4.213E-04 4.410E-04 4.320E-04 4.565E-04 5.141E-04 4.909E-04 5.401E-04 5.275E-04 5.526E-04 5.920E-04 6.439E-04 7.086E-04 7.081E-04 8.480E-04 8.965E-04 9.939E-04 9.785E-04 9.328E-04 4.117E-04 6.150E-04 1.206E-03 1.619E-03 1.843E-03 1.745E-03 1.422E-03 1.487E-03 1.358E-03 3.933E-04 8.051E-04 1.162E-03 1.144E-03 1.018E-03 9.702E-04 9.529E-04 1.001E-03 9.742E-04 8.935E-04 7.951E-04 6.879E-04 6.060E-04 3.674E-04 2.477E-04 1.971E-04 2.715E-04 3.447E-04 4.972E-04 6.012E-04 6.316E-04 8.310E-04 9.723E-04 1.077E-03 1.128E-03 1.241E-03 1.300E-03 1.369E-03 1.494E-03 1.601E-03 1.629E-03 1.570E-03 1.589E-03
  9.600E+01  4.483E-04 3.795E-04 4.249E-04 3.976E-04 5.007E-04 4.615E-04 4.651E-04 4.981E-04 5.237E-04 5.456E-04 5.896E-04 6.617E-04 6.348E-04 6.495E-04 7.336E-04 8.416E-04 8.981E-04 9.331E-04 8.892E-04 4.011E-04 5.924E-04 1.139E-03 1.523E-03 1.764E-03 1.671E-03 1.346E-03 1.406E-03 1.290E-03 3.715E-04 7.630E-04 1.098E-03 1.082E-03 9.624E-04 9.169E-04 9.001E-04 9.457E-04 9.196E-04 8.431E-04 7.497E-04 6.480E-04 5.704E-04 3.446E-04 2.321E-04 1.853E-04 2.579E-04 3.283E-04 4.749E-04 5.746E-04 6.037E-04 7.946E-04 9.294E-04 1.029E-03 1.077E-03 1.183E-03 1.238E-03 1.303E-03 1.422E-03 1.523E-03 1.549E-03 1.495E-03 1.522E-03
  9.800E+01  4.267E-04 4.322E-04 4.049E-04 4.321E-04 4.818E-04 4.571E-04 4.882E-04 4.879E-04 5.237E-04 5.463E-04 6.137E-04 5.413E-04 5.732E-04 5.688E-04 6.925E-04 8.778E-04 8.261E-04 9.330E-04 8.600E-04 3.915E-04 5.720E-04 1.080E-03 1.433E-03 1.702E-03 1.612E-03 1.280E-03 1.334E-03 1.233E-03 3.521E-04 7.251E-04 1.042E-03 1.027E-03 9.134E-04 8.696E-04 8.534E-04 8.962E-04 8.712E-04 7.983E-04 7.095E-04 6.126E-04 5.388E-04 3.243E-04 2.183E-04 1.750E-04 2.459E-04 3.138E-04 4.551E-04 5.508E-04 5.788E-04 7.620E-04 8.909E-04 9.858E-04 1.031E-03 1.131E-03 1.183E-03 1.244E-03 1.356E-03 1.452E-03 1.477E-03 1.429E-03 1.462E-03
  1.000E+02  4.646E-04 3.969E-04 3.971E-04 3.920E-04 4.762E-04 4.426E-04 4.449E-04 4.812E-04 5.208E-04 5.418E-04 5.887E-04 5.314E-04 5.902E-04 5.630E-04 7.069E-04 7.670E-04 8.157E-04 8.440E-04 8.120E-04 3.829E-04 5.535E-04 1.024E-03 1.361E-03 1.604E-03 1.521E-03 1.219E-03 1.276E-03 1.182E-03 3.347E-04 6.910E-04 9.913E-04 9.790E-04 8.701E-04 8.280E-04 8.120E-04 8.524E-04 8.282E-04 7.587E-04 6.738E-04 5.812E-04 5.107E-04 3.063E-04 2.060E-04 1.658E-04 2.352E-04 3.009E-04 4.374E-04 5.296E-04 5.566E-04 7.327E-04 8.563E-04 9.470E-04 9.902E-04 1.084E-03 1.133E-03 1.191E-03 1.297E-03 1.388E-03 1.412E-03 1.368E-03 1.408E-03
  1.020E+02  4.353E-04 4.341E-04 4.198E-04 4.163E-04 4.653E-04 4.433E-04 4.860E-04 4.632E-04 4.853E-04 5.056E-04 5.306E-04 5.210E-04 6.151E-04 5.583E-04 6.897E-04 7.535E-04 8.094E-04 7.982E-04 7.733E-04 3.752E-04 5.367E-04 9.719E-04 1.298E-03 1.501E-03 1.432E-03 1.163E-03 1.228E-03 1.136E-03 3.191E-04 6.604E-04 9.467E-04 9.366E-04 8.320E-04 7.914E-04 7.754E-04 8.137E-04 7.902E-04 7.236E-04 6.422E-04 5.534E-04 4.858E-04 2.902E-04 1.951E-04 1.577E-04 2.258E-04 2.895E-04 4.217E-04 5.107E-04 5.367E-04 7.065E-04 8.252E-04 9.121E-04 9.532E-04 1.042E-03 1.087E-03 1.143E-03 1.244E-03 1.331E-03 1.353E-03 1.314E-03 1.359E-03
  1.040E+02  5.164E-04 4.495E-04 4.434E-04 4.477E-04 4.470E-04 4.677E-04 4.982E-04 4.540E-04 5.065E-04 5.271E-04 5.642E-04 5.253E-04 6.018E-04 5.298E-04 6.463E-04 7.370E-04 7.519E-04 7.958E-04 7.671E-04 3.683E-04 5.214E-04 9.257E-04 1.241E-03 1.434E-03 1.378E-03 1.116E-03 1.186E-03 1.098E-03 3.052E-04 6.328E-04 9.074E-04 8.997E-04 7.987E-04 7.593E-04 7.433E-04 7.796E-04 7.566E-04 6.925E-04 6.142E-04 5.286E-04 4.636E-04 2.759E-04 1.854E-04 1.505E-04 2.174E-04 2.793E-04 4.077E-04 4.939E-04 5.190E-04 6.830E-04 7.972E-04 8.806E-04 9.198E-04 1.004E-03 1.047E-03 1.099E-03 1.195E-03 1.279E-03 1.300E-03 1.264E-03 1.315E-03
  1.060E+02  5.277E-04 4.564E-04 4.378E-04 4.637E-04 4.604E-04 4.638E-04 4.982E-04 4.695E-04 4.961E-04 5.176E-04 5.826E-04 5.302E-04 5.715E-04 5.545E-04 6.650E-04 7.680E-04 7.484E-04 8.145E-04 7.753E-04 3.621E-04 5.077E-04 8.864E-04 1.189E-03 1.386E-03 1.340E-03 1.077E-03 1.148E-03 1.070E-03 2.927E-04 6.082E-04 8.730E-04 8.676E-04 7.699E-04 7.312E-04 7.152E-04 7.496E-04 7.271E-04 6.652E-04 5.896E-04 5.067E-04 4.439E-04 2.631E-04 1.768E-04 1.441E-04 2.100E-04 2.703E-04 3.952E-04 4.788E-04 5.032E-04 6.619E-04 7.721E-04 8.522E-04 8.897E-04 9.690E-04 1.010E-03 1.060E-03 1.152E-03 1.231E-03 1.251E-03 1.220E-03 1.275E-03
  1.080E+02  5.901E-04 4.748E-04 4.933E-04 4.676E-04 4.708E-04 4.958E-04 4.597E-04 4.828E-04 5.061E-04 5.258E-04 5.909E-04 5.717E-04 6.049E-04 5.988E-04 6.752E-04 7.238E-04 7.660E-04 7.845E-04 7.743E-04 3.565E-04 4.953E-04 8.517E-04 1.140E-03 1.334E-03 1.292E-03 1.047E-03 1.117E-03 1.051E-03 2.815E-04 5.860E-04 8.430E-04 8.398E-04 7.449E-04 7.068E-04 6.907E-04 7.234E-04 7.013E-04 6.412E-04 5.678E-04 4.874E-04 4.264E-04 2.517E-04 1.691E-04 1.385E-04 2.034E-04 2.623E-04 3.840E-04 4.653E-04 4.890E-04 6.430E-04 7.495E-04 8.266E-04 8.626E-04 9.378E-04 9.762E-04 1.024E-03 1.112E-03 1.188E-03 1.208E-03 1.180E-03 1.239E-03
  1.100E+02  6.939E-04 5.392E-04 5.267E-04 5.013E-04 5.316E-04 5.150E-04 5.069E-04 5.478E-04 5.490E-04 5.677E-04 6.062E-04 6.012E-04 6.286E-04 6.184E-04 7.285E-04 7.086E-04 8.379E-04 7.384E-04 7.680E-04 3.516E-04 4.841E-04 8.198E-04 1.092E-03 1.289E-03 1.249E-03 1.022E-03 1.093E-03 1.036E-03 2.715E-04 5.663E-04 8.171E-04 8.162E-04 7.234E-04 6.859E-04 6.695E-04 7.007E-04 6.788E-04 6.203E-04 5.487E-04 4.703E-04 4.109E-04 2.414E-04 1.623E-04 1.335E-04 1.976E-04 2.552E-04 3.741E-04 4.532E-04 4.763E-04 6.260E-04 7.291E-04 8.035E-04 8.381E-04 9.096E-04 9.460E-04 9.917E-04 1.076E-03 1.150E-03 1.168E-03 1.143E-03 1.207E-03
  1.120E+02  7.753E-04 6.372E-04 6.050E-04 5.828E-04 5.101E-04 5.488E-04 5.452E-04 6.389E-04 5.756E-04 5.885E-04 7.038E-04 6.658E-04 6.526E-04 6.491E-04 7.937E-04 7.442E-04 8.282E-04 7.676E-04 7.924E-04 3.471E-04 4.740E-04 7.918E-04 1.051E-03 1.258E-03 1.224E-03 1.002E-03 1.077E-03 1.024E-03 2.625E-04 5.487E-04 7.950E-04 7.967E-04 7.053E-04 6.682E-04 6.513E-04 6.812E-04 6.594E-04 6.021E-04 5.321E-04 4.553E-04 3.972E-04 2.323E-04 1.562E-04 1.290E-04 1.924E-04 2.488E-04 3.652E-04 4.424E-04 4.649E-04 6.107E-04 7.107E-04 7.826E-04 8.159E-04 8.840E-04 9.186E-04 9.625E-04 1.044E-03 1.114E-03 1.132E-03 1.111E-03 1.178E-03
  1.140E+02  9.966E-04 7.773E-04 6.850E-04 6.661E-04 6.170E-04 6.666E-04 6.191E-04 6.846E-04 6.534E-04 6.683E-04 7.240E-04 7.279E-04 7.324E-04 7.260E-04 7.712E-04 7.954E-04 8.529E-04 8.077E-04 8.302E-04 3.431E-04 4.651E-04 7.677E-04 1.019E-03 1.236E-03 1.210E-03 9.881E-04 1.065E-03 1.021E-03 2.545E-04 5.330E-04 7.767E-04 7.810E-04 6.905E-04 6.533E-04 6.359E-04 6.646E-04 6.428E-04 5.865E-04 5.177E-04 4.421E-04 3.851E-04 2.241E-04 1.507E-04 1.251E-04 1.878E-04 2.432E-04 3.573E-04 4.328E-04 4.548E-04 5.970E-04 6.942E-04 7.638E-04 7.959E-04 8.609E-04 8.939E-04 9.361E-04 1.014E-03 1.083E-03 1.100E-03 1.081E-03 1.153E-03
  1.160E+02  9.271E-04 9.614E-04 8.825E-04 7.940E-04 7.660E-04 7.643E-04 7.313E-04 7.827E-04 7.610E-04 7.753E-04 7.563E-04 7.592E-04 7.968E-04 7.869E-04 8.749E-04 8.316E-04 9.252E-04 8.413E-04 9.030E-04 3.396E-04 4.571E-04 7.491E-04 9.889E-04 1.226E-03 1.208E-03 9.851E-04 1.055E-03 1.030E-03 2.472E-04 5.192E-04 7.618E-04 7.687E-04 6.787E-04 6.411E-04 6.233E-04 6.508E-04 6.288E-04 5.732E-04 5.053E-04 4.306E-04 3.745E-04 2.168E-04 1.459E-04 1.216E-04 1.837E-04 2.382E-04 3.502E-04 4.242E-04 4.457E-04 5.847E-04 6.793E-04 7.469E-04 7.779E-04 8.400E-04 8.715E-04 9.121E-04 9.874E-04 1.054E-03 1.070E-03 1.055E-03 1.130E-03
  1.180E+02  7.119E-04 9.748E-04 1.000E-03 9.531E-04 8.717E-04 8.540E-04 8.514E-04 7.919E-04 7.890E-04 7.960E-04 8.140E-04 9.078E-04 8.359E-04 8.074E-04 8.588E-04 9.003E-04 9.436E-04 8.961E-04 9.772E-04 3.364E-04 4.500E-04 7.345E-04 9.604E-04 1.236E-03 1.222E-03 9.895E-04 1.052E-03 1.044E-03 2.408E-04 5.070E-04 7.503E-04 7.596E-04 6.695E-04 6.314E-04 6.129E-04 6.394E-04 6.173E-04 5.622E-04 4.947E-04 4.206E-04 3.651E-04 2.103E-04 1.416E-04 1.185E-04 1.801E-04 2.337E-04 3.440E-04 4.165E-04 4.376E-04 5.737E-04 6.659E-04 7.315E-04 7.615E-04 8.211E-04 8.512E-04 8.904E-04 9.632E-04 1.027E-03 1.043E-03 1.031E-03 1.109E-03
  1.200E+02  3.673E-04 6.992E-04 8.378E-04 9.598E-04 9.244E-04 9.011E-04 8.444E-04 8.951E-04 9.287E-04 9.255E-04 8.545E-04 9.311E-04 8.809E-04 8.044E-04 8.672E-04 9.181E-04 9.869E-04 9.207E-04 1.031E-03 3.336E-04 4.438E-04 7.237E-04 9.436E-04 1.236E-03 1.229E-03 9.951E-04 1.061E-03 1.061E-03 2.350E-04 4.965E-04 7.419E-04 7.538E-04 6.629E-04 6.242E-04 6.048E-04 6.305E-04 6.081E-04 5.530E-04 4.857E-04 4.120E-04 3.569E-04 2.044E-04 1.378E-04 1.158E-04 1.769E-04 2.298E-04 3.384E-04 4.097E-04 4.304E-04 5.638E-04 6.538E-04 7.177E-04 7.468E-04 8.040E-04 8.328E-04 8.707E-04 9.412E-04 1.004E-03 1.019E-03 1.010E-03 1.091E-03
  1.220E+02  3.327E-04 5.279E-04 6.470E-04 7.059E-04 7.946E-04 8.013E-04 8.158E-04 8.203E-04 8.813E-04 8.738E-04 8.394E-04 8.468E-04 8.734E-04 8.609E-04 9.009E-04 9.424E-04 1.035E-03 9.907E-04 1.160E-03 3.311E-04 4.385E-04 7.155E-04 9.449E-04 1.231E-03 1.235E-03 1.004E-03 1.081E-03 1.082E-03 2.298E-04 4.874E-04 7.366E-04 7.514E-04 6.588E-04 6.191E-04 5.989E-04 6.239E-04 6.009E-04 5.458E-04 4.784E-04 4.046E-04 3.498E-04 1.992E-04 1.343E-04 1.134E-04 1.740E-04 2.263E-04 3.334E-04 4.036E-04 4.240E-04 5.549E-04 6.430E-04 7.053E-04 7.335E-04 7.885E-04 8.162E-04 8.529E-04 9.213E-04 9.820E-04 9.975E-04 9.903E-04 1.075E-03
  1.240E+02  3.184E-04 4.080E-04 4.573E-04 5.679E-04 6.174E-04 6.776E-04 6.921E-04 7.362E-04 7.670E-04 7.705E-04 8.113E-04 7.224E-04 9.047E-04 7.958E-04 9.587E-04 1.006E-03 1.058E-03 1.083E-03 1.349E-03 3.289E-04 4.339E-04 7.116E-04 9.549E-04 1.239E-03 1.258E-03 1.021E-03 1.108E-03 1.113E-03 2.252E-04 4.797E-04 7.344E-04 7.523E-04 6.571E-04 6.161E-04 5.949E-04 6.195E-04 5.958E-04 5.402E-04 4.724E-04 3.984E-04 3.436E-04 1.946E-04 1.313E-04 1.112E-04 1.715E-04 2.232E-04 3.290E-04 3.982E-04 4.182E-04 5.470E-04 6.332E-04 6.940E-04 7.215E-04 7.745E-04 8.012E-04 8.368E-04 9.032E-04 9.625E-04 9.777E-04 9.731E-04 1.061E-03
  1.260E+02  2.645E-04 3.484E-04 4.073E-04 4.706E-04 4.828E-04 5.489E-04 6.127E-04 6.319E-04 6.685E-04 6.814E-04 7.392E-04 7.618E-04 7.438E-04 8.202E-04 9.209E-04 1.044E-03 1.191E-03 1.187E-03 1.519E-03 3.270E-04 4.301E-04 7.122E-04 9.708E-04 1.268E-03 1.304E-03 1.048E-03 1.140E-03 1.153E-03 2.210E-04 4.733E-04 7.354E-04 7.559E-04 6.576E-04 6.149E-04 5.928E-04 6.169E-04 5.925E-04 5.362E-04 4.677E-04 3.931E-04 3.382E-04 1.904E-04 1.287E-04 1.094E-04 1.693E-04 2.205E-04 3.251E-04 3.933E-04 4.131E-04 5.399E-04 6.245E-04 6.839E-04 7.106E-04 7.618E-04 7.875E-04 8.221E-04 8.868E-04 9.448E-04 9.598E-04 9.577E-04 1.048E-03
  1.280E+02  2.838E-04 3.061E-04 3.236E-04 4.045E-04 3.803E-04 4.529E-04 5.049E-04 5.429E-04 6.273E-04 6.523E-04 6.395E-04 6.418E-04 7.264E-04 7.899E-04 9.417E-04 1.082E-03 1.294E-03 1.293E-03 1.729E-03 3.253E-04 4.271E-04 7.183E-04 9.910E-04 1.325E-03 1.370E-03 1.089E-03 1.180E-03 1.204E-03 2.174E-04 4.682E-04 7.394E-04 7.622E-04 6.601E-04 6.155E-04 5.923E-04 6.162E-04 5.910E-04 5.336E-04 4.642E-04 3.888E-04 3.336E-04 1.868E-04 1.263E-04 1.077E-04 1.674E-04 2.181E-04 3.216E-04 3.891E-04 4.086E-04 5.336E-04 6.167E-04 6.748E-04 7.009E-04 7.503E-04 7.752E-04 8.089E-04 8.719E-04 9.287E-04 9.436E-04 9.440E-04 1.037E-03
  1.300E+02  2.575E-04 3.006E-04 3.203E-04 3.506E-04 4.600E-04 4.485E-04 4.467E-04 5.727E-04 6.110E-04 6.420E-04 6.877E-04 6.827E-04 7.345E-04 8.538E-04 1.125E-03 1.131E-03 1.482E-03 1.424E-03 1.951E-03 3.238E-04 4.248E-04 7.284E-04 1.024E-03 1.408E-03 1.451E-03 1.140E-03 1.234E-03 1.259E-03 2.141E-04 4.643E-04 7.462E-04 7.712E-04 6.642E-04 6.179E-04 5.933E-04 6.173E-04 5.911E-04 5.324E-04 4.617E-04 3.852E-04 3.297E-04 1.835E-04 1.242E-04 1.063E-04 1.657E-04 2.159E-04 3.186E-04 3.853E-04 4.046E-04 5.280E-04 6.096E-04 6.666E-04 6.921E-04 7.399E-04 7.640E-04 7.968E-04 8.584E-04 9.141E-04 9.289E-04 9.317E-04 1.028E-03
  1.320E+02  2.676E-04 2.703E-04 3.225E-04 4.243E-04 3.853E-04 4.365E-04 5.488E-04 5.537E-04 5.875E-04 6.227E-04 6.958E-04 7.047E-04 8.499E-04 9.263E-04 1.170E-03 1.396E-03 1.710E-03 1.706E-03 2.216E-03 3.224E-04 4.233E-04 7.440E-04 1.071E-03 1.504E-03 1.549E-03 1.198E-03 1.301E-03 1.319E-03 2.113E-04 4.617E-04 7.560E-04 7.830E-04 6.701E-04 6.217E-04 5.957E-04 6.200E-04 5.926E-04 5.324E-04 4.601E-04 3.824E-04 3.264E-04 1.807E-04 1.224E-04 1.050E-04 1.642E-04 2.141E-04 3.159E-04 3.820E-04 4.011E-04 5.230E-04 6.034E-04 6.593E-04 6.841E-04 7.305E-04 7.539E-04 7.859E-04 8.461E-04 9.008E-04 9.156E-04 9.209E-04 1.019E-03
  1.340E+02  2.653E-04 3.020E-04 3.597E-04 4.151E-04 4.404E-04 5.482E-04 5.549E-04 7.346E-04 6.899E-04 7.358E-04 8.666E-04 9.140E-04 1.088E-03 1.320E-03 1.581E-03 1.579E-03 2.204E-03 1.935E-03 2.389E-03 3.213E-04 4.225E-04 7.647E-04 1.140E-03 1.612E-03 1.664E-03 1.265E-03 1.382E-03 1.385E-03 2.088E-04 4.603E-04 7.688E-04 7.974E-04 6.775E-04 6.267E-04 5.993E-04 6.243E-04 5.956E-04 5.335E-04 4.593E-04 3.803E-04 3.236E-04 1.782E-04 1.209E-04 1.039E-04 1.629E-04 2.125E-04 3.136E-04 3.791E-04 3.980E-04 5.186E-04 5.978E-04 6.527E-04 6.770E-04 7.219E-04 7.447E-04 7.760E-04 8.350E-04 8.888E-04 9.036E-04 9.113E-04 1.013E-03
  1.360E+02  2.752E-04 3.340E-04 4.300E-04 5.605E-04 6.525E-04 7.564E-04 8.649E-04 9.657E-04 1.071E-03 1.131E-03 1.222E-03 1.224E-03 1.509E-03 1.509E-03 1.949E-03 2.165E-03 2.481E-03 2.439E-03 2.578E-03 3.203E-04 4.226E-04 7.944E-04 1.218E-03 1.785E-03 1.838E-03 1.346E-03 1.470E-03 1.456E-03 2.067E-04 4.601E-04 7.847E-04 8.140E-04 6.863E-04 6.327E-04 6.041E-04 6.299E-04 5.998E-04 5.356E-04 4.594E-04 3.787E-04 3.214E-04 1.760E-04 1.195E-04 1.030E-04 1.618E-04 2.111E-04 3.116E-04 3.765E-04 3.953E-04 5.147E-04 5.928E-04 6.468E-04 6.706E-04 7.142E-04 7.364E-04 7.670E-04 8.248E-04 8.778E-04 8.927E-04 9.029E-04 1.007E-03
  1.380E+02  3.031E-04 4.737E-04 6.860E-04 9.773E-04 9.742E-04 1.267E-03 1.480E-03 1.572E-03 1.625E-03 1.685E-03 1.837E-03 2.017E-03 2.267E-03 2.391E-03 2.598E-03 2.888E-03 3.210E-03 2.941E-03 2.661E-03 3.194E-04 4.236E-04 8.326E-04 1.316E-03 2.014E-03 2.060E-03 1.447E-03 1.561E-03 1.533E-03 2.049E-04 4.611E-04 8.036E-04 8.324E-04 6.960E-04 6.396E-04 6.099E-04 6.366E-04 6.052E-04 5.386E-04 4.600E-04 3.777E-04 3.196E-04 1.742E-04 1.184E-04 1.022E-04 1.608E-04 2.099E-04 3.098E-04 3.743E-04 3.930E-04 5.113E-04 5.884E-04 6.415E-04 6.648E-04 7.073E-04 7.289E-04 7.589E-04 8.156E-04 8.679E-04 8.829E-04 8.956E-04 1.002E-03
  1.400E+02  4.525E-04 9.305E-04 1.353E-03 1.961E-03 2.207E-03 2.455E-03 2.753E-03 3.144E-03 3.164E-03 3.173E-03 3.250E-03 3.366E-03 3.441E-03 3.587E-03 3.811E-03 3.568E-03 3.845E-03 3.234E-03 2.586E-03 3.187E-04 4.256E-04 8.822E-04 1.454E-03 2.251E-03 2.283E-03 1.552E-03 1.667E-03 1.604E-03 2.034E-04 4.634E-04 8.251E-04 8.520E-04 7.063E-04 6.472E-04 6.163E-04 6.445E-04 6.117E-04 5.424E-04 4.613E-04 3.772E-04 3.183E-04 1.727E-04 1.174E-04 1.015E-04 1.600E-04 2.088E-04 3.083E-04 3.725E-04 3.910E-04 5.083E-04 5.845E-04 6.368E-04 6.597E-04 7.009E-04 7.221E-04 7.515E-04 8.072E-04 8.589E-04 8.740E-04 8.892E-04 9.982E-04
  1.420E+02  1.072E-03 2.649E-03 3.743E-03 4.781E-03 5.061E-03 5.112E-03 5.260E-03 5.351E-03 5.358E-03 5.229E-03 5.158E-03 4.958E-03 4.823E-03 4.689E-03 4.631E-03 4.222E-03 4.208E-03 3.472E-03 2.465E-03 3.181E-04 4.286E-04 9.439E-04 1.614E-03 2.568E-03 2.550E-03 1.665E-03 1.778E-03 1.666E-03 2.022E-04 4.669E-04 8.495E-04 8.730E-04 7.171E-04 6.555E-04 6.234E-04 6.534E-04 6.191E-04 5.470E-04 4.632E-04 3.772E-04 3.175E-04 1.715E-04 1.166E-04 1.009E-04 1.593E-04 2.079E-04 3.070E-04 3.709E-04 3.893E-04 5.058E-04 5.811E-04 6.326E-04 6.551E-04 6.952E-04 7.159E-04 7.447E-04 7.995E-04 8.507E-04 8.660E-04 8.838E-04 9.953E-04
  1.440E+02  3.770E-03 7.422E-03 7.103E-03 6.881E-03 6.410E-03 6.325E-03 6.333E-03 5.968E-03 5.656E-03 5.599E-03 5.516E-03 5.494E-03 5.314E-03 4.981E-03 4.820E-03 4.624E-03 4.345E-03 3.557E-03 2.337E-03 3.176E-04 4.329E-04 1.015E-03 1.807E-03 2.944E-03 2.844E-03 1.785E-03 1.886E-03 1.720E-03 2.013E-04 4.718E-04 8.763E-04 8.950E-04 7.284E-04 6.643E-04 6.312E-04 6.632E-04 6.275E-04 5.523E-04 4.657E-04 3.778E-04 3.172E-04 1.706E-04 1.160E-04 1.004E-04 1.587E-04 2.072E-04 3.060E-04 3.695E-04 3.878E-04 5.036E-04 5.781E-04 6.289E-04 6.510E-04 6.901E-04 7.103E-04 7.386E-04 7.926E-04 8.433E-04 8.588E-04 8.791E-04 9.932E-04
  1.460E+02  8.526E-03 6.739E-03 5.845E-03 5.289E-03 5.318E-03 4.971E-03 4.902E-03 4.886E-03 4.856E-03 4.893E-03 4.858E-03 4.944E-03 4.623E-03 4.661E-03 4.547E-03 4.108E-03 4.116E-03 3.298E-03 2.228E-03 3.172E-04 4.386E-04 1.101E-03 2.057E-03 3.297E-03 3.115E-03 1.895E-03 1.993E-03 1.760E-03 2.007E-04 4.781E-04 9.058E-04 9.179E-04 7.402E-04 6.736E-04 6.397E-04 6.741E-04 6.368E-04 5.585E-04 4.690E-04 3.791E-04 3.175E-04 1.699E-04 1.155E-04 1.001E-04 1.582E-04 2.066E-04 3.051E-04 3.684E-04 3.867E-04 5.018E-04 5.755E-04 6.257E-04 6.474E-04 6.855E-04 7.053E-04 7.332E-04 7.864E-04 8.367E-04 8.524E-04 8.753E-04 9.918E-04
  1.480E+02  5.560E-03 4.708E-03 4.349E-03 4.117E-03 4.091E-03 4.041E-03 4.021E-03 4.021E-03 4.083E-03 4.162E-03 4.186E-03 3.852E-03 4.002E-03 3.997E-03 4.197E-03 3.962E-03 3.833E-03 3.184E-03 2.118E-03 3.168E-04 4.458E-04 1.205E-03 2.319E-03 3.724E-03 3.417E-03 2.002E-03 2.083E-03 1.792E-03 2.005E-04 4.858E-04 9.381E-04 9.416E-04 7.529E-04 6.835E-04 6.492E-04 6.860E-04 6.473E-04 5.656E-04 4.731E-04 3.810E-04 3.184E-04 1.696E-04 1.151E-04 9.977E-05 1.578E-04 2.061E-04 3.044E-04 3.675E-04 3.857E-04 5.002E-04 5.734E-04 6.229E-04 6.442E-04 6.814E-04 7.008E-04 7.282E-04 7.808E-04 8.308E-04 8.468E-04 8.723E-04 9.912E-04
  1.500E+02  4.524E-03 3.966E-03 3.769E-03 3.649E-03 3.632E-03 3.573E-03 3.505E-03 3.245E-03 3.611E-03 3.671E-03 3.492E-03 3.662E-03 3.719E-03 3.374E-03 3.570E-03 3.703E-03 3.533E-03 3.094E-03 2.042E-03 3.165E-04 4.545E-04 1.323E-03 2.587E-03 4.157E-03 3.700E-03 2.104E-03 2.154E-03 1.817E-03 2.005E-04 4.947E-04 9.729E-04 9.662E-04 7.667E-04 6.945E-04 6.598E-04 6.991E-04 6.590E-04 5.738E-04 4.782E-04 3.839E-04 3.200E-04 1.695E-04 1.149E-04 9.955E-05 1.575E-04 2.058E-04 3.039E-04 3.669E-04 3.850E-04 4.990E-04 5.715E-04 6.205E-04 6.415E-04 6.777E-04 6.969E-04 7.239E-04 7.758E-04 8.257E-04 8.419E-04 8.699E-04 9.912E-04
  1.520E+02  3.962E-03 3.559E-03 3.379E-03 3.489E-03 3.105E-03 3.311E-03 3.264E-03 3.295E-03 3.197E-03 3.248E-03 3.290E-03 3.278E-03 3.419E-03 3.182E-03 3.388E-03 3.576E-03 3.157E-03 3.024E-03 2.062E-03 3.163E-04 4.646E-04 1.457E-03 2.911E-03 4.415E-03 3.868E-03 2.186E-03 2.220E-03 1.834E-03 2.009E-04 5.046E-04 1.010E-03 9.923E-04 7.820E-04 7.072E-04 6.720E-04 7.138E-04 6.723E-04 5.834E-04 4.845E-04 3.876E-04 3.224E-04 1.698E-04 1.148E-04 9.940E-05 1.573E-04 2.055E-04 3.035E-04 3.664E-04 3.845E-04 4.981E-04 5.701E-04 6.185E-04 6.392E-04 6.746E-04 6.935E-04 7.202E-04 7.716E-04 8.213E-04 8.378E-04 8.683E-04 9.918E-04
  1.540E+02  3.824E-03 3.288E-03 3.366E-03 3.070E-03 3.087E-03 3.087E-03 2.823E-03 3.052E-03 3.028E-03 3.067E-03 3.246E-03 3.162E-03 3.150E-03 3.129E-03 3.283E-03 3.121E-03 3.181E-03 2.742E-03 1.995E-03 3.161E-04 4.753E-04 1.613E-03 3.234E-03 4.541E-03 3.936E-03 2.255E-03 2.284E-03 1.853E-03 2.015E-04 5.149E-04 1.051E-03 1.021E-03 7.998E-04 7.223E-04 6.863E-04 7.305E-04 6.872E-04 5.947E-04 4.921E-04 3.925E-04 3.257E-04 1.702E-04 1.148E-04 9.932E-05 1.571E-04 2.053E-04 3.032E-04 3.661E-04 3.841E-04 4.974E-04 5.690E-04 6.169E-04 6.374E-04 6.720E-04 6.906E-04 7.170E-04 7.680E-04 8.177E-04 8.345E-04 8.673E-04 9.929E-04
  1.560E+02  3.542E-03 3.232E-03 3.021E-03 3.015E-03 2.920E-03 2.971E-03 2.926E-03 2.994E-03 2.920E-03 2.951E-03 3.024E-03 3.213E-03 3.094E-03 3.019E-03 3.241E-03 2.945E-03 3.235E-03 2.611E-03 1.972E-03 3.158E-04 4.854E-04 1.781E-03 3.498E-03 4.681E-03 3.998E-03 2.324E-03 2.354E-03 1.883E-03 2.023E-04 5.246E-04 1.095E-03 1.054E-03 8.210E-04 7.407E-04 7.030E-04 7.496E-04 7.041E-04 6.077E-04 5.013E-04 3.984E-04 3.297E-04 1.709E-04 1.148E-04 9.929E-05 1.570E-04 2.052E-04 3.031E-04 3.659E-04 3.839E-04 4.971E-04 5.682E-04 6.158E-04 6.360E-04 6.700E-04 6.884E-04 7.145E-04 7.652E-04 8.149E-04 8.320E-04 8.669E-04 9.944E-04
  1.580E+02  3.232E-03 3.041E-03 3.027E-03 2.830E-03 2.885E-03 2.868E-03 2.751E-03 2.859E-03 2.983E-03 3.027E-03 3.091E-03 2.903E-03 2.980E-03 2.924E-03 3.157E-03 3.092E-03 3.128E-03 2.715E-03 2.049E-03 3.155E-04 4.927E-04 1.955E-03 3.759E-03 4.797E-03 4.080E-03 2.401E-03 2.444E-03 1.937E-03 2.033E-04 5.318E-04 1.142E-03 1.093E-03 8.466E-04 7.624E-04 7.225E-04 7.707E-04 7.227E-04 6.223E-04 5.119E-04 4.053E-04 3.344E-04 1.718E-04 1.150E-04 9.932E-05 1.570E-04 2.052E-04 3.031E-04 3.659E-04 3.839E-04 4.969E-04 5.677E-04 6.150E-04 6.351E-04 6.685E-04 6.867E-04 7.127E-04 7.632E-04 8.129E-04 8.303E-04 8.672E-04 9.964E-04
  1.600E+02  3.322E-03 2.867E-03 2.776E-03 2.908E-03 2.742E-03 2.643E-03 2.760E-03 2.814E-03 2.959E-03 3.044E-03 3.124E-03 2.883E-03 2.940E-03 2.759E-03 3.217E-03 3.192E-03 3.113E-03 2.815E-03 2.122E-03 3.152E-04 4.945E-04 2.136E-03 4.024E-03 4.937E-03 4.225E-03 2.511E-03 2.564E-03 2.029E-03 2.041E-04 5.338E-04 1.189E-03 1.137E-03 8.762E-04 7.871E-04 7.442E-04 7.929E-04 7.419E-04 6.377E-04 5.233E-04 4.128E-04 3.396E-04 1.727E-04 1.152E-04 9.940E-05 1.570E-04 2.052E-04 3.032E-04 3.660E-04 3.841E-04 4.970E-04 5.677E-04 6.147E-04 6.347E-04 6.676E-04 6.857E-04 7.115E-04 7.619E-04 8.118E-04 8.294E-04 8.680E-04 9.987E-04
  1.620E+02  3.111E-03 2.789E-03 2.702E-03 2.715E-03 2.770E-03 2.817E-03 2.681E-03 2.527E-03 2.837E-03 2.895E-03 2.904E-03 2.991E-03 3.143E-03 2.941E-03 2.995E-03 3.251E-03 3.240E-03 2.942E-03 2.286E-03 3.148E-04 4.880E-04 2.305E-03 4.270E-03 5.225E-03 4.490E-03 2.673E-03 2.724E-03 2.169E-03 2.044E-04 5.274E-04 1.230E-03 1.183E-03 9.077E-04 8.127E-04 7.657E-04 8.132E-04 7.591E-04 6.520E-04 5.341E-04 4.200E-04 3.446E-04 1.737E-04 1.155E-04 9.952E-05 1.571E-04 2.053E-04 3.034E-04 3.663E-04 3.843E-04 4.973E-04 5.679E-04 6.148E-04 6.348E-04 6.673E-04 6.854E-04 7.111E-04 7.615E-04 8.116E-04 8.294E-04 8.693E-04 1.001E-03
  1.640E+02  3.095E-03 2.647E-03 2.621E-03 2.649E-03 2.464E-03 2.652E-03 2.648E-03 2.816E-03 2.888E-03 2.967E-03 2.960E-03 2.847E-03 3.228E-03 2.840E-03 3.334E-03 3.522E-03 3.405E-03 3.289E-03 2.474E-03 3.143E-04 4.725E-04 2.413E-03 4.510E-03 5.604E-03 4.851E-03 2.879E-03 2.923E-03 2.358E-03 2.037E-04 5.095E-04 1.251E-03 1.221E-03 9.344E-04 8.337E-04 7.820E-04 8.257E-04 7.690E-04 6.610E-04 5.415E-04 4.252E-04 3.483E-04 1.744E-04 1.157E-04 9.967E-05 1.572E-04 2.054E-04 3.037E-04 3.667E-04 3.847E-04 4.979E-04 5.685E-04 6.154E-04 6.353E-04 6.677E-04 6.857E-04 7.114E-04 7.618E-04 8.121E-04 8.301E-04 8.710E-04 1.004E-03
  1.660E+02  3.014E-03 2.709E-03 2.478E-03 2.537E-03 2.609E-03 2.646E-03 2.742E-03 2.684E-03 2.748E-03 2.826E-03 3.131E-03 3.174E-03 3.242E-03 3.122E-03 3.425E-03 3.820E-03 3.819E-03 3.646E-03 2.733E-03 3.138E-04 4.504E-04 2.399E-03 4.677E-03 5.969E-03 5.219E-03 3.087E-03 3.115E-03 2.573E-03 2.015E-04 4.794E-04 1.230E-03 1.231E-03 9.440E-04 8.399E-04 7.837E-04 8.206E-04 7.633E-04 6.585E-04 5.412E-04 4.256E-04 3.489E-04 1.747E-04 1.159E-04 9.987E-05 1.574E-04 2.056E-04 3.040E-04 3.671E-04 3.852E-04 4.986E-04 5.693E-04 6.163E-04 6.362E-04 6.685E-04 6.865E-04 7.123E-04 7.628E-04 8.133E-04 8.314E-04 8.731E-04 1.007E-03
  1.680E+02  2.956E-03 2.610E-03 2.643E-03 2.452E-03 2.671E-03 2.825E-03 2.660E-03 2.822E-03 2.857E-03 2.950E-03 3.158E-03 3.182E-03 3.646E-03 3.318E-03 3.937E-03 4.272E-03 4.390E-03 4.170E-03 3.192E-03 3.134E-04 4.283E-04 2.235E-03 4.631E-03 6.207E-03 5.466E-03 3.180E-03 3.203E-03 2.728E-03 1.973E-04 4.409E-04 1.146E-03 1.188E-03 9.186E-04 8.170E-04 7.592E-04 7.874E-04 7.330E-04 6.370E-04 5.276E-04 4.177E-04 3.441E-04 1.742E-04 1.161E-04 1.001E-04 1.575E-04 2.058E-04 3.044E-04 3.677E-04 3.858E-04 4.995E-04 5.704E-04 6.175E-04 6.374E-04 6.698E-04 6.879E-04 7.137E-04 7.644E-04 8.151E-04 8.333E-04 8.754E-04 1.010E-03
  1.700E+02  2.679E-03 2.495E-03 2.612E-03 2.675E-03 2.735E-03 2.815E-03 2.730E-03 2.934E-03 3.111E-03 3.242E-03 3.735E-03 3.610E-03 3.770E-03 3.793E-03 4.467E-03 4.808E-03 5.049E-03 4.758E-03 3.749E-03 3.131E-04 4.150E-04 1.975E-03 4.361E-03 6.074E-03 5.360E-03 3.023E-03 3.062E-03 2.681E-03 1.915E-04 4.028E-04 1.004E-03 1.076E-03 8.459E-04 7.552E-04 7.018E-04 7.228E-04 6.758E-04 5.933E-04 4.977E-04 3.993E-04 3.321E-04 1.726E-04 1.162E-04 1.003E-04 1.577E-04 2.061E-04 3.048E-04 3.682E-04 3.864E-04 5.004E-04 5.715E-04 6.188E-04 6.389E-04 6.714E-04 6.895E-04 7.154E-04 7.663E-04 8.172E-04 8.354E-04 8.777E-04 1.012E-03
  1.720E+02  3.188E-03 2.751E-03 2.641E-03 2.753E-03 3.008E-03 2.942E-03 3.049E-03 3.264E-03 3.609E-03 3.773E-03 4.153E-03 4.030E-03 4.386E-03 4.200E-03 5.060E-03 5.133E-03 5.568E-03 4.932E-03 3.969E-03 3.129E-04 4.178E-04 1.724E-03 4.057E-03 5.777E-03 4.982E-03 2.635E-03 2.675E-03 2.357E-03 1.854E-04 3.765E-04 8.488E-04 9.220E-04 7.396E-04 6.662E-04 6.238E-04 6.434E-04 6.064E-04 5.376E-04 4.574E-04 3.731E-04 3.145E-04 1.702E-04 1.164E-04 1.006E-04 1.579E-04 2.063E-04 3.052E-04 3.688E-04 3.870E-04 5.014E-04 5.728E-04 6.203E-04 6.404E-04 6.731E-04 6.913E-04 7.173E-04 7.683E-04 8.194E-04 8.377E-04 8.798E-04 1.014E-03
  1.740E+02  3.450E-03 3.013E-03 2.925E-03 3.321E-03 3.369E-03 3.450E-03 3.762E-03 3.862E-03 4.345E-03 4.546E-03 4.868E-03 4.814E-03 5.378E-03 5.085E-03 5.823E-03 6.220E-03 5.948E-03 5.240E-03 3.542E-03 3.130E-04 4.379E-04 1.562E-03 3.816E-03 5.768E-03 4.799E-03 2.285E-03 2.300E-03 1.947E-03 1.811E-04 3.698E-04 7.616E-04 8.086E-04 6.535E-04 5.940E-04 5.629E-04 5.877E-04 5.580E-04 4.959E-04 4.247E-04 3.505E-04 2.985E-04 1.680E-04 1.166E-04 1.008E-04 1.581E-04 2.065E-04 3.055E-04 3.693E-04 3.876E-04 5.023E-04 5.739E-04 6.216E-04 6.418E-04 6.747E-04 6.930E-04 7.191E-04 7.703E-04 8.214E-04 8.397E-04 8.818E-04 1.016E-03
  1.760E+02  3.922E-03 3.779E-03 3.810E-03 4.225E-03 4.567E-03 4.815E-03 5.344E-03 5.372E-03 5.760E-03 6.064E-03 6.801E-03 6.738E-03 6.734E-03 6.465E-03 7.136E-03 7.628E-03 6.586E-03 5.912E-03 3.474E-03 3.132E-04 4.683E-04 1.566E-03 3.653E-03 5.866E-03 4.899E-03 2.276E-03 2.300E-03 1.871E-03 1.798E-04 3.807E-04 7.929E-04 8.159E-04 6.467E-04 5.860E-04 5.574E-04 5.882E-04 5.578E-04 4.918E-04 4.184E-04 3.441E-04 2.931E-04 1.672E-04 1.169E-04 1.011E-04 1.582E-04 2.067E-04 3.058E-04 3.697E-04 3.880E-04 5.030E-04 5.748E-04 6.227E-04 6.430E-04 6.761E-04 6.944E-04 7.206E-04 7.719E-04 8.231E-04 8.414E-04 8.832E-04 1.018E-03
  1.780E+02  6.738E-03 6.277E-03 6.415E-03 7.053E-03 7.751E-03 7.346E-03 7.555E-03 8.018E-03 8.595E-03 8.828E-03 9.673E-03 8.277E-03 8.848E-03 7.135E-03 8.384E-03 7.800E-03 7.093E-03 6.381E-03 4.680E-03 3.134E-04 4.957E-04 1.799E-03 3.852E-03 6.372E-03 5.522E-03 2.707E-03 2.775E-03 2.278E-03 1.806E-04 3.974E-04 8.990E-04 9.208E-04 7.094E-04 6.341E-04 5.981E-04 6.308E-04 5.932E-04 5.176E-04 4.349E-04 3.531E-04 2.983E-04 1.680E-04 1.173E-04 1.012E-04 1.583E-04 2.068E-04 3.060E-04 3.700E-04 3.883E-04 5.034E-04 5.755E-04 6.234E-04 6.438E-04 6.770E-04 6.953E-04 7.216E-04 7.729E-04 8.242E-04 8.425E-04 8.842E-04 1.019E-03
  1.800E+02  1.558E-02 1.231E-02 1.181E-02 1.175E-02 1.167E-02 1.046E-02 1.037E-02 1.105E-02 1.205E-02 1.251E-02 1.303E-02 1.165E-02 1.178E-02 8.745E-03 1.163E-02 1.044E-02 9.505E-03 8.138E-03 6.436E-03 3.135E-04 5.067E-04 1.994E-03 4.381E-03 7.491E-03 6.464E-03 3.083E-03 3.163E-03 2.615E-03 1.813E-04 4.051E-04 9.581E-04 9.855E-04 7.502E-04 6.658E-04 6.243E-04 6.567E-04 6.149E-04 5.342E-04 4.463E-04 3.599E-04 3.026E-04 1.686E-04 1.174E-04 1.013E-04 1.583E-04 2.068E-04 3.061E-04 3.701E-04 3.884E-04 5.036E-04 5.757E-04 6.237E-04 6.440E-04 6.773E-04 6.957E-04 7.219E-04 7.733E-04 8.246E-04 8.428E-04 8.845E-04 1.019E-03
