# sulfate (70%)       
#
# size distribution: lognormal
# ------------------
#
#   minimum radius, [um]:      7.900E-03
#   maximum radius, [um]:      3.360E+01
#                  sigma:      2.030E+00
#       Rmod (wet), [um]:      1.090E-01
#       Rmod (dry), [um]:      6.950E-02
#
# optical parameters:
# -------------------
#
# wavelength ext.coef  sca.coef  abs.coef  si.sc.alb  asym.par  ext.nor    ref.real  ref.imag
#     [um]     [1/km]    [1/km]    [1/km]
#
#  2.500E-01 2.742E-04 2.742E-04 1.961E-10 1.000E+00 0.756E+00 1.270E+00  1.394E+00 -2.741E-08
#  3.000E-01 2.721E-04 2.721E-04 3.244E-11 1.000E+00 0.767E+00 1.260E+00  1.380E+00 -1.444E-08
#  3.500E-01 2.651E-04 2.651E-04 3.160E-11 1.000E+00 0.774E+00 1.228E+00  1.371E+00 -7.407E-09
#  4.000E-01 2.544E-04 2.544E-04 0.000E+00 1.000E+00 0.778E+00 1.178E+00  1.365E+00 -3.970E-09
#  4.500E-01 2.420E-04 2.420E-04 0.000E+00 1.000E+00 0.780E+00 1.121E+00  1.362E+00 -3.348E-09
#  5.000E-01 2.293E-04 2.293E-04 0.000E+00 1.000E+00 0.779E+00 1.062E+00  1.360E+00 -3.333E-09
#  5.500E-01 2.159E-04 2.159E-04 0.000E+00 1.000E+00 0.778E+00 1.000E+00  1.358E+00 -4.044E-09
#  6.000E-01 2.029E-04 2.029E-04 4.838E-11 1.000E+00 0.776E+00 9.397E-01  1.357E+00 -1.189E-08
#  6.500E-01 1.904E-04 1.904E-04 1.135E-11 1.000E+00 0.774E+00 8.817E-01  1.356E+00 -1.648E-08
#  7.000E-01 1.785E-04 1.785E-04 4.257E-11 1.000E+00 0.771E+00 8.269E-01  1.356E+00 -3.013E-08
#  7.500E-01 1.670E-04 1.670E-04 1.294E-10 1.000E+00 0.768E+00 7.733E-01  1.355E+00 -1.341E-07
#  8.000E-01 1.560E-04 1.560E-04 1.581E-10 1.000E+00 0.764E+00 7.227E-01  1.354E+00 -1.150E-07
#  9.000E-01 1.366E-04 1.366E-04 4.722E-10 1.000E+00 0.757E+00 6.326E-01  1.353E+00 -4.261E-07
#  1.000E+00 1.195E-04 1.195E-04 2.442E-09 1.000E+00 0.749E+00 5.533E-01  1.352E+00 -2.537E-06
#  1.250E+00 8.564E-05 8.563E-05 6.120E-09 9.999E-01 0.729E+00 3.966E-01  1.346E+00 -8.244E-06
#  1.500E+00 6.269E-05 6.258E-05 1.058E-07 9.983E-01 0.708E+00 2.903E-01  1.342E+00 -1.793E-04
#  1.750E+00 4.573E-05 4.564E-05 8.802E-08 9.981E-01 0.688E+00 2.118E-01  1.334E+00 -1.819E-04
#  2.000E+00 3.413E-05 3.367E-05 4.634E-07 9.864E-01 0.667E+00 1.581E-01  1.326E+00 -1.141E-03
#  2.500E+00 1.673E-05 1.605E-05 6.780E-07 9.595E-01 0.632E+00 7.746E-02  1.283E+00 -2.264E-03
#  3.000E+00 5.490E-05 1.234E-05 4.256E-05 2.248E-01 0.522E+00 2.542E-01  1.351E+00 -2.262E-01
#  3.200E+00 3.658E-05 1.573E-05 2.085E-05 4.301E-01 0.533E+00 1.694E-01  1.435E+00 -1.034E-01
#  3.390E+00 2.466E-05 1.315E-05 1.151E-05 5.331E-01 0.532E+00 1.142E-01  1.404E+00 -5.805E-02
#  3.500E+00 2.115E-05 1.190E-05 9.248E-06 5.627E-01 0.527E+00 9.794E-02  1.394E+00 -4.792E-02
#  3.750E+00 1.605E-05 9.487E-06 6.562E-06 5.911E-01 0.515E+00 7.432E-02  1.376E+00 -3.655E-02
#  4.000E+00 1.343E-05 7.443E-06 5.986E-06 5.542E-01 0.500E+00 6.219E-02  1.360E+00 -3.607E-02
#  4.500E+00 1.094E-05 5.046E-06 5.898E-06 4.611E-01 0.468E+00 5.068E-02  1.346E+00 -4.103E-02
#  5.000E+00 8.730E-06 3.568E-06 5.162E-06 4.087E-01 0.440E+00 4.043E-02  1.334E+00 -4.055E-02
#  5.500E+00 8.674E-06 2.310E-06 6.364E-06 2.663E-01 0.410E+00 4.017E-02  1.308E+00 -5.603E-02
#  6.000E+00 1.484E-05 1.817E-06 1.302E-05 1.224E-01 0.367E+00 6.871E-02  1.306E+00 -1.298E-01
#  6.200E+00 1.273E-05 2.385E-06 1.035E-05 1.873E-01 0.368E+00 5.896E-02  1.379E+00 -1.080E-01
#  6.500E+00 7.598E-06 1.800E-06 5.798E-06 2.369E-01 0.365E+00 3.519E-02  1.347E+00 -6.222E-02
#  7.200E+00 6.780E-06 9.193E-07 5.861E-06 1.356E-01 0.332E+00 3.140E-02  1.286E+00 -6.940E-02
#  7.900E+00 1.216E-05 6.419E-07 1.152E-05 5.279E-02 0.288E+00 5.631E-02  1.254E+00 -1.516E-01
#  8.200E+00 1.466E-05 6.748E-07 1.399E-05 4.602E-02 0.272E+00 6.790E-02  1.264E+00 -1.932E-01
#  8.500E+00 1.604E-05 7.783E-07 1.527E-05 4.851E-02 0.262E+00 7.431E-02  1.302E+00 -2.229E-01
#  8.700E+00 1.587E-05 8.548E-07 1.501E-05 5.387E-02 0.259E+00 7.349E-02  1.339E+00 -2.282E-01
#  9.000E+00 1.303E-05 8.022E-07 1.223E-05 6.157E-02 0.260E+00 6.034E-02  1.363E+00 -1.936E-01
#  9.200E+00 1.206E-05 6.830E-07 1.137E-05 5.664E-02 0.255E+00 5.584E-02  1.344E+00 -1.826E-01
#  9.500E+00 1.425E-05 6.952E-07 1.356E-05 4.878E-02 0.242E+00 6.601E-02  1.354E+00 -2.273E-01
#  9.800E+00 1.269E-05 7.515E-07 1.194E-05 5.920E-02 0.242E+00 5.879E-02  1.406E+00 -2.118E-01
#  1.000E+01 9.329E-06 6.287E-07 8.700E-06 6.739E-02 0.246E+00 4.320E-02  1.392E+00 -1.556E-01
#  1.060E+01 7.890E-06 3.637E-07 7.527E-06 4.610E-02 0.229E+00 3.654E-02  1.319E+00 -1.381E-01
#  1.100E+01 1.077E-05 3.121E-07 1.046E-05 2.897E-02 0.210E+00 4.989E-02  1.287E+00 -1.974E-01
#  1.150E+01 1.037E-05 3.233E-07 1.004E-05 3.119E-02 0.204E+00 4.801E-02  1.324E+00 -2.021E-01
#  1.250E+01 1.153E-05 2.322E-07 1.130E-05 2.015E-02 0.180E+00 5.339E-02  1.283E+00 -2.432E-01
#  1.300E+01 1.253E-05 2.300E-07 1.230E-05 1.836E-02 0.169E+00 5.802E-02  1.287E+00 -2.765E-01
#  1.400E+01 1.335E-05 2.319E-07 1.312E-05 1.737E-02 0.155E+00 6.183E-02  1.321E+00 -3.246E-01
#  1.480E+01 1.323E-05 2.212E-07 1.301E-05 1.672E-02 0.146E+00 6.126E-02  1.349E+00 -3.465E-01
#  1.500E+01 1.324E-05 2.170E-07 1.302E-05 1.639E-02 0.144E+00 6.130E-02  1.353E+00 -3.525E-01
#  1.640E+01 1.412E-05 2.096E-07 1.391E-05 1.484E-02 0.128E+00 6.538E-02  1.391E+00 -4.236E-01
#  1.720E+01 1.411E-05 2.309E-07 1.388E-05 1.637E-02 0.123E+00 6.533E-02  1.474E+00 -4.707E-01
#  1.800E+01 8.881E-06 1.861E-07 8.695E-06 2.095E-02 0.134E+00 4.113E-02  1.560E+00 -3.262E-01
#  1.850E+01 8.401E-06 1.711E-07 8.230E-06 2.037E-02 0.131E+00 3.891E-02  1.568E+00 -3.197E-01
#  2.000E+01 7.179E-06 1.264E-07 7.053E-06 1.761E-02 0.122E+00 3.325E-02  1.569E+00 -2.972E-01
#  2.130E+01 8.024E-06 1.083E-07 7.915E-06 1.350E-02 0.109E+00 3.716E-02  1.566E+00 -3.566E-01
#  2.250E+01 5.875E-06 8.743E-08 5.788E-06 1.488E-02 0.109E+00 2.721E-02  1.600E+00 -2.823E-01
#  2.500E+01 5.706E-06 6.631E-08 5.640E-06 1.162E-02 0.961E-01 2.643E-02  1.634E+00 -3.156E-01
#  2.790E+01 4.757E-06 4.414E-08 4.713E-06 9.280E-03 0.850E-01 2.203E-02  1.645E+00 -2.978E-01
#  3.000E+01 4.282E-06 3.336E-08 4.249E-06 7.791E-03 0.776E-01 1.983E-02  1.647E+00 -2.896E-01
#  3.500E+01 3.805E-06 1.792E-08 3.787E-06 4.711E-03 0.617E-01 1.762E-02  1.627E+00 -2.982E-01
#  4.000E+01 3.833E-06 1.103E-08 3.821E-06 2.878E-03 0.494E-01 1.775E-02  1.615E+00 -3.422E-01
#
# volume phase function [1/km]:
# -----------------------------
#
# sca.ang. | wavelengths --->
# ---------|------------------
#          | 2.500E-01 3.000E-01 3.500E-01 4.000E-01 4.500E-01 5.000E-01 5.500E-01 6.000E-01 6.500E-01 7.000E-01 7.500E-01 8.000E-01 9.000E-01 1.000E+00 1.250E+00 1.500E+00 1.750E+00 2.000E+00 2.500E+00 3.000E+00 3.200E+00 3.390E+00 3.500E+00 3.750E+00 4.000E+00 4.500E+00 5.000E+00 5.500E+00 6.000E+00 6.200E+00 6.500E+00 7.200E+00 7.900E+00 8.200E+00 8.500E+00 8.700E+00 9.000E+00 9.200E+00 9.500E+00 9.800E+00 1.000E+01 1.060E+01 1.100E+01 1.150E+01 1.250E+01 1.300E+01 1.400E+01 1.480E+01 1.500E+01 1.640E+01 1.720E+01 1.800E+01 1.850E+01 2.000E+01 2.130E+01 2.250E+01 2.500E+01 2.790E+01 3.000E+01 3.500E+01 4.000E+01
#
  0.000E+00  1.817E-03 1.367E-03 1.086E-03 8.899E-04 7.446E-04 6.354E-04 5.465E-04 4.738E-04 4.150E-04 3.655E-04 3.233E-04 2.878E-04 2.301E-04 1.859E-04 1.135E-04 7.270E-05 4.772E-05 3.204E-05 1.357E-05 6.868E-06 8.449E-06 7.086E-06 6.346E-06 4.895E-06 3.691E-06 2.281E-06 1.487E-06 8.859E-07 6.111E-07 7.836E-07 5.934E-07 2.810E-07 1.728E-07 1.728E-07 1.920E-07 2.075E-07 1.939E-07 1.636E-07 1.600E-07 1.713E-07 1.451E-07 8.133E-08 6.633E-08 6.713E-08 4.526E-08 4.351E-08 4.199E-08 3.899E-08 3.799E-08 3.504E-08 3.791E-08 3.112E-08 2.840E-08 2.048E-08 1.701E-08 1.369E-08 1.003E-08 6.494E-09 4.818E-09 2.490E-09 1.486E-09
  1.000E-01  1.815E-03 1.366E-03 1.085E-03 8.897E-04 7.444E-04 6.353E-04 5.464E-04 4.737E-04 4.150E-04 3.655E-04 3.233E-04 2.878E-04 2.300E-04 1.859E-04 1.135E-04 7.270E-05 4.772E-05 3.204E-05 1.357E-05 6.868E-06 8.449E-06 7.086E-06 6.346E-06 4.895E-06 3.691E-06 2.281E-06 1.487E-06 8.859E-07 6.111E-07 7.836E-07 5.934E-07 2.810E-07 1.728E-07 1.728E-07 1.920E-07 2.075E-07 1.939E-07 1.636E-07 1.600E-07 1.713E-07 1.451E-07 8.133E-08 6.633E-08 6.713E-08 4.526E-08 4.351E-08 4.199E-08 3.899E-08 3.799E-08 3.504E-08 3.791E-08 3.112E-08 2.840E-08 2.048E-08 1.701E-08 1.369E-08 1.003E-08 6.494E-09 4.818E-09 2.490E-09 1.486E-09
  2.000E-01  1.811E-03 1.364E-03 1.084E-03 8.890E-04 7.440E-04 6.350E-04 5.462E-04 4.736E-04 4.149E-04 3.654E-04 3.232E-04 2.878E-04 2.300E-04 1.859E-04 1.135E-04 7.269E-05 4.772E-05 3.204E-05 1.357E-05 6.868E-06 8.449E-06 7.086E-06 6.346E-06 4.895E-06 3.691E-06 2.281E-06 1.487E-06 8.859E-07 6.111E-07 7.836E-07 5.934E-07 2.810E-07 1.728E-07 1.728E-07 1.920E-07 2.075E-07 1.939E-07 1.636E-07 1.600E-07 1.713E-07 1.451E-07 8.133E-08 6.633E-08 6.713E-08 4.526E-08 4.351E-08 4.199E-08 3.899E-08 3.799E-08 3.504E-08 3.791E-08 3.112E-08 2.840E-08 2.048E-08 1.701E-08 1.369E-08 1.003E-08 6.494E-09 4.818E-09 2.490E-09 1.486E-09
  3.000E-01  1.805E-03 1.361E-03 1.082E-03 8.879E-04 7.432E-04 6.345E-04 5.458E-04 4.733E-04 4.147E-04 3.652E-04 3.231E-04 2.877E-04 2.299E-04 1.858E-04 1.135E-04 7.268E-05 4.771E-05 3.203E-05 1.357E-05 6.867E-06 8.448E-06 7.085E-06 6.345E-06 4.894E-06 3.691E-06 2.281E-06 1.487E-06 8.859E-07 6.111E-07 7.836E-07 5.934E-07 2.810E-07 1.728E-07 1.728E-07 1.919E-07 2.075E-07 1.939E-07 1.636E-07 1.600E-07 1.713E-07 1.451E-07 8.132E-08 6.633E-08 6.712E-08 4.525E-08 4.351E-08 4.198E-08 3.899E-08 3.799E-08 3.504E-08 3.791E-08 3.112E-08 2.840E-08 2.048E-08 1.701E-08 1.369E-08 1.003E-08 6.493E-09 4.818E-09 2.490E-09 1.486E-09
  4.000E-01  1.796E-03 1.356E-03 1.080E-03 8.863E-04 7.422E-04 6.338E-04 5.453E-04 4.729E-04 4.144E-04 3.650E-04 3.229E-04 2.875E-04 2.299E-04 1.858E-04 1.135E-04 7.267E-05 4.770E-05 3.203E-05 1.357E-05 6.867E-06 8.447E-06 7.085E-06 6.345E-06 4.894E-06 3.691E-06 2.281E-06 1.487E-06 8.858E-07 6.110E-07 7.836E-07 5.934E-07 2.810E-07 1.728E-07 1.728E-07 1.919E-07 2.075E-07 1.939E-07 1.636E-07 1.600E-07 1.713E-07 1.451E-07 8.132E-08 6.633E-08 6.712E-08 4.525E-08 4.351E-08 4.198E-08 3.899E-08 3.799E-08 3.504E-08 3.791E-08 3.112E-08 2.840E-08 2.048E-08 1.701E-08 1.369E-08 1.003E-08 6.493E-09 4.818E-09 2.490E-09 1.486E-09
  5.000E-01  1.785E-03 1.350E-03 1.077E-03 8.843E-04 7.409E-04 6.329E-04 5.447E-04 4.725E-04 4.141E-04 3.647E-04 3.227E-04 2.874E-04 2.297E-04 1.857E-04 1.134E-04 7.265E-05 4.769E-05 3.202E-05 1.357E-05 6.866E-06 8.447E-06 7.084E-06 6.344E-06 4.894E-06 3.690E-06 2.281E-06 1.487E-06 8.858E-07 6.110E-07 7.835E-07 5.934E-07 2.810E-07 1.728E-07 1.728E-07 1.919E-07 2.075E-07 1.939E-07 1.636E-07 1.600E-07 1.713E-07 1.451E-07 8.132E-08 6.633E-08 6.712E-08 4.525E-08 4.350E-08 4.198E-08 3.899E-08 3.799E-08 3.503E-08 3.791E-08 3.112E-08 2.839E-08 2.048E-08 1.701E-08 1.369E-08 1.003E-08 6.493E-09 4.818E-09 2.490E-09 1.486E-09
  6.000E-01  1.772E-03 1.344E-03 1.073E-03 8.819E-04 7.393E-04 6.318E-04 5.439E-04 4.719E-04 4.136E-04 3.644E-04 3.225E-04 2.872E-04 2.296E-04 1.856E-04 1.134E-04 7.263E-05 4.768E-05 3.201E-05 1.356E-05 6.865E-06 8.446E-06 7.083E-06 6.344E-06 4.893E-06 3.690E-06 2.281E-06 1.487E-06 8.857E-07 6.110E-07 7.835E-07 5.933E-07 2.810E-07 1.728E-07 1.728E-07 1.919E-07 2.075E-07 1.939E-07 1.636E-07 1.600E-07 1.713E-07 1.450E-07 8.132E-08 6.632E-08 6.712E-08 4.525E-08 4.350E-08 4.198E-08 3.899E-08 3.799E-08 3.503E-08 3.790E-08 3.112E-08 2.839E-08 2.048E-08 1.701E-08 1.369E-08 1.003E-08 6.493E-09 4.818E-09 2.490E-09 1.486E-09
  7.000E-01  1.757E-03 1.336E-03 1.068E-03 8.791E-04 7.375E-04 6.305E-04 5.430E-04 4.713E-04 4.131E-04 3.640E-04 3.222E-04 2.869E-04 2.294E-04 1.855E-04 1.134E-04 7.260E-05 4.767E-05 3.200E-05 1.356E-05 6.864E-06 8.444E-06 7.082E-06 6.343E-06 4.892E-06 3.689E-06 2.280E-06 1.487E-06 8.856E-07 6.109E-07 7.834E-07 5.933E-07 2.810E-07 1.728E-07 1.728E-07 1.919E-07 2.075E-07 1.939E-07 1.636E-07 1.600E-07 1.713E-07 1.450E-07 8.131E-08 6.632E-08 6.712E-08 4.525E-08 4.350E-08 4.198E-08 3.898E-08 3.799E-08 3.503E-08 3.790E-08 3.112E-08 2.839E-08 2.048E-08 1.701E-08 1.369E-08 1.003E-08 6.493E-09 4.818E-09 2.490E-09 1.486E-09
  8.000E-01  1.741E-03 1.327E-03 1.063E-03 8.760E-04 7.354E-04 6.291E-04 5.420E-04 4.705E-04 4.126E-04 3.636E-04 3.218E-04 2.866E-04 2.293E-04 1.853E-04 1.133E-04 7.257E-05 4.765E-05 3.199E-05 1.356E-05 6.862E-06 8.443E-06 7.081E-06 6.342E-06 4.892E-06 3.689E-06 2.280E-06 1.486E-06 8.855E-07 6.109E-07 7.833E-07 5.932E-07 2.809E-07 1.728E-07 1.727E-07 1.919E-07 2.074E-07 1.939E-07 1.636E-07 1.600E-07 1.713E-07 1.450E-07 8.131E-08 6.632E-08 6.711E-08 4.525E-08 4.350E-08 4.198E-08 3.898E-08 3.798E-08 3.503E-08 3.790E-08 3.112E-08 2.839E-08 2.048E-08 1.701E-08 1.369E-08 1.003E-08 6.493E-09 4.818E-09 2.489E-09 1.486E-09
  9.000E-01  1.723E-03 1.318E-03 1.058E-03 8.725E-04 7.331E-04 6.275E-04 5.409E-04 4.697E-04 4.119E-04 3.631E-04 3.214E-04 2.863E-04 2.290E-04 1.852E-04 1.132E-04 7.254E-05 4.763E-05 3.198E-05 1.355E-05 6.861E-06 8.441E-06 7.080E-06 6.340E-06 4.891E-06 3.688E-06 2.280E-06 1.486E-06 8.854E-07 6.108E-07 7.833E-07 5.932E-07 2.809E-07 1.727E-07 1.727E-07 1.919E-07 2.074E-07 1.939E-07 1.635E-07 1.600E-07 1.713E-07 1.450E-07 8.130E-08 6.631E-08 6.711E-08 4.525E-08 4.350E-08 4.198E-08 3.898E-08 3.798E-08 3.503E-08 3.790E-08 3.112E-08 2.839E-08 2.048E-08 1.701E-08 1.368E-08 1.003E-08 6.493E-09 4.817E-09 2.489E-09 1.486E-09
  1.000E+00  1.704E-03 1.307E-03 1.051E-03 8.686E-04 7.305E-04 6.257E-04 5.396E-04 4.687E-04 4.112E-04 3.625E-04 3.210E-04 2.860E-04 2.288E-04 1.850E-04 1.132E-04 7.250E-05 4.761E-05 3.197E-05 1.355E-05 6.859E-06 8.440E-06 7.078E-06 6.339E-06 4.890E-06 3.687E-06 2.279E-06 1.486E-06 8.853E-07 6.107E-07 7.832E-07 5.931E-07 2.809E-07 1.727E-07 1.727E-07 1.919E-07 2.074E-07 1.938E-07 1.635E-07 1.600E-07 1.713E-07 1.450E-07 8.130E-08 6.631E-08 6.710E-08 4.524E-08 4.349E-08 4.197E-08 3.898E-08 3.798E-08 3.503E-08 3.790E-08 3.112E-08 2.839E-08 2.048E-08 1.701E-08 1.368E-08 1.003E-08 6.492E-09 4.817E-09 2.489E-09 1.486E-09
  1.100E+00  1.684E-03 1.296E-03 1.045E-03 8.645E-04 7.278E-04 6.238E-04 5.382E-04 4.677E-04 4.104E-04 3.619E-04 3.205E-04 2.856E-04 2.286E-04 1.849E-04 1.131E-04 7.245E-05 4.758E-05 3.195E-05 1.354E-05 6.858E-06 8.438E-06 7.077E-06 6.338E-06 4.889E-06 3.687E-06 2.279E-06 1.486E-06 8.851E-07 6.106E-07 7.831E-07 5.930E-07 2.808E-07 1.727E-07 1.727E-07 1.919E-07 2.074E-07 1.938E-07 1.635E-07 1.599E-07 1.712E-07 1.450E-07 8.129E-08 6.631E-08 6.710E-08 4.524E-08 4.349E-08 4.197E-08 3.898E-08 3.798E-08 3.503E-08 3.790E-08 3.112E-08 2.839E-08 2.048E-08 1.701E-08 1.368E-08 1.003E-08 6.492E-09 4.817E-09 2.489E-09 1.486E-09
  1.200E+00  1.663E-03 1.285E-03 1.038E-03 8.601E-04 7.248E-04 6.218E-04 5.368E-04 4.666E-04 4.096E-04 3.613E-04 3.200E-04 2.852E-04 2.283E-04 1.847E-04 1.130E-04 7.241E-05 4.756E-05 3.194E-05 1.353E-05 6.856E-06 8.436E-06 7.075E-06 6.336E-06 4.888E-06 3.686E-06 2.278E-06 1.485E-06 8.850E-07 6.105E-07 7.830E-07 5.929E-07 2.808E-07 1.727E-07 1.727E-07 1.918E-07 2.074E-07 1.938E-07 1.635E-07 1.599E-07 1.712E-07 1.450E-07 8.129E-08 6.630E-08 6.710E-08 4.524E-08 4.349E-08 4.197E-08 3.897E-08 3.798E-08 3.503E-08 3.790E-08 3.111E-08 2.839E-08 2.048E-08 1.701E-08 1.368E-08 1.003E-08 6.492E-09 4.817E-09 2.489E-09 1.486E-09
  1.300E+00  1.641E-03 1.273E-03 1.031E-03 8.554E-04 7.217E-04 6.196E-04 5.352E-04 4.654E-04 4.087E-04 3.606E-04 3.194E-04 2.847E-04 2.280E-04 1.844E-04 1.129E-04 7.236E-05 4.753E-05 3.192E-05 1.353E-05 6.853E-06 8.433E-06 7.073E-06 6.335E-06 4.886E-06 3.685E-06 2.278E-06 1.485E-06 8.848E-07 6.104E-07 7.828E-07 5.928E-07 2.808E-07 1.727E-07 1.727E-07 1.918E-07 2.074E-07 1.938E-07 1.635E-07 1.599E-07 1.712E-07 1.450E-07 8.128E-08 6.630E-08 6.709E-08 4.523E-08 4.349E-08 4.197E-08 3.897E-08 3.798E-08 3.502E-08 3.789E-08 3.111E-08 2.839E-08 2.048E-08 1.700E-08 1.368E-08 1.003E-08 6.492E-09 4.817E-09 2.489E-09 1.486E-09
  1.400E+00  1.619E-03 1.260E-03 1.023E-03 8.505E-04 7.183E-04 6.172E-04 5.335E-04 4.642E-04 4.077E-04 3.598E-04 3.189E-04 2.843E-04 2.277E-04 1.842E-04 1.128E-04 7.230E-05 4.750E-05 3.190E-05 1.352E-05 6.851E-06 8.431E-06 7.071E-06 6.333E-06 4.885E-06 3.684E-06 2.277E-06 1.485E-06 8.846E-07 6.103E-07 7.827E-07 5.927E-07 2.807E-07 1.727E-07 1.726E-07 1.918E-07 2.073E-07 1.938E-07 1.635E-07 1.599E-07 1.712E-07 1.450E-07 8.127E-08 6.629E-08 6.708E-08 4.523E-08 4.348E-08 4.196E-08 3.897E-08 3.797E-08 3.502E-08 3.789E-08 3.111E-08 2.838E-08 2.047E-08 1.700E-08 1.368E-08 1.003E-08 6.491E-09 4.816E-09 2.489E-09 1.486E-09
  1.500E+00  1.596E-03 1.247E-03 1.015E-03 8.454E-04 7.148E-04 6.148E-04 5.317E-04 4.628E-04 4.067E-04 3.590E-04 3.182E-04 2.837E-04 2.273E-04 1.840E-04 1.127E-04 7.224E-05 4.746E-05 3.188E-05 1.351E-05 6.849E-06 8.428E-06 7.069E-06 6.331E-06 4.884E-06 3.683E-06 2.277E-06 1.484E-06 8.844E-07 6.102E-07 7.826E-07 5.926E-07 2.807E-07 1.726E-07 1.726E-07 1.918E-07 2.073E-07 1.938E-07 1.634E-07 1.599E-07 1.712E-07 1.449E-07 8.126E-08 6.628E-08 6.708E-08 4.523E-08 4.348E-08 4.196E-08 3.897E-08 3.797E-08 3.502E-08 3.789E-08 3.111E-08 2.838E-08 2.047E-08 1.700E-08 1.368E-08 1.003E-08 6.491E-09 4.816E-09 2.489E-09 1.486E-09
  1.600E+00  1.573E-03 1.234E-03 1.007E-03 8.401E-04 7.112E-04 6.122E-04 5.298E-04 4.614E-04 4.056E-04 3.582E-04 3.176E-04 2.832E-04 2.269E-04 1.837E-04 1.126E-04 7.218E-05 4.743E-05 3.186E-05 1.351E-05 6.846E-06 8.425E-06 7.066E-06 6.329E-06 4.882E-06 3.682E-06 2.276E-06 1.484E-06 8.842E-07 6.101E-07 7.824E-07 5.925E-07 2.806E-07 1.726E-07 1.726E-07 1.918E-07 2.073E-07 1.937E-07 1.634E-07 1.599E-07 1.712E-07 1.449E-07 8.125E-08 6.628E-08 6.707E-08 4.522E-08 4.348E-08 4.196E-08 3.896E-08 3.797E-08 3.502E-08 3.789E-08 3.111E-08 2.838E-08 2.047E-08 1.700E-08 1.368E-08 1.003E-08 6.490E-09 4.816E-09 2.489E-09 1.486E-09
  1.700E+00  1.550E-03 1.220E-03 9.984E-04 8.345E-04 7.074E-04 6.095E-04 5.279E-04 4.600E-04 4.045E-04 3.573E-04 3.169E-04 2.826E-04 2.266E-04 1.835E-04 1.124E-04 7.212E-05 4.739E-05 3.184E-05 1.350E-05 6.843E-06 8.422E-06 7.064E-06 6.326E-06 4.880E-06 3.681E-06 2.275E-06 1.484E-06 8.840E-07 6.100E-07 7.823E-07 5.924E-07 2.806E-07 1.726E-07 1.726E-07 1.917E-07 2.073E-07 1.937E-07 1.634E-07 1.598E-07 1.711E-07 1.449E-07 8.124E-08 6.627E-08 6.706E-08 4.522E-08 4.347E-08 4.195E-08 3.896E-08 3.796E-08 3.501E-08 3.788E-08 3.110E-08 2.838E-08 2.047E-08 1.700E-08 1.368E-08 1.003E-08 6.490E-09 4.816E-09 2.488E-09 1.485E-09
  1.800E+00  1.526E-03 1.207E-03 9.898E-04 8.288E-04 7.035E-04 6.067E-04 5.258E-04 4.584E-04 4.033E-04 3.564E-04 3.161E-04 2.820E-04 2.261E-04 1.832E-04 1.123E-04 7.205E-05 4.735E-05 3.182E-05 1.349E-05 6.840E-06 8.419E-06 7.061E-06 6.324E-06 4.879E-06 3.679E-06 2.275E-06 1.483E-06 8.838E-07 6.098E-07 7.821E-07 5.923E-07 2.805E-07 1.725E-07 1.726E-07 1.917E-07 2.072E-07 1.937E-07 1.634E-07 1.598E-07 1.711E-07 1.449E-07 8.123E-08 6.626E-08 6.706E-08 4.521E-08 4.347E-08 4.195E-08 3.896E-08 3.796E-08 3.501E-08 3.788E-08 3.110E-08 2.838E-08 2.047E-08 1.700E-08 1.368E-08 1.003E-08 6.490E-09 4.815E-09 2.488E-09 1.485E-09
  1.900E+00  1.502E-03 1.192E-03 9.809E-04 8.230E-04 6.994E-04 6.038E-04 5.237E-04 4.568E-04 4.021E-04 3.554E-04 3.153E-04 2.814E-04 2.257E-04 1.829E-04 1.122E-04 7.197E-05 4.731E-05 3.179E-05 1.348E-05 6.837E-06 8.416E-06 7.058E-06 6.322E-06 4.877E-06 3.678E-06 2.274E-06 1.483E-06 8.835E-07 6.097E-07 7.820E-07 5.922E-07 2.805E-07 1.725E-07 1.725E-07 1.917E-07 2.072E-07 1.937E-07 1.634E-07 1.598E-07 1.711E-07 1.449E-07 8.122E-08 6.625E-08 6.705E-08 4.521E-08 4.346E-08 4.195E-08 3.895E-08 3.796E-08 3.501E-08 3.788E-08 3.110E-08 2.837E-08 2.047E-08 1.700E-08 1.368E-08 1.002E-08 6.489E-09 4.815E-09 2.488E-09 1.485E-09
  2.000E+00  1.478E-03 1.178E-03 9.719E-04 8.170E-04 6.953E-04 6.008E-04 5.215E-04 4.552E-04 4.008E-04 3.544E-04 3.145E-04 2.807E-04 2.253E-04 1.826E-04 1.120E-04 7.189E-05 4.727E-05 3.177E-05 1.347E-05 6.834E-06 8.412E-06 7.055E-06 6.319E-06 4.875E-06 3.677E-06 2.273E-06 1.482E-06 8.833E-07 6.096E-07 7.818E-07 5.920E-07 2.804E-07 1.725E-07 1.725E-07 1.916E-07 2.072E-07 1.936E-07 1.633E-07 1.598E-07 1.711E-07 1.449E-07 8.121E-08 6.624E-08 6.704E-08 4.520E-08 4.346E-08 4.194E-08 3.895E-08 3.795E-08 3.500E-08 3.787E-08 3.110E-08 2.837E-08 2.047E-08 1.700E-08 1.368E-08 1.002E-08 6.489E-09 4.815E-09 2.488E-09 1.485E-09
  3.000E+00  1.246E-03 1.034E-03 8.770E-04 7.523E-04 6.493E-04 5.671E-04 4.963E-04 4.360E-04 3.857E-04 3.425E-04 3.050E-04 2.729E-04 2.199E-04 1.787E-04 1.102E-04 7.092E-05 4.671E-05 3.143E-05 1.334E-05 6.791E-06 8.366E-06 7.018E-06 6.286E-06 4.850E-06 3.659E-06 2.263E-06 1.476E-06 8.800E-07 6.076E-07 7.795E-07 5.903E-07 2.796E-07 1.721E-07 1.721E-07 1.912E-07 2.068E-07 1.932E-07 1.630E-07 1.595E-07 1.708E-07 1.446E-07 8.107E-08 6.613E-08 6.693E-08 4.514E-08 4.340E-08 4.189E-08 3.890E-08 3.791E-08 3.496E-08 3.783E-08 3.106E-08 2.834E-08 2.044E-08 1.698E-08 1.366E-08 1.001E-08 6.483E-09 4.810E-09 2.486E-09 1.484E-09
  4.000E+00  1.042E-03 8.985E-04 7.827E-04 6.849E-04 5.998E-04 5.295E-04 4.675E-04 4.136E-04 3.678E-04 3.280E-04 2.933E-04 2.631E-04 2.130E-04 1.738E-04 1.078E-04 6.963E-05 4.597E-05 3.099E-05 1.317E-05 6.733E-06 8.304E-06 6.966E-06 6.240E-06 4.816E-06 3.634E-06 2.249E-06 1.468E-06 8.755E-07 6.050E-07 7.763E-07 5.878E-07 2.785E-07 1.715E-07 1.716E-07 1.907E-07 2.062E-07 1.927E-07 1.626E-07 1.591E-07 1.704E-07 1.442E-07 8.087E-08 6.598E-08 6.679E-08 4.504E-08 4.331E-08 4.181E-08 3.883E-08 3.784E-08 3.491E-08 3.777E-08 3.101E-08 2.830E-08 2.041E-08 1.696E-08 1.364E-08 1.000E-08 6.474E-09 4.804E-09 2.483E-09 1.482E-09
  5.000E+00  8.713E-04 7.791E-04 6.956E-04 6.200E-04 5.508E-04 4.910E-04 4.373E-04 3.897E-04 3.485E-04 3.122E-04 2.802E-04 2.521E-04 2.051E-04 1.681E-04 1.049E-04 6.807E-05 4.506E-05 3.043E-05 1.296E-05 6.661E-06 8.225E-06 6.900E-06 6.182E-06 4.773E-06 3.603E-06 2.232E-06 1.458E-06 8.697E-07 6.016E-07 7.723E-07 5.847E-07 2.771E-07 1.708E-07 1.709E-07 1.900E-07 2.055E-07 1.920E-07 1.620E-07 1.586E-07 1.698E-07 1.438E-07 8.061E-08 6.578E-08 6.660E-08 4.493E-08 4.320E-08 4.171E-08 3.875E-08 3.776E-08 3.484E-08 3.770E-08 3.095E-08 2.824E-08 2.037E-08 1.692E-08 1.362E-08 9.983E-09 6.463E-09 4.796E-09 2.479E-09 1.480E-09
  6.000E+00  7.322E-04 6.767E-04 6.179E-04 5.600E-04 5.041E-04 4.535E-04 4.072E-04 3.655E-04 3.285E-04 2.956E-04 2.663E-04 2.403E-04 1.966E-04 1.618E-04 1.017E-04 6.628E-05 4.401E-05 2.979E-05 1.271E-05 6.575E-06 8.131E-06 6.822E-06 6.113E-06 4.722E-06 3.565E-06 2.211E-06 1.445E-06 8.628E-07 5.975E-07 7.674E-07 5.809E-07 2.754E-07 1.699E-07 1.701E-07 1.891E-07 2.046E-07 1.912E-07 1.613E-07 1.579E-07 1.692E-07 1.432E-07 8.030E-08 6.554E-08 6.636E-08 4.478E-08 4.307E-08 4.159E-08 3.864E-08 3.765E-08 3.475E-08 3.761E-08 3.088E-08 2.817E-08 2.033E-08 1.689E-08 1.359E-08 9.962E-09 6.450E-09 4.787E-09 2.474E-09 1.477E-09
  8.000E+00  5.298E-04 5.167E-04 4.902E-04 4.567E-04 4.207E-04 3.845E-04 3.503E-04 3.184E-04 2.890E-04 2.623E-04 2.380E-04 2.160E-04 1.785E-04 1.481E-04 9.453E-05 6.219E-05 4.157E-05 2.829E-05 1.213E-05 6.369E-06 7.904E-06 6.633E-06 5.946E-06 4.596E-06 3.474E-06 2.159E-06 1.414E-06 8.457E-07 5.874E-07 7.553E-07 5.716E-07 2.713E-07 1.677E-07 1.680E-07 1.870E-07 2.023E-07 1.892E-07 1.596E-07 1.563E-07 1.675E-07 1.418E-07 7.952E-08 6.494E-08 6.578E-08 4.442E-08 4.274E-08 4.129E-08 3.837E-08 3.740E-08 3.453E-08 3.737E-08 3.069E-08 2.800E-08 2.021E-08 1.679E-08 1.351E-08 9.909E-09 6.417E-09 4.762E-09 2.462E-09 1.470E-09
  1.000E+01  3.978E-04 4.025E-04 3.934E-04 3.743E-04 3.509E-04 3.253E-04 2.998E-04 2.753E-04 2.520E-04 2.304E-04 2.104E-04 1.921E-04 1.603E-04 1.341E-04 8.678E-05 5.768E-05 3.884E-05 2.658E-05 1.146E-05 6.127E-06 7.633E-06 6.407E-06 5.745E-06 4.446E-06 3.364E-06 2.097E-06 1.377E-06 8.249E-07 5.750E-07 7.404E-07 5.601E-07 2.661E-07 1.650E-07 1.655E-07 1.844E-07 1.996E-07 1.866E-07 1.575E-07 1.543E-07 1.655E-07 1.400E-07 7.854E-08 6.419E-08 6.505E-08 4.396E-08 4.231E-08 4.091E-08 3.803E-08 3.707E-08 3.424E-08 3.708E-08 3.044E-08 2.778E-08 2.006E-08 1.667E-08 1.341E-08 9.841E-09 6.374E-09 4.731E-09 2.447E-09 1.461E-09
  1.200E+01  3.083E-04 3.200E-04 3.195E-04 3.089E-04 2.934E-04 2.752E-04 2.560E-04 2.370E-04 2.185E-04 2.010E-04 1.847E-04 1.695E-04 1.427E-04 1.202E-04 7.892E-05 5.300E-05 3.596E-05 2.475E-05 1.073E-05 5.859E-06 7.329E-06 6.151E-06 5.518E-06 4.275E-06 3.239E-06 2.026E-06 1.333E-06 8.010E-07 5.606E-07 7.229E-07 5.467E-07 2.601E-07 1.618E-07 1.625E-07 1.812E-07 1.963E-07 1.836E-07 1.549E-07 1.520E-07 1.630E-07 1.379E-07 7.737E-08 6.329E-08 6.418E-08 4.341E-08 4.181E-08 4.045E-08 3.763E-08 3.668E-08 3.390E-08 3.672E-08 3.015E-08 2.752E-08 1.987E-08 1.652E-08 1.330E-08 9.758E-09 6.322E-09 4.694E-09 2.428E-09 1.450E-09
  1.400E+01  2.451E-04 2.589E-04 2.623E-04 2.566E-04 2.461E-04 2.330E-04 2.184E-04 2.035E-04 1.888E-04 1.747E-04 1.613E-04 1.487E-04 1.262E-04 1.071E-04 7.123E-05 4.834E-05 3.303E-05 2.288E-05 9.981E-06 5.573E-06 7.000E-06 5.875E-06 5.273E-06 4.091E-06 3.104E-06 1.948E-06 1.286E-06 7.745E-07 5.445E-07 7.034E-07 5.317E-07 2.534E-07 1.581E-07 1.591E-07 1.776E-07 1.925E-07 1.801E-07 1.520E-07 1.493E-07 1.602E-07 1.355E-07 7.603E-08 6.225E-08 6.317E-08 4.278E-08 4.122E-08 3.992E-08 3.715E-08 3.622E-08 3.351E-08 3.631E-08 2.981E-08 2.721E-08 1.966E-08 1.635E-08 1.316E-08 9.662E-09 6.262E-09 4.650E-09 2.406E-09 1.438E-09
  1.600E+01  1.987E-04 2.126E-04 2.173E-04 2.145E-04 2.073E-04 1.975E-04 1.863E-04 1.746E-04 1.628E-04 1.514E-04 1.404E-04 1.299E-04 1.111E-04 9.485E-05 6.391E-05 4.381E-05 3.016E-05 2.103E-05 9.230E-06 5.277E-06 6.656E-06 5.586E-06 5.015E-06 3.896E-06 2.960E-06 1.865E-06 1.235E-06 7.461E-07 5.272E-07 6.821E-07 5.154E-07 2.461E-07 1.542E-07 1.553E-07 1.737E-07 1.883E-07 1.763E-07 1.488E-07 1.463E-07 1.570E-07 1.328E-07 7.454E-08 6.110E-08 6.204E-08 4.207E-08 4.057E-08 3.933E-08 3.662E-08 3.570E-08 3.306E-08 3.584E-08 2.943E-08 2.687E-08 1.941E-08 1.615E-08 1.300E-08 9.552E-09 6.193E-09 4.600E-09 2.381E-09 1.423E-09
  1.800E+01  1.636E-04 1.768E-04 1.814E-04 1.802E-04 1.752E-04 1.676E-04 1.589E-04 1.496E-04 1.402E-04 1.309E-04 1.218E-04 1.131E-04 9.744E-05 8.367E-05 5.707E-05 3.950E-05 2.740E-05 1.923E-05 8.496E-06 4.978E-06 6.304E-06 5.289E-06 4.751E-06 3.695E-06 2.813E-06 1.779E-06 1.182E-06 7.164E-07 5.087E-07 6.595E-07 4.981E-07 2.382E-07 1.499E-07 1.513E-07 1.694E-07 1.838E-07 1.721E-07 1.453E-07 1.430E-07 1.536E-07 1.298E-07 7.291E-08 5.983E-08 6.081E-08 4.129E-08 3.984E-08 3.867E-08 3.603E-08 3.513E-08 3.256E-08 3.532E-08 2.900E-08 2.648E-08 1.914E-08 1.593E-08 1.283E-08 9.430E-09 6.116E-09 4.544E-09 2.353E-09 1.407E-09
  2.000E+01  1.368E-04 1.483E-04 1.526E-04 1.521E-04 1.484E-04 1.425E-04 1.356E-04 1.283E-04 1.206E-04 1.131E-04 1.056E-04 9.833E-05 8.521E-05 7.358E-05 5.077E-05 3.549E-05 2.480E-05 1.751E-05 7.791E-06 4.680E-06 5.950E-06 4.990E-06 4.484E-06 3.493E-06 2.663E-06 1.692E-06 1.128E-06 6.857E-07 4.896E-07 6.358E-07 4.800E-07 2.301E-07 1.454E-07 1.470E-07 1.648E-07 1.790E-07 1.676E-07 1.415E-07 1.395E-07 1.499E-07 1.267E-07 7.117E-08 5.848E-08 5.948E-08 4.045E-08 3.906E-08 3.795E-08 3.539E-08 3.451E-08 3.202E-08 3.476E-08 2.853E-08 2.606E-08 1.885E-08 1.570E-08 1.264E-08 9.296E-09 6.032E-09 4.483E-09 2.323E-09 1.389E-09
  2.200E+01  1.162E-04 1.254E-04 1.291E-04 1.288E-04 1.259E-04 1.213E-04 1.159E-04 1.099E-04 1.037E-04 9.754E-05 9.135E-05 8.534E-05 7.438E-05 6.456E-05 4.504E-05 3.178E-05 2.237E-05 1.589E-05 7.122E-06 4.387E-06 5.598E-06 4.694E-06 4.220E-06 3.292E-06 2.514E-06 1.604E-06 1.073E-06 6.546E-07 4.700E-07 6.114E-07 4.613E-07 2.216E-07 1.406E-07 1.425E-07 1.600E-07 1.739E-07 1.629E-07 1.376E-07 1.358E-07 1.460E-07 1.233E-07 6.932E-08 5.704E-08 5.807E-08 3.955E-08 3.822E-08 3.719E-08 3.470E-08 3.385E-08 3.144E-08 3.414E-08 2.803E-08 2.561E-08 1.853E-08 1.544E-08 1.244E-08 9.152E-09 5.941E-09 4.416E-09 2.290E-09 1.370E-09
  2.400E+01  9.952E-05 1.068E-04 1.097E-04 1.095E-04 1.072E-04 1.035E-04 9.909E-05 9.424E-05 8.917E-05 8.412E-05 7.899E-05 7.401E-05 6.485E-05 5.656E-05 3.987E-05 2.839E-05 2.013E-05 1.439E-05 6.496E-06 4.103E-06 5.254E-06 4.403E-06 3.960E-06 3.094E-06 2.367E-06 1.516E-06 1.019E-06 6.234E-07 4.501E-07 5.866E-07 4.424E-07 2.130E-07 1.358E-07 1.378E-07 1.550E-07 1.686E-07 1.581E-07 1.335E-07 1.319E-07 1.420E-07 1.198E-07 6.740E-08 5.553E-08 5.658E-08 3.860E-08 3.734E-08 3.637E-08 3.397E-08 3.314E-08 3.082E-08 3.349E-08 2.750E-08 2.512E-08 1.819E-08 1.516E-08 1.222E-08 8.996E-09 5.844E-09 4.345E-09 2.254E-09 1.349E-09
  2.600E+01  8.563E-05 9.152E-05 9.352E-05 9.337E-05 9.141E-05 8.851E-05 8.486E-05 8.086E-05 7.671E-05 7.256E-05 6.830E-05 6.416E-05 5.650E-05 4.950E-05 3.525E-05 2.532E-05 1.808E-05 1.301E-05 5.914E-06 3.830E-06 4.919E-06 4.121E-06 3.707E-06 2.901E-06 2.223E-06 1.431E-06 9.647E-07 5.923E-07 4.301E-07 5.616E-07 4.233E-07 2.043E-07 1.309E-07 1.331E-07 1.499E-07 1.632E-07 1.530E-07 1.293E-07 1.279E-07 1.377E-07 1.162E-07 6.540E-08 5.396E-08 5.504E-08 3.762E-08 3.642E-08 3.552E-08 3.320E-08 3.240E-08 3.017E-08 3.281E-08 2.693E-08 2.461E-08 1.783E-08 1.487E-08 1.198E-08 8.832E-09 5.740E-09 4.270E-09 2.216E-09 1.328E-09
  2.800E+01  7.391E-05 7.875E-05 8.007E-05 7.987E-05 7.819E-05 7.577E-05 7.277E-05 6.946E-05 6.606E-05 6.263E-05 5.909E-05 5.562E-05 4.921E-05 4.330E-05 3.113E-05 2.256E-05 1.621E-05 1.174E-05 5.377E-06 3.568E-06 4.597E-06 3.849E-06 3.464E-06 2.714E-06 2.084E-06 1.347E-06 9.117E-07 5.618E-07 4.102E-07 5.365E-07 4.042E-07 1.956E-07 1.259E-07 1.282E-07 1.447E-07 1.577E-07 1.479E-07 1.250E-07 1.238E-07 1.334E-07 1.125E-07 6.336E-08 5.236E-08 5.345E-08 3.660E-08 3.546E-08 3.464E-08 3.240E-08 3.162E-08 2.949E-08 3.209E-08 2.634E-08 2.408E-08 1.745E-08 1.457E-08 1.174E-08 8.659E-09 5.631E-09 4.190E-09 2.177E-09 1.304E-09
  3.000E+01  6.403E-05 6.799E-05 6.880E-05 6.850E-05 6.704E-05 6.497E-05 6.250E-05 5.977E-05 5.695E-05 5.411E-05 5.115E-05 4.824E-05 4.287E-05 3.788E-05 2.749E-05 2.008E-05 1.453E-05 1.058E-05 4.883E-06 3.319E-06 4.288E-06 3.588E-06 3.231E-06 2.535E-06 1.950E-06 1.266E-06 8.601E-07 5.318E-07 3.906E-07 5.117E-07 3.853E-07 1.869E-07 1.209E-07 1.234E-07 1.394E-07 1.520E-07 1.427E-07 1.206E-07 1.196E-07 1.290E-07 1.088E-07 6.128E-08 5.071E-08 5.183E-08 3.555E-08 3.448E-08 3.373E-08 3.157E-08 3.082E-08 2.878E-08 3.134E-08 2.572E-08 2.352E-08 1.706E-08 1.425E-08 1.149E-08 8.479E-09 5.517E-09 4.107E-09 2.135E-09 1.280E-09
  3.200E+01  5.594E-05 5.883E-05 5.934E-05 5.889E-05 5.760E-05 5.583E-05 5.376E-05 5.151E-05 4.916E-05 4.680E-05 4.433E-05 4.188E-05 3.736E-05 3.314E-05 2.427E-05 1.787E-05 1.301E-05 9.532E-06 4.432E-06 3.084E-06 3.994E-06 3.340E-06 3.009E-06 2.365E-06 1.822E-06 1.188E-06 8.101E-07 5.027E-07 3.713E-07 4.872E-07 3.668E-07 1.784E-07 1.159E-07 1.185E-07 1.342E-07 1.464E-07 1.374E-07 1.162E-07 1.154E-07 1.246E-07 1.050E-07 5.918E-08 4.905E-08 5.018E-08 3.448E-08 3.347E-08 3.279E-08 3.073E-08 3.000E-08 2.806E-08 3.057E-08 2.509E-08 2.295E-08 1.665E-08 1.392E-08 1.122E-08 8.293E-09 5.399E-09 4.021E-09 2.092E-09 1.255E-09
  3.400E+01  4.924E-05 5.104E-05 5.135E-05 5.075E-05 4.960E-05 4.812E-05 4.635E-05 4.447E-05 4.249E-05 4.053E-05 3.845E-05 3.640E-05 3.260E-05 2.902E-05 2.143E-05 1.590E-05 1.165E-05 8.584E-06 4.021E-06 2.862E-06 3.715E-06 3.106E-06 2.799E-06 2.203E-06 1.701E-06 1.114E-06 7.621E-07 4.746E-07 3.524E-07 4.632E-07 3.485E-07 1.699E-07 1.110E-07 1.137E-07 1.289E-07 1.408E-07 1.322E-07 1.118E-07 1.112E-07 1.201E-07 1.012E-07 5.707E-08 4.738E-08 4.851E-08 3.340E-08 3.245E-08 3.184E-08 2.987E-08 2.917E-08 2.732E-08 2.978E-08 2.444E-08 2.236E-08 1.623E-08 1.358E-08 1.095E-08 8.100E-09 5.278E-09 3.932E-09 2.047E-09 1.229E-09
  3.600E+01  4.331E-05 4.449E-05 4.452E-05 4.388E-05 4.281E-05 4.159E-05 4.007E-05 3.846E-05 3.680E-05 3.516E-05 3.341E-05 3.169E-05 2.848E-05 2.544E-05 1.893E-05 1.415E-05 1.043E-05 7.729E-06 3.647E-06 2.654E-06 3.453E-06 2.884E-06 2.601E-06 2.049E-06 1.585E-06 1.043E-06 7.160E-07 4.475E-07 3.341E-07 4.398E-07 3.308E-07 1.617E-07 1.061E-07 1.089E-07 1.237E-07 1.352E-07 1.270E-07 1.074E-07 1.070E-07 1.156E-07 9.737E-08 5.496E-08 4.570E-08 4.684E-08 3.231E-08 3.143E-08 3.088E-08 2.899E-08 2.832E-08 2.656E-08 2.898E-08 2.378E-08 2.176E-08 1.581E-08 1.324E-08 1.068E-08 7.904E-09 5.153E-09 3.841E-09 2.001E-09 1.202E-09
  3.800E+01  3.808E-05 3.893E-05 3.869E-05 3.807E-05 3.707E-05 3.603E-05 3.472E-05 3.333E-05 3.194E-05 3.056E-05 2.908E-05 2.762E-05 2.491E-05 2.232E-05 1.674E-05 1.260E-05 9.346E-06 6.960E-06 3.307E-06 2.460E-06 3.205E-06 2.676E-06 2.414E-06 1.905E-06 1.476E-06 9.750E-07 6.720E-07 4.214E-07 3.164E-07 4.170E-07 3.136E-07 1.537E-07 1.013E-07 1.042E-07 1.185E-07 1.297E-07 1.218E-07 1.031E-07 1.028E-07 1.112E-07 9.359E-08 5.287E-08 4.403E-08 4.517E-08 3.122E-08 3.039E-08 2.992E-08 2.811E-08 2.746E-08 2.580E-08 2.817E-08 2.311E-08 2.115E-08 1.538E-08 1.289E-08 1.040E-08 7.703E-09 5.026E-09 3.748E-09 1.955E-09 1.175E-09
  4.000E+01  3.351E-05 3.412E-05 3.371E-05 3.312E-05 3.221E-05 3.126E-05 3.015E-05 2.897E-05 2.779E-05 2.662E-05 2.537E-05 2.412E-05 2.182E-05 1.961E-05 1.481E-05 1.123E-05 8.374E-06 6.269E-06 3.000E-06 2.278E-06 2.974E-06 2.482E-06 2.239E-06 1.770E-06 1.374E-06 9.111E-07 6.301E-07 3.965E-07 2.993E-07 3.950E-07 2.970E-07 1.460E-07 9.664E-08 9.959E-08 1.134E-07 1.242E-07 1.167E-07 9.879E-08 9.870E-08 1.068E-07 8.986E-08 5.079E-08 4.237E-08 4.351E-08 3.013E-08 2.937E-08 2.895E-08 2.722E-08 2.661E-08 2.503E-08 2.735E-08 2.244E-08 2.054E-08 1.494E-08 1.253E-08 1.011E-08 7.501E-09 4.898E-09 3.654E-09 1.907E-09 1.147E-09
  4.200E+01  2.964E-05 2.993E-05 2.951E-05 2.886E-05 2.806E-05 2.719E-05 2.623E-05 2.524E-05 2.423E-05 2.324E-05 2.217E-05 2.111E-05 1.915E-05 1.726E-05 1.313E-05 1.001E-05 7.508E-06 5.649E-06 2.722E-06 2.109E-06 2.757E-06 2.300E-06 2.076E-06 1.643E-06 1.278E-06 8.507E-07 5.904E-07 3.728E-07 2.829E-07 3.738E-07 2.809E-07 1.385E-07 9.210E-08 9.509E-08 1.085E-07 1.189E-07 1.118E-07 9.459E-08 9.465E-08 1.025E-07 8.618E-08 4.875E-08 4.073E-08 4.187E-08 2.905E-08 2.834E-08 2.798E-08 2.634E-08 2.575E-08 2.426E-08 2.653E-08 2.176E-08 1.992E-08 1.451E-08 1.218E-08 9.829E-09 7.296E-09 4.768E-09 3.558E-09 1.859E-09 1.119E-09
  4.400E+01  2.634E-05 2.633E-05 2.589E-05 2.522E-05 2.449E-05 2.375E-05 2.290E-05 2.205E-05 2.118E-05 2.033E-05 1.942E-05 1.851E-05 1.683E-05 1.522E-05 1.164E-05 8.939E-06 6.737E-06 5.093E-06 2.470E-06 1.952E-06 2.555E-06 2.130E-06 1.923E-06 1.524E-06 1.188E-06 7.939E-07 5.528E-07 3.503E-07 2.671E-07 3.535E-07 2.656E-07 1.312E-07 8.770E-08 9.072E-08 1.036E-07 1.136E-07 1.069E-07 9.049E-08 9.067E-08 9.824E-08 8.257E-08 4.675E-08 3.912E-08 4.025E-08 2.799E-08 2.733E-08 2.703E-08 2.547E-08 2.490E-08 2.349E-08 2.571E-08 2.108E-08 1.931E-08 1.407E-08 1.182E-08 9.543E-09 7.091E-09 4.638E-09 3.463E-09 1.811E-09 1.091E-09
  4.600E+01  2.345E-05 2.325E-05 2.276E-05 2.212E-05 2.143E-05 2.080E-05 2.005E-05 1.930E-05 1.855E-05 1.783E-05 1.704E-05 1.627E-05 1.483E-05 1.344E-05 1.035E-05 7.988E-06 6.050E-06 4.594E-06 2.243E-06 1.806E-06 2.367E-06 1.972E-06 1.782E-06 1.414E-06 1.103E-06 7.405E-07 5.174E-07 3.289E-07 2.521E-07 3.340E-07 2.509E-07 1.243E-07 8.345E-08 8.648E-08 9.895E-08 1.086E-07 1.021E-07 8.649E-08 8.679E-08 9.409E-08 7.904E-08 4.479E-08 3.754E-08 3.866E-08 2.694E-08 2.633E-08 2.608E-08 2.460E-08 2.405E-08 2.273E-08 2.490E-08 2.041E-08 1.870E-08 1.363E-08 1.147E-08 9.258E-09 6.886E-09 4.507E-09 3.367E-09 1.763E-09 1.063E-09
  4.800E+01  2.087E-05 2.060E-05 2.005E-05 1.947E-05 1.883E-05 1.826E-05 1.760E-05 1.694E-05 1.630E-05 1.568E-05 1.500E-05 1.433E-05 1.309E-05 1.189E-05 9.205E-06 7.146E-06 5.438E-06 4.148E-06 2.038E-06 1.671E-06 2.192E-06 1.826E-06 1.650E-06 1.311E-06 1.025E-06 6.905E-07 4.840E-07 3.087E-07 2.378E-07 3.154E-07 2.368E-07 1.177E-07 7.936E-08 8.239E-08 9.440E-08 1.036E-07 9.753E-08 8.262E-08 8.302E-08 9.004E-08 7.561E-08 4.288E-08 3.600E-08 3.711E-08 2.591E-08 2.535E-08 2.515E-08 2.374E-08 2.322E-08 2.198E-08 2.410E-08 1.974E-08 1.809E-08 1.320E-08 1.111E-08 8.975E-09 6.683E-09 4.378E-09 3.272E-09 1.715E-09 1.035E-09
  5.000E+01  1.861E-05 1.824E-05 1.774E-05 1.716E-05 1.659E-05 1.607E-05 1.549E-05 1.492E-05 1.436E-05 1.382E-05 1.323E-05 1.265E-05 1.158E-05 1.054E-05 8.203E-06 6.402E-06 4.894E-06 3.748E-06 1.852E-06 1.546E-06 2.031E-06 1.690E-06 1.528E-06 1.216E-06 9.519E-07 6.437E-07 4.527E-07 2.896E-07 2.242E-07 2.977E-07 2.235E-07 1.113E-07 7.543E-08 7.845E-08 9.001E-08 9.889E-08 9.308E-08 7.887E-08 7.937E-08 8.612E-08 7.228E-08 4.103E-08 3.451E-08 3.560E-08 2.491E-08 2.440E-08 2.424E-08 2.290E-08 2.241E-08 2.125E-08 2.330E-08 1.909E-08 1.750E-08 1.278E-08 1.076E-08 8.695E-09 6.481E-09 4.249E-09 3.178E-09 1.667E-09 1.007E-09
  5.200E+01  1.666E-05 1.619E-05 1.576E-05 1.517E-05 1.464E-05 1.419E-05 1.366E-05 1.318E-05 1.268E-05 1.221E-05 1.170E-05 1.120E-05 1.027E-05 9.364E-06 7.323E-06 5.743E-06 4.409E-06 3.390E-06 1.685E-06 1.431E-06 1.881E-06 1.565E-06 1.415E-06 1.127E-06 8.841E-07 6.000E-07 4.233E-07 2.717E-07 2.114E-07 2.808E-07 2.108E-07 1.053E-07 7.167E-08 7.467E-08 8.580E-08 9.432E-08 8.879E-08 7.525E-08 7.584E-08 8.232E-08 6.907E-08 3.924E-08 3.306E-08 3.414E-08 2.393E-08 2.347E-08 2.335E-08 2.208E-08 2.161E-08 2.052E-08 2.253E-08 1.844E-08 1.691E-08 1.236E-08 1.042E-08 8.419E-09 6.283E-09 4.123E-09 3.085E-09 1.620E-09 9.793E-10
  5.400E+01  1.499E-05 1.443E-05 1.402E-05 1.344E-05 1.297E-05 1.257E-05 1.210E-05 1.167E-05 1.123E-05 1.082E-05 1.037E-05 9.936E-06 9.125E-06 8.336E-06 6.549E-06 5.159E-06 3.977E-06 3.070E-06 1.535E-06 1.326E-06 1.742E-06 1.448E-06 1.310E-06 1.045E-06 8.211E-07 5.593E-07 3.958E-07 2.549E-07 1.992E-07 2.649E-07 1.988E-07 9.960E-08 6.808E-08 7.106E-08 8.175E-08 8.993E-08 8.467E-08 7.178E-08 7.244E-08 7.867E-08 6.597E-08 3.752E-08 3.166E-08 3.272E-08 2.299E-08 2.256E-08 2.249E-08 2.129E-08 2.084E-08 1.982E-08 2.177E-08 1.781E-08 1.634E-08 1.195E-08 1.009E-08 8.149E-09 6.088E-09 3.998E-09 2.993E-09 1.574E-09 9.523E-10
  5.600E+01  1.344E-05 1.294E-05 1.248E-05 1.198E-05 1.154E-05 1.117E-05 1.075E-05 1.035E-05 9.975E-06 9.616E-06 9.222E-06 8.838E-06 8.129E-06 7.437E-06 5.867E-06 4.642E-06 3.592E-06 2.783E-06 1.399E-06 1.228E-06 1.614E-06 1.341E-06 1.214E-06 9.696E-07 7.628E-07 5.215E-07 3.701E-07 2.391E-07 1.878E-07 2.498E-07 1.875E-07 9.419E-08 6.467E-08 6.761E-08 7.789E-08 8.573E-08 8.072E-08 6.846E-08 6.918E-08 7.516E-08 6.299E-08 3.587E-08 3.032E-08 3.136E-08 2.208E-08 2.169E-08 2.165E-08 2.051E-08 2.008E-08 1.913E-08 2.103E-08 1.720E-08 1.578E-08 1.155E-08 9.758E-09 7.886E-09 5.897E-09 3.877E-09 2.904E-09 1.529E-09 9.258E-10
  5.800E+01  1.204E-05 1.163E-05 1.113E-05 1.071E-05 1.029E-05 9.948E-06 9.576E-06 9.221E-06 8.887E-06 8.571E-06 8.222E-06 7.880E-06 7.259E-06 6.650E-06 5.266E-06 4.184E-06 3.248E-06 2.526E-06 1.276E-06 1.138E-06 1.496E-06 1.243E-06 1.125E-06 8.997E-07 7.089E-07 4.863E-07 3.462E-07 2.243E-07 1.770E-07 2.356E-07 1.768E-07 8.908E-08 6.144E-08 6.434E-08 7.421E-08 8.172E-08 7.695E-08 6.528E-08 6.607E-08 7.179E-08 6.015E-08 3.428E-08 2.903E-08 3.005E-08 2.121E-08 2.085E-08 2.084E-08 1.977E-08 1.936E-08 1.847E-08 2.031E-08 1.660E-08 1.524E-08 1.116E-08 9.440E-09 7.629E-09 5.712E-09 3.758E-09 2.817E-09 1.485E-09 9.000E-10
  6.000E+01  1.085E-05 1.041E-05 9.999E-06 9.569E-06 9.200E-06 8.886E-06 8.549E-06 8.240E-06 7.938E-06 7.657E-06 7.349E-06 7.046E-06 6.498E-06 5.961E-06 4.737E-06 3.777E-06 2.943E-06 2.295E-06 1.166E-06 1.056E-06 1.387E-06 1.152E-06 1.043E-06 8.352E-07 6.591E-07 4.537E-07 3.239E-07 2.105E-07 1.669E-07 2.223E-07 1.668E-07 8.427E-08 5.838E-08 6.124E-08 7.072E-08 7.791E-08 7.337E-08 6.226E-08 6.310E-08 6.859E-08 5.743E-08 3.277E-08 2.780E-08 2.880E-08 2.037E-08 2.005E-08 2.007E-08 1.905E-08 1.866E-08 1.783E-08 1.963E-08 1.603E-08 1.471E-08 1.078E-08 9.132E-09 7.382E-09 5.533E-09 3.644E-09 2.733E-09 1.442E-09 8.750E-10
  6.200E+01  9.883E-06 9.341E-06 9.028E-06 8.569E-06 8.240E-06 7.966E-06 7.656E-06 7.383E-06 7.108E-06 6.859E-06 6.586E-06 6.320E-06 5.832E-06 5.357E-06 4.269E-06 3.416E-06 2.670E-06 2.089E-06 1.066E-06 9.804E-07 1.287E-06 1.068E-06 9.677E-07 7.757E-07 6.131E-07 4.235E-07 3.032E-07 1.977E-07 1.575E-07 2.097E-07 1.574E-07 7.976E-08 5.549E-08 5.831E-08 6.742E-08 7.431E-08 6.998E-08 5.940E-08 6.028E-08 6.554E-08 5.485E-08 3.134E-08 2.663E-08 2.761E-08 1.957E-08 1.928E-08 1.933E-08 1.836E-08 1.799E-08 1.722E-08 1.896E-08 1.548E-08 1.421E-08 1.042E-08 8.836E-09 7.143E-09 5.360E-09 3.533E-09 2.651E-09 1.401E-09 8.510E-10
  6.400E+01  9.002E-06 8.440E-06 8.136E-06 7.722E-06 7.407E-06 7.167E-06 6.883E-06 6.632E-06 6.385E-06 6.163E-06 5.919E-06 5.683E-06 5.248E-06 4.825E-06 3.856E-06 3.095E-06 2.426E-06 1.904E-06 9.765E-07 9.111E-07 1.195E-06 9.913E-07 8.984E-07 7.211E-07 5.708E-07 3.955E-07 2.841E-07 1.858E-07 1.486E-07 1.980E-07 1.486E-07 7.552E-08 5.278E-08 5.555E-08 6.430E-08 7.090E-08 6.677E-08 5.670E-08 5.762E-08 6.265E-08 5.241E-08 2.998E-08 2.553E-08 2.648E-08 1.881E-08 1.855E-08 1.862E-08 1.771E-08 1.735E-08 1.664E-08 1.833E-08 1.495E-08 1.373E-08 1.008E-08 8.553E-09 6.914E-09 5.195E-09 3.427E-09 2.573E-09 1.362E-09 8.279E-10
  6.600E+01  8.143E-06 7.680E-06 7.341E-06 6.988E-06 6.690E-06 6.464E-06 6.207E-06 5.978E-06 5.757E-06 5.556E-06 5.336E-06 5.123E-06 4.735E-06 4.356E-06 3.490E-06 2.810E-06 2.209E-06 1.738E-06 8.957E-07 8.478E-07 1.110E-06 9.209E-07 8.349E-07 6.709E-07 5.319E-07 3.698E-07 2.663E-07 1.747E-07 1.404E-07 1.871E-07 1.403E-07 7.157E-08 5.024E-08 5.296E-08 6.137E-08 6.769E-08 6.374E-08 5.415E-08 5.510E-08 5.992E-08 5.010E-08 2.870E-08 2.448E-08 2.541E-08 1.809E-08 1.786E-08 1.796E-08 1.709E-08 1.675E-08 1.608E-08 1.773E-08 1.444E-08 1.327E-08 9.749E-09 8.283E-09 6.696E-09 5.037E-09 3.326E-09 2.499E-09 1.324E-09 8.060E-10
  6.800E+01  7.383E-06 6.972E-06 6.668E-06 6.327E-06 6.064E-06 5.846E-06 5.613E-06 5.405E-06 5.207E-06 5.025E-06 4.825E-06 4.631E-06 4.283E-06 3.943E-06 3.167E-06 2.556E-06 2.015E-06 1.590E-06 8.229E-07 7.899E-07 1.033E-06 8.563E-07 7.766E-07 6.248E-07 4.961E-07 3.460E-07 2.499E-07 1.645E-07 1.328E-07 1.769E-07 1.327E-07 6.789E-08 4.787E-08 5.054E-08 5.863E-08 6.468E-08 6.090E-08 5.175E-08 5.274E-08 5.735E-08 4.793E-08 2.749E-08 2.350E-08 2.441E-08 1.741E-08 1.721E-08 1.733E-08 1.650E-08 1.618E-08 1.556E-08 1.716E-08 1.397E-08 1.283E-08 9.437E-09 8.027E-09 6.489E-09 4.887E-09 3.230E-09 2.429E-09 1.289E-09 7.853E-10
  7.000E+01  6.729E-06 6.342E-06 6.077E-06 5.747E-06 5.503E-06 5.307E-06 5.093E-06 4.902E-06 4.721E-06 4.556E-06 4.375E-06 4.200E-06 3.886E-06 3.579E-06 2.880E-06 2.330E-06 1.841E-06 1.457E-06 7.573E-07 7.371E-07 9.621E-07 7.973E-07 7.233E-07 5.826E-07 4.633E-07 3.242E-07 2.348E-07 1.550E-07 1.257E-07 1.674E-07 1.256E-07 6.447E-08 4.566E-08 4.829E-08 5.607E-08 6.188E-08 5.825E-08 4.952E-08 5.053E-08 5.494E-08 4.589E-08 2.636E-08 2.258E-08 2.346E-08 1.678E-08 1.660E-08 1.674E-08 1.595E-08 1.564E-08 1.506E-08 1.662E-08 1.352E-08 1.242E-08 9.143E-09 7.785E-09 6.294E-09 4.745E-09 3.140E-09 2.362E-09 1.256E-09 7.658E-10
  7.200E+01  6.201E-06 5.810E-06 5.532E-06 5.247E-06 5.011E-06 4.837E-06 4.638E-06 4.460E-06 4.294E-06 4.143E-06 3.979E-06 3.821E-06 3.535E-06 3.258E-06 2.626E-06 2.129E-06 1.686E-06 1.337E-06 6.983E-07 6.889E-07 8.972E-07 7.432E-07 6.745E-07 5.440E-07 4.333E-07 3.042E-07 2.209E-07 1.463E-07 1.192E-07 1.587E-07 1.190E-07 6.130E-08 4.361E-08 4.620E-08 5.369E-08 5.926E-08 5.578E-08 4.744E-08 4.847E-08 5.270E-08 4.400E-08 2.531E-08 2.172E-08 2.258E-08 1.619E-08 1.603E-08 1.618E-08 1.544E-08 1.514E-08 1.460E-08 1.612E-08 1.310E-08 1.204E-08 8.867E-09 7.560E-09 6.111E-09 4.613E-09 3.056E-09 2.300E-09 1.224E-09 7.477E-10
  7.400E+01  5.702E-06 5.338E-06 5.061E-06 4.805E-06 4.585E-06 4.419E-06 4.235E-06 4.071E-06 3.920E-06 3.782E-06 3.630E-06 3.485E-06 3.226E-06 2.973E-06 2.400E-06 1.950E-06 1.548E-06 1.230E-06 6.452E-07 6.450E-07 8.379E-07 6.939E-07 6.300E-07 5.087E-07 4.058E-07 2.858E-07 2.082E-07 1.383E-07 1.131E-07 1.506E-07 1.130E-07 5.838E-08 4.172E-08 4.426E-08 5.148E-08 5.684E-08 5.348E-08 4.550E-08 4.656E-08 5.061E-08 4.223E-08 2.434E-08 2.092E-08 2.177E-08 1.564E-08 1.551E-08 1.567E-08 1.496E-08 1.468E-08 1.418E-08 1.566E-08 1.270E-08 1.168E-08 8.610E-09 7.350E-09 5.941E-09 4.490E-09 2.977E-09 2.243E-09 1.196E-09 7.310E-10
  7.600E+01  5.239E-06 4.886E-06 4.665E-06 4.399E-06 4.205E-06 4.049E-06 3.877E-06 3.729E-06 3.588E-06 3.461E-06 3.322E-06 3.189E-06 2.951E-06 2.722E-06 2.199E-06 1.791E-06 1.424E-06 1.134E-06 5.974E-07 6.051E-07 7.838E-07 6.489E-07 5.894E-07 4.766E-07 3.808E-07 2.690E-07 1.965E-07 1.310E-07 1.076E-07 1.431E-07 1.074E-07 5.569E-08 3.998E-08 4.248E-08 4.945E-08 5.460E-08 5.136E-08 4.372E-08 4.479E-08 4.868E-08 4.060E-08 2.344E-08 2.019E-08 2.101E-08 1.514E-08 1.502E-08 1.520E-08 1.452E-08 1.425E-08 1.379E-08 1.523E-08 1.234E-08 1.135E-08 8.373E-09 7.156E-09 5.784E-09 4.377E-09 2.905E-09 2.190E-09 1.169E-09 7.157E-10
  7.800E+01  4.844E-06 4.486E-06 4.317E-06 4.043E-06 3.862E-06 3.724E-06 3.564E-06 3.429E-06 3.294E-06 3.177E-06 3.050E-06 2.929E-06 2.709E-06 2.499E-06 2.021E-06 1.648E-06 1.313E-06 1.048E-06 5.545E-07 5.689E-07 7.345E-07 6.080E-07 5.524E-07 4.473E-07 3.579E-07 2.537E-07 1.858E-07 1.242E-07 1.025E-07 1.362E-07 1.023E-07 5.323E-08 3.839E-08 4.085E-08 4.759E-08 5.255E-08 4.942E-08 4.208E-08 4.317E-08 4.690E-08 3.910E-08 2.261E-08 1.952E-08 2.032E-08 1.468E-08 1.457E-08 1.477E-08 1.412E-08 1.386E-08 1.343E-08 1.484E-08 1.201E-08 1.104E-08 8.155E-09 6.979E-09 5.640E-09 4.273E-09 2.839E-09 2.142E-09 1.145E-09 7.020E-10
  8.000E+01  4.498E-06 4.171E-06 3.982E-06 3.747E-06 3.567E-06 3.439E-06 3.290E-06 3.160E-06 3.037E-06 2.928E-06 2.809E-06 2.697E-06 2.495E-06 2.301E-06 1.862E-06 1.521E-06 1.214E-06 9.714E-07 5.160E-07 5.360E-07 6.897E-07 5.707E-07 5.188E-07 4.206E-07 3.372E-07 2.398E-07 1.761E-07 1.181E-07 9.791E-08 1.300E-07 9.762E-08 5.098E-08 3.693E-08 3.936E-08 4.589E-08 5.067E-08 4.764E-08 4.058E-08 4.169E-08 4.527E-08 3.773E-08 2.186E-08 1.891E-08 1.969E-08 1.426E-08 1.417E-08 1.438E-08 1.376E-08 1.351E-08 1.310E-08 1.448E-08 1.170E-08 1.077E-08 7.958E-09 6.818E-09 5.509E-09 4.179E-09 2.780E-09 2.099E-09 1.124E-09 6.898E-10
  8.200E+01  4.151E-06 3.905E-06 3.674E-06 3.484E-06 3.317E-06 3.186E-06 3.048E-06 2.923E-06 2.811E-06 2.709E-06 2.597E-06 2.491E-06 2.305E-06 2.125E-06 1.721E-06 1.408E-06 1.126E-06 9.025E-07 4.815E-07 5.063E-07 6.489E-07 5.370E-07 4.883E-07 3.964E-07 3.183E-07 2.271E-07 1.673E-07 1.126E-07 9.372E-08 1.243E-07 9.337E-08 4.895E-08 3.562E-08 3.801E-08 4.434E-08 4.897E-08 4.602E-08 3.923E-08 4.035E-08 4.380E-08 3.648E-08 2.118E-08 1.836E-08 1.913E-08 1.388E-08 1.381E-08 1.403E-08 1.343E-08 1.319E-08 1.281E-08 1.417E-08 1.143E-08 1.052E-08 7.780E-09 6.675E-09 5.393E-09 4.096E-09 2.727E-09 2.061E-09 1.105E-09 6.792E-10
  8.400E+01  3.859E-06 3.631E-06 3.417E-06 3.240E-06 3.088E-06 2.961E-06 2.831E-06 2.714E-06 2.610E-06 2.513E-06 2.409E-06 2.309E-06 2.136E-06 1.969E-06 1.596E-06 1.307E-06 1.047E-06 8.408E-07 4.506E-07 4.795E-07 6.120E-07 5.064E-07 4.607E-07 3.746E-07 3.013E-07 2.156E-07 1.593E-07 1.076E-07 8.992E-08 1.191E-07 8.952E-08 4.711E-08 3.443E-08 3.680E-08 4.296E-08 4.743E-08 4.456E-08 3.800E-08 3.914E-08 4.246E-08 3.535E-08 2.056E-08 1.786E-08 1.861E-08 1.354E-08 1.349E-08 1.372E-08 1.314E-08 1.291E-08 1.256E-08 1.389E-08 1.119E-08 1.030E-08 7.623E-09 6.548E-09 5.290E-09 4.023E-09 2.681E-09 2.027E-09 1.089E-09 6.702E-10
  8.600E+01  3.635E-06 3.377E-06 3.209E-06 3.021E-06 2.876E-06 2.762E-06 2.638E-06 2.529E-06 2.429E-06 2.339E-06 2.241E-06 2.148E-06 1.986E-06 1.831E-06 1.484E-06 1.217E-06 9.763E-07 7.857E-07 4.229E-07 4.553E-07 5.785E-07 4.787E-07 4.358E-07 3.548E-07 2.859E-07 2.053E-07 1.521E-07 1.031E-07 8.651E-08 1.144E-07 8.605E-08 4.545E-08 3.337E-08 3.571E-08 4.171E-08 4.606E-08 4.325E-08 3.690E-08 3.806E-08 4.127E-08 3.434E-08 2.001E-08 1.742E-08 1.816E-08 1.324E-08 1.320E-08 1.344E-08 1.289E-08 1.266E-08 1.233E-08 1.364E-08 1.097E-08 1.010E-08 7.486E-09 6.439E-09 5.200E-09 3.960E-09 2.642E-09 1.999E-09 1.076E-09 6.628E-10
  8.800E+01  3.413E-06 3.173E-06 3.013E-06 2.833E-06 2.692E-06 2.586E-06 2.469E-06 2.365E-06 2.269E-06 2.184E-06 2.092E-06 2.006E-06 1.853E-06 1.708E-06 1.385E-06 1.137E-06 9.133E-07 7.364E-07 3.982E-07 4.336E-07 5.483E-07 4.538E-07 4.133E-07 3.370E-07 2.721E-07 1.960E-07 1.456E-07 9.900E-08 8.345E-08 1.102E-07 8.294E-08 4.398E-08 3.243E-08 3.475E-08 4.062E-08 4.484E-08 4.209E-08 3.593E-08 3.710E-08 4.021E-08 3.345E-08 1.953E-08 1.704E-08 1.777E-08 1.299E-08 1.296E-08 1.321E-08 1.267E-08 1.245E-08 1.214E-08 1.344E-08 1.079E-08 9.938E-09 7.369E-09 6.346E-09 5.125E-09 3.907E-09 2.610E-09 1.976E-09 1.065E-09 6.571E-10
  9.000E+01  3.205E-06 2.999E-06 2.831E-06 2.669E-06 2.535E-06 2.431E-06 2.318E-06 2.220E-06 2.129E-06 2.048E-06 1.961E-06 1.879E-06 1.735E-06 1.598E-06 1.296E-06 1.065E-06 8.572E-07 6.924E-07 3.762E-07 4.141E-07 5.211E-07 4.314E-07 3.931E-07 3.211E-07 2.597E-07 1.877E-07 1.398E-07 9.539E-08 8.073E-08 1.065E-07 8.016E-08 4.268E-08 3.161E-08 3.391E-08 3.965E-08 4.377E-08 4.107E-08 3.508E-08 3.626E-08 3.928E-08 3.266E-08 1.911E-08 1.670E-08 1.742E-08 1.277E-08 1.275E-08 1.301E-08 1.249E-08 1.227E-08 1.199E-08 1.326E-08 1.064E-08 9.798E-09 7.271E-09 6.270E-09 5.063E-09 3.864E-09 2.584E-09 1.958E-09 1.057E-09 6.530E-10
  9.200E+01  3.033E-06 2.825E-06 2.681E-06 2.517E-06 2.391E-06 2.293E-06 2.185E-06 2.092E-06 2.004E-06 1.927E-06 1.844E-06 1.766E-06 1.630E-06 1.501E-06 1.217E-06 1.002E-06 8.072E-07 6.533E-07 3.566E-07 3.967E-07 4.967E-07 4.112E-07 3.750E-07 3.068E-07 2.486E-07 1.803E-07 1.347E-07 9.219E-08 7.834E-08 1.032E-07 7.771E-08 4.153E-08 3.089E-08 3.318E-08 3.882E-08 4.284E-08 4.018E-08 3.434E-08 3.554E-08 3.847E-08 3.198E-08 1.875E-08 1.642E-08 1.713E-08 1.258E-08 1.258E-08 1.285E-08 1.234E-08 1.213E-08 1.186E-08 1.313E-08 1.051E-08 9.685E-09 7.194E-09 6.211E-09 5.014E-09 3.831E-09 2.565E-09 1.945E-09 1.052E-09 6.505E-10
  9.400E+01  2.883E-06 2.671E-06 2.545E-06 2.384E-06 2.265E-06 2.170E-06 2.067E-06 1.979E-06 1.894E-06 1.820E-06 1.742E-06 1.667E-06 1.537E-06 1.415E-06 1.148E-06 9.449E-07 7.628E-07 6.184E-07 3.392E-07 3.811E-07 4.748E-07 3.933E-07 3.589E-07 2.941E-07 2.387E-07 1.737E-07 1.301E-07 8.938E-08 7.624E-08 1.002E-07 7.556E-08 4.054E-08 3.028E-08 3.256E-08 3.811E-08 4.205E-08 3.942E-08 3.371E-08 3.493E-08 3.779E-08 3.140E-08 1.845E-08 1.619E-08 1.689E-08 1.244E-08 1.244E-08 1.272E-08 1.223E-08 1.202E-08 1.177E-08 1.303E-08 1.041E-08 9.597E-09 7.135E-09 6.168E-09 4.978E-09 3.808E-09 2.552E-09 1.937E-09 1.049E-09 6.497E-10
  9.600E+01  2.715E-06 2.556E-06 2.410E-06 2.274E-06 2.161E-06 2.061E-06 1.964E-06 1.879E-06 1.799E-06 1.727E-06 1.651E-06 1.578E-06 1.455E-06 1.339E-06 1.086E-06 8.947E-07 7.233E-07 5.875E-07 3.238E-07 3.674E-07 4.552E-07 3.773E-07 3.445E-07 2.828E-07 2.300E-07 1.679E-07 1.261E-07 8.692E-08 7.442E-08 9.770E-08 7.370E-08 3.969E-08 2.976E-08 3.204E-08 3.752E-08 4.139E-08 3.879E-08 3.319E-08 3.442E-08 3.722E-08 3.092E-08 1.821E-08 1.601E-08 1.670E-08 1.232E-08 1.234E-08 1.263E-08 1.215E-08 1.194E-08 1.171E-08 1.296E-08 1.034E-08 9.535E-09 7.094E-09 6.140E-09 4.955E-09 3.795E-09 2.546E-09 1.933E-09 1.049E-09 6.504E-10
  9.800E+01  2.570E-06 2.458E-06 2.299E-06 2.178E-06 2.068E-06 1.966E-06 1.873E-06 1.790E-06 1.714E-06 1.645E-06 1.570E-06 1.500E-06 1.382E-06 1.271E-06 1.031E-06 8.502E-07 6.884E-07 5.602E-07 3.103E-07 3.552E-07 4.378E-07 3.631E-07 3.318E-07 2.728E-07 2.223E-07 1.628E-07 1.227E-07 8.480E-08 7.286E-08 9.550E-08 7.210E-08 3.898E-08 2.933E-08 3.162E-08 3.704E-08 4.086E-08 3.827E-08 3.276E-08 3.402E-08 3.676E-08 3.053E-08 1.801E-08 1.586E-08 1.656E-08 1.224E-08 1.227E-08 1.257E-08 1.210E-08 1.189E-08 1.167E-08 1.292E-08 1.030E-08 9.498E-09 7.072E-09 6.128E-09 4.945E-09 3.792E-09 2.546E-09 1.935E-09 1.052E-09 6.527E-10
  1.000E+02  2.479E-06 2.345E-06 2.217E-06 2.087E-06 1.977E-06 1.886E-06 1.794E-06 1.712E-06 1.637E-06 1.570E-06 1.499E-06 1.432E-06 1.318E-06 1.212E-06 9.823E-07 8.109E-07 6.576E-07 5.361E-07 2.984E-07 3.445E-07 4.224E-07 3.506E-07 3.206E-07 2.641E-07 2.156E-07 1.584E-07 1.197E-07 8.299E-08 7.155E-08 9.364E-08 7.075E-08 3.839E-08 2.900E-08 3.129E-08 3.666E-08 4.044E-08 3.787E-08 3.243E-08 3.371E-08 3.640E-08 3.023E-08 1.787E-08 1.577E-08 1.646E-08 1.220E-08 1.223E-08 1.254E-08 1.208E-08 1.187E-08 1.167E-08 1.292E-08 1.028E-08 9.484E-09 7.068E-09 6.131E-09 4.947E-09 3.797E-09 2.552E-09 1.941E-09 1.057E-09 6.565E-10
  1.020E+02  2.411E-06 2.242E-06 2.147E-06 2.003E-06 1.897E-06 1.815E-06 1.723E-06 1.645E-06 1.569E-06 1.504E-06 1.437E-06 1.373E-06 1.262E-06 1.160E-06 9.397E-07 7.763E-07 6.304E-07 5.149E-07 2.880E-07 3.351E-07 4.088E-07 3.396E-07 3.108E-07 2.565E-07 2.098E-07 1.546E-07 1.171E-07 8.147E-08 7.047E-08 9.209E-08 6.964E-08 3.792E-08 2.874E-08 3.105E-08 3.639E-08 4.013E-08 3.756E-08 3.219E-08 3.349E-08 3.615E-08 3.001E-08 1.778E-08 1.571E-08 1.640E-08 1.218E-08 1.222E-08 1.254E-08 1.208E-08 1.188E-08 1.169E-08 1.295E-08 1.029E-08 9.493E-09 7.080E-09 6.149E-09 4.960E-09 3.812E-09 2.564E-09 1.951E-09 1.064E-09 6.618E-10
  1.040E+02  2.332E-06 2.167E-06 2.074E-06 1.935E-06 1.836E-06 1.752E-06 1.662E-06 1.587E-06 1.513E-06 1.449E-06 1.383E-06 1.320E-06 1.213E-06 1.114E-06 9.023E-07 7.460E-07 6.067E-07 4.964E-07 2.790E-07 3.270E-07 3.969E-07 3.300E-07 3.023E-07 2.499E-07 2.048E-07 1.514E-07 1.150E-07 8.022E-08 6.961E-08 9.082E-08 6.874E-08 3.756E-08 2.856E-08 3.088E-08 3.621E-08 3.992E-08 3.736E-08 3.203E-08 3.335E-08 3.598E-08 2.987E-08 1.773E-08 1.569E-08 1.639E-08 1.219E-08 1.224E-08 1.258E-08 1.212E-08 1.192E-08 1.174E-08 1.300E-08 1.032E-08 9.524E-09 7.109E-09 6.180E-09 4.985E-09 3.834E-09 2.582E-09 1.966E-09 1.074E-09 6.685E-10
  1.060E+02  2.248E-06 2.111E-06 2.010E-06 1.884E-06 1.786E-06 1.698E-06 1.611E-06 1.536E-06 1.465E-06 1.402E-06 1.336E-06 1.275E-06 1.170E-06 1.074E-06 8.698E-07 7.195E-07 5.860E-07 4.803E-07 2.712E-07 3.200E-07 3.866E-07 3.217E-07 2.949E-07 2.443E-07 2.006E-07 1.488E-07 1.132E-07 7.922E-08 6.894E-08 8.983E-08 6.804E-08 3.730E-08 2.845E-08 3.079E-08 3.611E-08 3.981E-08 3.725E-08 3.195E-08 3.330E-08 3.591E-08 2.980E-08 1.772E-08 1.570E-08 1.641E-08 1.223E-08 1.228E-08 1.263E-08 1.218E-08 1.198E-08 1.181E-08 1.308E-08 1.038E-08 9.576E-09 7.153E-09 6.225E-09 5.021E-09 3.866E-09 2.606E-09 1.985E-09 1.085E-09 6.766E-10
  1.080E+02  2.181E-06 2.057E-06 1.965E-06 1.839E-06 1.739E-06 1.654E-06 1.568E-06 1.494E-06 1.422E-06 1.360E-06 1.297E-06 1.236E-06 1.133E-06 1.040E-06 8.416E-07 6.966E-07 5.681E-07 4.664E-07 2.646E-07 3.140E-07 3.776E-07 3.147E-07 2.887E-07 2.396E-07 1.970E-07 1.466E-07 1.118E-07 7.845E-08 6.845E-08 8.908E-08 6.754E-08 3.714E-08 2.841E-08 3.077E-08 3.610E-08 3.980E-08 3.723E-08 3.195E-08 3.332E-08 3.591E-08 2.980E-08 1.775E-08 1.575E-08 1.646E-08 1.229E-08 1.235E-08 1.272E-08 1.227E-08 1.207E-08 1.191E-08 1.319E-08 1.045E-08 9.648E-09 7.211E-09 6.282E-09 5.067E-09 3.905E-09 2.634E-09 2.008E-09 1.099E-09 6.861E-10
  1.100E+02  2.119E-06 2.008E-06 1.933E-06 1.798E-06 1.701E-06 1.619E-06 1.533E-06 1.459E-06 1.387E-06 1.326E-06 1.263E-06 1.204E-06 1.102E-06 1.011E-06 8.175E-07 6.770E-07 5.528E-07 4.545E-07 2.590E-07 3.090E-07 3.700E-07 3.087E-07 2.835E-07 2.356E-07 1.942E-07 1.448E-07 1.107E-07 7.789E-08 6.813E-08 8.856E-08 6.720E-08 3.706E-08 2.843E-08 3.081E-08 3.616E-08 3.986E-08 3.728E-08 3.201E-08 3.341E-08 3.600E-08 2.987E-08 1.782E-08 1.583E-08 1.655E-08 1.237E-08 1.245E-08 1.282E-08 1.238E-08 1.218E-08 1.203E-08 1.333E-08 1.055E-08 9.738E-09 7.284E-09 6.351E-09 5.122E-09 3.951E-09 2.668E-09 2.035E-09 1.115E-09 6.967E-10
  1.120E+02  2.080E-06 1.974E-06 1.897E-06 1.768E-06 1.674E-06 1.591E-06 1.504E-06 1.432E-06 1.360E-06 1.298E-06 1.236E-06 1.176E-06 1.076E-06 9.863E-07 7.970E-07 6.603E-07 5.398E-07 4.445E-07 2.543E-07 3.048E-07 3.636E-07 3.037E-07 2.791E-07 2.324E-07 1.919E-07 1.435E-07 1.100E-07 7.752E-08 6.796E-08 8.825E-08 6.703E-08 3.707E-08 2.850E-08 3.092E-08 3.630E-08 4.000E-08 3.741E-08 3.213E-08 3.356E-08 3.615E-08 3.000E-08 1.792E-08 1.594E-08 1.667E-08 1.248E-08 1.256E-08 1.295E-08 1.251E-08 1.231E-08 1.217E-08 1.348E-08 1.066E-08 9.845E-09 7.369E-09 6.431E-09 5.187E-09 4.004E-09 2.706E-09 2.065E-09 1.133E-09 7.086E-10
  1.140E+02  2.063E-06 1.958E-06 1.870E-06 1.754E-06 1.654E-06 1.572E-06 1.484E-06 1.409E-06 1.338E-06 1.276E-06 1.214E-06 1.155E-06 1.055E-06 9.660E-07 7.800E-07 6.464E-07 5.290E-07 4.362E-07 2.506E-07 3.014E-07 3.583E-07 2.997E-07 2.756E-07 2.299E-07 1.901E-07 1.425E-07 1.094E-07 7.733E-08 6.793E-08 8.814E-08 6.700E-08 3.714E-08 2.862E-08 3.107E-08 3.649E-08 4.022E-08 3.761E-08 3.232E-08 3.377E-08 3.637E-08 3.018E-08 1.805E-08 1.608E-08 1.681E-08 1.261E-08 1.270E-08 1.310E-08 1.266E-08 1.246E-08 1.233E-08 1.366E-08 1.080E-08 9.969E-09 7.467E-09 6.521E-09 5.260E-09 4.064E-09 2.749E-09 2.099E-09 1.153E-09 7.215E-10
  1.160E+02  2.053E-06 1.948E-06 1.859E-06 1.746E-06 1.642E-06 1.561E-06 1.472E-06 1.392E-06 1.322E-06 1.260E-06 1.197E-06 1.139E-06 1.039E-06 9.500E-07 7.661E-07 6.351E-07 5.202E-07 4.294E-07 2.476E-07 2.987E-07 3.539E-07 2.965E-07 2.729E-07 2.281E-07 1.888E-07 1.419E-07 1.092E-07 7.730E-08 6.804E-08 8.820E-08 6.711E-08 3.729E-08 2.880E-08 3.128E-08 3.675E-08 4.050E-08 3.787E-08 3.255E-08 3.404E-08 3.665E-08 3.041E-08 1.822E-08 1.624E-08 1.698E-08 1.275E-08 1.285E-08 1.327E-08 1.282E-08 1.262E-08 1.250E-08 1.386E-08 1.094E-08 1.011E-08 7.576E-09 6.621E-09 5.341E-09 4.130E-09 2.795E-09 2.136E-09 1.175E-09 7.355E-10
  1.180E+02  2.034E-06 1.952E-06 1.858E-06 1.745E-06 1.640E-06 1.556E-06 1.466E-06 1.384E-06 1.313E-06 1.250E-06 1.185E-06 1.127E-06 1.027E-06 9.380E-07 7.554E-07 6.261E-07 5.132E-07 4.241E-07 2.453E-07 2.967E-07 3.505E-07 2.941E-07 2.709E-07 2.267E-07 1.880E-07 1.416E-07 1.091E-07 7.741E-08 6.825E-08 8.843E-08 6.733E-08 3.750E-08 2.901E-08 3.153E-08 3.705E-08 4.084E-08 3.818E-08 3.283E-08 3.436E-08 3.698E-08 3.069E-08 1.840E-08 1.642E-08 1.718E-08 1.292E-08 1.302E-08 1.345E-08 1.301E-08 1.281E-08 1.270E-08 1.407E-08 1.111E-08 1.026E-08 7.695E-09 6.730E-09 5.429E-09 4.201E-09 2.845E-09 2.175E-09 1.197E-09 7.504E-10
  1.200E+02  2.019E-06 1.964E-06 1.864E-06 1.754E-06 1.645E-06 1.557E-06 1.465E-06 1.383E-06 1.309E-06 1.245E-06 1.180E-06 1.120E-06 1.019E-06 9.298E-07 7.475E-07 6.193E-07 5.079E-07 4.201E-07 2.436E-07 2.952E-07 3.479E-07 2.924E-07 2.695E-07 2.259E-07 1.876E-07 1.415E-07 1.093E-07 7.766E-08 6.858E-08 8.880E-08 6.767E-08 3.776E-08 2.926E-08 3.182E-08 3.741E-08 4.123E-08 3.855E-08 3.316E-08 3.472E-08 3.736E-08 3.101E-08 1.861E-08 1.662E-08 1.739E-08 1.309E-08 1.321E-08 1.365E-08 1.321E-08 1.301E-08 1.290E-08 1.430E-08 1.128E-08 1.043E-08 7.823E-09 6.847E-09 5.523E-09 4.277E-09 2.899E-09 2.217E-09 1.222E-09 7.662E-10
  1.220E+02  2.037E-06 1.985E-06 1.885E-06 1.772E-06 1.657E-06 1.567E-06 1.472E-06 1.387E-06 1.311E-06 1.245E-06 1.179E-06 1.118E-06 1.016E-06 9.251E-07 7.423E-07 6.146E-07 5.042E-07 4.173E-07 2.426E-07 2.942E-07 3.461E-07 2.913E-07 2.688E-07 2.256E-07 1.875E-07 1.418E-07 1.096E-07 7.802E-08 6.899E-08 8.930E-08 6.810E-08 3.806E-08 2.955E-08 3.215E-08 3.780E-08 4.167E-08 3.896E-08 3.353E-08 3.511E-08 3.779E-08 3.136E-08 1.885E-08 1.684E-08 1.763E-08 1.329E-08 1.341E-08 1.387E-08 1.342E-08 1.322E-08 1.312E-08 1.455E-08 1.147E-08 1.060E-08 7.959E-09 6.971E-09 5.624E-09 4.358E-09 2.956E-09 2.261E-09 1.247E-09 7.827E-10
  1.240E+02  2.072E-06 2.016E-06 1.916E-06 1.797E-06 1.679E-06 1.586E-06 1.487E-06 1.398E-06 1.319E-06 1.251E-06 1.183E-06 1.120E-06 1.016E-06 9.238E-07 7.396E-07 6.119E-07 5.020E-07 4.157E-07 2.421E-07 2.937E-07 3.449E-07 2.908E-07 2.685E-07 2.257E-07 1.878E-07 1.422E-07 1.102E-07 7.849E-08 6.949E-08 8.992E-08 6.863E-08 3.842E-08 2.986E-08 3.251E-08 3.824E-08 4.215E-08 3.942E-08 3.393E-08 3.555E-08 3.826E-08 3.175E-08 1.910E-08 1.708E-08 1.788E-08 1.349E-08 1.361E-08 1.409E-08 1.364E-08 1.344E-08 1.335E-08 1.480E-08 1.167E-08 1.079E-08 8.103E-09 7.101E-09 5.729E-09 4.443E-09 3.015E-09 2.307E-09 1.274E-09 7.999E-10
  1.260E+02  2.120E-06 2.065E-06 1.957E-06 1.835E-06 1.713E-06 1.612E-06 1.508E-06 1.416E-06 1.334E-06 1.263E-06 1.192E-06 1.127E-06 1.020E-06 9.259E-07 7.393E-07 6.110E-07 5.012E-07 4.151E-07 2.421E-07 2.937E-07 3.444E-07 2.908E-07 2.687E-07 2.262E-07 1.884E-07 1.429E-07 1.108E-07 7.906E-08 7.006E-08 9.065E-08 6.923E-08 3.881E-08 3.020E-08 3.289E-08 3.870E-08 4.267E-08 3.990E-08 3.435E-08 3.601E-08 3.876E-08 3.217E-08 1.936E-08 1.732E-08 1.814E-08 1.370E-08 1.383E-08 1.433E-08 1.388E-08 1.367E-08 1.359E-08 1.507E-08 1.188E-08 1.098E-08 8.253E-09 7.236E-09 5.839E-09 4.530E-09 3.076E-09 2.355E-09 1.301E-09 8.176E-10
  1.280E+02  2.182E-06 2.140E-06 2.013E-06 1.890E-06 1.759E-06 1.645E-06 1.537E-06 1.440E-06 1.356E-06 1.281E-06 1.206E-06 1.139E-06 1.028E-06 9.313E-07 7.414E-07 6.118E-07 5.016E-07 4.155E-07 2.426E-07 2.940E-07 3.444E-07 2.913E-07 2.693E-07 2.270E-07 1.893E-07 1.437E-07 1.116E-07 7.970E-08 7.070E-08 9.146E-08 6.989E-08 3.923E-08 3.056E-08 3.330E-08 3.919E-08 4.321E-08 4.042E-08 3.481E-08 3.650E-08 3.928E-08 3.261E-08 1.964E-08 1.758E-08 1.842E-08 1.392E-08 1.406E-08 1.457E-08 1.412E-08 1.391E-08 1.384E-08 1.535E-08 1.210E-08 1.118E-08 8.408E-09 7.376E-09 5.952E-09 4.621E-09 3.139E-09 2.404E-09 1.329E-09 8.358E-10
  1.300E+02  2.271E-06 2.232E-06 2.088E-06 1.957E-06 1.814E-06 1.687E-06 1.576E-06 1.471E-06 1.383E-06 1.304E-06 1.226E-06 1.155E-06 1.040E-06 9.401E-07 7.458E-07 6.143E-07 5.033E-07 4.167E-07 2.434E-07 2.946E-07 3.449E-07 2.922E-07 2.704E-07 2.281E-07 1.904E-07 1.447E-07 1.125E-07 8.041E-08 7.139E-08 9.235E-08 7.062E-08 3.968E-08 3.094E-08 3.373E-08 3.971E-08 4.379E-08 4.096E-08 3.528E-08 3.701E-08 3.983E-08 3.307E-08 1.993E-08 1.785E-08 1.870E-08 1.415E-08 1.430E-08 1.482E-08 1.437E-08 1.415E-08 1.409E-08 1.563E-08 1.232E-08 1.139E-08 8.568E-09 7.519E-09 6.069E-09 4.714E-09 3.204E-09 2.455E-09 1.358E-09 8.544E-10
  1.320E+02  2.396E-06 2.331E-06 2.188E-06 2.030E-06 1.874E-06 1.742E-06 1.621E-06 1.510E-06 1.415E-06 1.331E-06 1.250E-06 1.176E-06 1.056E-06 9.524E-07 7.524E-07 6.184E-07 5.061E-07 4.189E-07 2.447E-07 2.955E-07 3.459E-07 2.935E-07 2.717E-07 2.295E-07 1.917E-07 1.459E-07 1.135E-07 8.118E-08 7.212E-08 9.330E-08 7.139E-08 4.015E-08 3.133E-08 3.417E-08 4.024E-08 4.438E-08 4.152E-08 3.577E-08 3.754E-08 4.041E-08 3.355E-08 2.023E-08 1.812E-08 1.900E-08 1.438E-08 1.453E-08 1.508E-08 1.462E-08 1.440E-08 1.435E-08 1.592E-08 1.255E-08 1.160E-08 8.731E-09 7.665E-09 6.188E-09 4.809E-09 3.270E-09 2.506E-09 1.388E-09 8.733E-10
  1.340E+02  2.556E-06 2.450E-06 2.307E-06 2.114E-06 1.947E-06 1.807E-06 1.673E-06 1.556E-06 1.453E-06 1.365E-06 1.279E-06 1.202E-06 1.075E-06 9.678E-07 7.610E-07 6.240E-07 5.100E-07 4.218E-07 2.462E-07 2.967E-07 3.473E-07 2.951E-07 2.734E-07 2.312E-07 1.931E-07 1.471E-07 1.146E-07 8.201E-08 7.288E-08 9.431E-08 7.220E-08 4.064E-08 3.174E-08 3.462E-08 4.078E-08 4.499E-08 4.210E-08 3.628E-08 3.808E-08 4.099E-08 3.404E-08 2.053E-08 1.840E-08 1.930E-08 1.461E-08 1.478E-08 1.534E-08 1.488E-08 1.466E-08 1.461E-08 1.622E-08 1.278E-08 1.182E-08 8.895E-09 7.813E-09 6.308E-09 4.905E-09 3.337E-09 2.558E-09 1.417E-09 8.923E-10
  1.360E+02  2.731E-06 2.616E-06 2.430E-06 2.225E-06 2.038E-06 1.883E-06 1.737E-06 1.610E-06 1.500E-06 1.405E-06 1.314E-06 1.232E-06 1.099E-06 9.860E-07 7.717E-07 6.310E-07 5.149E-07 4.254E-07 2.481E-07 2.981E-07 3.489E-07 2.970E-07 2.753E-07 2.330E-07 1.948E-07 1.485E-07 1.157E-07 8.287E-08 7.368E-08 9.536E-08 7.305E-08 4.114E-08 3.215E-08 3.508E-08 4.134E-08 4.561E-08 4.269E-08 3.679E-08 3.862E-08 4.159E-08 3.453E-08 2.084E-08 1.869E-08 1.960E-08 1.485E-08 1.502E-08 1.560E-08 1.513E-08 1.491E-08 1.487E-08 1.651E-08 1.301E-08 1.203E-08 9.062E-09 7.962E-09 6.429E-09 5.001E-09 3.404E-09 2.610E-09 1.447E-09 9.114E-10
  1.380E+02  2.940E-06 2.811E-06 2.568E-06 2.356E-06 2.142E-06 1.970E-06 1.812E-06 1.670E-06 1.554E-06 1.452E-06 1.353E-06 1.266E-06 1.126E-06 1.007E-06 7.842E-07 6.393E-07 5.208E-07 4.297E-07 2.502E-07 2.996E-07 3.509E-07 2.992E-07 2.775E-07 2.350E-07 1.966E-07 1.499E-07 1.169E-07 8.376E-08 7.449E-08 9.644E-08 7.391E-08 4.165E-08 3.256E-08 3.554E-08 4.190E-08 4.623E-08 4.328E-08 3.730E-08 3.917E-08 4.219E-08 3.504E-08 2.115E-08 1.897E-08 1.990E-08 1.509E-08 1.527E-08 1.586E-08 1.539E-08 1.517E-08 1.513E-08 1.681E-08 1.324E-08 1.225E-08 9.228E-09 8.111E-09 6.550E-09 5.098E-09 3.471E-09 2.662E-09 1.477E-09 9.305E-10
  1.400E+02  3.216E-06 3.014E-06 2.740E-06 2.494E-06 2.255E-06 2.065E-06 1.894E-06 1.738E-06 1.612E-06 1.503E-06 1.397E-06 1.305E-06 1.156E-06 1.031E-06 7.986E-07 6.489E-07 5.274E-07 4.345E-07 2.526E-07 3.014E-07 3.531E-07 3.015E-07 2.798E-07 2.372E-07 1.984E-07 1.514E-07 1.181E-07 8.467E-08 7.532E-08 9.755E-08 7.479E-08 4.216E-08 3.298E-08 3.601E-08 4.246E-08 4.686E-08 4.388E-08 3.782E-08 3.973E-08 4.279E-08 3.554E-08 2.147E-08 1.925E-08 2.020E-08 1.533E-08 1.551E-08 1.612E-08 1.565E-08 1.543E-08 1.540E-08 1.710E-08 1.348E-08 1.247E-08 9.394E-09 8.259E-09 6.671E-09 5.194E-09 3.538E-09 2.714E-09 1.506E-09 9.494E-10
  1.420E+02  3.534E-06 3.244E-06 2.944E-06 2.641E-06 2.378E-06 2.169E-06 1.978E-06 1.814E-06 1.676E-06 1.558E-06 1.446E-06 1.349E-06 1.189E-06 1.058E-06 8.147E-07 6.596E-07 5.349E-07 4.400E-07 2.552E-07 3.032E-07 3.556E-07 3.041E-07 2.823E-07 2.395E-07 2.004E-07 1.530E-07 1.194E-07 8.559E-08 7.615E-08 9.866E-08 7.568E-08 4.268E-08 3.340E-08 3.647E-08 4.302E-08 4.748E-08 4.447E-08 3.834E-08 4.028E-08 4.339E-08 3.604E-08 2.177E-08 1.953E-08 2.051E-08 1.556E-08 1.575E-08 1.638E-08 1.590E-08 1.568E-08 1.565E-08 1.740E-08 1.371E-08 1.268E-08 9.558E-09 8.406E-09 6.791E-09 5.289E-09 3.604E-09 2.766E-09 1.535E-09 9.682E-10
  1.440E+02  3.874E-06 3.511E-06 3.160E-06 2.801E-06 2.510E-06 2.285E-06 2.070E-06 1.895E-06 1.745E-06 1.618E-06 1.499E-06 1.396E-06 1.226E-06 1.088E-06 8.323E-07 6.713E-07 5.431E-07 4.459E-07 2.580E-07 3.051E-07 3.582E-07 3.068E-07 2.850E-07 2.419E-07 2.024E-07 1.546E-07 1.207E-07 8.652E-08 7.699E-08 9.978E-08 7.657E-08 4.319E-08 3.381E-08 3.693E-08 4.357E-08 4.810E-08 4.506E-08 3.885E-08 4.082E-08 4.398E-08 3.654E-08 2.208E-08 1.981E-08 2.080E-08 1.579E-08 1.599E-08 1.663E-08 1.616E-08 1.593E-08 1.591E-08 1.768E-08 1.393E-08 1.289E-08 9.720E-09 8.551E-09 6.909E-09 5.383E-09 3.669E-09 2.816E-09 1.564E-09 9.866E-10
  1.460E+02  4.257E-06 3.804E-06 3.378E-06 2.979E-06 2.648E-06 2.408E-06 2.176E-06 1.981E-06 1.818E-06 1.682E-06 1.556E-06 1.445E-06 1.266E-06 1.118E-06 8.511E-07 6.840E-07 5.519E-07 4.522E-07 2.609E-07 3.071E-07 3.609E-07 3.095E-07 2.877E-07 2.443E-07 2.045E-07 1.562E-07 1.220E-07 8.745E-08 7.781E-08 1.009E-07 7.746E-08 4.370E-08 3.421E-08 3.738E-08 4.411E-08 4.871E-08 4.563E-08 3.935E-08 4.135E-08 4.457E-08 3.703E-08 2.238E-08 2.008E-08 2.109E-08 1.602E-08 1.622E-08 1.688E-08 1.640E-08 1.617E-08 1.616E-08 1.796E-08 1.415E-08 1.310E-08 9.879E-09 8.692E-09 7.024E-09 5.474E-09 3.733E-09 2.866E-09 1.592E-09 1.005E-09
  1.480E+02  4.683E-06 4.134E-06 3.598E-06 3.176E-06 2.795E-06 2.532E-06 2.285E-06 2.068E-06 1.896E-06 1.751E-06 1.613E-06 1.495E-06 1.307E-06 1.151E-06 8.709E-07 6.974E-07 5.611E-07 4.589E-07 2.639E-07 3.091E-07 3.637E-07 3.124E-07 2.905E-07 2.468E-07 2.066E-07 1.578E-07 1.233E-07 8.837E-08 7.862E-08 1.020E-07 7.833E-08 4.419E-08 3.460E-08 3.782E-08 4.464E-08 4.930E-08 4.620E-08 3.984E-08 4.187E-08 4.514E-08 3.750E-08 2.267E-08 2.035E-08 2.137E-08 1.624E-08 1.645E-08 1.712E-08 1.664E-08 1.640E-08 1.640E-08 1.824E-08 1.437E-08 1.330E-08 1.003E-08 8.830E-09 7.136E-09 5.564E-09 3.795E-09 2.914E-09 1.619E-09 1.022E-09
  1.500E+02  5.101E-06 4.475E-06 3.819E-06 3.370E-06 2.953E-06 2.655E-06 2.389E-06 2.157E-06 1.977E-06 1.822E-06 1.673E-06 1.547E-06 1.348E-06 1.184E-06 8.913E-07 7.113E-07 5.707E-07 4.659E-07 2.670E-07 3.112E-07 3.665E-07 3.153E-07 2.933E-07 2.493E-07 2.087E-07 1.594E-07 1.246E-07 8.927E-08 7.941E-08 1.031E-07 7.918E-08 4.467E-08 3.499E-08 3.824E-08 4.515E-08 4.987E-08 4.675E-08 4.031E-08 4.238E-08 4.569E-08 3.797E-08 2.295E-08 2.060E-08 2.165E-08 1.645E-08 1.667E-08 1.735E-08 1.687E-08 1.663E-08 1.663E-08 1.850E-08 1.458E-08 1.349E-08 1.018E-08 8.963E-09 7.245E-09 5.650E-09 3.855E-09 2.960E-09 1.646E-09 1.039E-09
  1.520E+02  5.492E-06 4.759E-06 4.046E-06 3.533E-06 3.103E-06 2.775E-06 2.488E-06 2.248E-06 2.056E-06 1.891E-06 1.735E-06 1.599E-06 1.390E-06 1.218E-06 9.123E-07 7.254E-07 5.807E-07 4.730E-07 2.702E-07 3.132E-07 3.694E-07 3.182E-07 2.961E-07 2.518E-07 2.108E-07 1.610E-07 1.258E-07 9.014E-08 8.018E-08 1.041E-07 8.001E-08 4.514E-08 3.536E-08 3.865E-08 4.565E-08 5.043E-08 4.727E-08 4.077E-08 4.287E-08 4.622E-08 3.841E-08 2.322E-08 2.085E-08 2.191E-08 1.666E-08 1.688E-08 1.758E-08 1.709E-08 1.685E-08 1.686E-08 1.875E-08 1.478E-08 1.368E-08 1.033E-08 9.091E-09 7.349E-09 5.733E-09 3.912E-09 3.005E-09 1.671E-09 1.055E-09
  1.540E+02  5.929E-06 5.002E-06 4.287E-06 3.679E-06 3.235E-06 2.891E-06 2.587E-06 2.338E-06 2.129E-06 1.956E-06 1.794E-06 1.652E-06 1.431E-06 1.251E-06 9.331E-07 7.396E-07 5.907E-07 4.803E-07 2.735E-07 3.152E-07 3.723E-07 3.211E-07 2.989E-07 2.543E-07 2.129E-07 1.625E-07 1.270E-07 9.099E-08 8.091E-08 1.051E-07 8.080E-08 4.559E-08 3.571E-08 3.904E-08 4.612E-08 5.096E-08 4.778E-08 4.121E-08 4.333E-08 4.673E-08 3.884E-08 2.348E-08 2.108E-08 2.216E-08 1.685E-08 1.708E-08 1.779E-08 1.730E-08 1.706E-08 1.707E-08 1.899E-08 1.497E-08 1.386E-08 1.046E-08 9.213E-09 7.449E-09 5.812E-09 3.967E-09 3.047E-09 1.695E-09 1.071E-09
  1.560E+02  6.441E-06 5.264E-06 4.503E-06 3.839E-06 3.353E-06 3.007E-06 2.684E-06 2.419E-06 2.196E-06 2.015E-06 1.848E-06 1.702E-06 1.470E-06 1.283E-06 9.533E-07 7.536E-07 6.007E-07 4.875E-07 2.767E-07 3.172E-07 3.751E-07 3.239E-07 3.016E-07 2.567E-07 2.149E-07 1.640E-07 1.282E-07 9.180E-08 8.162E-08 1.061E-07 8.157E-08 4.601E-08 3.604E-08 3.942E-08 4.657E-08 5.146E-08 4.826E-08 4.162E-08 4.377E-08 4.722E-08 3.925E-08 2.373E-08 2.131E-08 2.240E-08 1.704E-08 1.726E-08 1.799E-08 1.750E-08 1.726E-08 1.728E-08 1.922E-08 1.515E-08 1.403E-08 1.059E-08 9.329E-09 7.543E-09 5.887E-09 4.019E-09 3.088E-09 1.718E-09 1.085E-09
  1.580E+02  6.898E-06 5.522E-06 4.705E-06 3.992E-06 3.467E-06 3.120E-06 2.770E-06 2.492E-06 2.259E-06 2.071E-06 1.895E-06 1.748E-06 1.506E-06 1.312E-06 9.720E-07 7.670E-07 6.104E-07 4.946E-07 2.799E-07 3.191E-07 3.778E-07 3.267E-07 3.043E-07 2.591E-07 2.168E-07 1.655E-07 1.293E-07 9.257E-08 8.228E-08 1.070E-07 8.229E-08 4.642E-08 3.636E-08 3.976E-08 4.699E-08 5.193E-08 4.871E-08 4.201E-08 4.419E-08 4.767E-08 3.963E-08 2.396E-08 2.151E-08 2.262E-08 1.721E-08 1.744E-08 1.818E-08 1.769E-08 1.744E-08 1.747E-08 1.944E-08 1.533E-08 1.419E-08 1.071E-08 9.438E-09 7.632E-09 5.957E-09 4.068E-09 3.126E-09 1.740E-09 1.099E-09
  1.600E+02  7.236E-06 5.754E-06 4.899E-06 4.118E-06 3.582E-06 3.210E-06 2.841E-06 2.556E-06 2.313E-06 2.118E-06 1.936E-06 1.783E-06 1.535E-06 1.337E-06 9.888E-07 7.795E-07 6.197E-07 5.016E-07 2.830E-07 3.209E-07 3.805E-07 3.293E-07 3.069E-07 2.613E-07 2.187E-07 1.668E-07 1.303E-07 9.330E-08 8.290E-08 1.078E-07 8.296E-08 4.679E-08 3.665E-08 4.009E-08 4.738E-08 5.237E-08 4.913E-08 4.237E-08 4.457E-08 4.809E-08 3.998E-08 2.418E-08 2.171E-08 2.283E-08 1.737E-08 1.761E-08 1.836E-08 1.786E-08 1.762E-08 1.764E-08 1.964E-08 1.548E-08 1.434E-08 1.083E-08 9.539E-09 7.714E-09 6.023E-09 4.113E-09 3.161E-09 1.760E-09 1.112E-09
  1.620E+02  7.443E-06 5.973E-06 5.030E-06 4.235E-06 3.678E-06 3.261E-06 2.892E-06 2.601E-06 2.352E-06 2.151E-06 1.966E-06 1.806E-06 1.554E-06 1.354E-06 1.003E-06 7.905E-07 6.283E-07 5.081E-07 2.860E-07 3.225E-07 3.830E-07 3.319E-07 3.093E-07 2.635E-07 2.204E-07 1.681E-07 1.313E-07 9.397E-08 8.347E-08 1.086E-07 8.359E-08 4.714E-08 3.692E-08 4.039E-08 4.774E-08 5.277E-08 4.951E-08 4.271E-08 4.493E-08 4.849E-08 4.031E-08 2.437E-08 2.189E-08 2.302E-08 1.752E-08 1.776E-08 1.852E-08 1.802E-08 1.777E-08 1.781E-08 1.982E-08 1.563E-08 1.447E-08 1.093E-08 9.632E-09 7.790E-09 6.083E-09 4.155E-09 3.193E-09 1.778E-09 1.124E-09
  1.640E+02  7.574E-06 6.103E-06 5.094E-06 4.298E-06 3.728E-06 3.279E-06 2.906E-06 2.613E-06 2.365E-06 2.161E-06 1.974E-06 1.812E-06 1.561E-06 1.363E-06 1.013E-06 7.997E-07 6.361E-07 5.142E-07 2.889E-07 3.241E-07 3.854E-07 3.343E-07 3.116E-07 2.655E-07 2.221E-07 1.693E-07 1.322E-07 9.459E-08 8.400E-08 1.093E-07 8.416E-08 4.745E-08 3.716E-08 4.066E-08 4.807E-08 5.314E-08 4.987E-08 4.301E-08 4.525E-08 4.884E-08 4.061E-08 2.455E-08 2.205E-08 2.320E-08 1.765E-08 1.790E-08 1.867E-08 1.817E-08 1.792E-08 1.795E-08 1.999E-08 1.576E-08 1.460E-08 1.103E-08 9.716E-09 7.859E-09 6.138E-09 4.193E-09 3.223E-09 1.795E-09 1.135E-09
  1.660E+02  7.654E-06 6.055E-06 5.071E-06 4.243E-06 3.677E-06 3.246E-06 2.865E-06 2.576E-06 2.332E-06 2.134E-06 1.953E-06 1.798E-06 1.555E-06 1.362E-06 1.019E-06 8.072E-07 6.429E-07 5.198E-07 2.916E-07 3.255E-07 3.877E-07 3.365E-07 3.138E-07 2.673E-07 2.236E-07 1.704E-07 1.331E-07 9.514E-08 8.447E-08 1.100E-07 8.468E-08 4.773E-08 3.738E-08 4.090E-08 4.836E-08 5.347E-08 5.018E-08 4.329E-08 4.554E-08 4.916E-08 4.087E-08 2.472E-08 2.219E-08 2.335E-08 1.777E-08 1.802E-08 1.880E-08 1.830E-08 1.805E-08 1.809E-08 2.014E-08 1.588E-08 1.471E-08 1.111E-08 9.792E-09 7.921E-09 6.187E-09 4.227E-09 3.249E-09 1.810E-09 1.144E-09
  1.680E+02  7.498E-06 5.768E-06 4.892E-06 4.049E-06 3.487E-06 3.121E-06 2.756E-06 2.479E-06 2.248E-06 2.066E-06 1.902E-06 1.764E-06 1.535E-06 1.352E-06 1.021E-06 8.132E-07 6.490E-07 5.250E-07 2.941E-07 3.268E-07 3.897E-07 3.385E-07 3.157E-07 2.690E-07 2.249E-07 1.713E-07 1.338E-07 9.563E-08 8.488E-08 1.106E-07 8.513E-08 4.798E-08 3.757E-08 4.111E-08 4.862E-08 5.376E-08 5.046E-08 4.352E-08 4.579E-08 4.944E-08 4.111E-08 2.486E-08 2.232E-08 2.349E-08 1.788E-08 1.813E-08 1.892E-08 1.841E-08 1.816E-08 1.820E-08 2.027E-08 1.599E-08 1.480E-08 1.119E-08 9.858E-09 7.975E-09 6.230E-09 4.257E-09 3.272E-09 1.823E-09 1.153E-09
  1.700E+02  6.974E-06 5.203E-06 4.495E-06 3.703E-06 3.202E-06 2.911E-06 2.586E-06 2.340E-06 2.136E-06 1.978E-06 1.834E-06 1.717E-06 1.507E-06 1.339E-06 1.023E-06 8.187E-07 6.548E-07 5.298E-07 2.963E-07 3.279E-07 3.915E-07 3.403E-07 3.175E-07 2.705E-07 2.261E-07 1.722E-07 1.344E-07 9.606E-08 8.523E-08 1.111E-07 8.552E-08 4.819E-08 3.774E-08 4.130E-08 4.884E-08 5.401E-08 5.069E-08 4.373E-08 4.601E-08 4.968E-08 4.131E-08 2.498E-08 2.243E-08 2.360E-08 1.797E-08 1.822E-08 1.901E-08 1.851E-08 1.826E-08 1.830E-08 2.038E-08 1.608E-08 1.489E-08 1.125E-08 9.914E-09 8.021E-09 6.266E-09 4.282E-09 3.292E-09 1.834E-09 1.160E-09
  1.720E+02  6.219E-06 4.589E-06 4.020E-06 3.329E-06 2.941E-06 2.698E-06 2.417E-06 2.219E-06 2.045E-06 1.910E-06 1.781E-06 1.678E-06 1.488E-06 1.332E-06 1.028E-06 8.257E-07 6.609E-07 5.346E-07 2.984E-07 3.288E-07 3.930E-07 3.419E-07 3.190E-07 2.718E-07 2.272E-07 1.729E-07 1.350E-07 9.641E-08 8.553E-08 1.115E-07 8.585E-08 4.837E-08 3.787E-08 4.145E-08 4.902E-08 5.421E-08 5.089E-08 4.390E-08 4.619E-08 4.987E-08 4.147E-08 2.508E-08 2.252E-08 2.370E-08 1.804E-08 1.830E-08 1.910E-08 1.859E-08 1.834E-08 1.838E-08 2.047E-08 1.615E-08 1.496E-08 1.130E-08 9.961E-09 8.059E-09 6.297E-09 4.303E-09 3.308E-09 1.843E-09 1.166E-09
  1.740E+02  5.775E-06 4.403E-06 3.782E-06 3.210E-06 2.865E-06 2.624E-06 2.376E-06 2.197E-06 2.043E-06 1.914E-06 1.788E-06 1.683E-06 1.502E-06 1.346E-06 1.041E-06 8.359E-07 6.680E-07 5.395E-07 3.002E-07 3.295E-07 3.942E-07 3.432E-07 3.202E-07 2.729E-07 2.280E-07 1.734E-07 1.354E-07 9.669E-08 8.576E-08 1.118E-07 8.610E-08 4.851E-08 3.798E-08 4.156E-08 4.916E-08 5.437E-08 5.104E-08 4.403E-08 4.633E-08 5.003E-08 4.160E-08 2.516E-08 2.259E-08 2.377E-08 1.810E-08 1.836E-08 1.916E-08 1.865E-08 1.840E-08 1.845E-08 2.055E-08 1.621E-08 1.501E-08 1.134E-08 9.998E-09 8.089E-09 6.320E-09 4.320E-09 3.321E-09 1.850E-09 1.170E-09
  1.760E+02  6.151E-06 4.847E-06 4.104E-06 3.520E-06 3.084E-06 2.808E-06 2.547E-06 2.325E-06 2.156E-06 2.012E-06 1.871E-06 1.750E-06 1.556E-06 1.386E-06 1.063E-06 8.491E-07 6.758E-07 5.443E-07 3.016E-07 3.301E-07 3.951E-07 3.441E-07 3.211E-07 2.737E-07 2.286E-07 1.739E-07 1.357E-07 9.689E-08 8.592E-08 1.120E-07 8.629E-08 4.861E-08 3.806E-08 4.165E-08 4.926E-08 5.449E-08 5.115E-08 4.412E-08 4.643E-08 5.014E-08 4.169E-08 2.521E-08 2.264E-08 2.383E-08 1.814E-08 1.840E-08 1.920E-08 1.870E-08 1.844E-08 1.849E-08 2.060E-08 1.625E-08 1.505E-08 1.137E-08 1.002E-08 8.110E-09 6.337E-09 4.331E-09 3.330E-09 1.855E-09 1.174E-09
  1.780E+02  7.329E-06 5.838E-06 4.914E-06 4.142E-06 3.539E-06 3.177E-06 2.844E-06 2.546E-06 2.337E-06 2.160E-06 1.991E-06 1.846E-06 1.627E-06 1.435E-06 1.086E-06 8.612E-07 6.823E-07 5.480E-07 3.027E-07 3.304E-07 3.957E-07 3.447E-07 3.217E-07 2.742E-07 2.290E-07 1.741E-07 1.359E-07 9.701E-08 8.602E-08 1.122E-07 8.640E-08 4.867E-08 3.810E-08 4.170E-08 4.932E-08 5.456E-08 5.122E-08 4.418E-08 4.649E-08 5.020E-08 4.175E-08 2.524E-08 2.267E-08 2.386E-08 1.817E-08 1.843E-08 1.923E-08 1.873E-08 1.847E-08 1.852E-08 2.063E-08 1.627E-08 1.507E-08 1.139E-08 1.004E-08 8.123E-09 6.347E-09 4.338E-09 3.336E-09 1.859E-09 1.176E-09
  1.800E+02  8.293E-06 6.583E-06 5.463E-06 4.534E-06 3.819E-06 3.390E-06 3.007E-06 2.667E-06 2.435E-06 2.238E-06 2.052E-06 1.895E-06 1.662E-06 1.459E-06 1.096E-06 8.664E-07 6.849E-07 5.495E-07 3.031E-07 3.305E-07 3.959E-07 3.449E-07 3.219E-07 2.743E-07 2.291E-07 1.742E-07 1.359E-07 9.705E-08 8.605E-08 1.122E-07 8.643E-08 4.869E-08 3.812E-08 4.172E-08 4.934E-08 5.458E-08 5.124E-08 4.420E-08 4.651E-08 5.023E-08 4.177E-08 2.526E-08 2.268E-08 2.387E-08 1.818E-08 1.843E-08 1.924E-08 1.874E-08 1.848E-08 1.853E-08 2.064E-08 1.628E-08 1.508E-08 1.140E-08 1.004E-08 8.127E-09 6.351E-09 4.341E-09 3.337E-09 1.860E-09 1.176E-09
