# sulfate (0%)        
#
# size distribution: lognormal
# ------------------
#
#   minimum radius, [um]:      5.000E-03
#   maximum radius, [um]:      2.000E+01
#                  sigma:      2.030E+00
#       Rmod (wet), [um]:      6.950E-02
#       Rmod (dry), [um]:      6.950E-02
#
# optical parameters:
# -------------------
#
# wavelength ext.coef  sca.coef  abs.coef  si.sc.alb  asym.par  ext.nor    ref.real  ref.imag
#     [um]     [1/km]    [1/km]    [1/km]
#
#  2.500E-01 1.131E-04 1.131E-04 1.349E-11 1.000E+00 0.700E+00 1.589E+00  1.484E+00 -1.000E-08
#  3.000E-01 1.084E-04 1.084E-04 0.000E+00 1.000E+00 0.709E+00 1.522E+00  1.469E+00 -1.000E-08
#  3.500E-01 1.009E-04 1.009E-04 2.406E-11 1.000E+00 0.718E+00 1.418E+00  1.452E+00 -1.000E-08
#  4.000E-01 9.279E-05 9.279E-05 5.530E-12 1.000E+00 0.723E+00 1.303E+00  1.440E+00 -1.000E-08
#  4.500E-01 8.469E-05 8.469E-05 1.514E-11 1.000E+00 0.724E+00 1.190E+00  1.432E+00 -1.000E-08
#  5.000E-01 7.775E-05 7.775E-05 1.390E-11 1.000E+00 0.721E+00 1.092E+00  1.431E+00 -1.000E-08
#  5.500E-01 7.120E-05 7.120E-05 0.000E+00 1.000E+00 0.717E+00 1.000E+00  1.430E+00 -1.000E-08
#  6.000E-01 6.510E-05 6.510E-05 1.552E-11 1.000E+00 0.712E+00 9.143E-01  1.429E+00 -1.470E-08
#  6.500E-01 5.963E-05 5.963E-05 1.422E-11 1.000E+00 0.707E+00 8.376E-01  1.429E+00 -1.670E-08
#  7.000E-01 5.449E-05 5.449E-05 9.744E-12 1.000E+00 0.702E+00 7.654E-01  1.428E+00 -2.050E-08
#  7.500E-01 4.981E-05 4.981E-05 2.375E-11 1.000E+00 0.696E+00 6.996E-01  1.427E+00 -7.170E-08
#  8.000E-01 4.556E-05 4.556E-05 2.444E-11 1.000E+00 0.691E+00 6.399E-01  1.426E+00 -8.630E-08
#  9.000E-01 3.834E-05 3.834E-05 7.085E-11 1.000E+00 0.679E+00 5.385E-01  1.425E+00 -2.550E-07
#  1.000E+00 3.220E-05 3.220E-05 3.724E-10 1.000E+00 0.668E+00 4.523E-01  1.422E+00 -1.530E-06
#  1.250E+00 2.111E-05 2.111E-05 1.259E-09 9.999E-01 0.641E+00 2.965E-01  1.413E+00 -6.940E-06
#  1.500E+00 1.416E-05 1.415E-05 1.702E-08 9.988E-01 0.614E+00 1.989E-01  1.403E+00 -1.200E-04
#  1.750E+00 9.802E-06 9.754E-06 4.785E-08 9.951E-01 0.587E+00 1.377E-01  1.394E+00 -4.160E-04
#  2.000E+00 6.952E-06 6.831E-06 1.211E-07 9.826E-01 0.561E+00 9.764E-02  1.384E+00 -1.260E-03
#  2.500E+00 3.439E-06 3.170E-06 2.685E-07 9.219E-01 0.513E+00 4.830E-02  1.344E+00 -3.760E-03
#  3.000E+00 6.413E-06 1.280E-06 5.133E-06 1.996E-01 0.441E+00 9.007E-02  1.293E+00 -9.550E-02
#  3.200E+00 7.847E-06 1.221E-06 6.626E-06 1.556E-01 0.413E+00 1.102E-01  1.311E+00 -1.350E-01
#  3.390E+00 8.465E-06 1.296E-06 7.169E-06 1.531E-01 0.394E+00 1.189E-01  1.350E+00 -1.578E-01
#  3.500E+00 8.242E-06 1.341E-06 6.901E-06 1.627E-01 0.387E+00 1.158E-01  1.376E+00 -1.580E-01
#  3.750E+00 6.553E-06 1.212E-06 5.341E-06 1.849E-01 0.377E+00 9.204E-02  1.396E+00 -1.310E-01
#  4.000E+00 5.773E-06 9.661E-07 4.807E-06 1.674E-01 0.361E+00 8.108E-02  1.385E+00 -1.260E-01
#  4.500E+00 4.719E-06 6.919E-07 4.027E-06 1.466E-01 0.333E+00 6.629E-02  1.385E+00 -1.200E-01
#  5.000E+00 4.101E-06 4.516E-07 3.649E-06 1.101E-01 0.305E+00 5.760E-02  1.360E+00 -1.210E-01
#  5.500E+00 5.301E-06 3.263E-07 4.974E-06 6.156E-02 0.269E+00 7.445E-02  1.337E+00 -1.830E-01
#  6.000E+00 5.000E-06 3.649E-07 4.635E-06 7.298E-02 0.255E+00 7.023E-02  1.425E+00 -1.950E-01
#  6.200E+00 4.123E-06 3.202E-07 3.803E-06 7.766E-02 0.253E+00 5.791E-02  1.424E+00 -1.650E-01
#  6.500E+00 3.103E-06 2.126E-07 2.890E-06 6.852E-02 0.244E+00 4.358E-02  1.370E+00 -1.280E-01
#  7.200E+00 3.898E-06 7.364E-08 3.824E-06 1.889E-02 0.201E+00 5.475E-02  1.210E+00 -1.760E-01
#  7.900E+00 1.015E-05 1.704E-07 9.983E-06 1.678E-02 0.147E+00 1.426E-01  1.140E+00 -4.880E-01
#  8.200E+00 1.263E-05 2.615E-07 1.237E-05 2.070E-02 0.132E+00 1.774E-01  1.200E+00 -6.450E-01
#  8.500E+00 1.273E-05 3.390E-07 1.239E-05 2.664E-02 0.128E+00 1.787E-01  1.370E+00 -7.550E-01
#  8.700E+00 1.132E-05 3.647E-07 1.096E-05 3.222E-02 0.133E+00 1.590E-01  1.530E+00 -7.720E-01
#  9.000E+00 8.389E-06 3.001E-07 8.089E-06 3.577E-02 0.147E+00 1.178E-01  1.650E+00 -6.330E-01
#  9.200E+00 7.878E-06 2.464E-07 7.632E-06 3.128E-02 0.145E+00 1.107E-01  1.600E+00 -5.860E-01
#  9.500E+00 9.057E-06 3.002E-07 8.757E-06 3.315E-02 0.132E+00 1.272E-01  1.670E+00 -7.500E-01
#  9.800E+00 6.799E-06 3.147E-07 6.484E-06 4.629E-02 0.147E+00 9.549E-02  1.910E+00 -6.800E-01
#  1.000E+01 4.699E-06 2.447E-07 4.455E-06 5.207E-02 0.165E+00 6.600E-02  1.890E+00 -4.550E-01
#  1.060E+01 3.715E-06 1.414E-07 3.573E-06 3.808E-02 0.156E+00 5.217E-02  1.720E+00 -3.400E-01
#  1.100E+01 5.146E-06 1.317E-07 5.015E-06 2.559E-02 0.134E+00 7.228E-02  1.670E+00 -4.850E-01
#  1.150E+01 3.306E-06 1.444E-07 3.161E-06 4.368E-02 0.153E+00 4.643E-02  1.890E+00 -3.740E-01
#  1.250E+01 1.807E-06 7.596E-08 1.731E-06 4.205E-02 0.145E+00 2.538E-02  1.740E+00 -1.980E-01
#  1.300E+01 1.754E-06 5.886E-08 1.696E-06 3.355E-02 0.135E+00 2.464E-02  1.690E+00 -1.950E-01
#  1.400E+01 1.665E-06 3.979E-08 1.626E-06 2.389E-02 0.121E+00 2.339E-02  1.640E+00 -1.950E-01
#  1.480E+01 1.678E-06 3.024E-08 1.647E-06 1.803E-02 0.110E+00 2.356E-02  1.610E+00 -2.050E-01
#  1.500E+01 1.724E-06 2.746E-08 1.696E-06 1.593E-02 0.107E+00 2.421E-02  1.590E+00 -2.110E-01
#  1.640E+01 3.193E-06 2.218E-08 3.171E-06 6.947E-03 0.823E-01 4.485E-02  1.520E+00 -4.140E-01
#  1.720E+01 3.641E-06 3.283E-08 3.608E-06 9.016E-03 0.797E-01 5.114E-02  1.724E+00 -5.900E-01
#  1.800E+01 2.354E-07 2.830E-08 2.071E-07 1.202E-01 0.117E+00 3.307E-03  1.950E+00 -4.100E-02
#  1.850E+01 1.757E-07 2.450E-08 1.512E-07 1.395E-01 0.112E+00 2.468E-03  1.927E+00 -3.025E-02
#  2.000E+01 1.325E-07 1.491E-08 1.176E-07 1.125E-01 0.940E-01 1.861E-03  1.823E+00 -2.352E-02
#  2.130E+01 1.416E-06 1.163E-08 1.404E-06 8.210E-03 0.731E-01 1.989E-02  1.780E+00 -2.925E-01
#  2.250E+01 1.443E-07 1.019E-08 1.341E-07 7.062E-02 0.816E-01 2.027E-03  1.870E+00 -3.150E-02
#  2.500E+01 7.317E-07 7.565E-09 7.241E-07 1.034E-02 0.672E-01 1.028E-02  1.930E+00 -2.000E-01
#  2.790E+01 5.921E-07 4.787E-09 5.873E-07 8.084E-03 0.569E-01 8.317E-03  1.920E+00 -1.800E-01
#  3.000E+01 5.488E-07 3.584E-09 5.453E-07 6.529E-03 0.506E-01 7.709E-03  1.920E+00 -1.800E-01
#  3.500E+01 5.017E-07 1.883E-09 4.998E-07 3.753E-03 0.384E-01 7.046E-03  1.900E+00 -1.900E-01
#  4.000E+01 5.100E-07 1.101E-09 5.089E-07 2.158E-03 0.300E-01 7.164E-03  1.890E+00 -2.200E-01
#
# volume phase function [1/km]:
# -----------------------------
#
# sca.ang. | wavelengths --->
# ---------|------------------
#          | 2.500E-01 3.000E-01 3.500E-01 4.000E-01 4.500E-01 5.000E-01 5.500E-01 6.000E-01 6.500E-01 7.000E-01 7.500E-01 8.000E-01 9.000E-01 1.000E+00 1.250E+00 1.500E+00 1.750E+00 2.000E+00 2.500E+00 3.000E+00 3.200E+00 3.390E+00 3.500E+00 3.750E+00 4.000E+00 4.500E+00 5.000E+00 5.500E+00 6.000E+00 6.200E+00 6.500E+00 7.200E+00 7.900E+00 8.200E+00 8.500E+00 8.700E+00 9.000E+00 9.200E+00 9.500E+00 9.800E+00 1.000E+01 1.060E+01 1.100E+01 1.150E+01 1.250E+01 1.300E+01 1.400E+01 1.480E+01 1.500E+01 1.640E+01 1.720E+01 1.800E+01 1.850E+01 2.000E+01 2.130E+01 2.250E+01 2.500E+01 2.790E+01 3.000E+01 3.500E+01 4.000E+01
#
  0.000E+00  3.492E-04 2.675E-04 2.132E-04 1.750E-04 1.455E-04 1.223E-04 1.038E-04 8.892E-05 7.665E-05 6.642E-05 5.781E-05 5.060E-05 3.918E-05 3.071E-05 1.742E-05 1.038E-05 6.450E-06 4.124E-06 1.663E-06 5.448E-07 4.726E-07 4.662E-07 4.678E-07 4.063E-07 3.106E-07 2.050E-07 1.244E-07 8.144E-08 8.589E-08 7.488E-08 4.908E-08 1.541E-08 3.067E-08 4.506E-08 5.724E-08 6.165E-08 5.198E-08 4.260E-08 5.001E-08 5.342E-08 4.307E-08 2.466E-08 2.192E-08 2.462E-08 1.284E-08 9.763E-09 6.393E-09 4.745E-09 4.276E-09 3.259E-09 4.759E-09 4.408E-09 3.779E-09 2.221E-09 1.653E-09 1.473E-09 1.056E-09 6.525E-10 4.815E-10 2.460E-10 1.410E-10
  1.000E-01  3.491E-04 2.674E-04 2.132E-04 1.750E-04 1.455E-04 1.223E-04 1.038E-04 8.891E-05 7.665E-05 6.641E-05 5.781E-05 5.060E-05 3.918E-05 3.071E-05 1.742E-05 1.038E-05 6.449E-06 4.124E-06 1.663E-06 5.448E-07 4.726E-07 4.662E-07 4.678E-07 4.063E-07 3.106E-07 2.050E-07 1.244E-07 8.144E-08 8.589E-08 7.488E-08 4.908E-08 1.541E-08 3.067E-08 4.506E-08 5.724E-08 6.165E-08 5.198E-08 4.260E-08 5.001E-08 5.342E-08 4.307E-08 2.466E-08 2.192E-08 2.462E-08 1.284E-08 9.763E-09 6.393E-09 4.745E-09 4.276E-09 3.259E-09 4.759E-09 4.408E-09 3.779E-09 2.221E-09 1.653E-09 1.473E-09 1.056E-09 6.525E-10 4.815E-10 2.460E-10 1.410E-10
  2.000E-01  3.488E-04 2.673E-04 2.131E-04 1.750E-04 1.455E-04 1.223E-04 1.038E-04 8.890E-05 7.664E-05 6.641E-05 5.781E-05 5.060E-05 3.918E-05 3.071E-05 1.742E-05 1.038E-05 6.449E-06 4.124E-06 1.663E-06 5.448E-07 4.726E-07 4.662E-07 4.678E-07 4.063E-07 3.106E-07 2.050E-07 1.244E-07 8.143E-08 8.589E-08 7.488E-08 4.908E-08 1.541E-08 3.067E-08 4.506E-08 5.724E-08 6.165E-08 5.198E-08 4.260E-08 5.001E-08 5.342E-08 4.307E-08 2.466E-08 2.192E-08 2.462E-08 1.284E-08 9.763E-09 6.393E-09 4.745E-09 4.276E-09 3.259E-09 4.759E-09 4.408E-09 3.779E-09 2.221E-09 1.653E-09 1.473E-09 1.056E-09 6.525E-10 4.815E-10 2.460E-10 1.410E-10
  3.000E-01  3.483E-04 2.670E-04 2.129E-04 1.749E-04 1.454E-04 1.222E-04 1.038E-04 8.888E-05 7.662E-05 6.639E-05 5.780E-05 5.059E-05 3.917E-05 3.070E-05 1.741E-05 1.037E-05 6.449E-06 4.123E-06 1.663E-06 5.448E-07 4.726E-07 4.662E-07 4.678E-07 4.063E-07 3.106E-07 2.050E-07 1.244E-07 8.143E-08 8.589E-08 7.488E-08 4.907E-08 1.541E-08 3.067E-08 4.506E-08 5.724E-08 6.165E-08 5.198E-08 4.260E-08 5.000E-08 5.342E-08 4.307E-08 2.466E-08 2.192E-08 2.462E-08 1.284E-08 9.763E-09 6.393E-09 4.745E-09 4.276E-09 3.259E-09 4.759E-09 4.408E-09 3.779E-09 2.221E-09 1.653E-09 1.473E-09 1.056E-09 6.525E-10 4.815E-10 2.459E-10 1.410E-10
  4.000E-01  3.477E-04 2.667E-04 2.127E-04 1.747E-04 1.453E-04 1.222E-04 1.038E-04 8.885E-05 7.660E-05 6.638E-05 5.778E-05 5.058E-05 3.916E-05 3.070E-05 1.741E-05 1.037E-05 6.448E-06 4.123E-06 1.663E-06 5.447E-07 4.726E-07 4.661E-07 4.678E-07 4.063E-07 3.106E-07 2.050E-07 1.244E-07 8.143E-08 8.588E-08 7.488E-08 4.907E-08 1.541E-08 3.067E-08 4.506E-08 5.723E-08 6.165E-08 5.198E-08 4.260E-08 5.000E-08 5.342E-08 4.307E-08 2.466E-08 2.192E-08 2.462E-08 1.284E-08 9.763E-09 6.393E-09 4.745E-09 4.276E-09 3.259E-09 4.759E-09 4.408E-09 3.779E-09 2.221E-09 1.653E-09 1.473E-09 1.056E-09 6.525E-10 4.815E-10 2.459E-10 1.409E-10
  5.000E-01  3.468E-04 2.662E-04 2.125E-04 1.746E-04 1.452E-04 1.221E-04 1.037E-04 8.881E-05 7.657E-05 6.635E-05 5.777E-05 5.056E-05 3.916E-05 3.069E-05 1.741E-05 1.037E-05 6.447E-06 4.123E-06 1.663E-06 5.447E-07 4.725E-07 4.661E-07 4.677E-07 4.063E-07 3.105E-07 2.050E-07 1.244E-07 8.143E-08 8.588E-08 7.488E-08 4.907E-08 1.541E-08 3.067E-08 4.506E-08 5.723E-08 6.165E-08 5.197E-08 4.260E-08 5.000E-08 5.342E-08 4.307E-08 2.466E-08 2.192E-08 2.462E-08 1.284E-08 9.762E-09 6.393E-09 4.745E-09 4.276E-09 3.259E-09 4.759E-09 4.408E-09 3.779E-09 2.221E-09 1.653E-09 1.473E-09 1.056E-09 6.524E-10 4.815E-10 2.459E-10 1.409E-10
  6.000E-01  3.458E-04 2.657E-04 2.122E-04 1.744E-04 1.451E-04 1.220E-04 1.036E-04 8.877E-05 7.654E-05 6.633E-05 5.774E-05 5.054E-05 3.914E-05 3.068E-05 1.741E-05 1.037E-05 6.446E-06 4.122E-06 1.663E-06 5.446E-07 4.725E-07 4.661E-07 4.677E-07 4.062E-07 3.105E-07 2.049E-07 1.244E-07 8.142E-08 8.588E-08 7.487E-08 4.907E-08 1.541E-08 3.067E-08 4.506E-08 5.723E-08 6.165E-08 5.197E-08 4.260E-08 5.000E-08 5.342E-08 4.307E-08 2.466E-08 2.192E-08 2.462E-08 1.284E-08 9.762E-09 6.393E-09 4.745E-09 4.276E-09 3.258E-09 4.759E-09 4.408E-09 3.779E-09 2.221E-09 1.653E-09 1.473E-09 1.056E-09 6.524E-10 4.815E-10 2.459E-10 1.409E-10
  7.000E-01  3.446E-04 2.651E-04 2.118E-04 1.742E-04 1.450E-04 1.219E-04 1.036E-04 8.871E-05 7.650E-05 6.629E-05 5.772E-05 5.052E-05 3.913E-05 3.067E-05 1.740E-05 1.037E-05 6.445E-06 4.121E-06 1.663E-06 5.446E-07 4.724E-07 4.660E-07 4.677E-07 4.062E-07 3.105E-07 2.049E-07 1.244E-07 8.142E-08 8.587E-08 7.487E-08 4.907E-08 1.541E-08 3.067E-08 4.505E-08 5.723E-08 6.164E-08 5.197E-08 4.259E-08 5.000E-08 5.342E-08 4.307E-08 2.466E-08 2.192E-08 2.462E-08 1.284E-08 9.762E-09 6.393E-09 4.745E-09 4.275E-09 3.258E-09 4.759E-09 4.408E-09 3.779E-09 2.221E-09 1.653E-09 1.473E-09 1.056E-09 6.524E-10 4.814E-10 2.459E-10 1.409E-10
  8.000E-01  3.432E-04 2.644E-04 2.114E-04 1.739E-04 1.448E-04 1.218E-04 1.035E-04 8.865E-05 7.645E-05 6.626E-05 5.769E-05 5.050E-05 3.911E-05 3.066E-05 1.740E-05 1.037E-05 6.444E-06 4.121E-06 1.662E-06 5.445E-07 4.724E-07 4.660E-07 4.676E-07 4.062E-07 3.105E-07 2.049E-07 1.244E-07 8.141E-08 8.587E-08 7.487E-08 4.906E-08 1.541E-08 3.067E-08 4.505E-08 5.723E-08 6.164E-08 5.197E-08 4.259E-08 5.000E-08 5.342E-08 4.307E-08 2.466E-08 2.192E-08 2.462E-08 1.284E-08 9.762E-09 6.392E-09 4.744E-09 4.275E-09 3.258E-09 4.758E-09 4.408E-09 3.778E-09 2.221E-09 1.653E-09 1.473E-09 1.056E-09 6.524E-10 4.814E-10 2.459E-10 1.409E-10
  9.000E-01  3.417E-04 2.636E-04 2.110E-04 1.736E-04 1.446E-04 1.217E-04 1.034E-04 8.858E-05 7.640E-05 6.622E-05 5.766E-05 5.047E-05 3.910E-05 3.065E-05 1.739E-05 1.036E-05 6.442E-06 4.120E-06 1.662E-06 5.444E-07 4.723E-07 4.659E-07 4.676E-07 4.061E-07 3.104E-07 2.049E-07 1.244E-07 8.141E-08 8.586E-08 7.486E-08 4.906E-08 1.541E-08 3.067E-08 4.505E-08 5.723E-08 6.164E-08 5.197E-08 4.259E-08 5.000E-08 5.342E-08 4.307E-08 2.465E-08 2.192E-08 2.462E-08 1.284E-08 9.761E-09 6.392E-09 4.744E-09 4.275E-09 3.258E-09 4.758E-09 4.407E-09 3.778E-09 2.221E-09 1.652E-09 1.473E-09 1.056E-09 6.524E-10 4.814E-10 2.459E-10 1.409E-10
  1.000E+00  3.401E-04 2.627E-04 2.105E-04 1.733E-04 1.444E-04 1.215E-04 1.033E-04 8.850E-05 7.634E-05 6.617E-05 5.762E-05 5.044E-05 3.908E-05 3.064E-05 1.739E-05 1.036E-05 6.441E-06 4.119E-06 1.662E-06 5.443E-07 4.723E-07 4.659E-07 4.675E-07 4.061E-07 3.104E-07 2.049E-07 1.243E-07 8.140E-08 8.586E-08 7.486E-08 4.906E-08 1.541E-08 3.067E-08 4.505E-08 5.722E-08 6.164E-08 5.196E-08 4.259E-08 4.999E-08 5.341E-08 4.306E-08 2.465E-08 2.192E-08 2.462E-08 1.284E-08 9.761E-09 6.392E-09 4.744E-09 4.275E-09 3.258E-09 4.758E-09 4.407E-09 3.778E-09 2.221E-09 1.652E-09 1.473E-09 1.056E-09 6.524E-10 4.814E-10 2.459E-10 1.409E-10
  1.100E+00  3.383E-04 2.618E-04 2.099E-04 1.730E-04 1.442E-04 1.214E-04 1.032E-04 8.841E-05 7.627E-05 6.612E-05 5.758E-05 5.041E-05 3.906E-05 3.062E-05 1.738E-05 1.036E-05 6.439E-06 4.118E-06 1.661E-06 5.442E-07 4.722E-07 4.658E-07 4.675E-07 4.060E-07 3.104E-07 2.049E-07 1.243E-07 8.139E-08 8.585E-08 7.485E-08 4.905E-08 1.541E-08 3.066E-08 4.505E-08 5.722E-08 6.163E-08 5.196E-08 4.259E-08 4.999E-08 5.341E-08 4.306E-08 2.465E-08 2.192E-08 2.461E-08 1.284E-08 9.760E-09 6.392E-09 4.744E-09 4.275E-09 3.258E-09 4.758E-09 4.407E-09 3.778E-09 2.221E-09 1.652E-09 1.473E-09 1.056E-09 6.523E-10 4.814E-10 2.459E-10 1.409E-10
  1.200E+00  3.364E-04 2.607E-04 2.093E-04 1.726E-04 1.439E-04 1.212E-04 1.030E-04 8.832E-05 7.620E-05 6.606E-05 5.754E-05 5.038E-05 3.903E-05 3.061E-05 1.737E-05 1.035E-05 6.437E-06 4.117E-06 1.661E-06 5.441E-07 4.721E-07 4.657E-07 4.674E-07 4.060E-07 3.103E-07 2.048E-07 1.243E-07 8.139E-08 8.584E-08 7.485E-08 4.905E-08 1.540E-08 3.066E-08 4.504E-08 5.722E-08 6.163E-08 5.196E-08 4.259E-08 4.999E-08 5.341E-08 4.306E-08 2.465E-08 2.192E-08 2.461E-08 1.284E-08 9.760E-09 6.391E-09 4.744E-09 4.275E-09 3.258E-09 4.758E-09 4.407E-09 3.778E-09 2.221E-09 1.652E-09 1.472E-09 1.056E-09 6.523E-10 4.814E-10 2.459E-10 1.409E-10
  1.300E+00  3.344E-04 2.597E-04 2.087E-04 1.722E-04 1.437E-04 1.210E-04 1.029E-04 8.822E-05 7.612E-05 6.600E-05 5.749E-05 5.034E-05 3.901E-05 3.059E-05 1.736E-05 1.035E-05 6.435E-06 4.115E-06 1.660E-06 5.440E-07 4.720E-07 4.657E-07 4.673E-07 4.059E-07 3.103E-07 2.048E-07 1.243E-07 8.138E-08 8.583E-08 7.484E-08 4.905E-08 1.540E-08 3.066E-08 4.504E-08 5.721E-08 6.163E-08 5.196E-08 4.258E-08 4.999E-08 5.341E-08 4.306E-08 2.465E-08 2.191E-08 2.461E-08 1.283E-08 9.759E-09 6.391E-09 4.743E-09 4.274E-09 3.258E-09 4.757E-09 4.407E-09 3.778E-09 2.221E-09 1.652E-09 1.472E-09 1.056E-09 6.523E-10 4.814E-10 2.459E-10 1.409E-10
  1.400E+00  3.323E-04 2.585E-04 2.080E-04 1.718E-04 1.434E-04 1.208E-04 1.028E-04 8.811E-05 7.604E-05 6.594E-05 5.744E-05 5.030E-05 3.898E-05 3.057E-05 1.735E-05 1.034E-05 6.432E-06 4.114E-06 1.660E-06 5.439E-07 4.719E-07 4.656E-07 4.672E-07 4.058E-07 3.102E-07 2.048E-07 1.243E-07 8.137E-08 8.583E-08 7.483E-08 4.904E-08 1.540E-08 3.066E-08 4.504E-08 5.721E-08 6.162E-08 5.195E-08 4.258E-08 4.998E-08 5.340E-08 4.306E-08 2.465E-08 2.191E-08 2.461E-08 1.283E-08 9.759E-09 6.391E-09 4.743E-09 4.274E-09 3.257E-09 4.757E-09 4.407E-09 3.777E-09 2.221E-09 1.652E-09 1.472E-09 1.055E-09 6.523E-10 4.813E-10 2.459E-10 1.409E-10
  1.500E+00  3.301E-04 2.573E-04 2.073E-04 1.713E-04 1.431E-04 1.206E-04 1.026E-04 8.799E-05 7.595E-05 6.587E-05 5.738E-05 5.025E-05 3.895E-05 3.055E-05 1.735E-05 1.034E-05 6.430E-06 4.113E-06 1.659E-06 5.438E-07 4.718E-07 4.655E-07 4.671E-07 4.058E-07 3.102E-07 2.047E-07 1.243E-07 8.136E-08 8.582E-08 7.482E-08 4.904E-08 1.540E-08 3.066E-08 4.503E-08 5.721E-08 6.162E-08 5.195E-08 4.258E-08 4.998E-08 5.340E-08 4.305E-08 2.465E-08 2.191E-08 2.461E-08 1.283E-08 9.758E-09 6.390E-09 4.743E-09 4.274E-09 3.257E-09 4.757E-09 4.406E-09 3.777E-09 2.220E-09 1.652E-09 1.472E-09 1.055E-09 6.522E-10 4.813E-10 2.459E-10 1.409E-10
  1.600E+00  3.278E-04 2.560E-04 2.065E-04 1.708E-04 1.427E-04 1.204E-04 1.024E-04 8.787E-05 7.585E-05 6.580E-05 5.733E-05 5.020E-05 3.892E-05 3.053E-05 1.734E-05 1.033E-05 6.427E-06 4.111E-06 1.659E-06 5.436E-07 4.717E-07 4.654E-07 4.671E-07 4.057E-07 3.101E-07 2.047E-07 1.242E-07 8.135E-08 8.581E-08 7.482E-08 4.903E-08 1.540E-08 3.065E-08 4.503E-08 5.720E-08 6.161E-08 5.195E-08 4.257E-08 4.998E-08 5.339E-08 4.305E-08 2.464E-08 2.191E-08 2.461E-08 1.283E-08 9.758E-09 6.390E-09 4.743E-09 4.274E-09 3.257E-09 4.757E-09 4.406E-09 3.777E-09 2.220E-09 1.652E-09 1.472E-09 1.055E-09 6.522E-10 4.813E-10 2.458E-10 1.409E-10
  1.700E+00  3.255E-04 2.547E-04 2.058E-04 1.703E-04 1.424E-04 1.201E-04 1.023E-04 8.774E-05 7.575E-05 6.572E-05 5.726E-05 5.015E-05 3.889E-05 3.050E-05 1.733E-05 1.033E-05 6.424E-06 4.109E-06 1.658E-06 5.434E-07 4.716E-07 4.653E-07 4.670E-07 4.056E-07 3.101E-07 2.047E-07 1.242E-07 8.134E-08 8.580E-08 7.481E-08 4.902E-08 1.540E-08 3.065E-08 4.503E-08 5.720E-08 6.161E-08 5.194E-08 4.257E-08 4.997E-08 5.339E-08 4.305E-08 2.464E-08 2.191E-08 2.461E-08 1.283E-08 9.757E-09 6.389E-09 4.742E-09 4.273E-09 3.257E-09 4.756E-09 4.406E-09 3.777E-09 2.220E-09 1.652E-09 1.472E-09 1.055E-09 6.522E-10 4.813E-10 2.458E-10 1.409E-10
  1.800E+00  3.231E-04 2.534E-04 2.050E-04 1.698E-04 1.420E-04 1.199E-04 1.021E-04 8.760E-05 7.565E-05 6.564E-05 5.720E-05 5.010E-05 3.885E-05 3.048E-05 1.731E-05 1.032E-05 6.421E-06 4.108E-06 1.658E-06 5.433E-07 4.714E-07 4.652E-07 4.668E-07 4.055E-07 3.100E-07 2.046E-07 1.242E-07 8.133E-08 8.579E-08 7.480E-08 4.902E-08 1.540E-08 3.065E-08 4.502E-08 5.719E-08 6.160E-08 5.194E-08 4.257E-08 4.997E-08 5.339E-08 4.304E-08 2.464E-08 2.191E-08 2.460E-08 1.283E-08 9.756E-09 6.389E-09 4.742E-09 4.273E-09 3.257E-09 4.756E-09 4.405E-09 3.777E-09 2.220E-09 1.652E-09 1.472E-09 1.055E-09 6.521E-10 4.812E-10 2.458E-10 1.409E-10
  1.900E+00  3.206E-04 2.520E-04 2.041E-04 1.693E-04 1.417E-04 1.196E-04 1.019E-04 8.746E-05 7.554E-05 6.555E-05 5.713E-05 5.005E-05 3.881E-05 3.045E-05 1.730E-05 1.032E-05 6.418E-06 4.106E-06 1.657E-06 5.431E-07 4.713E-07 4.650E-07 4.667E-07 4.054E-07 3.099E-07 2.046E-07 1.242E-07 8.131E-08 8.577E-08 7.479E-08 4.901E-08 1.539E-08 3.064E-08 4.502E-08 5.719E-08 6.160E-08 5.193E-08 4.256E-08 4.996E-08 5.338E-08 4.304E-08 2.464E-08 2.191E-08 2.460E-08 1.283E-08 9.755E-09 6.388E-09 4.742E-09 4.273E-09 3.256E-09 4.756E-09 4.405E-09 3.776E-09 2.220E-09 1.652E-09 1.472E-09 1.055E-09 6.521E-10 4.812E-10 2.458E-10 1.409E-10
  2.000E+00  3.180E-04 2.505E-04 2.032E-04 1.687E-04 1.413E-04 1.193E-04 1.017E-04 8.731E-05 7.542E-05 6.546E-05 5.706E-05 4.999E-05 3.878E-05 3.043E-05 1.729E-05 1.031E-05 6.415E-06 4.104E-06 1.656E-06 5.429E-07 4.712E-07 4.649E-07 4.666E-07 4.054E-07 3.099E-07 2.046E-07 1.242E-07 8.130E-08 8.576E-08 7.478E-08 4.900E-08 1.539E-08 3.064E-08 4.501E-08 5.718E-08 6.159E-08 5.193E-08 4.256E-08 4.996E-08 5.338E-08 4.304E-08 2.464E-08 2.190E-08 2.460E-08 1.283E-08 9.755E-09 6.388E-09 4.741E-09 4.272E-09 3.256E-09 4.755E-09 4.405E-09 3.776E-09 2.220E-09 1.652E-09 1.472E-09 1.055E-09 6.520E-10 4.812E-10 2.458E-10 1.409E-10
  3.000E+00  2.908E-04 2.345E-04 1.933E-04 1.621E-04 1.367E-04 1.160E-04 9.928E-05 8.547E-05 7.400E-05 6.434E-05 5.617E-05 4.926E-05 3.829E-05 3.008E-05 1.714E-05 1.023E-05 6.372E-06 4.079E-06 1.648E-06 5.406E-07 4.694E-07 4.633E-07 4.651E-07 4.041E-07 3.090E-07 2.040E-07 1.239E-07 8.113E-08 8.560E-08 7.464E-08 4.892E-08 1.537E-08 3.060E-08 4.496E-08 5.711E-08 6.152E-08 5.187E-08 4.251E-08 4.990E-08 5.332E-08 4.299E-08 2.461E-08 2.188E-08 2.457E-08 1.281E-08 9.744E-09 6.381E-09 4.736E-09 4.268E-09 3.253E-09 4.751E-09 4.401E-09 3.773E-09 2.218E-09 1.650E-09 1.470E-09 1.054E-09 6.515E-10 4.808E-10 2.456E-10 1.407E-10
  4.000E+00  2.627E-04 2.171E-04 1.820E-04 1.544E-04 1.312E-04 1.120E-04 9.625E-05 8.314E-05 7.218E-05 6.290E-05 5.501E-05 4.831E-05 3.765E-05 2.963E-05 1.693E-05 1.013E-05 6.313E-06 4.045E-06 1.636E-06 5.374E-07 4.669E-07 4.612E-07 4.630E-07 4.025E-07 3.078E-07 2.033E-07 1.235E-07 8.090E-08 8.539E-08 7.445E-08 4.879E-08 1.533E-08 3.054E-08 4.488E-08 5.702E-08 6.142E-08 5.178E-08 4.244E-08 4.983E-08 5.324E-08 4.292E-08 2.457E-08 2.185E-08 2.454E-08 1.280E-08 9.730E-09 6.372E-09 4.730E-09 4.262E-09 3.249E-09 4.745E-09 4.395E-09 3.768E-09 2.215E-09 1.648E-09 1.469E-09 1.053E-09 6.507E-10 4.802E-10 2.453E-10 1.406E-10
  5.000E+00  2.361E-04 1.997E-04 1.704E-04 1.461E-04 1.252E-04 1.075E-04 9.281E-05 8.044E-05 7.006E-05 6.120E-05 5.363E-05 4.717E-05 3.687E-05 2.907E-05 1.667E-05 9.992E-06 6.240E-06 4.003E-06 1.621E-06 5.333E-07 4.638E-07 4.584E-07 4.604E-07 4.003E-07 3.062E-07 2.024E-07 1.230E-07 8.060E-08 8.511E-08 7.421E-08 4.863E-08 1.528E-08 3.047E-08 4.478E-08 5.689E-08 6.129E-08 5.167E-08 4.235E-08 4.973E-08 5.313E-08 4.283E-08 2.452E-08 2.180E-08 2.449E-08 1.277E-08 9.711E-09 6.360E-09 4.721E-09 4.254E-09 3.243E-09 4.737E-09 4.388E-09 3.761E-09 2.211E-09 1.645E-09 1.466E-09 1.051E-09 6.497E-10 4.795E-10 2.450E-10 1.404E-10
  6.000E+00  2.118E-04 1.831E-04 1.588E-04 1.376E-04 1.189E-04 1.027E-04 8.909E-05 7.750E-05 6.771E-05 5.930E-05 5.208E-05 4.589E-05 3.598E-05 2.843E-05 1.636E-05 9.835E-06 6.152E-06 3.952E-06 1.603E-06 5.284E-07 4.600E-07 4.551E-07 4.572E-07 3.977E-07 3.043E-07 2.013E-07 1.223E-07 8.024E-08 8.477E-08 7.392E-08 4.844E-08 1.523E-08 3.038E-08 4.465E-08 5.674E-08 6.113E-08 5.154E-08 4.224E-08 4.960E-08 5.301E-08 4.273E-08 2.446E-08 2.175E-08 2.443E-08 1.274E-08 9.689E-09 6.346E-09 4.711E-09 4.245E-09 3.236E-09 4.728E-09 4.378E-09 3.754E-09 2.207E-09 1.642E-09 1.463E-09 1.049E-09 6.485E-10 4.786E-10 2.445E-10 1.401E-10
  8.000E+00  1.707E-04 1.536E-04 1.372E-04 1.212E-04 1.062E-04 9.282E-05 8.126E-05 7.122E-05 6.261E-05 5.513E-05 4.864E-05 4.301E-05 3.394E-05 2.696E-05 1.565E-05 9.460E-06 5.943E-06 3.830E-06 1.559E-06 5.164E-07 4.508E-07 4.468E-07 4.494E-07 3.913E-07 2.997E-07 1.985E-07 1.208E-07 7.934E-08 8.391E-08 7.318E-08 4.796E-08 1.509E-08 3.015E-08 4.434E-08 5.636E-08 6.073E-08 5.120E-08 4.197E-08 4.929E-08 5.268E-08 4.246E-08 2.431E-08 2.162E-08 2.429E-08 1.266E-08 9.632E-09 6.309E-09 4.684E-09 4.221E-09 3.219E-09 4.703E-09 4.356E-09 3.734E-09 2.195E-09 1.634E-09 1.456E-09 1.044E-09 6.455E-10 4.764E-10 2.434E-10 1.395E-10
  1.000E+01  1.388E-04 1.292E-04 1.181E-04 1.060E-04 9.410E-05 8.315E-05 7.341E-05 6.480E-05 5.731E-05 5.071E-05 4.495E-05 3.991E-05 3.170E-05 2.531E-05 1.483E-05 9.022E-06 5.695E-06 3.684E-06 1.507E-06 5.020E-07 4.395E-07 4.368E-07 4.397E-07 3.834E-07 2.939E-07 1.951E-07 1.188E-07 7.821E-08 8.284E-08 7.226E-08 4.735E-08 1.491E-08 2.986E-08 4.394E-08 5.588E-08 6.022E-08 5.078E-08 4.161E-08 4.890E-08 5.227E-08 4.213E-08 2.411E-08 2.145E-08 2.410E-08 1.257E-08 9.559E-09 6.263E-09 4.651E-09 4.191E-09 3.198E-09 4.673E-09 4.326E-09 3.709E-09 2.181E-09 1.624E-09 1.447E-09 1.038E-09 6.416E-10 4.736E-10 2.420E-10 1.387E-10
  1.200E+01  1.142E-04 1.093E-04 1.018E-04 9.250E-05 8.301E-05 7.405E-05 6.587E-05 5.854E-05 5.205E-05 4.629E-05 4.121E-05 3.673E-05 2.936E-05 2.357E-05 1.394E-05 8.540E-06 5.420E-06 3.520E-06 1.447E-06 4.855E-07 4.266E-07 4.251E-07 4.285E-07 3.742E-07 2.872E-07 1.910E-07 1.166E-07 7.687E-08 8.157E-08 7.116E-08 4.663E-08 1.470E-08 2.952E-08 4.346E-08 5.530E-08 5.961E-08 5.026E-08 4.119E-08 4.843E-08 5.178E-08 4.172E-08 2.387E-08 2.125E-08 2.388E-08 1.245E-08 9.471E-09 6.207E-09 4.610E-09 4.155E-09 3.171E-09 4.635E-09 4.291E-09 3.679E-09 2.163E-09 1.611E-09 1.436E-09 1.030E-09 6.369E-10 4.701E-10 2.403E-10 1.377E-10
  1.400E+01  9.501E-05 9.293E-05 8.777E-05 8.065E-05 7.303E-05 6.568E-05 5.882E-05 5.259E-05 4.701E-05 4.199E-05 3.753E-05 3.358E-05 2.702E-05 2.180E-05 1.302E-05 8.033E-06 5.126E-06 3.345E-06 1.383E-06 4.674E-07 4.123E-07 4.122E-07 4.161E-07 3.639E-07 2.796E-07 1.864E-07 1.140E-07 7.535E-08 8.011E-08 6.990E-08 4.580E-08 1.446E-08 2.912E-08 4.291E-08 5.463E-08 5.890E-08 4.967E-08 4.070E-08 4.788E-08 5.120E-08 4.125E-08 2.360E-08 2.101E-08 2.362E-08 1.232E-08 9.369E-09 6.142E-09 4.562E-09 4.112E-09 3.140E-09 4.592E-09 4.250E-09 3.644E-09 2.143E-09 1.597E-09 1.423E-09 1.021E-09 6.314E-10 4.661E-10 2.383E-10 1.366E-10
  1.600E+01  7.997E-05 7.948E-05 7.585E-05 7.034E-05 6.417E-05 5.810E-05 5.235E-05 4.706E-05 4.226E-05 3.791E-05 3.402E-05 3.054E-05 2.472E-05 2.004E-05 1.209E-05 7.514E-06 4.823E-06 3.162E-06 1.315E-06 4.483E-07 3.970E-07 3.982E-07 4.025E-07 3.527E-07 2.714E-07 1.814E-07 1.111E-07 7.366E-08 7.849E-08 6.849E-08 4.488E-08 1.420E-08 2.867E-08 4.228E-08 5.387E-08 5.810E-08 4.899E-08 4.015E-08 4.725E-08 5.055E-08 4.071E-08 2.329E-08 2.075E-08 2.333E-08 1.216E-08 9.253E-09 6.068E-09 4.508E-09 4.064E-09 3.106E-09 4.542E-09 4.203E-09 3.604E-09 2.120E-09 1.580E-09 1.408E-09 1.011E-09 6.251E-10 4.615E-10 2.360E-10 1.353E-10
  1.800E+01  6.797E-05 6.832E-05 6.570E-05 6.139E-05 5.633E-05 5.129E-05 4.647E-05 4.197E-05 3.786E-05 3.410E-05 3.070E-05 2.765E-05 2.252E-05 1.835E-05 1.118E-05 6.996E-06 4.517E-06 2.976E-06 1.246E-06 4.284E-07 3.810E-07 3.835E-07 3.882E-07 3.408E-07 2.626E-07 1.761E-07 1.081E-07 7.183E-08 7.672E-08 6.696E-08 4.388E-08 1.390E-08 2.817E-08 4.159E-08 5.303E-08 5.721E-08 4.824E-08 3.953E-08 4.656E-08 4.982E-08 4.011E-08 2.295E-08 2.045E-08 2.300E-08 1.199E-08 9.124E-09 5.985E-09 4.448E-09 4.010E-09 3.067E-09 4.487E-09 4.150E-09 3.559E-09 2.094E-09 1.561E-09 1.391E-09 9.991E-10 6.181E-10 4.564E-10 2.334E-10 1.339E-10
  2.000E+01  5.824E-05 5.899E-05 5.704E-05 5.359E-05 4.941E-05 4.522E-05 4.117E-05 3.734E-05 3.383E-05 3.057E-05 2.762E-05 2.495E-05 2.044E-05 1.673E-05 1.029E-05 6.488E-06 4.215E-06 2.790E-06 1.176E-06 4.081E-07 3.646E-07 3.682E-07 3.734E-07 3.284E-07 2.534E-07 1.704E-07 1.048E-07 6.989E-08 7.482E-08 6.532E-08 4.281E-08 1.359E-08 2.763E-08 4.084E-08 5.211E-08 5.624E-08 4.743E-08 3.887E-08 4.580E-08 4.903E-08 3.946E-08 2.257E-08 2.013E-08 2.265E-08 1.180E-08 8.982E-09 5.895E-09 4.383E-09 3.951E-09 3.024E-09 4.426E-09 4.093E-09 3.510E-09 2.066E-09 1.541E-09 1.373E-09 9.864E-10 6.104E-10 4.508E-10 2.306E-10 1.323E-10
  2.200E+01  5.027E-05 5.112E-05 4.965E-05 4.682E-05 4.332E-05 3.984E-05 3.642E-05 3.316E-05 3.015E-05 2.734E-05 2.478E-05 2.245E-05 1.849E-05 1.521E-05 9.441E-06 5.996E-06 3.919E-06 2.607E-06 1.106E-06 3.877E-07 3.479E-07 3.526E-07 3.581E-07 3.155E-07 2.439E-07 1.645E-07 1.015E-07 6.785E-08 7.282E-08 6.359E-08 4.167E-08 1.325E-08 2.706E-08 4.004E-08 5.113E-08 5.520E-08 4.655E-08 3.815E-08 4.499E-08 4.818E-08 3.876E-08 2.216E-08 1.978E-08 2.226E-08 1.160E-08 8.830E-09 5.797E-09 4.312E-09 3.887E-09 2.977E-09 4.360E-09 4.030E-09 3.457E-09 2.035E-09 1.519E-09 1.353E-09 9.726E-10 6.020E-10 4.447E-10 2.275E-10 1.305E-10
  2.400E+01  4.365E-05 4.446E-05 4.332E-05 4.093E-05 3.799E-05 3.508E-05 3.218E-05 2.940E-05 2.684E-05 2.441E-05 2.219E-05 2.016E-05 1.669E-05 1.379E-05 8.638E-06 5.525E-06 3.633E-06 2.430E-06 1.038E-06 3.674E-07 3.312E-07 3.369E-07 3.427E-07 3.025E-07 2.342E-07 1.585E-07 9.798E-08 6.573E-08 7.073E-08 6.178E-08 4.049E-08 1.290E-08 2.645E-08 3.919E-08 5.008E-08 5.410E-08 4.562E-08 3.738E-08 4.413E-08 4.727E-08 3.801E-08 2.173E-08 1.940E-08 2.185E-08 1.138E-08 8.667E-09 5.693E-09 4.236E-09 3.819E-09 2.928E-09 4.290E-09 3.963E-09 3.400E-09 2.002E-09 1.495E-09 1.332E-09 9.578E-10 5.930E-10 4.381E-10 2.242E-10 1.287E-10
  2.600E+01  3.811E-05 3.882E-05 3.785E-05 3.583E-05 3.332E-05 3.088E-05 2.843E-05 2.605E-05 2.386E-05 2.176E-05 1.984E-05 1.807E-05 1.504E-05 1.247E-05 7.885E-06 5.080E-06 3.360E-06 2.259E-06 9.720E-07 3.474E-07 3.145E-07 3.211E-07 3.272E-07 2.894E-07 2.244E-07 1.523E-07 9.443E-08 6.355E-08 6.857E-08 5.991E-08 3.927E-08 1.254E-08 2.582E-08 3.830E-08 4.899E-08 5.293E-08 4.463E-08 3.657E-08 4.321E-08 4.630E-08 3.723E-08 2.128E-08 1.901E-08 2.141E-08 1.115E-08 8.495E-09 5.582E-09 4.155E-09 3.747E-09 2.875E-09 4.215E-09 3.892E-09 3.339E-09 1.967E-09 1.469E-09 1.309E-09 9.421E-10 5.834E-10 4.311E-10 2.207E-10 1.267E-10
  2.800E+01  3.341E-05 3.402E-05 3.313E-05 3.139E-05 2.925E-05 2.718E-05 2.510E-05 2.307E-05 2.119E-05 1.939E-05 1.771E-05 1.618E-05 1.353E-05 1.127E-05 7.184E-06 4.661E-06 3.102E-06 2.095E-06 9.083E-07 3.279E-07 2.982E-07 3.055E-07 3.118E-07 2.763E-07 2.146E-07 1.462E-07 9.083E-08 6.134E-08 6.636E-08 5.799E-08 3.801E-08 1.217E-08 2.516E-08 3.737E-08 4.784E-08 5.172E-08 4.361E-08 3.573E-08 4.226E-08 4.530E-08 3.640E-08 2.080E-08 1.860E-08 2.096E-08 1.092E-08 8.314E-09 5.467E-09 4.071E-09 3.671E-09 2.820E-09 4.136E-09 3.818E-09 3.275E-09 1.930E-09 1.443E-09 1.285E-09 9.255E-10 5.734E-10 4.237E-10 2.170E-10 1.246E-10
  3.000E+01  2.940E-05 2.989E-05 2.904E-05 2.754E-05 2.569E-05 2.393E-05 2.216E-05 2.043E-05 1.882E-05 1.726E-05 1.581E-05 1.447E-05 1.215E-05 1.016E-05 6.536E-06 4.270E-06 2.859E-06 1.941E-06 8.473E-07 3.089E-07 2.822E-07 2.901E-07 2.966E-07 2.633E-07 2.048E-07 1.400E-07 8.722E-08 5.910E-08 6.411E-08 5.604E-08 3.674E-08 1.179E-08 2.448E-08 3.641E-08 4.666E-08 5.046E-08 4.255E-08 3.486E-08 4.127E-08 4.425E-08 3.554E-08 2.031E-08 1.817E-08 2.048E-08 1.067E-08 8.127E-09 5.346E-09 3.983E-09 3.592E-09 2.762E-09 4.054E-09 3.740E-09 3.209E-09 1.891E-09 1.415E-09 1.260E-09 9.081E-10 5.628E-10 4.160E-10 2.132E-10 1.224E-10
  3.200E+01  2.593E-05 2.631E-05 2.551E-05 2.418E-05 2.258E-05 2.108E-05 1.957E-05 1.809E-05 1.670E-05 1.536E-05 1.410E-05 1.293E-05 1.091E-05 9.161E-06 5.940E-06 3.907E-06 2.631E-06 1.795E-06 7.892E-07 2.906E-07 2.667E-07 2.751E-07 2.816E-07 2.505E-07 1.952E-07 1.339E-07 8.362E-08 5.686E-08 6.184E-08 5.408E-08 3.545E-08 1.140E-08 2.379E-08 3.543E-08 4.545E-08 4.917E-08 4.146E-08 3.397E-08 4.025E-08 4.318E-08 3.466E-08 1.980E-08 1.773E-08 1.999E-08 1.041E-08 7.933E-09 5.222E-09 3.892E-09 3.510E-09 2.703E-09 3.969E-09 3.659E-09 3.139E-09 1.851E-09 1.386E-09 1.234E-09 8.900E-10 5.518E-10 4.080E-10 2.091E-10 1.202E-10
  3.400E+01  2.294E-05 2.320E-05 2.246E-05 2.126E-05 1.986E-05 1.859E-05 1.730E-05 1.602E-05 1.483E-05 1.366E-05 1.257E-05 1.156E-05 9.795E-06 8.253E-06 5.394E-06 3.571E-06 2.418E-06 1.658E-06 7.342E-07 2.731E-07 2.516E-07 2.605E-07 2.671E-07 2.380E-07 1.858E-07 1.278E-07 8.004E-08 5.462E-08 5.957E-08 5.210E-08 3.416E-08 1.102E-08 2.309E-08 3.443E-08 4.422E-08 4.785E-08 4.034E-08 3.305E-08 3.921E-08 4.207E-08 3.375E-08 1.927E-08 1.728E-08 1.948E-08 1.014E-08 7.733E-09 5.094E-09 3.798E-09 3.427E-09 2.641E-09 3.881E-09 3.575E-09 3.068E-09 1.810E-09 1.356E-09 1.208E-09 8.713E-10 5.404E-10 3.997E-10 2.050E-10 1.178E-10
  3.600E+01  2.038E-05 2.049E-05 1.981E-05 1.872E-05 1.749E-05 1.641E-05 1.529E-05 1.420E-05 1.317E-05 1.216E-05 1.122E-05 1.033E-05 8.791E-06 7.433E-06 4.895E-06 3.262E-06 2.221E-06 1.530E-06 6.824E-07 2.563E-07 2.371E-07 2.463E-07 2.529E-07 2.258E-07 1.765E-07 1.219E-07 7.652E-08 5.240E-08 5.730E-08 5.013E-08 3.287E-08 1.063E-08 2.238E-08 3.342E-08 4.296E-08 4.652E-08 3.921E-08 3.212E-08 3.814E-08 4.094E-08 3.283E-08 1.874E-08 1.681E-08 1.897E-08 9.875E-09 7.530E-09 4.963E-09 3.703E-09 3.341E-09 2.578E-09 3.790E-09 3.489E-09 2.995E-09 1.767E-09 1.325E-09 1.180E-09 8.522E-10 5.287E-10 3.911E-10 2.007E-10 1.154E-10
  3.800E+01  1.814E-05 1.814E-05 1.750E-05 1.651E-05 1.543E-05 1.450E-05 1.354E-05 1.259E-05 1.171E-05 1.083E-05 1.001E-05 9.239E-06 7.890E-06 6.693E-06 4.441E-06 2.977E-06 2.039E-06 1.411E-06 6.336E-07 2.403E-07 2.232E-07 2.327E-07 2.392E-07 2.140E-07 1.676E-07 1.160E-07 7.305E-08 5.020E-08 5.504E-08 4.817E-08 3.159E-08 1.024E-08 2.166E-08 3.241E-08 4.170E-08 4.516E-08 3.806E-08 3.118E-08 3.707E-08 3.980E-08 3.189E-08 1.820E-08 1.635E-08 1.845E-08 9.602E-09 7.324E-09 4.830E-09 3.605E-09 3.253E-09 2.514E-09 3.698E-09 3.402E-09 2.920E-09 1.724E-09 1.294E-09 1.152E-09 8.325E-10 5.168E-10 3.824E-10 1.963E-10 1.129E-10
  4.000E+01  1.618E-05 1.611E-05 1.549E-05 1.459E-05 1.363E-05 1.283E-05 1.200E-05 1.118E-05 1.041E-05 9.653E-06 8.935E-06 8.264E-06 7.083E-06 6.028E-06 4.028E-06 2.717E-06 1.870E-06 1.300E-06 5.880E-07 2.251E-07 2.100E-07 2.195E-07 2.261E-07 2.026E-07 1.589E-07 1.104E-07 6.967E-08 4.804E-08 5.282E-08 4.623E-08 3.033E-08 9.859E-09 2.095E-08 3.139E-08 4.043E-08 4.381E-08 3.691E-08 3.024E-08 3.599E-08 3.865E-08 3.095E-08 1.766E-08 1.587E-08 1.792E-08 9.325E-09 7.115E-09 4.696E-09 3.507E-09 3.165E-09 2.449E-09 3.605E-09 3.313E-09 2.845E-09 1.680E-09 1.262E-09 1.124E-09 8.126E-10 5.047E-10 3.735E-10 1.919E-10 1.104E-10
  4.200E+01  1.447E-05 1.434E-05 1.373E-05 1.292E-05 1.206E-05 1.137E-05 1.065E-05 9.933E-06 9.273E-06 8.611E-06 7.984E-06 7.396E-06 6.362E-06 5.430E-06 3.654E-06 2.479E-06 1.715E-06 1.198E-06 5.453E-07 2.107E-07 1.973E-07 2.070E-07 2.134E-07 1.915E-07 1.505E-07 1.049E-07 6.637E-08 4.593E-08 5.062E-08 4.432E-08 2.908E-08 9.480E-09 2.025E-08 3.038E-08 3.916E-08 4.245E-08 3.576E-08 2.929E-08 3.490E-08 3.749E-08 3.000E-08 1.712E-08 1.540E-08 1.739E-08 9.047E-09 6.905E-09 4.560E-09 3.408E-09 3.076E-09 2.384E-09 3.511E-09 3.223E-09 2.768E-09 1.636E-09 1.230E-09 1.095E-09 7.924E-10 4.924E-10 3.646E-10 1.874E-10 1.078E-10
  4.400E+01  1.296E-05 1.279E-05 1.220E-05 1.146E-05 1.069E-05 1.009E-05 9.462E-06 8.840E-06 8.266E-06 7.688E-06 7.140E-06 6.625E-06 5.717E-06 4.895E-06 3.315E-06 2.262E-06 1.573E-06 1.103E-06 5.055E-07 1.972E-07 1.853E-07 1.950E-07 2.013E-07 1.810E-07 1.424E-07 9.956E-08 6.318E-08 4.387E-08 4.848E-08 4.245E-08 2.786E-08 9.108E-09 1.955E-08 2.937E-08 3.790E-08 4.110E-08 3.461E-08 2.835E-08 3.382E-08 3.634E-08 2.905E-08 1.657E-08 1.493E-08 1.685E-08 8.769E-09 6.695E-09 4.425E-09 3.309E-09 2.987E-09 2.318E-09 3.416E-09 3.133E-09 2.691E-09 1.591E-09 1.198E-09 1.066E-09 7.721E-10 4.800E-10 3.555E-10 1.828E-10 1.053E-10
  4.600E+01  1.164E-05 1.142E-05 1.085E-05 1.018E-05 9.497E-06 8.964E-06 8.421E-06 7.878E-06 7.378E-06 6.873E-06 6.392E-06 5.940E-06 5.142E-06 4.415E-06 3.009E-06 2.064E-06 1.442E-06 1.016E-06 4.685E-07 1.844E-07 1.740E-07 1.835E-07 1.898E-07 1.709E-07 1.347E-07 9.444E-08 6.009E-08 4.187E-08 4.638E-08 4.062E-08 2.667E-08 8.744E-09 1.886E-08 2.838E-08 3.666E-08 3.976E-08 3.347E-08 2.742E-08 3.275E-08 3.519E-08 2.811E-08 1.603E-08 1.446E-08 1.632E-08 8.492E-09 6.486E-09 4.290E-09 3.210E-09 2.898E-09 2.253E-09 3.322E-09 3.043E-09 2.614E-09 1.546E-09 1.165E-09 1.037E-09 7.518E-10 4.676E-10 3.464E-10 1.783E-10 1.027E-10
  4.800E+01  1.047E-05 1.023E-05 9.681E-06 9.062E-06 8.449E-06 7.981E-06 7.505E-06 7.031E-06 6.595E-06 6.151E-06 5.729E-06 5.332E-06 4.629E-06 3.985E-06 2.732E-06 1.884E-06 1.323E-06 9.355E-07 4.341E-07 1.724E-07 1.632E-07 1.727E-07 1.788E-07 1.612E-07 1.273E-07 8.952E-08 5.711E-08 3.994E-08 4.434E-08 3.885E-08 2.551E-08 8.388E-09 1.818E-08 2.740E-08 3.543E-08 3.844E-08 3.235E-08 2.650E-08 3.168E-08 3.405E-08 2.717E-08 1.550E-08 1.399E-08 1.580E-08 8.217E-09 6.278E-09 4.156E-09 3.111E-09 2.810E-09 2.187E-09 3.228E-09 2.953E-09 2.537E-09 1.502E-09 1.133E-09 1.008E-09 7.315E-10 4.552E-10 3.374E-10 1.737E-10 1.001E-10
  5.000E+01  9.420E-06 9.185E-06 8.656E-06 8.081E-06 7.531E-06 7.119E-06 6.701E-06 6.287E-06 5.904E-06 5.513E-06 5.143E-06 4.792E-06 4.171E-06 3.600E-06 2.482E-06 1.720E-06 1.213E-06 8.615E-07 4.022E-07 1.611E-07 1.531E-07 1.625E-07 1.684E-07 1.521E-07 1.202E-07 8.482E-08 5.425E-08 3.807E-08 4.236E-08 3.712E-08 2.438E-08 8.043E-09 1.752E-08 2.644E-08 3.422E-08 3.714E-08 3.124E-08 2.559E-08 3.064E-08 3.292E-08 2.625E-08 1.497E-08 1.353E-08 1.528E-08 7.945E-09 6.073E-09 4.024E-09 3.014E-09 2.723E-09 2.123E-09 3.135E-09 2.864E-09 2.461E-09 1.458E-09 1.101E-09 9.792E-10 7.113E-10 4.429E-10 3.284E-10 1.692E-10 9.756E-11
  5.200E+01  8.491E-06 8.271E-06 7.759E-06 7.222E-06 6.726E-06 6.365E-06 5.994E-06 5.631E-06 5.293E-06 4.949E-06 4.622E-06 4.312E-06 3.763E-06 3.256E-06 2.257E-06 1.572E-06 1.113E-06 7.934E-07 3.727E-07 1.505E-07 1.436E-07 1.528E-07 1.585E-07 1.434E-07 1.135E-07 8.033E-08 5.151E-08 3.627E-08 4.045E-08 3.546E-08 2.330E-08 7.709E-09 1.687E-08 2.551E-08 3.305E-08 3.587E-08 3.016E-08 2.470E-08 2.961E-08 3.182E-08 2.534E-08 1.445E-08 1.308E-08 1.476E-08 7.678E-09 5.872E-09 3.893E-09 2.919E-09 2.637E-09 2.059E-09 3.043E-09 2.775E-09 2.385E-09 1.414E-09 1.070E-09 9.508E-10 6.913E-10 4.308E-10 3.195E-10 1.647E-10 9.504E-11
  5.400E+01  7.684E-06 7.451E-06 6.970E-06 6.472E-06 6.022E-06 5.703E-06 5.374E-06 5.052E-06 4.753E-06 4.449E-06 4.160E-06 3.886E-06 3.400E-06 2.947E-06 2.054E-06 1.437E-06 1.022E-06 7.310E-07 3.454E-07 1.407E-07 1.346E-07 1.436E-07 1.492E-07 1.351E-07 1.072E-07 7.605E-08 4.889E-08 3.455E-08 3.862E-08 3.385E-08 2.225E-08 7.387E-09 1.625E-08 2.461E-08 3.190E-08 3.463E-08 2.910E-08 2.383E-08 2.861E-08 3.073E-08 2.446E-08 1.394E-08 1.263E-08 1.426E-08 7.416E-09 5.674E-09 3.765E-09 2.825E-09 2.552E-09 1.997E-09 2.952E-09 2.688E-09 2.311E-09 1.371E-09 1.039E-09 9.228E-10 6.717E-10 4.188E-10 3.107E-10 1.604E-10 9.255E-11
  5.600E+01  6.983E-06 6.713E-06 6.273E-06 5.817E-06 5.405E-06 5.121E-06 4.829E-06 4.540E-06 4.277E-06 4.008E-06 3.750E-06 3.507E-06 3.075E-06 2.671E-06 1.870E-06 1.314E-06 9.383E-07 6.738E-07 3.202E-07 1.315E-07 1.263E-07 1.351E-07 1.404E-07 1.274E-07 1.011E-07 7.199E-08 4.640E-08 3.290E-08 3.685E-08 3.231E-08 2.125E-08 7.077E-09 1.565E-08 2.373E-08 3.079E-08 3.343E-08 2.807E-08 2.299E-08 2.763E-08 2.968E-08 2.359E-08 1.345E-08 1.220E-08 1.377E-08 7.160E-09 5.481E-09 3.641E-09 2.733E-09 2.470E-09 1.936E-09 2.864E-09 2.603E-09 2.239E-09 1.329E-09 1.008E-09 8.954E-10 6.524E-10 4.071E-10 3.022E-10 1.561E-10 9.012E-11
  5.800E+01  6.361E-06 6.069E-06 5.656E-06 5.241E-06 4.864E-06 4.607E-06 4.348E-06 4.088E-06 3.856E-06 3.616E-06 3.387E-06 3.170E-06 2.786E-06 2.424E-06 1.705E-06 1.203E-06 8.623E-07 6.214E-07 2.970E-07 1.230E-07 1.185E-07 1.270E-07 1.322E-07 1.200E-07 9.547E-08 6.815E-08 4.403E-08 3.133E-08 3.516E-08 3.084E-08 2.029E-08 6.780E-09 1.507E-08 2.289E-08 2.972E-08 3.227E-08 2.708E-08 2.218E-08 2.669E-08 2.865E-08 2.275E-08 1.297E-08 1.178E-08 1.329E-08 6.911E-09 5.293E-09 3.520E-09 2.644E-09 2.390E-09 1.877E-09 2.778E-09 2.520E-09 2.168E-09 1.288E-09 9.785E-10 8.687E-10 6.337E-10 3.956E-10 2.938E-10 1.519E-10 8.775E-11
  6.000E+01  5.788E-06 5.518E-06 5.111E-06 4.730E-06 4.386E-06 4.153E-06 3.921E-06 3.690E-06 3.484E-06 3.269E-06 3.064E-06 2.871E-06 2.527E-06 2.203E-06 1.556E-06 1.102E-06 7.931E-07 5.734E-07 2.756E-07 1.150E-07 1.112E-07 1.195E-07 1.245E-07 1.132E-07 9.013E-08 6.451E-08 4.179E-08 2.984E-08 3.356E-08 2.943E-08 1.937E-08 6.497E-09 1.452E-08 2.208E-08 2.870E-08 3.116E-08 2.612E-08 2.139E-08 2.578E-08 2.766E-08 2.193E-08 1.250E-08 1.138E-08 1.282E-08 6.670E-09 5.111E-09 3.402E-09 2.558E-09 2.313E-09 1.820E-09 2.695E-09 2.439E-09 2.099E-09 1.248E-09 9.497E-10 8.427E-10 6.154E-10 3.845E-10 2.857E-10 1.478E-10 8.546E-11
  6.200E+01  5.267E-06 5.031E-06 4.632E-06 4.276E-06 3.962E-06 3.752E-06 3.543E-06 3.339E-06 3.153E-06 2.961E-06 2.777E-06 2.604E-06 2.296E-06 2.005E-06 1.422E-06 1.011E-06 7.300E-07 5.295E-07 2.559E-07 1.077E-07 1.044E-07 1.124E-07 1.173E-07 1.067E-07 8.512E-08 6.109E-08 3.968E-08 2.843E-08 3.203E-08 2.810E-08 1.850E-08 6.228E-09 1.399E-08 2.131E-08 2.771E-08 3.009E-08 2.519E-08 2.064E-08 2.490E-08 2.670E-08 2.114E-08 1.205E-08 1.099E-08 1.238E-08 6.437E-09 4.936E-09 3.289E-09 2.475E-09 2.238E-09 1.765E-09 2.615E-09 2.361E-09 2.032E-09 1.210E-09 9.220E-10 8.176E-10 5.978E-10 3.738E-10 2.779E-10 1.439E-10 8.325E-11
  6.400E+01  4.809E-06 4.587E-06 4.210E-06 3.875E-06 3.587E-06 3.399E-06 3.210E-06 3.027E-06 2.859E-06 2.686E-06 2.522E-06 2.366E-06 2.090E-06 1.828E-06 1.301E-06 9.286E-07 6.727E-07 4.895E-07 2.378E-07 1.009E-07 9.808E-08 1.059E-07 1.105E-07 1.007E-07 8.042E-08 5.788E-08 3.769E-08 2.710E-08 3.058E-08 2.683E-08 1.768E-08 5.973E-09 1.349E-08 2.058E-08 2.678E-08 2.907E-08 2.431E-08 1.992E-08 2.407E-08 2.579E-08 2.039E-08 1.163E-08 1.062E-08 1.195E-08 6.214E-09 4.768E-09 3.181E-09 2.395E-09 2.167E-09 1.712E-09 2.538E-09 2.285E-09 1.968E-09 1.173E-09 8.954E-10 7.935E-10 5.809E-10 3.635E-10 2.704E-10 1.401E-10 8.113E-11
  6.600E+01  4.408E-06 4.184E-06 3.836E-06 3.522E-06 3.258E-06 3.087E-06 2.916E-06 2.750E-06 2.599E-06 2.443E-06 2.295E-06 2.155E-06 1.905E-06 1.669E-06 1.192E-06 8.538E-07 6.205E-07 4.529E-07 2.212E-07 9.457E-08 9.224E-08 9.979E-08 1.042E-07 9.505E-08 7.604E-08 5.487E-08 3.582E-08 2.585E-08 2.921E-08 2.563E-08 1.690E-08 5.733E-09 1.302E-08 1.989E-08 2.589E-08 2.810E-08 2.348E-08 1.923E-08 2.327E-08 2.491E-08 1.966E-08 1.122E-08 1.026E-08 1.153E-08 6.001E-09 4.608E-09 3.077E-09 2.319E-09 2.099E-09 1.662E-09 2.465E-09 2.213E-09 1.906E-09 1.138E-09 8.700E-10 7.705E-10 5.648E-10 3.537E-10 2.632E-10 1.366E-10 7.912E-11
  6.800E+01  4.056E-06 3.829E-06 3.504E-06 3.212E-06 2.967E-06 2.811E-06 2.655E-06 2.504E-06 2.368E-06 2.227E-06 2.093E-06 1.966E-06 1.741E-06 1.527E-06 1.094E-06 7.860E-07 5.731E-07 4.195E-07 2.060E-07 8.877E-08 8.684E-08 9.413E-08 9.839E-08 8.981E-08 7.195E-08 5.206E-08 3.407E-08 2.468E-08 2.793E-08 2.451E-08 1.617E-08 5.507E-09 1.257E-08 1.924E-08 2.506E-08 2.718E-08 2.268E-08 1.858E-08 2.252E-08 2.408E-08 1.898E-08 1.083E-08 9.927E-09 1.114E-08 5.798E-09 4.455E-09 2.979E-09 2.247E-09 2.034E-09 1.615E-09 2.395E-09 2.144E-09 1.847E-09 1.104E-09 8.459E-10 7.486E-10 5.494E-10 3.444E-10 2.564E-10 1.332E-10 7.721E-11
  7.000E+01  3.739E-06 3.517E-06 3.208E-06 2.938E-06 2.710E-06 2.566E-06 2.424E-06 2.285E-06 2.162E-06 2.034E-06 1.912E-06 1.797E-06 1.593E-06 1.399E-06 1.006E-06 7.248E-07 5.300E-07 3.891E-07 1.920E-07 8.343E-08 8.185E-08 8.889E-08 9.298E-08 8.495E-08 6.815E-08 4.944E-08 3.244E-08 2.358E-08 2.672E-08 2.345E-08 1.548E-08 5.296E-09 1.216E-08 1.863E-08 2.427E-08 2.633E-08 2.194E-08 1.797E-08 2.181E-08 2.329E-08 1.832E-08 1.046E-08 9.609E-09 1.077E-08 5.606E-09 4.311E-09 2.886E-09 2.179E-09 1.973E-09 1.570E-09 2.330E-09 2.079E-09 1.792E-09 1.073E-09 8.231E-10 7.279E-10 5.350E-10 3.357E-10 2.500E-10 1.300E-10 7.543E-11
  7.200E+01  3.447E-06 3.236E-06 2.944E-06 2.693E-06 2.481E-06 2.349E-06 2.219E-06 2.091E-06 1.979E-06 1.862E-06 1.751E-06 1.647E-06 1.462E-06 1.285E-06 9.261E-07 6.693E-07 4.910E-07 3.615E-07 1.793E-07 7.852E-08 7.725E-08 8.406E-08 8.798E-08 8.044E-08 6.463E-08 4.700E-08 3.093E-08 2.256E-08 2.560E-08 2.247E-08 1.484E-08 5.100E-09 1.177E-08 1.806E-08 2.354E-08 2.552E-08 2.124E-08 1.740E-08 2.114E-08 2.255E-08 1.771E-08 1.011E-08 9.310E-09 1.042E-08 5.425E-09 4.176E-09 2.799E-09 2.116E-09 1.916E-09 1.528E-09 2.269E-09 2.017E-09 1.739E-09 1.043E-09 8.019E-10 7.085E-10 5.214E-10 3.275E-10 2.441E-10 1.270E-10 7.378E-11
  7.400E+01  3.185E-06 2.984E-06 2.707E-06 2.474E-06 2.277E-06 2.154E-06 2.035E-06 1.918E-06 1.816E-06 1.709E-06 1.608E-06 1.512E-06 1.343E-06 1.182E-06 8.543E-07 6.192E-07 4.555E-07 3.363E-07 1.677E-07 7.403E-08 7.303E-08 7.961E-08 8.337E-08 7.628E-08 6.137E-08 4.475E-08 2.952E-08 2.161E-08 2.455E-08 2.155E-08 1.425E-08 4.919E-09 1.141E-08 1.754E-08 2.287E-08 2.478E-08 2.058E-08 1.686E-08 2.053E-08 2.186E-08 1.713E-08 9.791E-09 9.032E-09 1.009E-08 5.256E-09 4.049E-09 2.718E-09 2.056E-09 1.863E-09 1.490E-09 2.212E-09 1.959E-09 1.690E-09 1.015E-09 7.822E-10 6.904E-10 5.088E-10 3.199E-10 2.386E-10 1.243E-10 7.226E-11
  7.600E+01  2.952E-06 2.763E-06 2.497E-06 2.278E-06 2.095E-06 1.981E-06 1.871E-06 1.765E-06 1.670E-06 1.572E-06 1.480E-06 1.392E-06 1.238E-06 1.090E-06 7.897E-07 5.740E-07 4.234E-07 3.135E-07 1.571E-07 6.992E-08 6.917E-08 7.552E-08 7.913E-08 7.244E-08 5.837E-08 4.267E-08 2.823E-08 2.074E-08 2.358E-08 2.071E-08 1.370E-08 4.751E-09 1.109E-08 1.706E-08 2.225E-08 2.409E-08 1.998E-08 1.637E-08 1.995E-08 2.121E-08 1.659E-08 9.490E-09 8.774E-09 9.780E-09 5.099E-09 3.931E-09 2.643E-09 2.002E-09 1.814E-09 1.454E-09 2.160E-09 1.905E-09 1.644E-09 9.892E-10 7.640E-10 6.737E-10 4.973E-10 3.129E-10 2.335E-10 1.218E-10 7.087E-11
  7.800E+01  2.739E-06 2.567E-06 2.311E-06 2.103E-06 1.933E-06 1.827E-06 1.725E-06 1.628E-06 1.540E-06 1.450E-06 1.365E-06 1.285E-06 1.143E-06 1.007E-06 7.315E-07 5.331E-07 3.943E-07 2.927E-07 1.475E-07 6.618E-08 6.564E-08 7.178E-08 7.524E-08 6.892E-08 5.562E-08 4.076E-08 2.704E-08 1.994E-08 2.269E-08 1.993E-08 1.320E-08 4.598E-09 1.079E-08 1.663E-08 2.168E-08 2.346E-08 1.942E-08 1.592E-08 1.943E-08 2.062E-08 1.610E-08 9.213E-09 8.537E-09 9.496E-09 4.953E-09 3.823E-09 2.574E-09 1.951E-09 1.769E-09 1.422E-09 2.112E-09 1.855E-09 1.602E-09 9.657E-10 7.475E-10 6.585E-10 4.867E-10 3.066E-10 2.289E-10 1.196E-10 6.964E-11
  8.000E+01  2.548E-06 2.385E-06 2.146E-06 1.948E-06 1.789E-06 1.692E-06 1.596E-06 1.505E-06 1.424E-06 1.341E-06 1.263E-06 1.188E-06 1.058E-06 9.329E-07 6.791E-07 4.962E-07 3.680E-07 2.739E-07 1.387E-07 6.277E-08 6.242E-08 6.837E-08 7.169E-08 6.571E-08 5.310E-08 3.902E-08 2.595E-08 1.921E-08 2.188E-08 1.921E-08 1.274E-08 4.460E-09 1.052E-08 1.624E-08 2.118E-08 2.290E-08 1.892E-08 1.551E-08 1.895E-08 2.007E-08 1.564E-08 8.958E-09 8.322E-09 9.234E-09 4.820E-09 3.724E-09 2.511E-09 1.906E-09 1.729E-09 1.393E-09 2.069E-09 1.810E-09 1.564E-09 9.443E-10 7.326E-10 6.447E-10 4.773E-10 3.010E-10 2.249E-10 1.176E-10 6.855E-11
  8.200E+01  2.382E-06 2.213E-06 1.998E-06 1.813E-06 1.661E-06 1.571E-06 1.482E-06 1.395E-06 1.321E-06 1.244E-06 1.171E-06 1.102E-06 9.819E-07 8.663E-07 6.320E-07 4.629E-07 3.442E-07 2.569E-07 1.308E-07 5.968E-08 5.950E-08 6.526E-08 6.846E-08 6.277E-08 5.080E-08 3.742E-08 2.496E-08 1.854E-08 2.113E-08 1.856E-08 1.232E-08 4.334E-09 1.028E-08 1.589E-08 2.072E-08 2.239E-08 1.846E-08 1.514E-08 1.853E-08 1.958E-08 1.522E-08 8.727E-09 8.127E-09 8.995E-09 4.699E-09 3.635E-09 2.455E-09 1.865E-09 1.693E-09 1.368E-09 2.032E-09 1.768E-09 1.529E-09 9.251E-10 7.195E-10 6.324E-10 4.689E-10 2.960E-10 2.213E-10 1.159E-10 6.762E-11
  8.400E+01  2.238E-06 2.062E-06 1.863E-06 1.692E-06 1.548E-06 1.462E-06 1.379E-06 1.297E-06 1.228E-06 1.157E-06 1.088E-06 1.025E-06 9.137E-07 8.066E-07 5.896E-07 4.329E-07 3.228E-07 2.416E-07 1.237E-07 5.689E-08 5.686E-08 6.245E-08 6.552E-08 6.011E-08 4.872E-08 3.598E-08 2.406E-08 1.794E-08 2.046E-08 1.797E-08 1.194E-08 4.223E-09 1.007E-08 1.558E-08 2.032E-08 2.194E-08 1.805E-08 1.480E-08 1.815E-08 1.913E-08 1.484E-08 8.519E-09 7.953E-09 8.780E-09 4.590E-09 3.554E-09 2.404E-09 1.829E-09 1.660E-09 1.345E-09 1.999E-09 1.731E-09 1.498E-09 9.082E-10 7.081E-10 6.216E-10 4.616E-10 2.918E-10 2.183E-10 1.145E-10 6.684E-11
  8.600E+01  2.100E-06 1.935E-06 1.741E-06 1.580E-06 1.445E-06 1.363E-06 1.285E-06 1.210E-06 1.146E-06 1.079E-06 1.015E-06 9.560E-07 8.525E-07 7.530E-07 5.515E-07 4.059E-07 3.035E-07 2.277E-07 1.172E-07 5.438E-08 5.448E-08 5.991E-08 6.287E-08 5.770E-08 4.684E-08 3.467E-08 2.325E-08 1.741E-08 1.986E-08 1.744E-08 1.160E-08 4.124E-09 9.893E-09 1.532E-08 1.998E-08 2.154E-08 1.769E-08 1.451E-08 1.781E-08 1.874E-08 1.450E-08 8.334E-09 7.801E-09 8.587E-09 4.494E-09 3.484E-09 2.360E-09 1.798E-09 1.633E-09 1.326E-09 1.971E-09 1.699E-09 1.470E-09 8.936E-10 6.984E-10 6.124E-10 4.555E-10 2.882E-10 2.158E-10 1.133E-10 6.623E-11
  8.800E+01  1.962E-06 1.826E-06 1.633E-06 1.479E-06 1.353E-06 1.276E-06 1.202E-06 1.133E-06 1.072E-06 1.009E-06 9.497E-07 8.943E-07 7.976E-07 7.051E-07 5.174E-07 3.817E-07 2.861E-07 2.153E-07 1.114E-07 5.213E-08 5.235E-08 5.763E-08 6.049E-08 5.553E-08 4.515E-08 3.351E-08 2.253E-08 1.693E-08 1.932E-08 1.697E-08 1.130E-08 4.039E-09 9.738E-09 1.510E-08 1.969E-08 2.121E-08 1.738E-08 1.426E-08 1.753E-08 1.839E-08 1.420E-08 8.171E-09 7.669E-09 8.418E-09 4.410E-09 3.423E-09 2.323E-09 1.771E-09 1.609E-09 1.311E-09 1.948E-09 1.670E-09 1.447E-09 8.812E-10 6.905E-10 6.047E-10 4.504E-10 2.854E-10 2.138E-10 1.124E-10 6.577E-11
  9.000E+01  1.841E-06 1.724E-06 1.538E-06 1.389E-06 1.270E-06 1.198E-06 1.128E-06 1.063E-06 1.005E-06 9.462E-07 8.911E-07 8.391E-07 7.485E-07 6.621E-07 4.867E-07 3.599E-07 2.705E-07 2.041E-07 1.062E-07 5.012E-08 5.045E-08 5.559E-08 5.836E-08 5.360E-08 4.364E-08 3.247E-08 2.190E-08 1.651E-08 1.885E-08 1.656E-08 1.104E-08 3.965E-09 9.611E-09 1.492E-08 1.945E-08 2.093E-08 1.712E-08 1.405E-08 1.729E-08 1.809E-08 1.393E-08 8.032E-09 7.558E-09 8.271E-09 4.338E-09 3.371E-09 2.291E-09 1.749E-09 1.590E-09 1.299E-09 1.929E-09 1.646E-09 1.427E-09 8.711E-10 6.843E-10 5.985E-10 4.466E-10 2.832E-10 2.123E-10 1.118E-10 6.547E-11
  9.200E+01  1.745E-06 1.627E-06 1.451E-06 1.311E-06 1.197E-06 1.129E-06 1.063E-06 1.001E-06 9.462E-07 8.906E-07 8.385E-07 7.896E-07 7.047E-07 6.235E-07 4.593E-07 3.404E-07 2.566E-07 1.941E-07 1.016E-07 4.834E-08 4.876E-08 5.379E-08 5.647E-08 5.187E-08 4.231E-08 3.155E-08 2.134E-08 1.615E-08 1.844E-08 1.620E-08 1.081E-08 3.903E-09 9.509E-09 1.478E-08 1.926E-08 2.070E-08 1.690E-08 1.387E-08 1.709E-08 1.784E-08 1.371E-08 7.914E-09 7.467E-09 8.146E-09 4.277E-09 3.328E-09 2.266E-09 1.732E-09 1.575E-09 1.290E-09 1.916E-09 1.627E-09 1.411E-09 8.633E-10 6.798E-10 5.939E-10 4.438E-10 2.818E-10 2.114E-10 1.115E-10 6.534E-11
  9.400E+01  1.666E-06 1.534E-06 1.373E-06 1.242E-06 1.133E-06 1.067E-06 1.004E-06 9.448E-07 8.938E-07 8.411E-07 7.915E-07 7.454E-07 6.655E-07 5.891E-07 4.347E-07 3.230E-07 2.441E-07 1.851E-07 9.750E-08 4.677E-08 4.727E-08 5.220E-08 5.481E-08 5.036E-08 4.113E-08 3.075E-08 2.085E-08 1.583E-08 1.808E-08 1.589E-08 1.062E-08 3.853E-09 9.433E-09 1.467E-08 1.912E-08 2.053E-08 1.672E-08 1.373E-08 1.694E-08 1.764E-08 1.352E-08 7.818E-09 7.395E-09 8.044E-09 4.229E-09 3.294E-09 2.247E-09 1.719E-09 1.564E-09 1.285E-09 1.908E-09 1.611E-09 1.399E-09 8.577E-10 6.771E-10 5.908E-10 4.421E-10 2.811E-10 2.110E-10 1.114E-10 6.537E-11
  9.600E+01  1.589E-06 1.452E-06 1.304E-06 1.182E-06 1.076E-06 1.012E-06 9.528E-07 8.948E-07 8.470E-07 7.969E-07 7.496E-07 7.060E-07 6.307E-07 5.583E-07 4.128E-07 3.075E-07 2.330E-07 1.772E-07 9.387E-08 4.539E-08 4.597E-08 5.080E-08 5.335E-08 4.903E-08 4.011E-08 3.005E-08 2.044E-08 1.557E-08 1.779E-08 1.563E-08 1.046E-08 3.814E-09 9.380E-09 1.461E-08 1.903E-08 2.041E-08 1.659E-08 1.363E-08 1.684E-08 1.748E-08 1.337E-08 7.744E-09 7.343E-09 7.963E-09 4.192E-09 3.269E-09 2.234E-09 1.711E-09 1.557E-09 1.282E-09 1.904E-09 1.600E-09 1.390E-09 8.543E-10 6.760E-10 5.891E-10 4.416E-10 2.810E-10 2.111E-10 1.117E-10 6.555E-11
  9.800E+01  1.511E-06 1.385E-06 1.243E-06 1.126E-06 1.025E-06 9.633E-07 9.066E-07 8.508E-07 8.053E-07 7.575E-07 7.125E-07 6.710E-07 5.995E-07 5.310E-07 3.933E-07 2.937E-07 2.231E-07 1.702E-07 9.068E-08 4.419E-08 4.485E-08 4.960E-08 5.208E-08 4.788E-08 3.923E-08 2.946E-08 2.009E-08 1.536E-08 1.754E-08 1.542E-08 1.033E-08 3.785E-09 9.351E-09 1.458E-08 1.898E-08 2.035E-08 1.650E-08 1.356E-08 1.677E-08 1.737E-08 1.326E-08 7.689E-09 7.310E-09 7.903E-09 4.165E-09 3.253E-09 2.226E-09 1.707E-09 1.554E-09 1.283E-09 1.905E-09 1.593E-09 1.384E-09 8.531E-10 6.767E-10 5.890E-10 4.421E-10 2.817E-10 2.118E-10 1.121E-10 6.589E-11
  1.000E+02  1.436E-06 1.331E-06 1.188E-06 1.074E-06 9.782E-07 9.194E-07 8.647E-07 8.123E-07 7.679E-07 7.223E-07 6.796E-07 6.399E-07 5.718E-07 5.067E-07 3.760E-07 2.814E-07 2.144E-07 1.640E-07 8.789E-08 4.316E-08 4.388E-08 4.857E-08 5.100E-08 4.690E-08 3.848E-08 2.897E-08 1.980E-08 1.519E-08 1.735E-08 1.525E-08 1.023E-08 3.766E-09 9.345E-09 1.458E-08 1.898E-08 2.033E-08 1.645E-08 1.352E-08 1.675E-08 1.730E-08 1.317E-08 7.655E-09 7.295E-09 7.863E-09 4.150E-09 3.245E-09 2.224E-09 1.708E-09 1.555E-09 1.287E-09 1.911E-09 1.590E-09 1.383E-09 8.539E-10 6.789E-10 5.903E-10 4.437E-10 2.830E-10 2.129E-10 1.129E-10 6.639E-11
  1.020E+02  1.373E-06 1.279E-06 1.140E-06 1.028E-06 9.368E-07 8.804E-07 8.274E-07 7.781E-07 7.349E-07 6.911E-07 6.504E-07 6.125E-07 5.473E-07 4.853E-07 3.607E-07 2.707E-07 2.067E-07 1.586E-07 8.548E-08 4.229E-08 4.307E-08 4.770E-08 5.009E-08 4.608E-08 3.786E-08 2.856E-08 1.958E-08 1.506E-08 1.721E-08 1.513E-08 1.016E-08 3.756E-09 9.359E-09 1.462E-08 1.902E-08 2.035E-08 1.645E-08 1.352E-08 1.676E-08 1.727E-08 1.313E-08 7.639E-09 7.298E-09 7.843E-09 4.145E-09 3.244E-09 2.228E-09 1.712E-09 1.560E-09 1.294E-09 1.921E-09 1.591E-09 1.384E-09 8.568E-10 6.827E-10 5.929E-10 4.464E-10 2.850E-10 2.145E-10 1.139E-10 6.703E-11
  1.040E+02  1.321E-06 1.228E-06 1.098E-06 9.894E-07 9.011E-07 8.466E-07 7.953E-07 7.477E-07 7.060E-07 6.638E-07 6.247E-07 5.882E-07 5.257E-07 4.664E-07 3.472E-07 2.612E-07 2.000E-07 1.539E-07 8.342E-08 4.155E-08 4.239E-08 4.699E-08 4.934E-08 4.540E-08 3.736E-08 2.824E-08 1.941E-08 1.497E-08 1.711E-08 1.504E-08 1.012E-08 3.756E-09 9.394E-09 1.468E-08 1.910E-08 2.042E-08 1.647E-08 1.355E-08 1.681E-08 1.728E-08 1.311E-08 7.642E-09 7.317E-09 7.841E-09 4.150E-09 3.252E-09 2.236E-09 1.720E-09 1.568E-09 1.304E-09 1.935E-09 1.596E-09 1.389E-09 8.617E-10 6.880E-10 5.969E-10 4.500E-10 2.876E-10 2.166E-10 1.151E-10 6.782E-11
  1.060E+02  1.278E-06 1.185E-06 1.061E-06 9.568E-07 8.707E-07 8.174E-07 7.678E-07 7.210E-07 6.809E-07 6.400E-07 6.021E-07 5.670E-07 5.068E-07 4.497E-07 3.355E-07 2.530E-07 1.942E-07 1.498E-07 8.167E-08 4.095E-08 4.185E-08 4.641E-08 4.874E-08 4.486E-08 3.696E-08 2.800E-08 1.929E-08 1.492E-08 1.705E-08 1.500E-08 1.010E-08 3.763E-09 9.447E-09 1.478E-08 1.922E-08 2.053E-08 1.654E-08 1.361E-08 1.690E-08 1.733E-08 1.312E-08 7.663E-09 7.352E-09 7.858E-09 4.164E-09 3.267E-09 2.250E-09 1.732E-09 1.580E-09 1.316E-09 1.953E-09 1.604E-09 1.397E-09 8.684E-10 6.948E-10 6.022E-10 4.545E-10 2.908E-10 2.191E-10 1.166E-10 6.875E-11
  1.080E+02  1.243E-06 1.151E-06 1.028E-06 9.294E-07 8.448E-07 7.922E-07 7.439E-07 6.981E-07 6.591E-07 6.194E-07 5.825E-07 5.484E-07 4.903E-07 4.352E-07 3.252E-07 2.458E-07 1.893E-07 1.463E-07 8.022E-08 4.047E-08 4.142E-08 4.596E-08 4.827E-08 4.444E-08 3.667E-08 2.784E-08 1.922E-08 1.491E-08 1.704E-08 1.499E-08 1.010E-08 3.779E-09 9.518E-09 1.490E-08 1.938E-08 2.069E-08 1.663E-08 1.369E-08 1.702E-08 1.742E-08 1.316E-08 7.699E-09 7.403E-09 7.892E-09 4.187E-09 3.289E-09 2.268E-09 1.748E-09 1.594E-09 1.331E-09 1.975E-09 1.615E-09 1.408E-09 8.770E-10 7.030E-10 6.088E-10 4.600E-10 2.946E-10 2.221E-10 1.183E-10 6.981E-11
  1.100E+02  1.212E-06 1.122E-06 1.001E-06 9.058E-07 8.228E-07 7.706E-07 7.233E-07 6.784E-07 6.404E-07 6.017E-07 5.658E-07 5.325E-07 4.761E-07 4.227E-07 3.164E-07 2.397E-07 1.850E-07 1.434E-07 7.903E-08 4.011E-08 4.110E-08 4.563E-08 4.792E-08 4.414E-08 3.647E-08 2.774E-08 1.919E-08 1.492E-08 1.706E-08 1.501E-08 1.013E-08 3.801E-09 9.606E-09 1.505E-08 1.957E-08 2.087E-08 1.676E-08 1.380E-08 1.717E-08 1.754E-08 1.323E-08 7.752E-09 7.467E-09 7.942E-09 4.219E-09 3.317E-09 2.290E-09 1.767E-09 1.612E-09 1.348E-09 2.000E-09 1.630E-09 1.422E-09 8.872E-10 7.125E-10 6.165E-10 4.664E-10 2.989E-10 2.255E-10 1.202E-10 7.100E-11
  1.120E+02  1.181E-06 1.096E-06 9.794E-07 8.850E-07 8.039E-07 7.525E-07 7.058E-07 6.620E-07 6.246E-07 5.866E-07 5.515E-07 5.190E-07 4.640E-07 4.121E-07 3.089E-07 2.345E-07 1.815E-07 1.410E-07 7.809E-08 3.984E-08 4.087E-08 4.541E-08 4.769E-08 4.394E-08 3.635E-08 2.770E-08 1.921E-08 1.497E-08 1.712E-08 1.506E-08 1.018E-08 3.831E-09 9.709E-09 1.522E-08 1.979E-08 2.110E-08 1.692E-08 1.393E-08 1.735E-08 1.769E-08 1.333E-08 7.819E-09 7.545E-09 8.007E-09 4.259E-09 3.352E-09 2.317E-09 1.789E-09 1.633E-09 1.368E-09 2.030E-09 1.648E-09 1.438E-09 8.991E-10 7.232E-10 6.253E-10 4.736E-10 3.038E-10 2.293E-10 1.224E-10 7.231E-11
  1.140E+02  1.152E-06 1.077E-06 9.625E-07 8.678E-07 7.883E-07 7.380E-07 6.916E-07 6.485E-07 6.114E-07 5.740E-07 5.396E-07 5.077E-07 4.538E-07 4.032E-07 3.026E-07 2.303E-07 1.786E-07 1.391E-07 7.738E-08 3.966E-08 4.074E-08 4.529E-08 4.757E-08 4.385E-08 3.632E-08 2.772E-08 1.926E-08 1.504E-08 1.720E-08 1.514E-08 1.024E-08 3.866E-09 9.826E-09 1.541E-08 2.004E-08 2.135E-08 1.711E-08 1.409E-08 1.756E-08 1.787E-08 1.345E-08 7.899E-09 7.636E-09 8.087E-09 4.307E-09 3.392E-09 2.348E-09 1.814E-09 1.656E-09 1.390E-09 2.062E-09 1.669E-09 1.457E-09 9.125E-10 7.351E-10 6.352E-10 4.816E-10 3.091E-10 2.335E-10 1.247E-10 7.373E-11
  1.160E+02  1.135E-06 1.065E-06 9.500E-07 8.559E-07 7.767E-07 7.269E-07 6.806E-07 6.378E-07 6.008E-07 5.639E-07 5.299E-07 4.985E-07 4.455E-07 3.959E-07 2.975E-07 2.268E-07 1.762E-07 1.375E-07 7.688E-08 3.957E-08 4.070E-08 4.526E-08 4.754E-08 4.384E-08 3.635E-08 2.780E-08 1.935E-08 1.514E-08 1.732E-08 1.525E-08 1.032E-08 3.907E-09 9.955E-09 1.563E-08 2.032E-08 2.164E-08 1.732E-08 1.427E-08 1.779E-08 1.808E-08 1.359E-08 7.993E-09 7.738E-09 8.179E-09 4.361E-09 3.438E-09 2.382E-09 1.842E-09 1.682E-09 1.414E-09 2.097E-09 1.693E-09 1.479E-09 9.273E-10 7.481E-10 6.460E-10 4.902E-10 3.149E-10 2.379E-10 1.272E-10 7.526E-11
  1.180E+02  1.131E-06 1.055E-06 9.417E-07 8.494E-07 7.695E-07 7.190E-07 6.727E-07 6.297E-07 5.930E-07 5.562E-07 5.224E-07 4.913E-07 4.390E-07 3.900E-07 2.934E-07 2.240E-07 1.744E-07 1.364E-07 7.656E-08 3.956E-08 4.072E-08 4.531E-08 4.760E-08 4.392E-08 3.646E-08 2.792E-08 1.947E-08 1.526E-08 1.747E-08 1.538E-08 1.042E-08 3.953E-09 1.010E-08 1.586E-08 2.063E-08 2.195E-08 1.755E-08 1.447E-08 1.805E-08 1.832E-08 1.375E-08 8.098E-09 7.850E-09 8.284E-09 4.422E-09 3.488E-09 2.420E-09 1.872E-09 1.710E-09 1.439E-09 2.135E-09 1.719E-09 1.502E-09 9.434E-10 7.621E-10 6.577E-10 4.996E-10 3.212E-10 2.427E-10 1.299E-10 7.688E-11
  1.200E+02  1.131E-06 1.048E-06 9.380E-07 8.461E-07 7.657E-07 7.143E-07 6.678E-07 6.241E-07 5.875E-07 5.507E-07 5.169E-07 4.860E-07 4.340E-07 3.855E-07 2.902E-07 2.220E-07 1.731E-07 1.356E-07 7.642E-08 3.961E-08 4.082E-08 4.544E-08 4.774E-08 4.407E-08 3.662E-08 2.809E-08 1.962E-08 1.541E-08 1.763E-08 1.553E-08 1.053E-08 4.004E-09 1.025E-08 1.611E-08 2.095E-08 2.229E-08 1.781E-08 1.468E-08 1.833E-08 1.858E-08 1.393E-08 8.213E-09 7.972E-09 8.401E-09 4.489E-09 3.543E-09 2.460E-09 1.905E-09 1.740E-09 1.467E-09 2.176E-09 1.748E-09 1.528E-09 9.607E-10 7.770E-10 6.703E-10 5.095E-10 3.278E-10 2.478E-10 1.327E-10 7.860E-11
  1.220E+02  1.130E-06 1.050E-06 9.395E-07 8.453E-07 7.645E-07 7.129E-07 6.654E-07 6.214E-07 5.843E-07 5.473E-07 5.135E-07 4.826E-07 4.306E-07 3.824E-07 2.880E-07 2.205E-07 1.723E-07 1.352E-07 7.643E-08 3.973E-08 4.097E-08 4.563E-08 4.795E-08 4.428E-08 3.683E-08 2.829E-08 1.979E-08 1.556E-08 1.782E-08 1.570E-08 1.065E-08 4.059E-09 1.041E-08 1.637E-08 2.129E-08 2.265E-08 1.808E-08 1.491E-08 1.862E-08 1.886E-08 1.412E-08 8.338E-09 8.103E-09 8.527E-09 4.561E-09 3.603E-09 2.504E-09 1.940E-09 1.772E-09 1.495E-09 2.218E-09 1.778E-09 1.555E-09 9.790E-10 7.927E-10 6.835E-10 5.200E-10 3.347E-10 2.532E-10 1.357E-10 8.039E-11
  1.240E+02  1.132E-06 1.060E-06 9.461E-07 8.485E-07 7.666E-07 7.143E-07 6.656E-07 6.213E-07 5.833E-07 5.459E-07 5.120E-07 4.808E-07 4.287E-07 3.806E-07 2.866E-07 2.197E-07 1.719E-07 1.351E-07 7.659E-08 3.990E-08 4.118E-08 4.589E-08 4.822E-08 4.456E-08 3.709E-08 2.853E-08 1.998E-08 1.574E-08 1.803E-08 1.589E-08 1.079E-08 4.117E-09 1.058E-08 1.665E-08 2.165E-08 2.303E-08 1.837E-08 1.515E-08 1.893E-08 1.915E-08 1.434E-08 8.471E-09 8.241E-09 8.662E-09 4.637E-09 3.665E-09 2.549E-09 1.976E-09 1.806E-09 1.525E-09 2.263E-09 1.811E-09 1.584E-09 9.983E-10 8.091E-10 6.974E-10 5.309E-10 3.420E-10 2.587E-10 1.388E-10 8.225E-11
  1.260E+02  1.145E-06 1.075E-06 9.571E-07 8.566E-07 7.728E-07 7.188E-07 6.688E-07 6.236E-07 5.848E-07 5.467E-07 5.123E-07 4.808E-07 4.282E-07 3.799E-07 2.861E-07 2.194E-07 1.719E-07 1.352E-07 7.687E-08 4.012E-08 4.143E-08 4.619E-08 4.855E-08 4.488E-08 3.739E-08 2.880E-08 2.020E-08 1.593E-08 1.826E-08 1.609E-08 1.093E-08 4.178E-09 1.075E-08 1.693E-08 2.203E-08 2.342E-08 1.868E-08 1.541E-08 1.926E-08 1.947E-08 1.456E-08 8.612E-09 8.386E-09 8.805E-09 4.718E-09 3.731E-09 2.597E-09 2.014E-09 1.841E-09 1.556E-09 2.309E-09 1.844E-09 1.614E-09 1.018E-09 8.261E-10 7.119E-10 5.423E-10 3.495E-10 2.645E-10 1.419E-10 8.416E-11
  1.280E+02  1.170E-06 1.094E-06 9.729E-07 8.702E-07 7.835E-07 7.267E-07 6.752E-07 6.283E-07 5.887E-07 5.497E-07 5.144E-07 4.824E-07 4.291E-07 3.804E-07 2.862E-07 2.197E-07 1.722E-07 1.356E-07 7.727E-08 4.038E-08 4.173E-08 4.654E-08 4.893E-08 4.526E-08 3.773E-08 2.910E-08 2.043E-08 1.613E-08 1.850E-08 1.630E-08 1.108E-08 4.242E-09 1.093E-08 1.723E-08 2.241E-08 2.383E-08 1.899E-08 1.567E-08 1.960E-08 1.980E-08 1.480E-08 8.759E-09 8.536E-09 8.955E-09 4.802E-09 3.799E-09 2.646E-09 2.053E-09 1.877E-09 1.588E-09 2.357E-09 1.880E-09 1.646E-09 1.039E-09 8.436E-10 7.268E-10 5.540E-10 3.572E-10 2.704E-10 1.452E-10 8.613E-11
  1.300E+02  1.204E-06 1.120E-06 9.941E-07 8.889E-07 7.982E-07 7.379E-07 6.846E-07 6.357E-07 5.948E-07 5.547E-07 5.184E-07 4.856E-07 4.314E-07 3.820E-07 2.871E-07 2.204E-07 1.729E-07 1.363E-07 7.777E-08 4.068E-08 4.206E-08 4.693E-08 4.935E-08 4.567E-08 3.810E-08 2.942E-08 2.068E-08 1.634E-08 1.875E-08 1.653E-08 1.124E-08 4.307E-09 1.112E-08 1.753E-08 2.281E-08 2.425E-08 1.932E-08 1.594E-08 1.995E-08 2.013E-08 1.504E-08 8.911E-09 8.691E-09 9.111E-09 4.889E-09 3.870E-09 2.697E-09 2.093E-09 1.914E-09 1.621E-09 2.406E-09 1.916E-09 1.678E-09 1.061E-09 8.616E-10 7.421E-10 5.660E-10 3.651E-10 2.765E-10 1.485E-10 8.814E-11
  1.320E+02  1.245E-06 1.157E-06 1.022E-06 9.119E-07 8.162E-07 7.529E-07 6.969E-07 6.460E-07 6.032E-07 5.617E-07 5.243E-07 4.904E-07 4.350E-07 3.847E-07 2.887E-07 2.216E-07 1.739E-07 1.371E-07 7.837E-08 4.100E-08 4.242E-08 4.736E-08 4.980E-08 4.611E-08 3.850E-08 2.976E-08 2.094E-08 1.656E-08 1.901E-08 1.676E-08 1.141E-08 4.375E-09 1.131E-08 1.783E-08 2.321E-08 2.467E-08 1.965E-08 1.622E-08 2.030E-08 2.048E-08 1.529E-08 9.067E-09 8.849E-09 9.271E-09 4.978E-09 3.942E-09 2.749E-09 2.135E-09 1.952E-09 1.654E-09 2.455E-09 1.954E-09 1.711E-09 1.082E-09 8.798E-10 7.577E-10 5.782E-10 3.731E-10 2.826E-10 1.519E-10 9.017E-11
  1.340E+02  1.293E-06 1.200E-06 1.058E-06 9.395E-07 8.381E-07 7.718E-07 7.124E-07 6.587E-07 6.138E-07 5.706E-07 5.318E-07 4.969E-07 4.398E-07 3.884E-07 2.909E-07 2.231E-07 1.751E-07 1.382E-07 7.904E-08 4.136E-08 4.281E-08 4.781E-08 5.028E-08 4.659E-08 3.892E-08 3.011E-08 2.120E-08 1.679E-08 1.928E-08 1.700E-08 1.158E-08 4.443E-09 1.150E-08 1.814E-08 2.362E-08 2.511E-08 1.999E-08 1.650E-08 2.067E-08 2.084E-08 1.555E-08 9.226E-09 9.010E-09 9.434E-09 5.069E-09 4.015E-09 2.802E-09 2.176E-09 1.990E-09 1.688E-09 2.505E-09 1.992E-09 1.745E-09 1.104E-09 8.983E-10 7.735E-10 5.905E-10 3.812E-10 2.888E-10 1.553E-10 9.222E-11
  1.360E+02  1.353E-06 1.249E-06 1.104E-06 9.731E-07 8.648E-07 7.948E-07 7.310E-07 6.739E-07 6.267E-07 5.815E-07 5.411E-07 5.051E-07 4.459E-07 3.931E-07 2.937E-07 2.251E-07 1.766E-07 1.394E-07 7.979E-08 4.173E-08 4.321E-08 4.828E-08 5.079E-08 4.708E-08 3.936E-08 3.048E-08 2.148E-08 1.702E-08 1.955E-08 1.725E-08 1.175E-08 4.512E-09 1.169E-08 1.845E-08 2.403E-08 2.554E-08 2.034E-08 1.679E-08 2.103E-08 2.120E-08 1.581E-08 9.387E-09 9.172E-09 9.600E-09 5.160E-09 4.089E-09 2.855E-09 2.218E-09 2.029E-09 1.722E-09 2.556E-09 2.031E-09 1.779E-09 1.127E-09 9.169E-10 7.895E-10 6.030E-10 3.894E-10 2.951E-10 1.587E-10 9.428E-11
  1.380E+02  1.425E-06 1.310E-06 1.156E-06 1.013E-06 8.968E-07 8.214E-07 7.529E-07 6.918E-07 6.421E-07 5.945E-07 5.521E-07 5.148E-07 4.532E-07 3.987E-07 2.971E-07 2.274E-07 1.784E-07 1.407E-07 8.059E-08 4.213E-08 4.363E-08 4.877E-08 5.132E-08 4.759E-08 3.980E-08 3.085E-08 2.176E-08 1.725E-08 1.983E-08 1.749E-08 1.192E-08 4.581E-09 1.188E-08 1.876E-08 2.444E-08 2.598E-08 2.068E-08 1.707E-08 2.139E-08 2.156E-08 1.608E-08 9.549E-09 9.335E-09 9.767E-09 5.253E-09 4.164E-09 2.908E-09 2.260E-09 2.067E-09 1.755E-09 2.606E-09 2.069E-09 1.813E-09 1.149E-09 9.354E-10 8.054E-10 6.154E-10 3.975E-10 3.013E-10 1.621E-10 9.634E-11
  1.400E+02  1.517E-06 1.388E-06 1.214E-06 1.060E-06 9.342E-07 8.515E-07 7.780E-07 7.130E-07 6.600E-07 6.097E-07 5.650E-07 5.258E-07 4.616E-07 4.052E-07 3.010E-07 2.300E-07 1.803E-07 1.422E-07 8.145E-08 4.253E-08 4.406E-08 4.927E-08 5.186E-08 4.812E-08 4.026E-08 3.123E-08 2.204E-08 1.748E-08 2.011E-08 1.774E-08 1.209E-08 4.649E-09 1.207E-08 1.907E-08 2.485E-08 2.641E-08 2.102E-08 1.736E-08 2.176E-08 2.192E-08 1.635E-08 9.711E-09 9.497E-09 9.934E-09 5.345E-09 4.238E-09 2.961E-09 2.302E-09 2.106E-09 1.789E-09 2.656E-09 2.108E-09 1.848E-09 1.171E-09 9.539E-10 8.213E-10 6.277E-10 4.056E-10 3.075E-10 1.655E-10 9.838E-11
  1.420E+02  1.633E-06 1.478E-06 1.281E-06 1.114E-06 9.773E-07 8.856E-07 8.065E-07 7.373E-07 6.804E-07 6.269E-07 5.797E-07 5.381E-07 4.710E-07 4.126E-07 3.053E-07 2.329E-07 1.824E-07 1.438E-07 8.235E-08 4.294E-08 4.450E-08 4.978E-08 5.240E-08 4.865E-08 4.072E-08 3.161E-08 2.232E-08 1.771E-08 2.038E-08 1.799E-08 1.226E-08 4.717E-09 1.226E-08 1.937E-08 2.525E-08 2.684E-08 2.136E-08 1.764E-08 2.212E-08 2.228E-08 1.661E-08 9.872E-09 9.658E-09 1.010E-08 5.437E-09 4.312E-09 3.013E-09 2.343E-09 2.144E-09 1.822E-09 2.706E-09 2.147E-09 1.882E-09 1.193E-09 9.722E-10 8.370E-10 6.400E-10 4.137E-10 3.137E-10 1.689E-10 1.004E-10
  1.440E+02  1.769E-06 1.579E-06 1.359E-06 1.176E-06 1.025E-06 9.245E-07 8.385E-07 7.640E-07 7.029E-07 6.458E-07 5.958E-07 5.518E-07 4.814E-07 4.207E-07 3.101E-07 2.361E-07 1.847E-07 1.456E-07 8.328E-08 4.336E-08 4.494E-08 5.029E-08 5.295E-08 4.918E-08 4.118E-08 3.199E-08 2.260E-08 1.794E-08 2.066E-08 1.824E-08 1.243E-08 4.784E-09 1.244E-08 1.967E-08 2.565E-08 2.727E-08 2.170E-08 1.792E-08 2.247E-08 2.264E-08 1.687E-08 1.003E-08 9.817E-09 1.026E-08 5.528E-09 4.385E-09 3.065E-09 2.384E-09 2.181E-09 1.855E-09 2.755E-09 2.185E-09 1.915E-09 1.215E-09 9.902E-10 8.526E-10 6.520E-10 4.216E-10 3.197E-10 1.722E-10 1.024E-10
  1.460E+02  1.919E-06 1.693E-06 1.451E-06 1.244E-06 1.078E-06 9.678E-07 8.738E-07 7.927E-07 7.272E-07 6.662E-07 6.131E-07 5.668E-07 4.927E-07 4.294E-07 3.152E-07 2.395E-07 1.871E-07 1.474E-07 8.423E-08 4.377E-08 4.538E-08 5.080E-08 5.350E-08 4.971E-08 4.164E-08 3.236E-08 2.287E-08 1.817E-08 2.093E-08 1.848E-08 1.260E-08 4.850E-09 1.262E-08 1.996E-08 2.603E-08 2.768E-08 2.203E-08 1.819E-08 2.282E-08 2.298E-08 1.713E-08 1.019E-08 9.972E-09 1.043E-08 5.617E-09 4.456E-09 3.116E-09 2.424E-09 2.218E-09 1.886E-09 2.803E-09 2.222E-09 1.948E-09 1.236E-09 1.008E-09 8.678E-10 6.638E-10 4.293E-10 3.256E-10 1.754E-10 1.043E-10
  1.480E+02  2.092E-06 1.824E-06 1.554E-06 1.320E-06 1.135E-06 1.015E-06 9.120E-07 8.233E-07 7.531E-07 6.880E-07 6.314E-07 5.828E-07 5.048E-07 4.386E-07 3.206E-07 2.430E-07 1.896E-07 1.492E-07 8.520E-08 4.418E-08 4.582E-08 5.130E-08 5.404E-08 5.024E-08 4.209E-08 3.273E-08 2.314E-08 1.839E-08 2.119E-08 1.871E-08 1.276E-08 4.914E-09 1.279E-08 2.024E-08 2.641E-08 2.808E-08 2.235E-08 1.846E-08 2.316E-08 2.332E-08 1.738E-08 1.034E-08 1.012E-08 1.058E-08 5.703E-09 4.526E-09 3.165E-09 2.463E-09 2.253E-09 1.917E-09 2.849E-09 2.259E-09 1.980E-09 1.257E-09 1.025E-09 8.826E-10 6.753E-10 4.368E-10 3.314E-10 1.786E-10 1.062E-10
  1.500E+02  2.293E-06 1.978E-06 1.664E-06 1.403E-06 1.198E-06 1.065E-06 9.525E-07 8.558E-07 7.805E-07 7.109E-07 6.506E-07 5.991E-07 5.172E-07 4.481E-07 3.262E-07 2.467E-07 1.922E-07 1.511E-07 8.618E-08 4.459E-08 4.624E-08 5.179E-08 5.457E-08 5.075E-08 4.254E-08 3.309E-08 2.341E-08 1.860E-08 2.145E-08 1.894E-08 1.292E-08 4.976E-09 1.296E-08 2.051E-08 2.677E-08 2.847E-08 2.266E-08 1.872E-08 2.349E-08 2.365E-08 1.763E-08 1.049E-08 1.027E-08 1.074E-08 5.787E-09 4.593E-09 3.213E-09 2.501E-09 2.288E-09 1.947E-09 2.894E-09 2.294E-09 2.012E-09 1.277E-09 1.041E-09 8.969E-10 6.864E-10 4.441E-10 3.369E-10 1.816E-10 1.080E-10
  1.520E+02  2.512E-06 2.150E-06 1.778E-06 1.489E-06 1.263E-06 1.115E-06 9.933E-07 8.895E-07 8.082E-07 7.341E-07 6.702E-07 6.154E-07 5.296E-07 4.577E-07 3.319E-07 2.504E-07 1.949E-07 1.530E-07 8.716E-08 4.499E-08 4.666E-08 5.227E-08 5.508E-08 5.125E-08 4.297E-08 3.344E-08 2.366E-08 1.881E-08 2.170E-08 1.916E-08 1.307E-08 5.035E-09 1.312E-08 2.077E-08 2.712E-08 2.885E-08 2.296E-08 1.896E-08 2.380E-08 2.397E-08 1.786E-08 1.063E-08 1.041E-08 1.089E-08 5.868E-09 4.658E-09 3.259E-09 2.537E-09 2.321E-09 1.976E-09 2.937E-09 2.328E-09 2.042E-09 1.296E-09 1.057E-09 9.107E-10 6.971E-10 4.511E-10 3.423E-10 1.845E-10 1.098E-10
  1.540E+02  2.738E-06 2.328E-06 1.896E-06 1.574E-06 1.326E-06 1.164E-06 1.033E-06 9.228E-07 8.349E-07 7.562E-07 6.892E-07 6.315E-07 5.417E-07 4.673E-07 3.376E-07 2.542E-07 1.975E-07 1.550E-07 8.812E-08 4.537E-08 4.706E-08 5.273E-08 5.558E-08 5.174E-08 4.338E-08 3.377E-08 2.390E-08 1.900E-08 2.193E-08 1.938E-08 1.322E-08 5.091E-09 1.328E-08 2.102E-08 2.745E-08 2.920E-08 2.324E-08 1.920E-08 2.410E-08 2.428E-08 1.809E-08 1.077E-08 1.055E-08 1.103E-08 5.946E-09 4.720E-09 3.303E-09 2.571E-09 2.353E-09 2.004E-09 2.978E-09 2.361E-09 2.071E-09 1.315E-09 1.073E-09 9.238E-10 7.073E-10 4.578E-10 3.474E-10 1.873E-10 1.115E-10
  1.560E+02  2.972E-06 2.498E-06 2.018E-06 1.654E-06 1.383E-06 1.210E-06 1.068E-06 9.531E-07 8.590E-07 7.762E-07 7.065E-07 6.468E-07 5.530E-07 4.764E-07 3.430E-07 2.579E-07 2.001E-07 1.569E-07 8.907E-08 4.574E-08 4.744E-08 5.318E-08 5.606E-08 5.220E-08 4.377E-08 3.409E-08 2.414E-08 1.919E-08 2.216E-08 1.958E-08 1.336E-08 5.145E-09 1.342E-08 2.126E-08 2.777E-08 2.954E-08 2.351E-08 1.942E-08 2.439E-08 2.456E-08 1.830E-08 1.089E-08 1.067E-08 1.116E-08 6.019E-09 4.779E-09 3.345E-09 2.604E-09 2.383E-09 2.030E-09 3.017E-09 2.392E-09 2.098E-09 1.332E-09 1.087E-09 9.363E-10 7.170E-10 4.641E-10 3.522E-10 1.899E-10 1.131E-10
  1.580E+02  3.214E-06 2.653E-06 2.127E-06 1.724E-06 1.433E-06 1.250E-06 1.099E-06 9.779E-07 8.794E-07 7.935E-07 7.212E-07 6.601E-07 5.631E-07 4.846E-07 3.482E-07 2.615E-07 2.027E-07 1.587E-07 8.998E-08 4.609E-08 4.780E-08 5.359E-08 5.651E-08 5.264E-08 4.415E-08 3.440E-08 2.435E-08 1.937E-08 2.237E-08 1.977E-08 1.349E-08 5.195E-09 1.356E-08 2.148E-08 2.806E-08 2.986E-08 2.377E-08 1.964E-08 2.466E-08 2.484E-08 1.850E-08 1.102E-08 1.079E-08 1.129E-08 6.089E-09 4.834E-09 3.384E-09 2.635E-09 2.411E-09 2.054E-09 3.054E-09 2.421E-09 2.124E-09 1.349E-09 1.101E-09 9.481E-10 7.261E-10 4.700E-10 3.567E-10 1.924E-10 1.145E-10
  1.600E+02  3.434E-06 2.775E-06 2.205E-06 1.779E-06 1.472E-06 1.280E-06 1.123E-06 9.950E-07 8.949E-07 8.069E-07 7.324E-07 6.700E-07 5.716E-07 4.915E-07 3.531E-07 2.649E-07 2.052E-07 1.605E-07 9.087E-08 4.642E-08 4.815E-08 5.399E-08 5.693E-08 5.305E-08 4.450E-08 3.468E-08 2.456E-08 1.953E-08 2.257E-08 1.994E-08 1.361E-08 5.242E-09 1.369E-08 2.169E-08 2.834E-08 3.015E-08 2.401E-08 1.983E-08 2.491E-08 2.509E-08 1.869E-08 1.113E-08 1.091E-08 1.141E-08 6.153E-09 4.885E-09 3.421E-09 2.663E-09 2.437E-09 2.077E-09 3.088E-09 2.448E-09 2.147E-09 1.364E-09 1.113E-09 9.590E-10 7.345E-10 4.756E-10 3.610E-10 1.947E-10 1.159E-10
  1.620E+02  3.580E-06 2.842E-06 2.241E-06 1.808E-06 1.491E-06 1.292E-06 1.135E-06 1.003E-06 9.037E-07 8.149E-07 7.394E-07 6.763E-07 5.780E-07 4.971E-07 3.574E-07 2.681E-07 2.075E-07 1.623E-07 9.170E-08 4.672E-08 4.846E-08 5.435E-08 5.733E-08 5.343E-08 4.482E-08 3.494E-08 2.475E-08 1.968E-08 2.275E-08 2.011E-08 1.372E-08 5.284E-09 1.380E-08 2.188E-08 2.859E-08 3.043E-08 2.422E-08 2.001E-08 2.514E-08 2.532E-08 1.886E-08 1.123E-08 1.101E-08 1.151E-08 6.212E-09 4.933E-09 3.454E-09 2.690E-09 2.461E-09 2.097E-09 3.119E-09 2.473E-09 2.170E-09 1.378E-09 1.125E-09 9.690E-10 7.423E-10 4.806E-10 3.648E-10 1.969E-10 1.172E-10
  1.640E+02  3.613E-06 2.845E-06 2.223E-06 1.801E-06 1.482E-06 1.284E-06 1.131E-06 1.001E-06 9.040E-07 8.166E-07 7.419E-07 6.794E-07 5.823E-07 5.015E-07 3.614E-07 2.711E-07 2.098E-07 1.639E-07 9.249E-08 4.700E-08 4.875E-08 5.468E-08 5.768E-08 5.378E-08 4.512E-08 3.518E-08 2.492E-08 1.982E-08 2.292E-08 2.025E-08 1.382E-08 5.323E-09 1.391E-08 2.205E-08 2.882E-08 3.067E-08 2.442E-08 2.017E-08 2.534E-08 2.553E-08 1.902E-08 1.133E-08 1.110E-08 1.161E-08 6.266E-09 4.976E-09 3.485E-09 2.714E-09 2.483E-09 2.116E-09 3.148E-09 2.496E-09 2.190E-09 1.391E-09 1.135E-09 9.782E-10 7.493E-10 4.853E-10 3.684E-10 1.988E-10 1.184E-10
  1.660E+02  3.540E-06 2.796E-06 2.152E-06 1.749E-06 1.445E-06 1.256E-06 1.111E-06 9.907E-07 8.968E-07 8.130E-07 7.412E-07 6.804E-07 5.849E-07 5.054E-07 3.651E-07 2.740E-07 2.119E-07 1.654E-07 9.322E-08 4.725E-08 4.901E-08 5.498E-08 5.801E-08 5.409E-08 4.539E-08 3.539E-08 2.507E-08 1.994E-08 2.306E-08 2.039E-08 1.391E-08 5.358E-09 1.400E-08 2.220E-08 2.902E-08 3.089E-08 2.460E-08 2.032E-08 2.553E-08 2.572E-08 1.916E-08 1.141E-08 1.118E-08 1.170E-08 6.314E-09 5.014E-09 3.512E-09 2.735E-09 2.503E-09 2.133E-09 3.173E-09 2.517E-09 2.208E-09 1.403E-09 1.145E-09 9.864E-10 7.557E-10 4.894E-10 3.715E-10 2.005E-10 1.194E-10
  1.680E+02  3.447E-06 2.724E-06 2.057E-06 1.667E-06 1.389E-06 1.218E-06 1.086E-06 9.773E-07 8.873E-07 8.078E-07 7.398E-07 6.813E-07 5.877E-07 5.096E-07 3.688E-07 2.768E-07 2.140E-07 1.669E-07 9.389E-08 4.748E-08 4.924E-08 5.525E-08 5.829E-08 5.437E-08 4.562E-08 3.558E-08 2.521E-08 2.005E-08 2.319E-08 2.050E-08 1.399E-08 5.389E-09 1.409E-08 2.233E-08 2.920E-08 3.109E-08 2.475E-08 2.045E-08 2.569E-08 2.589E-08 1.929E-08 1.149E-08 1.126E-08 1.178E-08 6.357E-09 5.048E-09 3.536E-09 2.754E-09 2.520E-09 2.148E-09 3.196E-09 2.535E-09 2.223E-09 1.413E-09 1.153E-09 9.935E-10 7.612E-10 4.930E-10 3.743E-10 2.020E-10 1.203E-10
  1.700E+02  3.419E-06 2.666E-06 1.983E-06 1.599E-06 1.342E-06 1.190E-06 1.069E-06 9.688E-07 8.836E-07 8.075E-07 7.420E-07 6.852E-07 5.929E-07 5.150E-07 3.730E-07 2.797E-07 2.160E-07 1.683E-07 9.449E-08 4.767E-08 4.944E-08 5.547E-08 5.854E-08 5.461E-08 4.582E-08 3.574E-08 2.532E-08 2.014E-08 2.331E-08 2.060E-08 1.406E-08 5.415E-09 1.416E-08 2.245E-08 2.936E-08 3.125E-08 2.489E-08 2.056E-08 2.583E-08 2.603E-08 1.939E-08 1.155E-08 1.132E-08 1.184E-08 6.393E-09 5.077E-09 3.556E-09 2.770E-09 2.535E-09 2.161E-09 3.215E-09 2.550E-09 2.237E-09 1.421E-09 1.160E-09 9.997E-10 7.659E-10 4.961E-10 3.767E-10 2.033E-10 1.211E-10
  1.720E+02  3.536E-06 2.671E-06 1.977E-06 1.588E-06 1.331E-06 1.191E-06 1.075E-06 9.753E-07 8.937E-07 8.183E-07 7.525E-07 6.953E-07 6.026E-07 5.228E-07 3.779E-07 2.827E-07 2.179E-07 1.696E-07 9.501E-08 4.783E-08 4.960E-08 5.566E-08 5.874E-08 5.480E-08 4.599E-08 3.587E-08 2.542E-08 2.022E-08 2.340E-08 2.069E-08 1.412E-08 5.436E-09 1.421E-08 2.254E-08 2.948E-08 3.139E-08 2.499E-08 2.065E-08 2.595E-08 2.615E-08 1.948E-08 1.160E-08 1.137E-08 1.190E-08 6.423E-09 5.101E-09 3.573E-09 2.783E-09 2.547E-09 2.171E-09 3.230E-09 2.563E-09 2.248E-09 1.429E-09 1.166E-09 1.005E-09 7.698E-10 4.987E-10 3.786E-10 2.044E-10 1.217E-10
  1.740E+02  3.837E-06 2.801E-06 2.066E-06 1.648E-06 1.376E-06 1.231E-06 1.109E-06 1.005E-06 9.216E-07 8.427E-07 7.734E-07 7.133E-07 6.168E-07 5.333E-07 3.834E-07 2.858E-07 2.197E-07 1.707E-07 9.544E-08 4.795E-08 4.973E-08 5.581E-08 5.890E-08 5.496E-08 4.612E-08 3.598E-08 2.549E-08 2.028E-08 2.347E-08 2.075E-08 1.416E-08 5.453E-09 1.426E-08 2.262E-08 2.958E-08 3.149E-08 2.508E-08 2.072E-08 2.604E-08 2.624E-08 1.955E-08 1.164E-08 1.141E-08 1.194E-08 6.446E-09 5.119E-09 3.586E-09 2.793E-09 2.556E-09 2.179E-09 3.243E-09 2.573E-09 2.257E-09 1.434E-09 1.170E-09 1.009E-09 7.729E-10 5.007E-10 3.801E-10 2.052E-10 1.222E-10
  1.760E+02  4.283E-06 3.090E-06 2.238E-06 1.773E-06 1.467E-06 1.303E-06 1.168E-06 1.054E-06 9.624E-07 8.763E-07 8.013E-07 7.367E-07 6.331E-07 5.451E-07 3.889E-07 2.886E-07 2.213E-07 1.716E-07 9.577E-08 4.804E-08 4.982E-08 5.591E-08 5.901E-08 5.507E-08 4.621E-08 3.605E-08 2.555E-08 2.032E-08 2.352E-08 2.080E-08 1.419E-08 5.465E-09 1.429E-08 2.267E-08 2.965E-08 3.157E-08 2.514E-08 2.077E-08 2.610E-08 2.631E-08 1.960E-08 1.167E-08 1.144E-08 1.197E-08 6.463E-09 5.133E-09 3.596E-09 2.801E-09 2.563E-09 2.185E-09 3.252E-09 2.580E-09 2.263E-09 1.438E-09 1.174E-09 1.012E-09 7.751E-10 5.021E-10 3.812E-10 2.058E-10 1.226E-10
  1.780E+02  4.783E-06 3.451E-06 2.442E-06 1.920E-06 1.571E-06 1.382E-06 1.228E-06 1.104E-06 1.002E-06 9.075E-07 8.266E-07 7.578E-07 6.469E-07 5.550E-07 3.931E-07 2.906E-07 2.224E-07 1.723E-07 9.598E-08 4.810E-08 4.987E-08 5.598E-08 5.908E-08 5.514E-08 4.627E-08 3.610E-08 2.558E-08 2.035E-08 2.355E-08 2.082E-08 1.421E-08 5.472E-09 1.431E-08 2.270E-08 2.970E-08 3.162E-08 2.518E-08 2.080E-08 2.614E-08 2.635E-08 1.963E-08 1.169E-08 1.146E-08 1.199E-08 6.473E-09 5.141E-09 3.601E-09 2.805E-09 2.567E-09 2.189E-09 3.257E-09 2.584E-09 2.267E-09 1.441E-09 1.176E-09 1.013E-09 7.764E-10 5.030E-10 3.819E-10 2.062E-10 1.228E-10
  1.800E+02  5.057E-06 3.642E-06 2.547E-06 1.993E-06 1.620E-06 1.419E-06 1.255E-06 1.126E-06 1.019E-06 9.207E-07 8.371E-07 7.665E-07 6.524E-07 5.589E-07 3.947E-07 2.914E-07 2.228E-07 1.725E-07 9.605E-08 4.812E-08 4.989E-08 5.600E-08 5.910E-08 5.516E-08 4.629E-08 3.611E-08 2.559E-08 2.035E-08 2.356E-08 2.083E-08 1.422E-08 5.475E-09 1.432E-08 2.271E-08 2.971E-08 3.163E-08 2.519E-08 2.081E-08 2.615E-08 2.636E-08 1.964E-08 1.170E-08 1.147E-08 1.200E-08 6.477E-09 5.144E-09 3.603E-09 2.807E-09 2.568E-09 2.190E-09 3.259E-09 2.586E-09 2.268E-09 1.441E-09 1.176E-09 1.014E-09 7.769E-10 5.033E-10 3.821E-10 2.063E-10 1.229E-10
