# sulfate (80%)       
#
# size distribution: lognormal
# ------------------
#
#   minimum radius, [um]:      8.400E-03
#   maximum radius, [um]:      3.640E+01
#                  sigma:      2.030E+00
#       Rmod (wet), [um]:      1.180E-01
#       Rmod (dry), [um]:      6.950E-02
#
# optical parameters:
# -------------------
#
# wavelength ext.coef  sca.coef  abs.coef  si.sc.alb  asym.par  ext.nor    ref.real  ref.imag
#     [um]     [1/km]    [1/km]    [1/km]
#
#  2.500E-01 3.190E-04 3.190E-04 1.331E-10 1.000E+00 0.762E+00 1.213E+00  1.387E+00 -2.870E-08
#  3.000E-01 3.193E-04 3.193E-04 1.903E-11 1.000E+00 0.772E+00 1.214E+00  1.374E+00 -1.477E-08
#  3.500E-01 3.138E-04 3.138E-04 3.740E-11 1.000E+00 0.777E+00 1.193E+00  1.365E+00 -7.215E-09
#  4.000E-01 3.034E-04 3.034E-04 0.000E+00 1.000E+00 0.782E+00 1.154E+00  1.360E+00 -3.523E-09
#  4.500E-01 2.911E-04 2.911E-04 3.470E-11 1.000E+00 0.784E+00 1.107E+00  1.356E+00 -2.855E-09
#  5.000E-01 2.774E-04 2.774E-04 0.000E+00 1.000E+00 0.784E+00 1.055E+00  1.355E+00 -2.839E-09
#  5.500E-01 2.629E-04 2.629E-04 3.134E-11 1.000E+00 0.784E+00 1.000E+00  1.353E+00 -3.603E-09
#  6.000E-01 2.487E-04 2.487E-04 2.964E-11 1.000E+00 0.782E+00 9.457E-01  1.352E+00 -1.168E-08
#  6.500E-01 2.345E-04 2.345E-04 4.194E-11 1.000E+00 0.780E+00 8.920E-01  1.351E+00 -1.646E-08
#  7.000E-01 2.211E-04 2.211E-04 5.272E-11 1.000E+00 0.777E+00 8.410E-01  1.351E+00 -3.084E-08
#  7.500E-01 2.078E-04 2.078E-04 2.849E-10 1.000E+00 0.775E+00 7.904E-01  1.350E+00 -1.388E-07
#  8.000E-01 1.951E-04 1.951E-04 1.744E-10 1.000E+00 0.772E+00 7.420E-01  1.349E+00 -1.171E-07
#  9.000E-01 1.722E-04 1.722E-04 6.159E-10 1.000E+00 0.766E+00 6.550E-01  1.348E+00 -4.388E-07
#  1.000E+00 1.518E-04 1.518E-04 3.185E-09 1.000E+00 0.759E+00 5.774E-01  1.346E+00 -2.612E-06
#  1.250E+00 1.107E-04 1.107E-04 8.039E-09 9.999E-01 0.741E+00 4.212E-01  1.341E+00 -8.340E-06
#  1.500E+00 8.228E-05 8.214E-05 1.393E-07 9.983E-01 0.721E+00 3.129E-01  1.338E+00 -1.837E-04
#  1.750E+00 6.070E-05 6.060E-05 1.026E-07 9.983E-01 0.702E+00 2.309E-01  1.330E+00 -1.646E-04
#  2.000E+00 4.574E-05 4.514E-05 5.926E-07 9.870E-01 0.683E+00 1.740E-01  1.322E+00 -1.133E-03
#  2.500E+00 2.263E-05 2.180E-05 8.298E-07 9.633E-01 0.651E+00 8.606E-02  1.278E+00 -2.153E-03
#  3.000E+00 7.251E-05 1.722E-05 5.529E-05 2.375E-01 0.539E+00 2.758E-01  1.355E+00 -2.359E-01
#  3.200E+00 4.888E-05 2.266E-05 2.622E-05 4.637E-01 0.551E+00 1.859E-01  1.444E+00 -1.011E-01
#  3.390E+00 3.217E-05 1.909E-05 1.308E-05 5.934E-01 0.551E+00 1.223E-01  1.408E+00 -5.066E-02
#  3.500E+00 2.721E-05 1.720E-05 1.000E-05 6.323E-01 0.547E+00 1.035E-01  1.395E+00 -3.976E-02
#  3.750E+00 2.051E-05 1.361E-05 6.900E-06 6.635E-01 0.535E+00 7.800E-02  1.375E+00 -2.955E-02
#  4.000E+00 1.702E-05 1.069E-05 6.332E-06 6.280E-01 0.521E+00 6.473E-02  1.358E+00 -2.940E-02
#  4.500E+00 1.376E-05 7.226E-06 6.536E-06 5.251E-01 0.491E+00 5.234E-02  1.343E+00 -3.518E-02
#  5.000E+00 1.085E-05 5.168E-06 5.681E-06 4.763E-01 0.463E+00 4.126E-02  1.332E+00 -3.459E-02
#  5.500E+00 1.017E-05 3.351E-06 6.820E-06 3.294E-01 0.434E+00 3.868E-02  1.306E+00 -4.662E-02
#  6.000E+00 1.854E-05 2.502E-06 1.603E-05 1.350E-01 0.389E+00 7.050E-02  1.298E+00 -1.250E-01
#  6.200E+00 1.618E-05 3.424E-06 1.276E-05 2.116E-01 0.389E+00 6.155E-02  1.375E+00 -1.037E-01
#  6.500E+00 9.497E-06 2.632E-06 6.866E-06 2.771E-01 0.387E+00 3.612E-02  1.345E+00 -5.734E-02
#  7.200E+00 8.053E-06 1.411E-06 6.642E-06 1.752E-01 0.356E+00 3.063E-02  1.291E+00 -6.150E-02
#  7.900E+00 1.322E-05 9.460E-07 1.227E-05 7.157E-02 0.314E+00 5.027E-02  1.263E+00 -1.267E-01
#  8.200E+00 1.570E-05 9.393E-07 1.476E-05 5.984E-02 0.298E+00 5.970E-02  1.268E+00 -1.597E-01
#  8.500E+00 1.714E-05 1.030E-06 1.611E-05 6.009E-02 0.287E+00 6.518E-02  1.297E+00 -1.835E-01
#  8.700E+00 1.703E-05 1.106E-06 1.592E-05 6.492E-02 0.283E+00 6.477E-02  1.325E+00 -1.879E-01
#  9.000E+00 1.418E-05 1.037E-06 1.315E-05 7.313E-02 0.282E+00 5.395E-02  1.341E+00 -1.611E-01
#  9.200E+00 1.316E-05 8.902E-07 1.227E-05 6.763E-02 0.277E+00 5.007E-02  1.325E+00 -1.528E-01
#  9.500E+00 1.542E-05 8.751E-07 1.454E-05 5.676E-02 0.263E+00 5.863E-02  1.330E+00 -1.886E-01
#  9.800E+00 1.394E-05 9.247E-07 1.302E-05 6.632E-02 0.262E+00 5.303E-02  1.368E+00 -1.770E-01
#  1.000E+01 1.049E-05 7.817E-07 9.712E-06 7.449E-02 0.264E+00 3.991E-02  1.355E+00 -1.334E-01
#  1.060E+01 9.133E-06 4.549E-07 8.678E-06 4.981E-02 0.246E+00 3.474E-02  1.290E+00 -1.231E-01
#  1.100E+01 1.242E-05 3.848E-07 1.204E-05 3.097E-02 0.227E+00 4.725E-02  1.259E+00 -1.761E-01
#  1.150E+01 1.262E-05 3.905E-07 1.223E-05 3.095E-02 0.218E+00 4.799E-02  1.282E+00 -1.894E-01
#  1.250E+01 1.510E-05 3.100E-07 1.479E-05 2.053E-02 0.191E+00 5.743E-02  1.249E+00 -2.465E-01
#  1.300E+01 1.653E-05 3.197E-07 1.621E-05 1.934E-02 0.180E+00 6.285E-02  1.257E+00 -2.825E-01
#  1.400E+01 1.773E-05 3.377E-07 1.739E-05 1.905E-02 0.165E+00 6.742E-02  1.298E+00 -3.342E-01
#  1.480E+01 1.755E-05 3.284E-07 1.722E-05 1.871E-02 0.156E+00 6.676E-02  1.330E+00 -3.570E-01
#  1.500E+01 1.754E-05 3.240E-07 1.722E-05 1.847E-02 0.154E+00 6.672E-02  1.335E+00 -3.630E-01
#  1.640E+01 1.814E-05 3.139E-07 1.782E-05 1.731E-02 0.138E+00 6.898E-02  1.382E+00 -4.243E-01
#  1.720E+01 1.789E-05 3.356E-07 1.756E-05 1.876E-02 0.133E+00 6.806E-02  1.455E+00 -4.619E-01
#  1.800E+01 1.230E-05 2.762E-07 1.203E-05 2.245E-02 0.141E+00 4.679E-02  1.531E+00 -3.473E-01
#  1.850E+01 1.165E-05 2.557E-07 1.139E-05 2.196E-02 0.139E+00 4.430E-02  1.542E+00 -3.412E-01
#  2.000E+01 9.912E-06 1.925E-07 9.720E-06 1.942E-02 0.130E+00 3.770E-02  1.550E+00 -3.175E-01
#  2.130E+01 1.049E-05 1.639E-07 1.033E-05 1.561E-02 0.118E+00 3.992E-02  1.550E+00 -3.613E-01
#  2.250E+01 8.100E-06 1.332E-07 7.967E-06 1.644E-02 0.117E+00 3.081E-02  1.580E+00 -3.008E-01
#  2.500E+01 7.597E-06 1.003E-07 7.496E-06 1.321E-02 0.104E+00 2.889E-02  1.613E+00 -3.241E-01
#  2.790E+01 6.336E-06 6.733E-08 6.269E-06 1.063E-02 0.924E-01 2.410E-02  1.625E+00 -3.065E-01
#  3.000E+01 5.694E-06 5.099E-08 5.643E-06 8.956E-03 0.848E-01 2.166E-02  1.626E+00 -2.978E-01
#  3.500E+01 5.048E-06 2.754E-08 5.021E-06 5.456E-03 0.678E-01 1.920E-02  1.607E+00 -3.062E-01
#  4.000E+01 5.080E-06 1.709E-08 5.063E-06 3.364E-03 0.546E-01 1.932E-02  1.595E+00 -3.513E-01
#
# volume phase function [1/km]:
# -----------------------------
#
# sca.ang. | wavelengths --->
# ---------|------------------
#          | 2.500E-01 3.000E-01 3.500E-01 4.000E-01 4.500E-01 5.000E-01 5.500E-01 6.000E-01 6.500E-01 7.000E-01 7.500E-01 8.000E-01 9.000E-01 1.000E+00 1.250E+00 1.500E+00 1.750E+00 2.000E+00 2.500E+00 3.000E+00 3.200E+00 3.390E+00 3.500E+00 3.750E+00 4.000E+00 4.500E+00 5.000E+00 5.500E+00 6.000E+00 6.200E+00 6.500E+00 7.200E+00 7.900E+00 8.200E+00 8.500E+00 8.700E+00 9.000E+00 9.200E+00 9.500E+00 9.800E+00 1.000E+01 1.060E+01 1.100E+01 1.150E+01 1.250E+01 1.300E+01 1.400E+01 1.480E+01 1.500E+01 1.640E+01 1.720E+01 1.800E+01 1.850E+01 2.000E+01 2.130E+01 2.250E+01 2.500E+01 2.790E+01 3.000E+01 3.500E+01 4.000E+01
#
  0.000E+00  2.432E-03 1.817E-03 1.444E-03 1.176E-03 9.903E-04 8.416E-04 7.254E-04 6.339E-04 5.562E-04 4.913E-04 4.365E-04 3.892E-04 3.127E-04 2.548E-04 1.581E-04 1.026E-04 6.822E-05 4.628E-05 1.999E-05 1.022E-05 1.288E-05 1.096E-05 9.813E-06 7.538E-06 5.701E-06 3.517E-06 2.318E-06 1.388E-06 9.021E-07 1.199E-06 9.274E-07 4.623E-07 2.747E-07 2.595E-07 2.736E-07 2.884E-07 2.684E-07 2.280E-07 2.153E-07 2.245E-07 1.915E-07 1.076E-07 8.633E-08 8.498E-08 6.268E-08 6.261E-08 6.309E-08 5.964E-08 5.845E-08 5.405E-08 5.670E-08 4.727E-08 4.341E-08 3.191E-08 2.636E-08 2.130E-08 1.550E-08 1.010E-08 7.502E-09 3.887E-09 2.334E-09
  1.000E-01  2.430E-03 1.816E-03 1.444E-03 1.176E-03 9.900E-04 8.414E-04 7.253E-04 6.339E-04 5.562E-04 4.912E-04 4.364E-04 3.891E-04 3.127E-04 2.548E-04 1.581E-04 1.026E-04 6.821E-05 4.628E-05 1.999E-05 1.022E-05 1.288E-05 1.096E-05 9.813E-06 7.538E-06 5.701E-06 3.517E-06 2.318E-06 1.388E-06 9.021E-07 1.199E-06 9.274E-07 4.623E-07 2.747E-07 2.595E-07 2.736E-07 2.884E-07 2.684E-07 2.280E-07 2.153E-07 2.245E-07 1.915E-07 1.075E-07 8.633E-08 8.497E-08 6.268E-08 6.261E-08 6.309E-08 5.964E-08 5.844E-08 5.405E-08 5.670E-08 4.727E-08 4.341E-08 3.191E-08 2.636E-08 2.130E-08 1.550E-08 1.010E-08 7.502E-09 3.887E-09 2.334E-09
  2.000E-01  2.423E-03 1.812E-03 1.442E-03 1.175E-03 9.893E-04 8.410E-04 7.250E-04 6.336E-04 5.560E-04 4.911E-04 4.363E-04 3.891E-04 3.126E-04 2.547E-04 1.581E-04 1.026E-04 6.821E-05 4.628E-05 1.999E-05 1.022E-05 1.288E-05 1.096E-05 9.813E-06 7.537E-06 5.700E-06 3.517E-06 2.317E-06 1.388E-06 9.021E-07 1.199E-06 9.274E-07 4.623E-07 2.747E-07 2.595E-07 2.736E-07 2.884E-07 2.684E-07 2.280E-07 2.153E-07 2.245E-07 1.915E-07 1.075E-07 8.633E-08 8.497E-08 6.268E-08 6.261E-08 6.309E-08 5.964E-08 5.844E-08 5.405E-08 5.670E-08 4.727E-08 4.341E-08 3.191E-08 2.636E-08 2.130E-08 1.550E-08 1.010E-08 7.502E-09 3.887E-09 2.334E-09
  3.000E-01  2.413E-03 1.807E-03 1.439E-03 1.173E-03 9.881E-04 8.402E-04 7.244E-04 6.332E-04 5.557E-04 4.909E-04 4.361E-04 3.889E-04 3.125E-04 2.547E-04 1.581E-04 1.026E-04 6.820E-05 4.627E-05 1.999E-05 1.021E-05 1.288E-05 1.096E-05 9.812E-06 7.537E-06 5.700E-06 3.517E-06 2.317E-06 1.388E-06 9.021E-07 1.199E-06 9.273E-07 4.623E-07 2.747E-07 2.595E-07 2.736E-07 2.884E-07 2.684E-07 2.280E-07 2.153E-07 2.245E-07 1.915E-07 1.075E-07 8.632E-08 8.497E-08 6.268E-08 6.261E-08 6.309E-08 5.964E-08 5.844E-08 5.405E-08 5.670E-08 4.727E-08 4.341E-08 3.191E-08 2.636E-08 2.130E-08 1.550E-08 1.010E-08 7.502E-09 3.887E-09 2.334E-09
  4.000E-01  2.399E-03 1.800E-03 1.435E-03 1.171E-03 9.865E-04 8.391E-04 7.237E-04 6.326E-04 5.552E-04 4.905E-04 4.359E-04 3.887E-04 3.124E-04 2.546E-04 1.580E-04 1.025E-04 6.819E-05 4.626E-05 1.999E-05 1.021E-05 1.288E-05 1.096E-05 9.811E-06 7.536E-06 5.700E-06 3.516E-06 2.317E-06 1.388E-06 9.020E-07 1.199E-06 9.273E-07 4.623E-07 2.747E-07 2.595E-07 2.736E-07 2.884E-07 2.684E-07 2.280E-07 2.153E-07 2.245E-07 1.915E-07 1.075E-07 8.632E-08 8.497E-08 6.268E-08 6.261E-08 6.309E-08 5.964E-08 5.844E-08 5.405E-08 5.670E-08 4.727E-08 4.341E-08 3.191E-08 2.636E-08 2.130E-08 1.550E-08 1.010E-08 7.502E-09 3.887E-09 2.334E-09
  5.000E-01  2.381E-03 1.791E-03 1.430E-03 1.167E-03 9.845E-04 8.377E-04 7.227E-04 6.319E-04 5.547E-04 4.901E-04 4.355E-04 3.884E-04 3.122E-04 2.544E-04 1.580E-04 1.025E-04 6.817E-05 4.625E-05 1.998E-05 1.021E-05 1.288E-05 1.096E-05 9.810E-06 7.536E-06 5.699E-06 3.516E-06 2.317E-06 1.388E-06 9.020E-07 1.199E-06 9.272E-07 4.622E-07 2.746E-07 2.595E-07 2.735E-07 2.884E-07 2.684E-07 2.280E-07 2.153E-07 2.245E-07 1.915E-07 1.075E-07 8.632E-08 8.497E-08 6.268E-08 6.261E-08 6.309E-08 5.964E-08 5.844E-08 5.405E-08 5.670E-08 4.727E-08 4.341E-08 3.191E-08 2.636E-08 2.130E-08 1.550E-08 1.010E-08 7.502E-09 3.887E-09 2.334E-09
  6.000E-01  2.361E-03 1.781E-03 1.424E-03 1.164E-03 9.820E-04 8.360E-04 7.215E-04 6.310E-04 5.540E-04 4.896E-04 4.351E-04 3.881E-04 3.120E-04 2.543E-04 1.579E-04 1.025E-04 6.815E-05 4.624E-05 1.998E-05 1.021E-05 1.288E-05 1.096E-05 9.809E-06 7.535E-06 5.698E-06 3.516E-06 2.317E-06 1.388E-06 9.019E-07 1.199E-06 9.272E-07 4.622E-07 2.746E-07 2.595E-07 2.735E-07 2.884E-07 2.684E-07 2.279E-07 2.153E-07 2.245E-07 1.914E-07 1.075E-07 8.632E-08 8.496E-08 6.268E-08 6.260E-08 6.308E-08 5.964E-08 5.844E-08 5.405E-08 5.669E-08 4.727E-08 4.341E-08 3.191E-08 2.636E-08 2.130E-08 1.550E-08 1.010E-08 7.501E-09 3.887E-09 2.334E-09
  7.000E-01  2.338E-03 1.768E-03 1.417E-03 1.159E-03 9.791E-04 8.341E-04 7.201E-04 6.300E-04 5.533E-04 4.890E-04 4.347E-04 3.877E-04 3.118E-04 2.541E-04 1.578E-04 1.024E-04 6.813E-05 4.623E-05 1.997E-05 1.021E-05 1.288E-05 1.096E-05 9.807E-06 7.534E-06 5.698E-06 3.515E-06 2.317E-06 1.388E-06 9.018E-07 1.199E-06 9.271E-07 4.622E-07 2.746E-07 2.595E-07 2.735E-07 2.884E-07 2.684E-07 2.279E-07 2.153E-07 2.245E-07 1.914E-07 1.075E-07 8.631E-08 8.496E-08 6.267E-08 6.260E-08 6.308E-08 5.963E-08 5.844E-08 5.404E-08 5.669E-08 4.727E-08 4.341E-08 3.191E-08 2.636E-08 2.130E-08 1.550E-08 1.010E-08 7.501E-09 3.887E-09 2.334E-09
  8.000E-01  2.312E-03 1.755E-03 1.409E-03 1.154E-03 9.759E-04 8.318E-04 7.185E-04 6.289E-04 5.524E-04 4.883E-04 4.341E-04 3.873E-04 3.115E-04 2.539E-04 1.577E-04 1.024E-04 6.810E-05 4.621E-05 1.996E-05 1.021E-05 1.287E-05 1.095E-05 9.806E-06 7.532E-06 5.697E-06 3.515E-06 2.316E-06 1.388E-06 9.017E-07 1.199E-06 9.270E-07 4.621E-07 2.746E-07 2.595E-07 2.735E-07 2.884E-07 2.683E-07 2.279E-07 2.152E-07 2.245E-07 1.914E-07 1.075E-07 8.631E-08 8.496E-08 6.267E-08 6.260E-08 6.308E-08 5.963E-08 5.844E-08 5.404E-08 5.669E-08 4.727E-08 4.341E-08 3.191E-08 2.636E-08 2.130E-08 1.550E-08 1.010E-08 7.501E-09 3.887E-09 2.334E-09
  9.000E-01  2.285E-03 1.740E-03 1.400E-03 1.149E-03 9.723E-04 8.293E-04 7.168E-04 6.275E-04 5.514E-04 4.876E-04 4.335E-04 3.868E-04 3.111E-04 2.537E-04 1.576E-04 1.023E-04 6.807E-05 4.619E-05 1.996E-05 1.020E-05 1.287E-05 1.095E-05 9.804E-06 7.531E-06 5.696E-06 3.514E-06 2.316E-06 1.388E-06 9.016E-07 1.199E-06 9.269E-07 4.621E-07 2.746E-07 2.594E-07 2.735E-07 2.883E-07 2.683E-07 2.279E-07 2.152E-07 2.245E-07 1.914E-07 1.075E-07 8.630E-08 8.495E-08 6.267E-08 6.260E-08 6.308E-08 5.963E-08 5.843E-08 5.404E-08 5.669E-08 4.726E-08 4.341E-08 3.191E-08 2.636E-08 2.130E-08 1.550E-08 1.010E-08 7.501E-09 3.887E-09 2.334E-09
  1.000E+00  2.255E-03 1.724E-03 1.391E-03 1.143E-03 9.683E-04 8.266E-04 7.148E-04 6.261E-04 5.503E-04 4.867E-04 4.329E-04 3.863E-04 3.108E-04 2.535E-04 1.575E-04 1.023E-04 6.803E-05 4.617E-05 1.995E-05 1.020E-05 1.287E-05 1.095E-05 9.802E-06 7.529E-06 5.695E-06 3.513E-06 2.315E-06 1.387E-06 9.015E-07 1.199E-06 9.268E-07 4.620E-07 2.745E-07 2.594E-07 2.735E-07 2.883E-07 2.683E-07 2.279E-07 2.152E-07 2.244E-07 1.914E-07 1.075E-07 8.630E-08 8.495E-08 6.266E-08 6.259E-08 6.307E-08 5.963E-08 5.843E-08 5.404E-08 5.669E-08 4.726E-08 4.340E-08 3.191E-08 2.636E-08 2.130E-08 1.550E-08 1.010E-08 7.501E-09 3.887E-09 2.334E-09
  1.100E+00  2.224E-03 1.707E-03 1.381E-03 1.137E-03 9.640E-04 8.237E-04 7.127E-04 6.245E-04 5.491E-04 4.858E-04 4.321E-04 3.857E-04 3.104E-04 2.532E-04 1.574E-04 1.022E-04 6.800E-05 4.615E-05 1.994E-05 1.020E-05 1.286E-05 1.095E-05 9.799E-06 7.528E-06 5.693E-06 3.513E-06 2.315E-06 1.387E-06 9.014E-07 1.199E-06 9.267E-07 4.620E-07 2.745E-07 2.594E-07 2.734E-07 2.883E-07 2.683E-07 2.279E-07 2.152E-07 2.244E-07 1.914E-07 1.075E-07 8.629E-08 8.494E-08 6.266E-08 6.259E-08 6.307E-08 5.962E-08 5.843E-08 5.404E-08 5.668E-08 4.726E-08 4.340E-08 3.191E-08 2.636E-08 2.130E-08 1.550E-08 1.010E-08 7.500E-09 3.886E-09 2.334E-09
  1.200E+00  2.192E-03 1.690E-03 1.370E-03 1.130E-03 9.595E-04 8.205E-04 7.104E-04 6.228E-04 5.478E-04 4.848E-04 4.313E-04 3.851E-04 3.100E-04 2.529E-04 1.572E-04 1.021E-04 6.795E-05 4.612E-05 1.993E-05 1.020E-05 1.286E-05 1.094E-05 9.797E-06 7.526E-06 5.692E-06 3.512E-06 2.315E-06 1.387E-06 9.012E-07 1.198E-06 9.265E-07 4.619E-07 2.745E-07 2.594E-07 2.734E-07 2.883E-07 2.682E-07 2.278E-07 2.152E-07 2.244E-07 1.914E-07 1.075E-07 8.628E-08 8.493E-08 6.266E-08 6.258E-08 6.306E-08 5.962E-08 5.842E-08 5.403E-08 5.668E-08 4.726E-08 4.340E-08 3.190E-08 2.635E-08 2.130E-08 1.550E-08 1.010E-08 7.500E-09 3.886E-09 2.333E-09
  1.300E+00  2.159E-03 1.671E-03 1.359E-03 1.123E-03 9.546E-04 8.171E-04 7.080E-04 6.210E-04 5.464E-04 4.837E-04 4.305E-04 3.844E-04 3.095E-04 2.526E-04 1.571E-04 1.020E-04 6.791E-05 4.610E-05 1.992E-05 1.019E-05 1.286E-05 1.094E-05 9.794E-06 7.524E-06 5.690E-06 3.511E-06 2.314E-06 1.387E-06 9.011E-07 1.198E-06 9.264E-07 4.618E-07 2.744E-07 2.593E-07 2.734E-07 2.882E-07 2.682E-07 2.278E-07 2.152E-07 2.244E-07 1.913E-07 1.075E-07 8.627E-08 8.493E-08 6.265E-08 6.258E-08 6.306E-08 5.961E-08 5.842E-08 5.403E-08 5.668E-08 4.725E-08 4.340E-08 3.190E-08 2.635E-08 2.130E-08 1.550E-08 1.010E-08 7.500E-09 3.886E-09 2.333E-09
  1.400E+00  2.126E-03 1.652E-03 1.348E-03 1.115E-03 9.495E-04 8.135E-04 7.054E-04 6.191E-04 5.449E-04 4.825E-04 4.296E-04 3.836E-04 3.090E-04 2.522E-04 1.569E-04 1.020E-04 6.786E-05 4.607E-05 1.991E-05 1.019E-05 1.285E-05 1.094E-05 9.791E-06 7.521E-06 5.689E-06 3.510E-06 2.314E-06 1.386E-06 9.009E-07 1.198E-06 9.262E-07 4.618E-07 2.744E-07 2.593E-07 2.733E-07 2.882E-07 2.682E-07 2.278E-07 2.151E-07 2.244E-07 1.913E-07 1.075E-07 8.627E-08 8.492E-08 6.265E-08 6.257E-08 6.306E-08 5.961E-08 5.842E-08 5.403E-08 5.667E-08 4.725E-08 4.339E-08 3.190E-08 2.635E-08 2.130E-08 1.550E-08 1.009E-08 7.499E-09 3.886E-09 2.333E-09
  1.500E+00  2.091E-03 1.633E-03 1.336E-03 1.108E-03 9.441E-04 8.098E-04 7.027E-04 6.170E-04 5.433E-04 4.813E-04 4.286E-04 3.828E-04 3.085E-04 2.518E-04 1.567E-04 1.019E-04 6.781E-05 4.604E-05 1.990E-05 1.018E-05 1.285E-05 1.093E-05 9.788E-06 7.519E-06 5.687E-06 3.509E-06 2.313E-06 1.386E-06 9.007E-07 1.198E-06 9.260E-07 4.617E-07 2.744E-07 2.593E-07 2.733E-07 2.882E-07 2.681E-07 2.278E-07 2.151E-07 2.243E-07 1.913E-07 1.075E-07 8.626E-08 8.491E-08 6.264E-08 6.257E-08 6.305E-08 5.961E-08 5.841E-08 5.402E-08 5.667E-08 4.725E-08 4.339E-08 3.190E-08 2.635E-08 2.129E-08 1.549E-08 1.009E-08 7.499E-09 3.886E-09 2.333E-09
  1.600E+00  2.056E-03 1.613E-03 1.323E-03 1.100E-03 9.386E-04 8.058E-04 6.998E-04 6.149E-04 5.416E-04 4.800E-04 4.276E-04 3.820E-04 3.079E-04 2.514E-04 1.566E-04 1.018E-04 6.775E-05 4.600E-05 1.989E-05 1.018E-05 1.284E-05 1.093E-05 9.784E-06 7.516E-06 5.685E-06 3.508E-06 2.312E-06 1.386E-06 9.005E-07 1.197E-06 9.258E-07 4.616E-07 2.743E-07 2.592E-07 2.733E-07 2.881E-07 2.681E-07 2.277E-07 2.151E-07 2.243E-07 1.913E-07 1.074E-07 8.625E-08 8.490E-08 6.263E-08 6.256E-08 6.305E-08 5.960E-08 5.841E-08 5.402E-08 5.667E-08 4.725E-08 4.339E-08 3.190E-08 2.635E-08 2.129E-08 1.549E-08 1.009E-08 7.498E-09 3.885E-09 2.333E-09
  1.700E+00  2.021E-03 1.592E-03 1.311E-03 1.091E-03 9.328E-04 8.017E-04 6.969E-04 6.126E-04 5.399E-04 4.786E-04 4.265E-04 3.811E-04 3.073E-04 2.510E-04 1.564E-04 1.017E-04 6.769E-05 4.597E-05 1.987E-05 1.018E-05 1.284E-05 1.093E-05 9.780E-06 7.513E-06 5.683E-06 3.507E-06 2.312E-06 1.385E-06 9.003E-07 1.197E-06 9.256E-07 4.615E-07 2.743E-07 2.592E-07 2.732E-07 2.881E-07 2.681E-07 2.277E-07 2.151E-07 2.243E-07 1.913E-07 1.074E-07 8.624E-08 8.489E-08 6.263E-08 6.256E-08 6.304E-08 5.960E-08 5.840E-08 5.401E-08 5.666E-08 4.724E-08 4.339E-08 3.189E-08 2.635E-08 2.129E-08 1.549E-08 1.009E-08 7.498E-09 3.885E-09 2.333E-09
  1.800E+00  1.986E-03 1.572E-03 1.298E-03 1.083E-03 9.268E-04 7.975E-04 6.938E-04 6.103E-04 5.381E-04 4.772E-04 4.254E-04 3.802E-04 3.067E-04 2.506E-04 1.562E-04 1.016E-04 6.763E-05 4.593E-05 1.986E-05 1.017E-05 1.283E-05 1.092E-05 9.776E-06 7.511E-06 5.681E-06 3.506E-06 2.311E-06 1.385E-06 9.001E-07 1.197E-06 9.254E-07 4.614E-07 2.742E-07 2.591E-07 2.732E-07 2.880E-07 2.680E-07 2.277E-07 2.150E-07 2.243E-07 1.912E-07 1.074E-07 8.623E-08 8.488E-08 6.262E-08 6.255E-08 6.303E-08 5.959E-08 5.840E-08 5.401E-08 5.666E-08 4.724E-08 4.338E-08 3.189E-08 2.634E-08 2.129E-08 1.549E-08 1.009E-08 7.497E-09 3.885E-09 2.333E-09
  1.900E+00  1.951E-03 1.551E-03 1.285E-03 1.074E-03 9.207E-04 7.931E-04 6.906E-04 6.079E-04 5.362E-04 4.757E-04 4.242E-04 3.793E-04 3.061E-04 2.501E-04 1.559E-04 1.014E-04 6.757E-05 4.589E-05 1.984E-05 1.017E-05 1.283E-05 1.092E-05 9.772E-06 7.507E-06 5.679E-06 3.505E-06 2.310E-06 1.384E-06 8.999E-07 1.197E-06 9.252E-07 4.613E-07 2.742E-07 2.591E-07 2.731E-07 2.880E-07 2.680E-07 2.276E-07 2.150E-07 2.242E-07 1.912E-07 1.074E-07 8.621E-08 8.487E-08 6.261E-08 6.254E-08 6.303E-08 5.958E-08 5.839E-08 5.400E-08 5.665E-08 4.723E-08 4.338E-08 3.189E-08 2.634E-08 2.129E-08 1.549E-08 1.009E-08 7.497E-09 3.885E-09 2.333E-09
  2.000E+00  1.915E-03 1.530E-03 1.271E-03 1.065E-03 9.144E-04 7.886E-04 6.873E-04 6.054E-04 5.343E-04 4.742E-04 4.229E-04 3.783E-04 3.054E-04 2.497E-04 1.557E-04 1.013E-04 6.750E-05 4.585E-05 1.983E-05 1.016E-05 1.282E-05 1.091E-05 9.768E-06 7.504E-06 5.676E-06 3.503E-06 2.309E-06 1.384E-06 8.996E-07 1.196E-06 9.250E-07 4.612E-07 2.741E-07 2.590E-07 2.731E-07 2.879E-07 2.679E-07 2.276E-07 2.150E-07 2.242E-07 1.912E-07 1.074E-07 8.620E-08 8.486E-08 6.261E-08 6.254E-08 6.302E-08 5.958E-08 5.838E-08 5.400E-08 5.665E-08 4.723E-08 4.337E-08 3.189E-08 2.634E-08 2.129E-08 1.549E-08 1.009E-08 7.496E-09 3.884E-09 2.332E-09
  3.000E+00  1.580E-03 1.321E-03 1.133E-03 9.702E-04 8.459E-04 7.387E-04 6.500E-04 5.765E-04 5.116E-04 4.561E-04 4.084E-04 3.664E-04 2.972E-04 2.438E-04 1.529E-04 9.983E-05 6.663E-05 4.533E-05 1.962E-05 1.009E-05 1.275E-05 1.085E-05 9.712E-06 7.463E-06 5.646E-06 3.486E-06 2.299E-06 1.378E-06 8.965E-07 1.193E-06 9.220E-07 4.598E-07 2.734E-07 2.584E-07 2.724E-07 2.873E-07 2.674E-07 2.271E-07 2.145E-07 2.237E-07 1.908E-07 1.072E-07 8.604E-08 8.471E-08 6.251E-08 6.244E-08 6.293E-08 5.950E-08 5.831E-08 5.393E-08 5.658E-08 4.718E-08 4.332E-08 3.185E-08 2.631E-08 2.126E-08 1.547E-08 1.008E-08 7.489E-09 3.881E-09 2.330E-09
  4.000E+00  1.297E-03 1.131E-03 9.984E-04 8.742E-04 7.738E-04 6.844E-04 6.082E-04 5.433E-04 4.851E-04 4.347E-04 3.908E-04 3.519E-04 2.871E-04 2.364E-04 1.493E-04 9.785E-05 6.548E-05 4.463E-05 1.935E-05 9.997E-06 1.264E-05 1.076E-05 9.635E-06 7.406E-06 5.604E-06 3.463E-06 2.285E-06 1.370E-06 8.922E-07 1.187E-06 9.178E-07 4.578E-07 2.724E-07 2.575E-07 2.716E-07 2.864E-07 2.666E-07 2.264E-07 2.139E-07 2.231E-07 1.903E-07 1.069E-07 8.583E-08 8.451E-08 6.237E-08 6.231E-08 6.281E-08 5.939E-08 5.820E-08 5.384E-08 5.649E-08 4.710E-08 4.326E-08 3.180E-08 2.627E-08 2.123E-08 1.545E-08 1.007E-08 7.480E-09 3.876E-09 2.328E-09
  5.000E+00  1.069E-03 9.678E-04 8.764E-04 7.841E-04 7.038E-04 6.302E-04 5.655E-04 5.086E-04 4.569E-04 4.116E-04 3.715E-04 3.357E-04 2.756E-04 2.278E-04 1.449E-04 9.547E-05 6.407E-05 4.376E-05 1.901E-05 9.880E-06 1.252E-05 1.065E-05 9.539E-06 7.334E-06 5.552E-06 3.433E-06 2.267E-06 1.360E-06 8.867E-07 1.181E-06 9.125E-07 4.553E-07 2.711E-07 2.564E-07 2.705E-07 2.853E-07 2.655E-07 2.256E-07 2.131E-07 2.224E-07 1.896E-07 1.065E-07 8.555E-08 8.425E-08 6.220E-08 6.215E-08 6.266E-08 5.925E-08 5.807E-08 5.373E-08 5.637E-08 4.700E-08 4.317E-08 3.174E-08 2.622E-08 2.119E-08 1.542E-08 1.005E-08 7.467E-09 3.870E-09 2.324E-09
  6.000E+00  8.884E-04 8.319E-04 7.695E-04 7.025E-04 6.386E-04 5.784E-04 5.235E-04 4.738E-04 4.283E-04 3.877E-04 3.514E-04 3.187E-04 2.632E-04 2.185E-04 1.401E-04 9.275E-05 6.245E-05 4.276E-05 1.862E-05 9.742E-06 1.236E-05 1.052E-05 9.425E-06 7.248E-06 5.489E-06 3.398E-06 2.246E-06 1.349E-06 8.801E-07 1.172E-06 9.061E-07 4.523E-07 2.695E-07 2.550E-07 2.691E-07 2.839E-07 2.643E-07 2.245E-07 2.122E-07 2.214E-07 1.888E-07 1.061E-07 8.521E-08 8.393E-08 6.198E-08 6.195E-08 6.247E-08 5.908E-08 5.790E-08 5.359E-08 5.623E-08 4.688E-08 4.306E-08 3.166E-08 2.616E-08 2.115E-08 1.539E-08 1.003E-08 7.452E-09 3.862E-09 2.320E-09
  8.000E+00  6.313E-04 6.246E-04 5.984E-04 5.649E-04 5.252E-04 4.848E-04 4.455E-04 4.078E-04 3.729E-04 3.406E-04 3.110E-04 2.840E-04 2.373E-04 1.987E-04 1.294E-04 8.661E-05 5.873E-05 4.044E-05 1.769E-05 9.413E-06 1.200E-05 1.021E-05 9.147E-06 7.041E-06 5.337E-06 3.312E-06 2.194E-06 1.319E-06 8.638E-07 1.152E-06 8.904E-07 4.449E-07 2.657E-07 2.516E-07 2.658E-07 2.805E-07 2.612E-07 2.219E-07 2.098E-07 2.190E-07 1.867E-07 1.049E-07 8.436E-08 8.313E-08 6.145E-08 6.144E-08 6.199E-08 5.865E-08 5.749E-08 5.323E-08 5.587E-08 4.658E-08 4.279E-08 3.147E-08 2.601E-08 2.102E-08 1.531E-08 9.976E-09 7.413E-09 3.843E-09 2.308E-09
  1.000E+01  4.655E-04 4.797E-04 4.733E-04 4.573E-04 4.332E-04 4.057E-04 3.774E-04 3.491E-04 3.221E-04 2.966E-04 2.727E-04 2.505E-04 2.114E-04 1.786E-04 1.181E-04 7.991E-05 5.460E-05 3.782E-05 1.663E-05 9.028E-06 1.156E-05 9.840E-06 8.816E-06 6.793E-06 5.155E-06 3.209E-06 2.131E-06 1.284E-06 8.438E-07 1.128E-06 8.710E-07 4.357E-07 2.609E-07 2.474E-07 2.616E-07 2.762E-07 2.573E-07 2.186E-07 2.069E-07 2.161E-07 1.841E-07 1.035E-07 8.329E-08 8.213E-08 6.078E-08 6.079E-08 6.139E-08 5.811E-08 5.696E-08 5.277E-08 5.541E-08 4.620E-08 4.244E-08 3.122E-08 2.581E-08 2.087E-08 1.520E-08 9.908E-09 7.363E-09 3.818E-09 2.294E-09
  1.200E+01  3.559E-04 3.770E-04 3.805E-04 3.735E-04 3.588E-04 3.398E-04 3.194E-04 2.980E-04 2.771E-04 2.569E-04 2.375E-04 2.193E-04 1.869E-04 1.591E-04 1.068E-04 7.302E-05 5.028E-05 3.505E-05 1.550E-05 8.605E-06 1.107E-05 9.422E-06 8.444E-06 6.513E-06 4.949E-06 3.091E-06 2.058E-06 1.243E-06 8.208E-07 1.099E-06 8.484E-07 4.250E-07 2.554E-07 2.425E-07 2.567E-07 2.712E-07 2.527E-07 2.147E-07 2.034E-07 2.125E-07 1.811E-07 1.018E-07 8.202E-08 8.094E-08 5.997E-08 6.003E-08 6.067E-08 5.746E-08 5.633E-08 5.223E-08 5.486E-08 4.574E-08 4.203E-08 3.093E-08 2.558E-08 2.068E-08 1.507E-08 9.825E-09 7.303E-09 3.789E-09 2.277E-09
  1.400E+01  2.805E-04 3.023E-04 3.102E-04 3.077E-04 2.987E-04 2.854E-04 2.703E-04 2.541E-04 2.377E-04 2.216E-04 2.060E-04 1.911E-04 1.642E-04 1.407E-04 9.579E-05 6.622E-05 4.595E-05 3.224E-05 1.434E-05 8.157E-06 1.055E-05 8.974E-06 8.044E-06 6.211E-06 4.727E-06 2.963E-06 1.979E-06 1.199E-06 7.953E-07 1.067E-06 8.233E-07 4.132E-07 2.491E-07 2.369E-07 2.511E-07 2.655E-07 2.474E-07 2.103E-07 1.995E-07 2.085E-07 1.776E-07 9.993E-08 8.057E-08 7.957E-08 5.905E-08 5.914E-08 5.984E-08 5.670E-08 5.559E-08 5.159E-08 5.421E-08 4.521E-08 4.154E-08 3.058E-08 2.530E-08 2.046E-08 1.491E-08 9.729E-09 7.233E-09 3.754E-09 2.257E-09
  1.600E+01  2.268E-04 2.468E-04 2.555E-04 2.555E-04 2.499E-04 2.405E-04 2.290E-04 2.165E-04 2.036E-04 1.908E-04 1.781E-04 1.659E-04 1.436E-04 1.239E-04 8.543E-05 5.968E-05 4.173E-05 2.947E-05 1.319E-05 7.698E-06 1.000E-05 8.506E-06 7.626E-06 5.896E-06 4.493E-06 2.827E-06 1.895E-06 1.151E-06 7.679E-07 1.033E-06 7.962E-07 4.003E-07 2.423E-07 2.308E-07 2.449E-07 2.592E-07 2.417E-07 2.054E-07 1.951E-07 2.040E-07 1.738E-07 9.780E-08 7.895E-08 7.805E-08 5.801E-08 5.814E-08 5.890E-08 5.585E-08 5.477E-08 5.087E-08 5.349E-08 4.460E-08 4.099E-08 3.019E-08 2.499E-08 2.021E-08 1.474E-08 9.620E-09 7.154E-09 3.714E-09 2.234E-09
  1.800E+01  1.872E-04 2.046E-04 2.123E-04 2.137E-04 2.099E-04 2.031E-04 1.943E-04 1.845E-04 1.743E-04 1.640E-04 1.536E-04 1.437E-04 1.252E-04 1.087E-04 7.585E-05 5.353E-05 3.771E-05 2.680E-05 1.208E-05 7.236E-06 9.444E-06 8.028E-06 7.200E-06 5.573E-06 4.254E-06 2.688E-06 1.808E-06 1.102E-06 7.390E-07 9.958E-07 7.675E-07 3.866E-07 2.349E-07 2.242E-07 2.383E-07 2.524E-07 2.354E-07 2.002E-07 1.903E-07 1.992E-07 1.696E-07 9.550E-08 7.719E-08 7.639E-08 5.687E-08 5.705E-08 5.787E-08 5.491E-08 5.385E-08 5.008E-08 5.268E-08 4.393E-08 4.039E-08 2.976E-08 2.464E-08 1.993E-08 1.455E-08 9.498E-09 7.065E-09 3.670E-09 2.208E-09
  2.000E+01  1.568E-04 1.716E-04 1.779E-04 1.797E-04 1.769E-04 1.720E-04 1.651E-04 1.572E-04 1.491E-04 1.408E-04 1.324E-04 1.242E-04 1.089E-04 9.502E-05 6.710E-05 4.782E-05 3.394E-05 2.428E-05 1.101E-05 6.779E-06 8.888E-06 7.550E-06 6.773E-06 5.248E-06 4.013E-06 2.547E-06 1.720E-06 1.051E-06 7.091E-07 9.577E-07 7.376E-07 3.723E-07 2.273E-07 2.173E-07 2.313E-07 2.452E-07 2.288E-07 1.946E-07 1.852E-07 1.940E-07 1.651E-07 9.304E-08 7.531E-08 7.460E-08 5.565E-08 5.587E-08 5.675E-08 5.389E-08 5.286E-08 4.922E-08 5.180E-08 4.320E-08 3.972E-08 2.928E-08 2.426E-08 1.963E-08 1.433E-08 9.364E-09 6.968E-09 3.622E-09 2.180E-09
  2.200E+01  1.327E-04 1.449E-04 1.501E-04 1.517E-04 1.497E-04 1.458E-04 1.404E-04 1.341E-04 1.276E-04 1.209E-04 1.140E-04 1.072E-04 9.453E-05 8.293E-05 5.920E-05 4.260E-05 3.046E-05 2.193E-05 1.002E-05 6.334E-06 8.339E-06 7.078E-06 6.351E-06 4.927E-06 3.774E-06 2.405E-06 1.630E-06 9.996E-07 6.786E-07 9.186E-07 7.070E-07 3.577E-07 2.193E-07 2.101E-07 2.240E-07 2.376E-07 2.219E-07 1.887E-07 1.799E-07 1.886E-07 1.604E-07 9.045E-08 7.332E-08 7.271E-08 5.435E-08 5.462E-08 5.555E-08 5.280E-08 5.180E-08 4.829E-08 5.085E-08 4.242E-08 3.901E-08 2.877E-08 2.385E-08 1.930E-08 1.411E-08 9.219E-09 6.862E-09 3.569E-09 2.149E-09
  2.400E+01  1.134E-04 1.230E-04 1.274E-04 1.285E-04 1.270E-04 1.239E-04 1.195E-04 1.146E-04 1.092E-04 1.038E-04 9.810E-05 9.250E-05 8.199E-05 7.227E-05 5.214E-05 3.786E-05 2.726E-05 1.976E-05 9.087E-06 5.903E-06 7.803E-06 6.618E-06 5.939E-06 4.613E-06 3.539E-06 2.266E-06 1.542E-06 9.486E-07 6.479E-07 8.789E-07 6.761E-07 3.429E-07 2.112E-07 2.026E-07 2.165E-07 2.298E-07 2.147E-07 1.827E-07 1.743E-07 1.829E-07 1.555E-07 8.776E-08 7.125E-08 7.074E-08 5.298E-08 5.329E-08 5.428E-08 5.164E-08 5.067E-08 4.730E-08 4.985E-08 4.158E-08 3.825E-08 2.823E-08 2.341E-08 1.895E-08 1.386E-08 9.064E-09 6.749E-09 3.513E-09 2.116E-09
  2.600E+01  9.791E-05 1.050E-04 1.087E-04 1.093E-04 1.080E-04 1.055E-04 1.020E-04 9.796E-05 9.356E-05 8.912E-05 8.445E-05 7.982E-05 7.108E-05 6.295E-05 4.586E-05 3.360E-05 2.436E-05 1.777E-05 8.230E-06 5.491E-06 7.285E-06 6.173E-06 5.540E-06 4.309E-06 3.312E-06 2.130E-06 1.455E-06 8.982E-07 6.173E-07 8.391E-07 6.451E-07 3.280E-07 2.029E-07 1.951E-07 2.088E-07 2.219E-07 2.073E-07 1.764E-07 1.686E-07 1.771E-07 1.505E-07 8.499E-08 6.911E-08 6.869E-08 5.156E-08 5.192E-08 5.296E-08 5.043E-08 4.949E-08 4.626E-08 4.879E-08 4.070E-08 3.744E-08 2.765E-08 2.295E-08 1.858E-08 1.360E-08 8.900E-09 6.629E-09 3.453E-09 2.081E-09
  2.800E+01  8.496E-05 9.021E-05 9.301E-05 9.324E-05 9.210E-05 9.008E-05 8.715E-05 8.386E-05 8.024E-05 7.660E-05 7.274E-05 6.890E-05 6.163E-05 5.481E-05 4.031E-05 2.979E-05 2.175E-05 1.596E-05 7.445E-06 5.099E-06 6.788E-06 5.746E-06 5.158E-06 4.017E-06 3.093E-06 1.999E-06 1.370E-06 8.488E-07 5.870E-07 7.996E-07 6.144E-07 3.131E-07 1.946E-07 1.875E-07 2.010E-07 2.138E-07 1.998E-07 1.701E-07 1.628E-07 1.711E-07 1.454E-07 8.216E-08 6.692E-08 6.659E-08 5.009E-08 5.049E-08 5.159E-08 4.917E-08 4.827E-08 4.518E-08 4.768E-08 3.978E-08 3.660E-08 2.705E-08 2.247E-08 1.820E-08 1.333E-08 8.728E-09 6.503E-09 3.390E-09 2.044E-09
  3.000E+01  7.398E-05 7.801E-05 7.979E-05 7.991E-05 7.878E-05 7.712E-05 7.467E-05 7.189E-05 6.892E-05 6.592E-05 6.271E-05 5.953E-05 5.346E-05 4.773E-05 3.542E-05 2.639E-05 1.940E-05 1.432E-05 6.729E-06 4.728E-06 6.314E-06 5.340E-06 4.794E-06 3.739E-06 2.884E-06 1.872E-06 1.288E-06 8.008E-07 5.572E-07 7.605E-07 5.840E-07 2.984E-07 1.864E-07 1.799E-07 1.931E-07 2.056E-07 1.923E-07 1.638E-07 1.570E-07 1.651E-07 1.402E-07 7.929E-08 6.469E-08 6.445E-08 4.859E-08 4.903E-08 5.018E-08 4.787E-08 4.700E-08 4.406E-08 4.653E-08 3.882E-08 3.573E-08 2.642E-08 2.196E-08 1.779E-08 1.304E-08 8.547E-09 6.372E-09 3.324E-09 2.006E-09
  3.200E+01  6.450E-05 6.761E-05 6.862E-05 6.867E-05 6.760E-05 6.614E-05 6.409E-05 6.176E-05 5.931E-05 5.683E-05 5.414E-05 5.148E-05 4.641E-05 4.159E-05 3.113E-05 2.338E-05 1.729E-05 1.284E-05 6.078E-06 4.379E-06 5.865E-06 4.955E-06 4.450E-06 3.474E-06 2.685E-06 1.750E-06 1.209E-06 7.543E-07 5.280E-07 7.221E-07 5.543E-07 2.839E-07 1.782E-07 1.723E-07 1.853E-07 1.975E-07 1.848E-07 1.574E-07 1.511E-07 1.590E-07 1.350E-07 7.641E-08 6.244E-08 6.228E-08 4.707E-08 4.754E-08 4.874E-08 4.654E-08 4.571E-08 4.291E-08 4.535E-08 3.784E-08 3.484E-08 2.578E-08 2.144E-08 1.738E-08 1.275E-08 8.361E-09 6.235E-09 3.256E-09 1.966E-09
  3.400E+01  5.633E-05 5.857E-05 5.930E-05 5.910E-05 5.817E-05 5.685E-05 5.511E-05 5.319E-05 5.113E-05 4.907E-05 4.683E-05 4.458E-05 4.033E-05 3.627E-05 2.737E-05 2.072E-05 1.542E-05 1.151E-05 5.489E-06 4.052E-06 5.441E-06 4.592E-06 4.125E-06 3.225E-06 2.496E-06 1.635E-06 1.134E-06 7.096E-07 4.998E-07 6.847E-07 5.253E-07 2.698E-07 1.701E-07 1.648E-07 1.776E-07 1.893E-07 1.773E-07 1.510E-07 1.452E-07 1.529E-07 1.298E-07 7.353E-08 6.019E-08 6.011E-08 4.553E-08 4.604E-08 4.727E-08 4.519E-08 4.439E-08 4.174E-08 4.415E-08 3.683E-08 3.392E-08 2.512E-08 2.091E-08 1.695E-08 1.245E-08 8.168E-09 6.095E-09 3.185E-09 1.925E-09
  3.600E+01  4.943E-05 5.093E-05 5.149E-05 5.101E-05 5.017E-05 4.900E-05 4.750E-05 4.592E-05 4.417E-05 4.244E-05 4.057E-05 3.867E-05 3.510E-05 3.167E-05 2.409E-05 1.836E-05 1.375E-05 1.032E-05 4.957E-06 3.746E-06 5.043E-06 4.251E-06 3.819E-06 2.990E-06 2.319E-06 1.525E-06 1.062E-06 6.668E-07 4.724E-07 6.484E-07 4.972E-07 2.560E-07 1.621E-07 1.574E-07 1.699E-07 1.813E-07 1.698E-07 1.447E-07 1.394E-07 1.469E-07 1.246E-07 7.066E-08 5.794E-08 5.793E-08 4.398E-08 4.452E-08 4.579E-08 4.382E-08 4.306E-08 4.055E-08 4.292E-08 3.581E-08 3.299E-08 2.444E-08 2.036E-08 1.651E-08 1.214E-08 7.972E-09 5.951E-09 3.113E-09 1.882E-09
  3.800E+01  4.367E-05 4.445E-05 4.482E-05 4.417E-05 4.337E-05 4.236E-05 4.106E-05 3.972E-05 3.823E-05 3.679E-05 3.521E-05 3.361E-05 3.060E-05 2.769E-05 2.122E-05 1.629E-05 1.226E-05 9.256E-06 4.476E-06 3.461E-06 4.669E-06 3.933E-06 3.534E-06 2.770E-06 2.152E-06 1.421E-06 9.932E-07 6.259E-07 4.460E-07 6.132E-07 4.700E-07 2.427E-07 1.544E-07 1.502E-07 1.624E-07 1.734E-07 1.625E-07 1.385E-07 1.336E-07 1.409E-07 1.195E-07 6.782E-08 5.570E-08 5.576E-08 4.244E-08 4.301E-08 4.431E-08 4.244E-08 4.171E-08 3.935E-08 4.168E-08 3.477E-08 3.204E-08 2.376E-08 1.981E-08 1.607E-08 1.182E-08 7.771E-09 5.804E-09 3.039E-09 1.839E-09
  4.000E+01  3.854E-05 3.899E-05 3.903E-05 3.840E-05 3.761E-05 3.673E-05 3.561E-05 3.444E-05 3.318E-05 3.196E-05 3.062E-05 2.927E-05 2.672E-05 2.425E-05 1.871E-05 1.446E-05 1.095E-05 8.305E-06 4.044E-06 3.197E-06 4.321E-06 3.636E-06 3.267E-06 2.564E-06 1.996E-06 1.324E-06 9.283E-07 5.870E-07 4.207E-07 5.793E-07 4.439E-07 2.298E-07 1.469E-07 1.432E-07 1.550E-07 1.657E-07 1.553E-07 1.324E-07 1.279E-07 1.350E-07 1.145E-07 6.502E-08 5.350E-08 5.362E-08 4.090E-08 4.150E-08 4.283E-08 4.106E-08 4.037E-08 3.814E-08 4.043E-08 3.373E-08 3.109E-08 2.307E-08 1.925E-08 1.562E-08 1.151E-08 7.568E-09 5.655E-09 2.964E-09 1.795E-09
  4.200E+01  3.400E-05 3.430E-05 3.404E-05 3.349E-05 3.275E-05 3.195E-05 3.096E-05 2.994E-05 2.888E-05 2.784E-05 2.669E-05 2.554E-05 2.338E-05 2.127E-05 1.652E-05 1.285E-05 9.777E-06 7.455E-06 3.654E-06 2.951E-06 3.996E-06 3.359E-06 3.020E-06 2.373E-06 1.850E-06 1.232E-06 8.671E-07 5.502E-07 3.965E-07 5.468E-07 4.188E-07 2.174E-07 1.396E-07 1.363E-07 1.478E-07 1.581E-07 1.483E-07 1.265E-07 1.223E-07 1.292E-07 1.095E-07 6.227E-08 5.133E-08 5.150E-08 3.938E-08 4.000E-08 4.135E-08 3.969E-08 3.903E-08 3.693E-08 3.919E-08 3.268E-08 3.014E-08 2.238E-08 1.869E-08 1.517E-08 1.119E-08 7.364E-09 5.505E-09 2.888E-09 1.750E-09
  4.400E+01  3.008E-05 3.017E-05 2.984E-05 2.926E-05 2.859E-05 2.785E-05 2.698E-05 2.610E-05 2.519E-05 2.431E-05 2.333E-05 2.234E-05 2.050E-05 1.870E-05 1.461E-05 1.143E-05 8.742E-06 6.697E-06 3.304E-06 2.724E-06 3.694E-06 3.102E-06 2.789E-06 2.195E-06 1.714E-06 1.146E-06 8.094E-07 5.153E-07 3.735E-07 5.158E-07 3.949E-07 2.056E-07 1.326E-07 1.297E-07 1.408E-07 1.508E-07 1.415E-07 1.207E-07 1.169E-07 1.235E-07 1.047E-07 5.959E-08 4.920E-08 4.942E-08 3.788E-08 3.852E-08 3.989E-08 3.833E-08 3.770E-08 3.573E-08 3.794E-08 3.164E-08 2.918E-08 2.169E-08 1.813E-08 1.472E-08 1.086E-08 7.158E-09 5.354E-09 2.812E-09 1.706E-09
  4.600E+01  2.671E-05 2.656E-05 2.630E-05 2.561E-05 2.500E-05 2.434E-05 2.357E-05 2.283E-05 2.203E-05 2.128E-05 2.044E-05 1.959E-05 1.801E-05 1.647E-05 1.294E-05 1.018E-05 7.824E-06 6.021E-06 2.989E-06 2.515E-06 3.414E-06 2.865E-06 2.576E-06 2.029E-06 1.588E-06 1.066E-06 7.553E-07 4.824E-07 3.515E-07 4.861E-07 3.720E-07 1.942E-07 1.258E-07 1.233E-07 1.341E-07 1.437E-07 1.348E-07 1.151E-07 1.116E-07 1.180E-07 9.999E-08 5.698E-08 4.712E-08 4.739E-08 3.642E-08 3.707E-08 3.846E-08 3.698E-08 3.639E-08 3.454E-08 3.671E-08 3.061E-08 2.824E-08 2.100E-08 1.757E-08 1.427E-08 1.054E-08 6.953E-09 5.204E-09 2.736E-09 1.661E-09
  4.800E+01  2.380E-05 2.348E-05 2.319E-05 2.250E-05 2.194E-05 2.134E-05 2.066E-05 2.002E-05 1.932E-05 1.867E-05 1.795E-05 1.722E-05 1.586E-05 1.453E-05 1.148E-05 9.078E-06 7.010E-06 5.418E-06 2.707E-06 2.321E-06 3.155E-06 2.645E-06 2.379E-06 1.876E-06 1.470E-06 9.908E-07 7.045E-07 4.514E-07 3.307E-07 4.579E-07 3.503E-07 1.834E-07 1.193E-07 1.171E-07 1.276E-07 1.368E-07 1.284E-07 1.097E-07 1.065E-07 1.127E-07 9.544E-08 5.444E-08 4.510E-08 4.541E-08 3.498E-08 3.565E-08 3.704E-08 3.566E-08 3.509E-08 3.337E-08 3.549E-08 2.958E-08 2.730E-08 2.032E-08 1.702E-08 1.382E-08 1.023E-08 6.749E-09 5.054E-09 2.660E-09 1.617E-09
  5.000E+01  2.115E-05 2.089E-05 2.045E-05 1.987E-05 1.933E-05 1.879E-05 1.818E-05 1.760E-05 1.700E-05 1.643E-05 1.580E-05 1.517E-05 1.400E-05 1.285E-05 1.020E-05 8.108E-06 6.289E-06 4.881E-06 2.452E-06 2.143E-06 2.916E-06 2.442E-06 2.197E-06 1.734E-06 1.361E-06 9.210E-07 6.570E-07 4.223E-07 3.110E-07 4.311E-07 3.297E-07 1.731E-07 1.131E-07 1.112E-07 1.213E-07 1.302E-07 1.223E-07 1.044E-07 1.016E-07 1.075E-07 9.104E-08 5.199E-08 4.315E-08 4.349E-08 3.358E-08 3.426E-08 3.566E-08 3.437E-08 3.383E-08 3.222E-08 3.429E-08 2.858E-08 2.638E-08 1.965E-08 1.647E-08 1.338E-08 9.910E-09 6.547E-09 4.905E-09 2.585E-09 1.572E-09
  5.200E+01  1.883E-05 1.859E-05 1.809E-05 1.758E-05 1.709E-05 1.657E-05 1.603E-05 1.552E-05 1.500E-05 1.451E-05 1.395E-05 1.340E-05 1.239E-05 1.139E-05 9.082E-06 7.254E-06 5.649E-06 4.402E-06 2.224E-06 1.979E-06 2.694E-06 2.254E-06 2.028E-06 1.604E-06 1.261E-06 8.560E-07 6.126E-07 3.950E-07 2.924E-07 4.058E-07 3.103E-07 1.633E-07 1.072E-07 1.056E-07 1.153E-07 1.239E-07 1.164E-07 9.942E-08 9.685E-08 1.026E-07 8.680E-08 4.962E-08 4.126E-08 4.163E-08 3.223E-08 3.291E-08 3.432E-08 3.310E-08 3.259E-08 3.109E-08 3.311E-08 2.759E-08 2.548E-08 1.899E-08 1.593E-08 1.295E-08 9.600E-09 6.348E-09 4.759E-09 2.511E-09 1.529E-09
  5.400E+01  1.685E-05 1.651E-05 1.611E-05 1.557E-05 1.514E-05 1.465E-05 1.417E-05 1.373E-05 1.327E-05 1.284E-05 1.236E-05 1.187E-05 1.099E-05 1.012E-05 8.102E-06 6.500E-06 5.081E-06 3.974E-06 2.019E-06 1.829E-06 2.490E-06 2.082E-06 1.874E-06 1.483E-06 1.168E-06 7.957E-07 5.713E-07 3.695E-07 2.750E-07 3.819E-07 2.919E-07 1.541E-07 1.015E-07 1.002E-07 1.096E-07 1.178E-07 1.107E-07 9.461E-08 9.229E-08 9.780E-08 8.273E-08 4.735E-08 3.944E-08 3.984E-08 3.092E-08 3.161E-08 3.301E-08 3.187E-08 3.139E-08 2.999E-08 3.197E-08 2.663E-08 2.459E-08 1.835E-08 1.541E-08 1.252E-08 9.296E-09 6.153E-09 4.615E-09 2.438E-09 1.486E-09
  5.600E+01  1.517E-05 1.473E-05 1.439E-05 1.383E-05 1.343E-05 1.301E-05 1.257E-05 1.218E-05 1.177E-05 1.139E-05 1.097E-05 1.054E-05 9.771E-06 9.012E-06 7.243E-06 5.834E-06 4.577E-06 3.593E-06 1.835E-06 1.691E-06 2.303E-06 1.923E-06 1.731E-06 1.372E-06 1.082E-06 7.398E-07 5.328E-07 3.456E-07 2.585E-07 3.593E-07 2.746E-07 1.453E-07 9.619E-08 9.511E-08 1.042E-07 1.120E-07 1.053E-07 9.002E-08 8.794E-08 9.323E-08 7.883E-08 4.518E-08 3.770E-08 3.812E-08 2.965E-08 3.035E-08 3.175E-08 3.069E-08 3.023E-08 2.893E-08 3.085E-08 2.569E-08 2.374E-08 1.772E-08 1.490E-08 1.211E-08 8.999E-09 5.962E-09 4.475E-09 2.367E-09 1.444E-09
  5.800E+01  1.370E-05 1.323E-05 1.285E-05 1.235E-05 1.195E-05 1.160E-05 1.120E-05 1.084E-05 1.047E-05 1.014E-05 9.763E-06 9.392E-06 8.713E-06 8.045E-06 6.487E-06 5.246E-06 4.130E-06 3.252E-06 1.670E-06 1.564E-06 2.130E-06 1.777E-06 1.600E-06 1.270E-06 1.003E-06 6.881E-07 4.970E-07 3.234E-07 2.431E-07 3.381E-07 2.584E-07 1.371E-07 9.114E-08 9.027E-08 9.900E-08 1.065E-07 1.001E-07 8.565E-08 8.378E-08 8.886E-08 7.512E-08 4.310E-08 3.603E-08 3.647E-08 2.844E-08 2.915E-08 3.054E-08 2.954E-08 2.910E-08 2.790E-08 2.978E-08 2.478E-08 2.290E-08 1.711E-08 1.440E-08 1.171E-08 8.711E-09 5.776E-09 4.338E-09 2.298E-09 1.403E-09
  6.000E+01  1.229E-05 1.191E-05 1.150E-05 1.107E-05 1.071E-05 1.036E-05 9.998E-06 9.670E-06 9.351E-06 9.054E-06 8.717E-06 8.386E-06 7.788E-06 7.199E-06 5.823E-06 4.725E-06 3.732E-06 2.949E-06 1.521E-06 1.448E-06 1.971E-06 1.644E-06 1.480E-06 1.175E-06 9.297E-07 6.403E-07 4.639E-07 3.028E-07 2.287E-07 3.183E-07 2.432E-07 1.294E-07 8.638E-08 8.570E-08 9.411E-08 1.013E-07 9.525E-08 8.150E-08 7.984E-08 8.471E-08 7.158E-08 4.113E-08 3.445E-08 3.490E-08 2.729E-08 2.799E-08 2.937E-08 2.844E-08 2.803E-08 2.691E-08 2.874E-08 2.391E-08 2.210E-08 1.652E-08 1.392E-08 1.132E-08 8.432E-09 5.596E-09 4.206E-09 2.231E-09 1.364E-09
  6.200E+01  1.102E-05 1.071E-05 1.033E-05 9.923E-06 9.616E-06 9.268E-06 8.947E-06 8.663E-06 8.375E-06 8.109E-06 7.809E-06 7.508E-06 6.979E-06 6.458E-06 5.239E-06 4.265E-06 3.379E-06 2.677E-06 1.387E-06 1.342E-06 1.825E-06 1.521E-06 1.370E-06 1.089E-06 8.627E-07 5.962E-07 4.332E-07 2.836E-07 2.153E-07 2.997E-07 2.289E-07 1.222E-07 8.191E-08 8.139E-08 8.949E-08 9.637E-08 9.064E-08 7.758E-08 7.611E-08 8.077E-08 6.823E-08 3.926E-08 3.294E-08 3.341E-08 2.619E-08 2.689E-08 2.826E-08 2.739E-08 2.700E-08 2.596E-08 2.774E-08 2.307E-08 2.133E-08 1.596E-08 1.346E-08 1.094E-08 8.163E-09 5.423E-09 4.078E-09 2.166E-09 1.326E-09
  6.400E+01  9.965E-06 9.646E-06 9.325E-06 8.923E-06 8.637E-06 8.326E-06 8.036E-06 7.785E-06 7.519E-06 7.281E-06 7.016E-06 6.744E-06 6.272E-06 5.809E-06 4.725E-06 3.857E-06 3.064E-06 2.435E-06 1.268E-06 1.245E-06 1.692E-06 1.408E-06 1.269E-06 1.010E-06 8.012E-07 5.555E-07 4.048E-07 2.658E-07 2.028E-07 2.823E-07 2.157E-07 1.154E-07 7.771E-08 7.734E-08 8.514E-08 9.173E-08 8.629E-08 7.389E-08 7.258E-08 7.705E-08 6.507E-08 3.749E-08 3.152E-08 3.199E-08 2.514E-08 2.584E-08 2.720E-08 2.639E-08 2.602E-08 2.506E-08 2.679E-08 2.226E-08 2.059E-08 1.542E-08 1.302E-08 1.059E-08 7.905E-09 5.257E-09 3.956E-09 2.104E-09 1.289E-09
  6.600E+01  9.106E-06 8.738E-06 8.437E-06 8.059E-06 7.785E-06 7.511E-06 7.244E-06 7.012E-06 6.771E-06 6.557E-06 6.317E-06 6.077E-06 5.654E-06 5.239E-06 4.270E-06 3.496E-06 2.784E-06 2.218E-06 1.160E-06 1.157E-06 1.569E-06 1.305E-06 1.176E-06 9.374E-07 7.448E-07 5.180E-07 3.786E-07 2.493E-07 1.911E-07 2.662E-07 2.033E-07 1.091E-07 7.378E-08 7.356E-08 8.106E-08 8.737E-08 8.220E-08 7.041E-08 6.926E-08 7.355E-08 6.209E-08 3.583E-08 3.018E-08 3.066E-08 2.416E-08 2.486E-08 2.620E-08 2.544E-08 2.509E-08 2.420E-08 2.589E-08 2.150E-08 1.989E-08 1.490E-08 1.259E-08 1.024E-08 7.659E-09 5.099E-09 3.839E-09 2.045E-09 1.254E-09
  6.800E+01  8.293E-06 7.952E-06 7.637E-06 7.305E-06 7.056E-06 6.800E-06 6.551E-06 6.332E-06 6.120E-06 5.926E-06 5.706E-06 5.491E-06 5.111E-06 4.738E-06 3.869E-06 3.175E-06 2.535E-06 2.025E-06 1.063E-06 1.076E-06 1.457E-06 1.211E-06 1.092E-06 8.711E-07 6.931E-07 4.836E-07 3.544E-07 2.341E-07 1.803E-07 2.512E-07 1.918E-07 1.033E-07 7.012E-08 7.002E-08 7.725E-08 8.330E-08 7.836E-08 6.716E-08 6.615E-08 7.025E-08 5.929E-08 3.427E-08 2.892E-08 2.941E-08 2.323E-08 2.393E-08 2.526E-08 2.455E-08 2.421E-08 2.339E-08 2.504E-08 2.077E-08 1.922E-08 1.442E-08 1.220E-08 9.921E-09 7.426E-09 4.949E-09 3.729E-09 1.989E-09 1.222E-09
  7.000E+01  7.525E-06 7.242E-06 6.955E-06 6.637E-06 6.409E-06 6.168E-06 5.940E-06 5.743E-06 5.548E-06 5.372E-06 5.173E-06 4.976E-06 4.632E-06 4.297E-06 3.514E-06 2.890E-06 2.312E-06 1.852E-06 9.762E-07 1.002E-06 1.355E-06 1.125E-06 1.015E-06 8.104E-07 6.457E-07 4.521E-07 3.322E-07 2.201E-07 1.704E-07 2.372E-07 1.812E-07 9.786E-08 6.672E-08 6.673E-08 7.369E-08 7.949E-08 7.479E-08 6.412E-08 6.325E-08 6.718E-08 5.667E-08 3.281E-08 2.774E-08 2.823E-08 2.236E-08 2.306E-08 2.438E-08 2.371E-08 2.339E-08 2.263E-08 2.423E-08 2.009E-08 1.859E-08 1.396E-08 1.182E-08 9.616E-09 7.206E-09 4.807E-09 3.625E-09 1.937E-09 1.191E-09
  7.200E+01  6.910E-06 6.602E-06 6.360E-06 6.045E-06 5.826E-06 5.611E-06 5.404E-06 5.229E-06 5.043E-06 4.882E-06 4.704E-06 4.524E-06 4.211E-06 3.908E-06 3.200E-06 2.637E-06 2.114E-06 1.697E-06 8.982E-07 9.352E-07 1.261E-06 1.047E-06 9.443E-07 7.550E-07 6.025E-07 4.232E-07 3.118E-07 2.073E-07 1.612E-07 2.244E-07 1.713E-07 9.285E-08 6.357E-08 6.368E-08 7.039E-08 7.596E-08 7.146E-08 6.130E-08 6.054E-08 6.431E-08 5.424E-08 3.145E-08 2.665E-08 2.714E-08 2.155E-08 2.225E-08 2.355E-08 2.293E-08 2.262E-08 2.192E-08 2.348E-08 1.945E-08 1.801E-08 1.353E-08 1.147E-08 9.330E-09 7.000E-09 4.675E-09 3.527E-09 1.888E-09 1.162E-09
  7.400E+01  6.371E-06 6.042E-06 5.815E-06 5.526E-06 5.323E-06 5.129E-06 4.935E-06 4.772E-06 4.601E-06 4.453E-06 4.289E-06 4.126E-06 3.840E-06 3.564E-06 2.922E-06 2.412E-06 1.938E-06 1.558E-06 8.282E-07 8.743E-07 1.176E-06 9.755E-07 8.801E-07 7.045E-07 5.630E-07 3.967E-07 2.932E-07 1.955E-07 1.527E-07 2.125E-07 1.623E-07 8.822E-08 6.067E-08 6.086E-08 6.734E-08 7.268E-08 6.838E-08 5.868E-08 5.804E-08 6.165E-08 5.198E-08 3.019E-08 2.563E-08 2.613E-08 2.080E-08 2.150E-08 2.279E-08 2.220E-08 2.191E-08 2.126E-08 2.278E-08 1.885E-08 1.746E-08 1.312E-08 1.114E-08 9.064E-09 6.809E-09 4.552E-09 3.437E-09 1.842E-09 1.135E-09
  7.600E+01  5.820E-06 5.569E-06 5.328E-06 5.077E-06 4.893E-06 4.702E-06 4.523E-06 4.369E-06 4.215E-06 4.078E-06 3.925E-06 3.774E-06 3.513E-06 3.260E-06 2.675E-06 2.212E-06 1.780E-06 1.434E-06 7.654E-07 8.190E-07 1.098E-06 9.105E-07 8.217E-07 6.585E-07 5.271E-07 3.726E-07 2.761E-07 1.847E-07 1.450E-07 2.015E-07 1.539E-07 8.397E-08 5.799E-08 5.826E-08 6.453E-08 6.967E-08 6.554E-08 5.627E-08 5.572E-08 5.919E-08 4.989E-08 2.903E-08 2.470E-08 2.520E-08 2.012E-08 2.080E-08 2.209E-08 2.153E-08 2.125E-08 2.065E-08 2.214E-08 1.830E-08 1.695E-08 1.275E-08 1.084E-08 8.818E-09 6.632E-09 4.438E-09 3.354E-09 1.800E-09 1.111E-09
  7.800E+01  5.319E-06 5.141E-06 4.910E-06 4.679E-06 4.511E-06 4.319E-06 4.156E-06 4.016E-06 3.874E-06 3.746E-06 3.605E-06 3.463E-06 3.223E-06 2.991E-06 2.456E-06 2.034E-06 1.640E-06 1.324E-06 7.091E-07 7.689E-07 1.027E-06 8.513E-07 7.685E-07 6.167E-07 4.944E-07 3.506E-07 2.605E-07 1.748E-07 1.379E-07 1.915E-07 1.463E-07 8.009E-08 5.555E-08 5.589E-08 6.195E-08 6.690E-08 6.293E-08 5.406E-08 5.360E-08 5.693E-08 4.797E-08 2.797E-08 2.384E-08 2.434E-08 1.948E-08 2.017E-08 2.144E-08 2.092E-08 2.065E-08 2.009E-08 2.155E-08 1.780E-08 1.649E-08 1.241E-08 1.056E-08 8.592E-09 6.470E-09 4.335E-09 3.278E-09 1.763E-09 1.089E-09
  8.000E+01  4.956E-06 4.746E-06 4.547E-06 4.319E-06 4.159E-06 3.985E-06 3.833E-06 3.704E-06 3.568E-06 3.450E-06 3.320E-06 3.190E-06 2.967E-06 2.754E-06 2.262E-06 1.875E-06 1.514E-06 1.225E-06 6.587E-07 7.235E-07 9.627E-07 7.976E-07 7.203E-07 5.788E-07 4.647E-07 3.306E-07 2.464E-07 1.658E-07 1.314E-07 1.824E-07 1.393E-07 7.654E-08 5.332E-08 5.372E-08 5.960E-08 6.437E-08 6.054E-08 5.203E-08 5.166E-08 5.486E-08 4.622E-08 2.700E-08 2.306E-08 2.356E-08 1.891E-08 1.960E-08 2.086E-08 2.036E-08 2.011E-08 1.959E-08 2.102E-08 1.733E-08 1.606E-08 1.210E-08 1.031E-08 8.388E-09 6.324E-09 4.241E-09 3.210E-09 1.729E-09 1.070E-09
  8.200E+01  4.669E-06 4.405E-06 4.226E-06 4.003E-06 3.842E-06 3.700E-06 3.551E-06 3.426E-06 3.297E-06 3.188E-06 3.066E-06 2.948E-06 2.741E-06 2.543E-06 2.089E-06 1.734E-06 1.402E-06 1.136E-06 6.135E-07 6.824E-07 9.043E-07 7.489E-07 6.766E-07 5.444E-07 4.378E-07 3.125E-07 2.335E-07 1.577E-07 1.256E-07 1.740E-07 1.330E-07 7.332E-08 5.129E-08 5.176E-08 5.747E-08 6.207E-08 5.837E-08 5.020E-08 4.990E-08 5.298E-08 4.462E-08 2.612E-08 2.236E-08 2.286E-08 1.839E-08 1.908E-08 2.033E-08 1.986E-08 1.962E-08 1.914E-08 2.054E-08 1.692E-08 1.568E-08 1.183E-08 1.008E-08 8.204E-09 6.193E-09 4.158E-09 3.149E-09 1.699E-09 1.053E-09
  8.400E+01  4.349E-06 4.116E-06 3.929E-06 3.731E-06 3.573E-06 3.444E-06 3.301E-06 3.181E-06 3.060E-06 2.957E-06 2.843E-06 2.733E-06 2.540E-06 2.356E-06 1.936E-06 1.608E-06 1.302E-06 1.057E-06 5.731E-07 6.454E-07 8.512E-07 7.048E-07 6.371E-07 5.133E-07 4.135E-07 2.961E-07 2.219E-07 1.503E-07 1.203E-07 1.665E-07 1.273E-07 7.041E-08 4.947E-08 4.999E-08 5.554E-08 6.000E-08 5.641E-08 4.854E-08 4.832E-08 5.129E-08 4.318E-08 2.533E-08 2.173E-08 2.223E-08 1.793E-08 1.862E-08 1.987E-08 1.942E-08 1.919E-08 1.874E-08 2.012E-08 1.655E-08 1.534E-08 1.158E-08 9.885E-09 8.042E-09 6.078E-09 4.085E-09 3.096E-09 1.674E-09 1.039E-09
  8.600E+01  4.019E-06 3.843E-06 3.671E-06 3.483E-06 3.346E-06 3.208E-06 3.077E-06 2.965E-06 2.853E-06 2.755E-06 2.648E-06 2.543E-06 2.362E-06 2.190E-06 1.799E-06 1.496E-06 1.213E-06 9.864E-07 5.370E-07 6.120E-07 8.033E-07 6.650E-07 6.014E-07 4.852E-07 3.916E-07 2.813E-07 2.114E-07 1.437E-07 1.155E-07 1.596E-07 1.221E-07 6.780E-08 4.784E-08 4.841E-08 5.382E-08 5.814E-08 5.465E-08 4.705E-08 4.690E-08 4.976E-08 4.189E-08 2.463E-08 2.117E-08 2.167E-08 1.753E-08 1.822E-08 1.946E-08 1.903E-08 1.881E-08 1.839E-08 1.975E-08 1.623E-08 1.504E-08 1.136E-08 9.712E-09 7.901E-09 5.979E-09 4.023E-09 3.051E-09 1.652E-09 1.027E-09
  8.800E+01  3.775E-06 3.603E-06 3.447E-06 3.265E-06 3.135E-06 3.002E-06 2.878E-06 2.775E-06 2.668E-06 2.575E-06 2.474E-06 2.374E-06 2.203E-06 2.043E-06 1.678E-06 1.396E-06 1.134E-06 9.234E-07 5.048E-07 5.820E-07 7.599E-07 6.291E-07 5.692E-07 4.600E-07 3.719E-07 2.680E-07 2.020E-07 1.377E-07 1.112E-07 1.535E-07 1.174E-07 6.546E-08 4.638E-08 4.700E-08 5.229E-08 5.649E-08 5.309E-08 4.573E-08 4.564E-08 4.841E-08 4.075E-08 2.401E-08 2.068E-08 2.118E-08 1.717E-08 1.787E-08 1.910E-08 1.870E-08 1.848E-08 1.809E-08 1.943E-08 1.595E-08 1.479E-08 1.118E-08 9.565E-09 7.780E-09 5.894E-09 3.970E-09 3.014E-09 1.635E-09 1.017E-09
  9.000E+01  3.586E-06 3.397E-06 3.241E-06 3.076E-06 2.944E-06 2.826E-06 2.705E-06 2.606E-06 2.503E-06 2.415E-06 2.318E-06 2.224E-06 2.063E-06 1.912E-06 1.570E-06 1.308E-06 1.063E-06 8.672E-07 4.761E-07 5.551E-07 7.209E-07 5.968E-07 5.403E-07 4.373E-07 3.542E-07 2.561E-07 1.936E-07 1.324E-07 1.074E-07 1.480E-07 1.133E-07 6.339E-08 4.510E-08 4.576E-08 5.094E-08 5.503E-08 5.171E-08 4.457E-08 4.453E-08 4.722E-08 3.974E-08 2.346E-08 2.025E-08 2.075E-08 1.687E-08 1.757E-08 1.880E-08 1.842E-08 1.820E-08 1.784E-08 1.917E-08 1.571E-08 1.457E-08 1.102E-08 9.443E-09 7.681E-09 5.826E-09 3.928E-09 2.984E-09 1.622E-09 1.010E-09
  9.200E+01  3.370E-06 3.212E-06 3.064E-06 2.907E-06 2.786E-06 2.666E-06 2.552E-06 2.455E-06 2.359E-06 2.274E-06 2.182E-06 2.092E-06 1.939E-06 1.796E-06 1.474E-06 1.229E-06 1.000E-06 8.172E-07 4.506E-07 5.311E-07 6.858E-07 5.678E-07 5.144E-07 4.170E-07 3.384E-07 2.455E-07 1.861E-07 1.277E-07 1.041E-07 1.431E-07 1.096E-07 6.156E-08 4.398E-08 4.468E-08 4.977E-08 5.376E-08 5.051E-08 4.356E-08 4.357E-08 4.619E-08 3.886E-08 2.300E-08 1.988E-08 2.039E-08 1.662E-08 1.732E-08 1.856E-08 1.819E-08 1.798E-08 1.764E-08 1.895E-08 1.552E-08 1.439E-08 1.090E-08 9.346E-09 7.601E-09 5.773E-09 3.897E-09 2.962E-09 1.612E-09 1.006E-09
  9.400E+01  3.178E-06 3.054E-06 2.905E-06 2.760E-06 2.645E-06 2.525E-06 2.418E-06 2.322E-06 2.231E-06 2.150E-06 2.060E-06 1.975E-06 1.830E-06 1.693E-06 1.389E-06 1.159E-06 9.442E-07 7.727E-07 4.279E-07 5.096E-07 6.542E-07 5.419E-07 4.912E-07 3.989E-07 3.243E-07 2.361E-07 1.794E-07 1.236E-07 1.011E-07 1.388E-07 1.064E-07 5.997E-08 4.301E-08 4.375E-08 4.876E-08 5.267E-08 4.948E-08 4.269E-08 4.275E-08 4.531E-08 3.812E-08 2.260E-08 1.958E-08 2.009E-08 1.642E-08 1.712E-08 1.836E-08 1.800E-08 1.780E-08 1.749E-08 1.879E-08 1.536E-08 1.426E-08 1.080E-08 9.274E-09 7.542E-09 5.734E-09 3.875E-09 2.948E-09 1.607E-09 1.004E-09
  9.600E+01  3.057E-06 2.921E-06 2.763E-06 2.633E-06 2.510E-06 2.410E-06 2.301E-06 2.204E-06 2.116E-06 2.038E-06 1.952E-06 1.872E-06 1.733E-06 1.602E-06 1.314E-06 1.096E-06 8.946E-07 7.333E-07 4.079E-07 4.906E-07 6.260E-07 5.188E-07 4.706E-07 3.829E-07 3.118E-07 2.278E-07 1.736E-07 1.199E-07 9.856E-08 1.350E-07 1.036E-07 5.860E-08 4.219E-08 4.296E-08 4.791E-08 5.175E-08 4.860E-08 4.196E-08 4.207E-08 4.457E-08 3.749E-08 2.228E-08 1.934E-08 1.985E-08 1.626E-08 1.697E-08 1.822E-08 1.787E-08 1.767E-08 1.738E-08 1.868E-08 1.525E-08 1.416E-08 1.073E-08 9.226E-09 7.503E-09 5.711E-09 3.863E-09 2.941E-09 1.606E-09 1.005E-09
  9.800E+01  2.949E-06 2.792E-06 2.646E-06 2.517E-06 2.395E-06 2.304E-06 2.196E-06 2.100E-06 2.016E-06 1.941E-06 1.857E-06 1.781E-06 1.647E-06 1.522E-06 1.247E-06 1.041E-06 8.506E-07 6.984E-07 3.903E-07 4.737E-07 6.009E-07 4.982E-07 4.523E-07 3.687E-07 3.008E-07 2.205E-07 1.685E-07 1.168E-07 9.635E-08 1.318E-07 1.011E-07 5.744E-08 4.150E-08 4.231E-08 4.721E-08 5.099E-08 4.788E-08 4.136E-08 4.151E-08 4.396E-08 3.698E-08 2.202E-08 1.915E-08 1.966E-08 1.614E-08 1.686E-08 1.812E-08 1.779E-08 1.759E-08 1.732E-08 1.861E-08 1.518E-08 1.409E-08 1.069E-08 9.201E-09 7.482E-09 5.701E-09 3.861E-09 2.941E-09 1.609E-09 1.008E-09
  1.000E+02  2.800E-06 2.670E-06 2.543E-06 2.413E-06 2.305E-06 2.203E-06 2.102E-06 2.013E-06 1.930E-06 1.856E-06 1.776E-06 1.701E-06 1.571E-06 1.451E-06 1.189E-06 9.928E-07 8.119E-07 6.676E-07 3.748E-07 4.588E-07 5.786E-07 4.801E-07 4.362E-07 3.562E-07 2.912E-07 2.141E-07 1.641E-07 1.141E-07 9.448E-08 1.290E-07 9.907E-08 5.647E-08 4.095E-08 4.179E-08 4.664E-08 5.038E-08 4.730E-08 4.088E-08 4.107E-08 4.349E-08 3.657E-08 2.182E-08 1.901E-08 1.953E-08 1.607E-08 1.680E-08 1.807E-08 1.774E-08 1.755E-08 1.730E-08 1.859E-08 1.515E-08 1.406E-08 1.068E-08 9.199E-09 7.480E-09 5.706E-09 3.868E-09 2.949E-09 1.616E-09 1.013E-09
  1.020E+02  2.658E-06 2.573E-06 2.452E-06 2.327E-06 2.227E-06 2.116E-06 2.021E-06 1.938E-06 1.856E-06 1.783E-06 1.705E-06 1.630E-06 1.504E-06 1.389E-06 1.137E-06 9.499E-07 7.778E-07 6.405E-07 3.612E-07 4.457E-07 5.589E-07 4.641E-07 4.220E-07 3.453E-07 2.828E-07 2.086E-07 1.603E-07 1.118E-07 9.292E-08 1.267E-07 9.734E-08 5.568E-08 4.051E-08 4.138E-08 4.621E-08 4.991E-08 4.686E-08 4.052E-08 4.075E-08 4.313E-08 3.627E-08 2.169E-08 1.892E-08 1.945E-08 1.603E-08 1.677E-08 1.806E-08 1.774E-08 1.756E-08 1.732E-08 1.862E-08 1.515E-08 1.407E-08 1.069E-08 9.219E-09 7.496E-09 5.724E-09 3.884E-09 2.963E-09 1.626E-09 1.021E-09
  1.040E+02  2.567E-06 2.494E-06 2.370E-06 2.255E-06 2.155E-06 2.049E-06 1.954E-06 1.870E-06 1.791E-06 1.719E-06 1.642E-06 1.568E-06 1.447E-06 1.335E-06 1.092E-06 9.125E-07 7.479E-07 6.169E-07 3.495E-07 4.343E-07 5.415E-07 4.502E-07 4.097E-07 3.358E-07 2.756E-07 2.039E-07 1.571E-07 1.099E-07 9.165E-08 1.247E-07 9.593E-08 5.505E-08 4.018E-08 4.109E-08 4.591E-08 4.958E-08 4.654E-08 4.027E-08 4.053E-08 4.289E-08 3.607E-08 2.160E-08 1.888E-08 1.941E-08 1.604E-08 1.679E-08 1.809E-08 1.778E-08 1.760E-08 1.738E-08 1.868E-08 1.519E-08 1.411E-08 1.073E-08 9.259E-09 7.529E-09 5.755E-09 3.909E-09 2.984E-09 1.640E-09 1.031E-09
  1.060E+02  2.500E-06 2.423E-06 2.300E-06 2.193E-06 2.092E-06 1.993E-06 1.897E-06 1.811E-06 1.734E-06 1.663E-06 1.587E-06 1.516E-06 1.397E-06 1.288E-06 1.052E-06 8.798E-07 7.219E-07 5.963E-07 3.393E-07 4.245E-07 5.263E-07 4.380E-07 3.990E-07 3.277E-07 2.695E-07 2.000E-07 1.544E-07 1.083E-07 9.064E-08 1.232E-07 9.481E-08 5.459E-08 3.996E-08 4.090E-08 4.571E-08 4.937E-08 4.634E-08 4.012E-08 4.041E-08 4.275E-08 3.595E-08 2.157E-08 1.888E-08 1.942E-08 1.608E-08 1.684E-08 1.816E-08 1.786E-08 1.768E-08 1.748E-08 1.879E-08 1.526E-08 1.418E-08 1.078E-08 9.320E-09 7.578E-09 5.798E-09 3.942E-09 3.011E-09 1.657E-09 1.043E-09
  1.080E+02  2.425E-06 2.361E-06 2.249E-06 2.141E-06 2.042E-06 1.941E-06 1.848E-06 1.764E-06 1.686E-06 1.616E-06 1.542E-06 1.472E-06 1.354E-06 1.247E-06 1.018E-06 8.515E-07 6.994E-07 5.785E-07 3.306E-07 4.160E-07 5.132E-07 4.276E-07 3.899E-07 3.208E-07 2.643E-07 1.967E-07 1.523E-07 1.071E-07 8.988E-08 1.219E-07 9.396E-08 5.426E-08 3.984E-08 4.081E-08 4.563E-08 4.928E-08 4.625E-08 4.006E-08 4.038E-08 4.272E-08 3.592E-08 2.159E-08 1.892E-08 1.947E-08 1.615E-08 1.693E-08 1.827E-08 1.798E-08 1.779E-08 1.761E-08 1.893E-08 1.537E-08 1.428E-08 1.087E-08 9.399E-09 7.643E-09 5.853E-09 3.983E-09 3.044E-09 1.678E-09 1.057E-09
  1.100E+02  2.366E-06 2.314E-06 2.211E-06 2.100E-06 2.007E-06 1.900E-06 1.807E-06 1.725E-06 1.648E-06 1.578E-06 1.504E-06 1.434E-06 1.318E-06 1.213E-06 9.893E-07 8.272E-07 6.801E-07 5.633E-07 3.232E-07 4.088E-07 5.018E-07 4.187E-07 3.821E-07 3.151E-07 2.600E-07 1.941E-07 1.506E-07 1.062E-07 8.935E-08 1.211E-07 9.337E-08 5.407E-08 3.980E-08 4.080E-08 4.564E-08 4.929E-08 4.627E-08 4.009E-08 4.044E-08 4.277E-08 3.597E-08 2.166E-08 1.900E-08 1.956E-08 1.625E-08 1.704E-08 1.841E-08 1.813E-08 1.794E-08 1.777E-08 1.911E-08 1.550E-08 1.440E-08 1.097E-08 9.497E-09 7.722E-09 5.919E-09 4.031E-09 3.083E-09 1.702E-09 1.073E-09
  1.120E+02  2.323E-06 2.283E-06 2.176E-06 2.073E-06 1.979E-06 1.870E-06 1.778E-06 1.693E-06 1.617E-06 1.547E-06 1.472E-06 1.403E-06 1.288E-06 1.184E-06 9.647E-07 8.067E-07 6.638E-07 5.504E-07 3.171E-07 4.027E-07 4.922E-07 4.113E-07 3.757E-07 3.104E-07 2.565E-07 1.920E-07 1.493E-07 1.055E-07 8.903E-08 1.205E-07 9.300E-08 5.400E-08 3.985E-08 4.088E-08 4.574E-08 4.940E-08 4.637E-08 4.020E-08 4.059E-08 4.291E-08 3.610E-08 2.176E-08 1.911E-08 1.969E-08 1.638E-08 1.719E-08 1.859E-08 1.831E-08 1.812E-08 1.796E-08 1.932E-08 1.566E-08 1.455E-08 1.109E-08 9.610E-09 7.815E-09 5.996E-09 4.087E-09 3.127E-09 1.728E-09 1.091E-09
  1.140E+02  2.289E-06 2.252E-06 2.158E-06 2.050E-06 1.951E-06 1.849E-06 1.755E-06 1.672E-06 1.592E-06 1.521E-06 1.448E-06 1.379E-06 1.264E-06 1.161E-06 9.444E-07 7.895E-07 6.502E-07 5.397E-07 3.120E-07 3.977E-07 4.840E-07 4.051E-07 3.704E-07 3.066E-07 2.538E-07 1.904E-07 1.484E-07 1.051E-07 8.889E-08 1.202E-07 9.284E-08 5.405E-08 3.997E-08 4.103E-08 4.593E-08 4.961E-08 4.657E-08 4.039E-08 4.080E-08 4.314E-08 3.628E-08 2.191E-08 1.926E-08 1.985E-08 1.654E-08 1.737E-08 1.879E-08 1.851E-08 1.833E-08 1.819E-08 1.956E-08 1.585E-08 1.473E-08 1.123E-08 9.740E-09 7.921E-09 6.082E-09 4.149E-09 3.177E-09 1.758E-09 1.111E-09
  1.160E+02  2.280E-06 2.221E-06 2.159E-06 2.030E-06 1.935E-06 1.837E-06 1.738E-06 1.658E-06 1.573E-06 1.503E-06 1.431E-06 1.361E-06 1.246E-06 1.143E-06 9.281E-07 7.755E-07 6.391E-07 5.310E-07 3.080E-07 3.937E-07 4.773E-07 4.002E-07 3.662E-07 3.037E-07 2.518E-07 1.893E-07 1.478E-07 1.050E-07 8.893E-08 1.201E-07 9.287E-08 5.419E-08 4.015E-08 4.125E-08 4.620E-08 4.990E-08 4.684E-08 4.064E-08 4.108E-08 4.343E-08 3.654E-08 2.209E-08 1.944E-08 2.004E-08 1.672E-08 1.757E-08 1.902E-08 1.875E-08 1.857E-08 1.843E-08 1.983E-08 1.606E-08 1.493E-08 1.139E-08 9.884E-09 8.039E-09 6.178E-09 4.217E-09 3.231E-09 1.790E-09 1.132E-09
  1.180E+02  2.291E-06 2.220E-06 2.164E-06 2.029E-06 1.935E-06 1.832E-06 1.731E-06 1.650E-06 1.564E-06 1.492E-06 1.420E-06 1.349E-06 1.232E-06 1.129E-06 9.154E-07 7.645E-07 6.303E-07 5.241E-07 3.049E-07 3.905E-07 4.719E-07 3.963E-07 3.630E-07 3.015E-07 2.504E-07 1.887E-07 1.476E-07 1.050E-07 8.912E-08 1.203E-07 9.308E-08 5.443E-08 4.040E-08 4.154E-08 4.653E-08 5.026E-08 4.719E-08 4.095E-08 4.142E-08 4.379E-08 3.684E-08 2.230E-08 1.964E-08 2.026E-08 1.692E-08 1.779E-08 1.927E-08 1.901E-08 1.882E-08 1.870E-08 2.013E-08 1.629E-08 1.515E-08 1.156E-08 1.004E-08 8.168E-09 6.281E-09 4.291E-09 3.289E-09 1.824E-09 1.154E-09
  1.200E+02  2.299E-06 2.246E-06 2.175E-06 2.047E-06 1.944E-06 1.838E-06 1.736E-06 1.649E-06 1.563E-06 1.489E-06 1.414E-06 1.343E-06 1.224E-06 1.120E-06 9.062E-07 7.563E-07 6.236E-07 5.189E-07 3.026E-07 3.881E-07 4.676E-07 3.934E-07 3.607E-07 3.001E-07 2.495E-07 1.885E-07 1.477E-07 1.052E-07 8.946E-08 1.207E-07 9.345E-08 5.475E-08 4.071E-08 4.187E-08 4.692E-08 5.069E-08 4.760E-08 4.132E-08 4.182E-08 4.421E-08 3.720E-08 2.254E-08 1.987E-08 2.050E-08 1.715E-08 1.803E-08 1.955E-08 1.929E-08 1.910E-08 1.900E-08 2.045E-08 1.654E-08 1.538E-08 1.175E-08 1.021E-08 8.306E-09 6.392E-09 4.370E-09 3.351E-09 1.860E-09 1.178E-09
  1.220E+02  2.319E-06 2.274E-06 2.203E-06 2.072E-06 1.963E-06 1.854E-06 1.748E-06 1.657E-06 1.569E-06 1.492E-06 1.415E-06 1.342E-06 1.221E-06 1.116E-06 9.003E-07 7.506E-07 6.189E-07 5.152E-07 3.011E-07 3.864E-07 4.644E-07 3.915E-07 3.593E-07 2.994E-07 2.492E-07 1.886E-07 1.480E-07 1.056E-07 8.991E-08 1.212E-07 9.395E-08 5.514E-08 4.106E-08 4.226E-08 4.737E-08 5.118E-08 4.806E-08 4.174E-08 4.226E-08 4.468E-08 3.760E-08 2.280E-08 2.011E-08 2.076E-08 1.739E-08 1.829E-08 1.984E-08 1.959E-08 1.940E-08 1.931E-08 2.079E-08 1.681E-08 1.564E-08 1.195E-08 1.039E-08 8.453E-09 6.510E-09 4.453E-09 3.416E-09 1.898E-09 1.203E-09
  1.240E+02  2.355E-06 2.318E-06 2.251E-06 2.108E-06 1.995E-06 1.878E-06 1.768E-06 1.673E-06 1.581E-06 1.502E-06 1.422E-06 1.347E-06 1.223E-06 1.116E-06 8.976E-07 7.474E-07 6.162E-07 5.130E-07 3.003E-07 3.854E-07 4.621E-07 3.904E-07 3.585E-07 2.992E-07 2.494E-07 1.890E-07 1.485E-07 1.061E-07 9.048E-08 1.219E-07 9.459E-08 5.560E-08 4.146E-08 4.269E-08 4.787E-08 5.172E-08 4.858E-08 4.220E-08 4.275E-08 4.520E-08 3.804E-08 2.309E-08 2.038E-08 2.104E-08 1.764E-08 1.857E-08 2.016E-08 1.990E-08 1.972E-08 1.964E-08 2.114E-08 1.710E-08 1.590E-08 1.216E-08 1.058E-08 8.607E-09 6.633E-09 4.540E-09 3.485E-09 1.938E-09 1.229E-09
  1.260E+02  2.414E-06 2.396E-06 2.302E-06 2.163E-06 2.034E-06 1.916E-06 1.800E-06 1.697E-06 1.600E-06 1.517E-06 1.434E-06 1.358E-06 1.230E-06 1.120E-06 8.979E-07 7.465E-07 6.151E-07 5.121E-07 3.001E-07 3.849E-07 4.608E-07 3.900E-07 3.585E-07 2.996E-07 2.499E-07 1.897E-07 1.493E-07 1.068E-07 9.115E-08 1.228E-07 9.533E-08 5.612E-08 4.189E-08 4.316E-08 4.841E-08 5.231E-08 4.914E-08 4.270E-08 4.327E-08 4.575E-08 3.851E-08 2.339E-08 2.066E-08 2.134E-08 1.791E-08 1.885E-08 2.048E-08 2.023E-08 2.005E-08 1.998E-08 2.152E-08 1.739E-08 1.618E-08 1.238E-08 1.077E-08 8.769E-09 6.762E-09 4.631E-09 3.556E-09 1.979E-09 1.256E-09
  1.280E+02  2.513E-06 2.484E-06 2.369E-06 2.229E-06 2.085E-06 1.967E-06 1.840E-06 1.728E-06 1.627E-06 1.540E-06 1.453E-06 1.375E-06 1.242E-06 1.128E-06 9.011E-07 7.479E-07 6.158E-07 5.125E-07 3.005E-07 3.849E-07 4.602E-07 3.903E-07 3.591E-07 3.005E-07 2.509E-07 1.907E-07 1.502E-07 1.076E-07 9.190E-08 1.238E-07 9.618E-08 5.668E-08 4.236E-08 4.365E-08 4.898E-08 5.294E-08 4.974E-08 4.324E-08 4.382E-08 4.635E-08 3.902E-08 2.372E-08 2.096E-08 2.166E-08 1.819E-08 1.915E-08 2.082E-08 2.058E-08 2.039E-08 2.033E-08 2.190E-08 1.770E-08 1.647E-08 1.261E-08 1.098E-08 8.936E-09 6.895E-09 4.725E-09 3.629E-09 2.021E-09 1.284E-09
  1.300E+02  2.640E-06 2.579E-06 2.468E-06 2.306E-06 2.157E-06 2.024E-06 1.888E-06 1.769E-06 1.663E-06 1.571E-06 1.479E-06 1.398E-06 1.258E-06 1.140E-06 9.072E-07 7.513E-07 6.179E-07 5.140E-07 3.014E-07 3.853E-07 4.603E-07 3.911E-07 3.602E-07 3.018E-07 2.522E-07 1.919E-07 1.513E-07 1.085E-07 9.273E-08 1.249E-07 9.710E-08 5.729E-08 4.285E-08 4.418E-08 4.959E-08 5.360E-08 5.038E-08 4.379E-08 4.440E-08 4.697E-08 3.954E-08 2.405E-08 2.126E-08 2.198E-08 1.847E-08 1.946E-08 2.117E-08 2.093E-08 2.074E-08 2.069E-08 2.230E-08 1.802E-08 1.677E-08 1.284E-08 1.119E-08 9.107E-09 7.031E-09 4.821E-09 3.704E-09 2.065E-09 1.312E-09
  1.320E+02  2.774E-06 2.704E-06 2.586E-06 2.401E-06 2.245E-06 2.091E-06 1.946E-06 1.820E-06 1.708E-06 1.609E-06 1.512E-06 1.425E-06 1.279E-06 1.156E-06 9.161E-07 7.568E-07 6.216E-07 5.166E-07 3.028E-07 3.862E-07 4.610E-07 3.926E-07 3.618E-07 3.035E-07 2.538E-07 1.933E-07 1.526E-07 1.095E-07 9.361E-08 1.261E-07 9.810E-08 5.793E-08 4.337E-08 4.472E-08 5.021E-08 5.429E-08 5.103E-08 4.437E-08 4.501E-08 4.761E-08 4.009E-08 2.440E-08 2.158E-08 2.231E-08 1.877E-08 1.978E-08 2.152E-08 2.129E-08 2.110E-08 2.106E-08 2.270E-08 1.835E-08 1.708E-08 1.308E-08 1.140E-08 9.282E-09 7.169E-09 4.918E-09 3.780E-09 2.109E-09 1.341E-09
  1.340E+02  2.931E-06 2.868E-06 2.715E-06 2.520E-06 2.346E-06 2.172E-06 2.016E-06 1.882E-06 1.759E-06 1.654E-06 1.552E-06 1.458E-06 1.305E-06 1.176E-06 9.277E-07 7.641E-07 6.266E-07 5.203E-07 3.047E-07 3.874E-07 4.624E-07 3.945E-07 3.638E-07 3.055E-07 2.556E-07 1.948E-07 1.539E-07 1.105E-07 9.454E-08 1.274E-07 9.916E-08 5.861E-08 4.390E-08 4.529E-08 5.086E-08 5.500E-08 5.171E-08 4.497E-08 4.562E-08 4.827E-08 4.065E-08 2.475E-08 2.190E-08 2.265E-08 1.906E-08 2.010E-08 2.188E-08 2.165E-08 2.146E-08 2.144E-08 2.311E-08 1.868E-08 1.738E-08 1.332E-08 1.161E-08 9.459E-09 7.310E-09 5.017E-09 3.857E-09 2.153E-09 1.370E-09
  1.360E+02  3.170E-06 3.060E-06 2.878E-06 2.655E-06 2.456E-06 2.268E-06 2.098E-06 1.951E-06 1.818E-06 1.705E-06 1.597E-06 1.497E-06 1.336E-06 1.200E-06 9.419E-07 7.733E-07 6.329E-07 5.248E-07 3.070E-07 3.889E-07 4.641E-07 3.969E-07 3.663E-07 3.079E-07 2.577E-07 1.966E-07 1.554E-07 1.116E-07 9.552E-08 1.287E-07 1.003E-07 5.930E-08 4.444E-08 4.586E-08 5.152E-08 5.572E-08 5.240E-08 4.558E-08 4.625E-08 4.895E-08 4.123E-08 2.511E-08 2.222E-08 2.299E-08 1.936E-08 2.042E-08 2.225E-08 2.202E-08 2.182E-08 2.181E-08 2.352E-08 1.901E-08 1.770E-08 1.357E-08 1.183E-08 9.637E-09 7.451E-09 5.116E-09 3.935E-09 2.197E-09 1.399E-09
  1.380E+02  3.453E-06 3.282E-06 3.081E-06 2.805E-06 2.577E-06 2.378E-06 2.189E-06 2.028E-06 1.884E-06 1.763E-06 1.647E-06 1.543E-06 1.371E-06 1.229E-06 9.583E-07 7.842E-07 6.404E-07 5.303E-07 3.096E-07 3.906E-07 4.664E-07 3.996E-07 3.690E-07 3.105E-07 2.600E-07 1.984E-07 1.570E-07 1.128E-07 9.652E-08 1.301E-07 1.014E-07 6.000E-08 4.499E-08 4.644E-08 5.219E-08 5.645E-08 5.310E-08 4.619E-08 4.689E-08 4.963E-08 4.181E-08 2.547E-08 2.255E-08 2.334E-08 1.967E-08 2.075E-08 2.261E-08 2.238E-08 2.219E-08 2.219E-08 2.393E-08 1.934E-08 1.801E-08 1.381E-08 1.205E-08 9.816E-09 7.593E-09 5.216E-09 4.012E-09 2.242E-09 1.428E-09
  1.400E+02  3.745E-06 3.540E-06 3.300E-06 2.974E-06 2.721E-06 2.499E-06 2.289E-06 2.116E-06 1.959E-06 1.828E-06 1.704E-06 1.593E-06 1.410E-06 1.260E-06 9.771E-07 7.967E-07 6.491E-07 5.365E-07 3.125E-07 3.926E-07 4.689E-07 4.026E-07 3.721E-07 3.133E-07 2.625E-07 2.003E-07 1.586E-07 1.139E-07 9.754E-08 1.315E-07 1.026E-07 6.072E-08 4.554E-08 4.702E-08 5.286E-08 5.719E-08 5.380E-08 4.681E-08 4.753E-08 5.031E-08 4.239E-08 2.583E-08 2.287E-08 2.368E-08 1.997E-08 2.107E-08 2.297E-08 2.275E-08 2.255E-08 2.256E-08 2.434E-08 1.968E-08 1.832E-08 1.405E-08 1.227E-08 9.994E-09 7.734E-09 5.315E-09 4.089E-09 2.286E-09 1.456E-09
  1.420E+02  4.096E-06 3.830E-06 3.516E-06 3.162E-06 2.882E-06 2.626E-06 2.398E-06 2.214E-06 2.043E-06 1.902E-06 1.769E-06 1.647E-06 1.453E-06 1.294E-06 9.981E-07 8.106E-07 6.587E-07 5.435E-07 3.157E-07 3.947E-07 4.718E-07 4.059E-07 3.754E-07 3.163E-07 2.650E-07 2.024E-07 1.602E-07 1.152E-07 9.857E-08 1.330E-07 1.037E-07 6.144E-08 4.610E-08 4.761E-08 5.353E-08 5.792E-08 5.451E-08 4.743E-08 4.816E-08 5.100E-08 4.297E-08 2.619E-08 2.319E-08 2.402E-08 2.026E-08 2.139E-08 2.333E-08 2.311E-08 2.291E-08 2.294E-08 2.475E-08 2.001E-08 1.863E-08 1.430E-08 1.248E-08 1.017E-08 7.874E-09 5.413E-09 4.166E-09 2.330E-09 1.485E-09
  1.440E+02  4.523E-06 4.153E-06 3.770E-06 3.364E-06 3.051E-06 2.764E-06 2.516E-06 2.316E-06 2.132E-06 1.980E-06 1.837E-06 1.705E-06 1.499E-06 1.331E-06 1.021E-06 8.259E-07 6.693E-07 5.511E-07 3.191E-07 3.970E-07 4.750E-07 4.095E-07 3.789E-07 3.195E-07 2.677E-07 2.044E-07 1.619E-07 1.164E-07 9.960E-08 1.344E-07 1.049E-07 6.215E-08 4.664E-08 4.818E-08 5.419E-08 5.865E-08 5.520E-08 4.804E-08 4.879E-08 5.167E-08 4.354E-08 2.655E-08 2.351E-08 2.436E-08 2.055E-08 2.170E-08 2.368E-08 2.347E-08 2.327E-08 2.330E-08 2.515E-08 2.033E-08 1.894E-08 1.453E-08 1.269E-08 1.034E-08 8.011E-09 5.509E-09 4.241E-09 2.373E-09 1.513E-09
  1.460E+02  4.970E-06 4.503E-06 4.069E-06 3.577E-06 3.227E-06 2.908E-06 2.639E-06 2.421E-06 2.224E-06 2.061E-06 1.907E-06 1.767E-06 1.549E-06 1.372E-06 1.045E-06 8.423E-07 6.806E-07 5.592E-07 3.228E-07 3.994E-07 4.783E-07 4.131E-07 3.826E-07 3.228E-07 2.705E-07 2.065E-07 1.636E-07 1.176E-07 1.006E-07 1.359E-07 1.061E-07 6.286E-08 4.718E-08 4.875E-08 5.484E-08 5.936E-08 5.589E-08 4.864E-08 4.940E-08 5.234E-08 4.411E-08 2.690E-08 2.382E-08 2.469E-08 2.084E-08 2.201E-08 2.403E-08 2.381E-08 2.361E-08 2.366E-08 2.554E-08 2.065E-08 1.923E-08 1.477E-08 1.290E-08 1.051E-08 8.145E-09 5.603E-09 4.314E-09 2.415E-09 1.540E-09
  1.480E+02  5.500E-06 4.832E-06 4.356E-06 3.779E-06 3.395E-06 3.050E-06 2.760E-06 2.529E-06 2.316E-06 2.142E-06 1.979E-06 1.834E-06 1.600E-06 1.414E-06 1.071E-06 8.595E-07 6.926E-07 5.678E-07 3.266E-07 4.018E-07 4.818E-07 4.170E-07 3.863E-07 3.261E-07 2.733E-07 2.087E-07 1.653E-07 1.188E-07 1.016E-07 1.373E-07 1.073E-07 6.356E-08 4.771E-08 4.930E-08 5.548E-08 6.006E-08 5.656E-08 4.922E-08 5.001E-08 5.298E-08 4.466E-08 2.724E-08 2.413E-08 2.501E-08 2.112E-08 2.231E-08 2.436E-08 2.415E-08 2.395E-08 2.401E-08 2.592E-08 2.096E-08 1.952E-08 1.499E-08 1.310E-08 1.068E-08 8.276E-09 5.695E-09 4.386E-09 2.456E-09 1.567E-09
  1.500E+02  6.063E-06 5.175E-06 4.608E-06 3.977E-06 3.558E-06 3.205E-06 2.884E-06 2.637E-06 2.409E-06 2.225E-06 2.051E-06 1.902E-06 1.653E-06 1.457E-06 1.097E-06 8.775E-07 7.051E-07 5.768E-07 3.306E-07 4.043E-07 4.853E-07 4.208E-07 3.902E-07 3.295E-07 2.761E-07 2.108E-07 1.670E-07 1.200E-07 1.026E-07 1.387E-07 1.084E-07 6.424E-08 4.822E-08 4.984E-08 5.609E-08 6.074E-08 5.721E-08 4.979E-08 5.059E-08 5.361E-08 4.519E-08 2.756E-08 2.442E-08 2.532E-08 2.139E-08 2.259E-08 2.469E-08 2.448E-08 2.428E-08 2.434E-08 2.629E-08 2.126E-08 1.981E-08 1.521E-08 1.329E-08 1.084E-08 8.403E-09 5.784E-09 4.455E-09 2.496E-09 1.593E-09
  1.520E+02  6.528E-06 5.540E-06 4.837E-06 4.191E-06 3.731E-06 3.362E-06 3.015E-06 2.740E-06 2.506E-06 2.311E-06 2.124E-06 1.965E-06 1.707E-06 1.499E-06 1.124E-06 8.960E-07 7.180E-07 5.861E-07 3.346E-07 4.068E-07 4.889E-07 4.248E-07 3.940E-07 3.329E-07 2.790E-07 2.129E-07 1.687E-07 1.212E-07 1.036E-07 1.401E-07 1.095E-07 6.490E-08 4.872E-08 5.036E-08 5.669E-08 6.139E-08 5.783E-08 5.034E-08 5.115E-08 5.422E-08 4.571E-08 2.788E-08 2.470E-08 2.561E-08 2.165E-08 2.287E-08 2.500E-08 2.479E-08 2.459E-08 2.466E-08 2.664E-08 2.155E-08 2.008E-08 1.542E-08 1.348E-08 1.099E-08 8.525E-09 5.869E-09 4.521E-09 2.534E-09 1.617E-09
  1.540E+02  6.873E-06 5.877E-06 5.076E-06 4.396E-06 3.901E-06 3.494E-06 3.137E-06 2.845E-06 2.599E-06 2.394E-06 2.197E-06 2.026E-06 1.758E-06 1.540E-06 1.150E-06 9.144E-07 7.309E-07 5.954E-07 3.388E-07 4.092E-07 4.926E-07 4.287E-07 3.978E-07 3.363E-07 2.818E-07 2.149E-07 1.703E-07 1.223E-07 1.045E-07 1.414E-07 1.106E-07 6.553E-08 4.919E-08 5.085E-08 5.726E-08 6.202E-08 5.843E-08 5.087E-08 5.169E-08 5.480E-08 4.620E-08 2.818E-08 2.497E-08 2.590E-08 2.189E-08 2.314E-08 2.529E-08 2.509E-08 2.489E-08 2.497E-08 2.698E-08 2.182E-08 2.033E-08 1.563E-08 1.366E-08 1.114E-08 8.641E-09 5.951E-09 4.585E-09 2.570E-09 1.641E-09
  1.560E+02  7.241E-06 6.120E-06 5.322E-06 4.562E-06 4.054E-06 3.606E-06 3.242E-06 2.951E-06 2.687E-06 2.472E-06 2.269E-06 2.086E-06 1.805E-06 1.581E-06 1.176E-06 9.324E-07 7.438E-07 6.048E-07 3.429E-07 4.116E-07 4.962E-07 4.326E-07 4.016E-07 3.396E-07 2.845E-07 2.169E-07 1.719E-07 1.234E-07 1.054E-07 1.427E-07 1.116E-07 6.613E-08 4.964E-08 5.132E-08 5.780E-08 6.261E-08 5.900E-08 5.136E-08 5.220E-08 5.535E-08 4.667E-08 2.847E-08 2.523E-08 2.617E-08 2.213E-08 2.339E-08 2.558E-08 2.538E-08 2.517E-08 2.526E-08 2.730E-08 2.208E-08 2.058E-08 1.582E-08 1.383E-08 1.128E-08 8.751E-09 6.028E-09 4.645E-09 2.605E-09 1.663E-09
  1.580E+02  7.619E-06 6.359E-06 5.528E-06 4.723E-06 4.206E-06 3.719E-06 3.337E-06 3.050E-06 2.770E-06 2.545E-06 2.334E-06 2.141E-06 1.848E-06 1.617E-06 1.201E-06 9.496E-07 7.564E-07 6.141E-07 3.470E-07 4.140E-07 4.997E-07 4.363E-07 4.053E-07 3.429E-07 2.872E-07 2.189E-07 1.734E-07 1.244E-07 1.062E-07 1.439E-07 1.126E-07 6.670E-08 5.006E-08 5.177E-08 5.831E-08 6.317E-08 5.954E-08 5.183E-08 5.268E-08 5.587E-08 4.711E-08 2.874E-08 2.547E-08 2.642E-08 2.235E-08 2.362E-08 2.584E-08 2.564E-08 2.544E-08 2.554E-08 2.760E-08 2.233E-08 2.081E-08 1.600E-08 1.399E-08 1.141E-08 8.854E-09 6.100E-09 4.701E-09 2.637E-09 1.684E-09
  1.600E+02  7.966E-06 6.642E-06 5.721E-06 4.895E-06 4.347E-06 3.838E-06 3.434E-06 3.130E-06 2.838E-06 2.604E-06 2.386E-06 2.186E-06 1.886E-06 1.648E-06 1.222E-06 9.655E-07 7.683E-07 6.230E-07 3.511E-07 4.162E-07 5.032E-07 4.400E-07 4.089E-07 3.460E-07 2.897E-07 2.207E-07 1.749E-07 1.254E-07 1.070E-07 1.450E-07 1.135E-07 6.723E-08 5.046E-08 5.218E-08 5.878E-08 6.370E-08 6.004E-08 5.227E-08 5.313E-08 5.636E-08 4.752E-08 2.899E-08 2.569E-08 2.666E-08 2.255E-08 2.384E-08 2.608E-08 2.589E-08 2.568E-08 2.579E-08 2.788E-08 2.256E-08 2.102E-08 1.616E-08 1.413E-08 1.153E-08 8.950E-09 6.167E-09 4.754E-09 2.667E-09 1.704E-09
  1.620E+02  8.357E-06 6.948E-06 5.915E-06 5.062E-06 4.453E-06 3.946E-06 3.520E-06 3.181E-06 2.886E-06 2.645E-06 2.420E-06 2.220E-06 1.915E-06 1.671E-06 1.239E-06 9.796E-07 7.793E-07 6.315E-07 3.550E-07 4.183E-07 5.065E-07 4.435E-07 4.123E-07 3.490E-07 2.921E-07 2.225E-07 1.762E-07 1.263E-07 1.077E-07 1.461E-07 1.144E-07 6.772E-08 5.082E-08 5.256E-08 5.922E-08 6.418E-08 6.050E-08 5.267E-08 5.354E-08 5.680E-08 4.790E-08 2.922E-08 2.590E-08 2.688E-08 2.274E-08 2.404E-08 2.631E-08 2.612E-08 2.591E-08 2.602E-08 2.813E-08 2.277E-08 2.122E-08 1.632E-08 1.427E-08 1.164E-08 9.039E-09 6.229E-09 4.802E-09 2.695E-09 1.721E-09
  1.640E+02  8.673E-06 7.191E-06 6.036E-06 5.175E-06 4.521E-06 4.004E-06 3.559E-06 3.197E-06 2.905E-06 2.661E-06 2.430E-06 2.232E-06 1.927E-06 1.682E-06 1.251E-06 9.912E-07 7.890E-07 6.393E-07 3.587E-07 4.203E-07 5.096E-07 4.469E-07 4.156E-07 3.518E-07 2.944E-07 2.241E-07 1.775E-07 1.271E-07 1.084E-07 1.470E-07 1.152E-07 6.817E-08 5.115E-08 5.290E-08 5.961E-08 6.461E-08 6.092E-08 5.304E-08 5.392E-08 5.721E-08 4.825E-08 2.943E-08 2.608E-08 2.707E-08 2.291E-08 2.422E-08 2.651E-08 2.633E-08 2.612E-08 2.624E-08 2.837E-08 2.296E-08 2.140E-08 1.646E-08 1.439E-08 1.175E-08 9.119E-09 6.286E-09 4.846E-09 2.720E-09 1.738E-09
  1.660E+02  8.688E-06 7.227E-06 6.061E-06 5.158E-06 4.503E-06 3.959E-06 3.514E-06 3.171E-06 2.874E-06 2.632E-06 2.408E-06 2.213E-06 1.916E-06 1.679E-06 1.258E-06 9.997E-07 7.975E-07 6.464E-07 3.622E-07 4.220E-07 5.125E-07 4.500E-07 4.186E-07 3.544E-07 2.965E-07 2.256E-07 1.786E-07 1.279E-07 1.090E-07 1.479E-07 1.159E-07 6.858E-08 5.145E-08 5.321E-08 5.997E-08 6.500E-08 6.130E-08 5.337E-08 5.425E-08 5.757E-08 4.855E-08 2.962E-08 2.625E-08 2.725E-08 2.306E-08 2.438E-08 2.670E-08 2.651E-08 2.630E-08 2.643E-08 2.858E-08 2.313E-08 2.156E-08 1.658E-08 1.450E-08 1.184E-08 9.191E-09 6.336E-09 4.885E-09 2.742E-09 1.752E-09
  1.680E+02  8.373E-06 6.922E-06 5.897E-06 4.938E-06 4.338E-06 3.780E-06 3.371E-06 3.073E-06 2.780E-06 2.553E-06 2.351E-06 2.161E-06 1.881E-06 1.662E-06 1.259E-06 1.006E-06 8.047E-07 6.528E-07 3.654E-07 4.236E-07 5.152E-07 4.529E-07 4.215E-07 3.568E-07 2.984E-07 2.269E-07 1.796E-07 1.286E-07 1.095E-07 1.486E-07 1.165E-07 6.893E-08 5.171E-08 5.348E-08 6.028E-08 6.535E-08 6.163E-08 5.365E-08 5.455E-08 5.789E-08 4.882E-08 2.978E-08 2.639E-08 2.740E-08 2.319E-08 2.453E-08 2.686E-08 2.667E-08 2.646E-08 2.659E-08 2.876E-08 2.328E-08 2.170E-08 1.669E-08 1.460E-08 1.192E-08 9.254E-09 6.380E-09 4.919E-09 2.762E-09 1.765E-09
  1.700E+02  7.651E-06 6.292E-06 5.416E-06 4.522E-06 4.029E-06 3.495E-06 3.141E-06 2.901E-06 2.640E-06 2.440E-06 2.263E-06 2.085E-06 1.834E-06 1.636E-06 1.257E-06 1.011E-06 8.114E-07 6.587E-07 3.683E-07 4.250E-07 5.177E-07 4.556E-07 4.240E-07 3.590E-07 3.001E-07 2.281E-07 1.805E-07 1.292E-07 1.099E-07 1.493E-07 1.170E-07 6.923E-08 5.193E-08 5.372E-08 6.055E-08 6.564E-08 6.191E-08 5.390E-08 5.480E-08 5.816E-08 4.906E-08 2.993E-08 2.652E-08 2.753E-08 2.331E-08 2.465E-08 2.699E-08 2.681E-08 2.660E-08 2.673E-08 2.891E-08 2.340E-08 2.182E-08 1.678E-08 1.468E-08 1.198E-08 9.308E-09 6.418E-09 4.949E-09 2.779E-09 1.776E-09
  1.720E+02  6.849E-06 5.625E-06 4.796E-06 4.069E-06 3.673E-06 3.211E-06 2.910E-06 2.720E-06 2.506E-06 2.335E-06 2.179E-06 2.023E-06 1.801E-06 1.619E-06 1.260E-06 1.018E-06 8.187E-07 6.647E-07 3.710E-07 4.262E-07 5.197E-07 4.579E-07 4.262E-07 3.609E-07 3.016E-07 2.290E-07 1.812E-07 1.296E-07 1.103E-07 1.498E-07 1.175E-07 6.949E-08 5.211E-08 5.391E-08 6.077E-08 6.588E-08 6.214E-08 5.410E-08 5.501E-08 5.839E-08 4.925E-08 3.004E-08 2.662E-08 2.764E-08 2.340E-08 2.475E-08 2.711E-08 2.693E-08 2.671E-08 2.685E-08 2.904E-08 2.351E-08 2.191E-08 1.686E-08 1.475E-08 1.204E-08 9.352E-09 6.449E-09 4.973E-09 2.792E-09 1.785E-09
  1.740E+02  6.624E-06 5.345E-06 4.548E-06 3.878E-06 3.488E-06 3.117E-06 2.840E-06 2.656E-06 2.465E-06 2.312E-06 2.164E-06 2.026E-06 1.812E-06 1.633E-06 1.274E-06 1.031E-06 8.278E-07 6.712E-07 3.733E-07 4.271E-07 5.214E-07 4.598E-07 4.281E-07 3.625E-07 3.028E-07 2.298E-07 1.818E-07 1.300E-07 1.106E-07 1.503E-07 1.178E-07 6.968E-08 5.226E-08 5.406E-08 6.094E-08 6.607E-08 6.232E-08 5.426E-08 5.517E-08 5.856E-08 4.940E-08 3.013E-08 2.670E-08 2.773E-08 2.347E-08 2.483E-08 2.720E-08 2.702E-08 2.680E-08 2.694E-08 2.914E-08 2.359E-08 2.199E-08 1.692E-08 1.480E-08 1.208E-08 9.387E-09 6.473E-09 4.992E-09 2.803E-09 1.792E-09
  1.760E+02  7.071E-06 5.775E-06 5.010E-06 4.196E-06 3.737E-06 3.351E-06 3.042E-06 2.808E-06 2.598E-06 2.428E-06 2.262E-06 2.123E-06 1.884E-06 1.689E-06 1.304E-06 1.049E-06 8.385E-07 6.778E-07 3.754E-07 4.278E-07 5.227E-07 4.612E-07 4.295E-07 3.636E-07 3.037E-07 2.304E-07 1.822E-07 1.303E-07 1.108E-07 1.506E-07 1.181E-07 6.983E-08 5.236E-08 5.417E-08 6.106E-08 6.621E-08 6.245E-08 5.438E-08 5.529E-08 5.869E-08 4.950E-08 3.020E-08 2.676E-08 2.779E-08 2.353E-08 2.488E-08 2.726E-08 2.708E-08 2.687E-08 2.701E-08 2.921E-08 2.365E-08 2.205E-08 1.696E-08 1.484E-08 1.212E-08 9.412E-09 6.491E-09 5.005E-09 2.811E-09 1.797E-09
  1.780E+02  8.531E-06 7.044E-06 6.066E-06 4.972E-06 4.382E-06 3.847E-06 3.426E-06 3.102E-06 2.854E-06 2.638E-06 2.425E-06 2.270E-06 1.983E-06 1.762E-06 1.336E-06 1.066E-06 8.480E-07 6.832E-07 3.768E-07 4.282E-07 5.235E-07 4.621E-07 4.304E-07 3.644E-07 3.043E-07 2.308E-07 1.825E-07 1.305E-07 1.109E-07 1.508E-07 1.182E-07 6.991E-08 5.242E-08 5.423E-08 6.114E-08 6.629E-08 6.253E-08 5.444E-08 5.536E-08 5.876E-08 4.957E-08 3.024E-08 2.680E-08 2.783E-08 2.356E-08 2.492E-08 2.730E-08 2.712E-08 2.690E-08 2.705E-08 2.926E-08 2.369E-08 2.208E-08 1.699E-08 1.487E-08 1.214E-08 9.427E-09 6.501E-09 5.014E-09 2.816E-09 1.800E-09
  1.800E+02  9.975E-06 8.044E-06 6.769E-06 5.481E-06 4.792E-06 4.149E-06 3.647E-06 3.268E-06 2.998E-06 2.753E-06 2.510E-06 2.347E-06 2.032E-06 1.797E-06 1.351E-06 1.073E-06 8.520E-07 6.853E-07 3.774E-07 4.283E-07 5.237E-07 4.625E-07 4.307E-07 3.646E-07 3.045E-07 2.309E-07 1.826E-07 1.305E-07 1.110E-07 1.508E-07 1.183E-07 6.994E-08 5.244E-08 5.425E-08 6.116E-08 6.632E-08 6.256E-08 5.447E-08 5.538E-08 5.879E-08 4.959E-08 3.025E-08 2.681E-08 2.784E-08 2.357E-08 2.493E-08 2.731E-08 2.713E-08 2.692E-08 2.706E-08 2.927E-08 2.370E-08 2.209E-08 1.700E-08 1.487E-08 1.214E-08 9.432E-09 6.505E-09 5.016E-09 2.817E-09 1.801E-09
