# sulfate (50%)       
#
# size distribution: lognormal
# ------------------
#
#   minimum radius, [um]:      7.300E-03
#   maximum radius, [um]:      3.020E+01
#                  sigma:      2.030E+00
#       Rmod (wet), [um]:      9.800E-02
#       Rmod (dry), [um]:      6.950E-02
#
# optical parameters:
# -------------------
#
# wavelength ext.coef  sca.coef  abs.coef  si.sc.alb  asym.par  ext.nor    ref.real  ref.imag
#     [um]     [1/km]    [1/km]    [1/km]
#
#  2.500E-01 2.229E-04 2.229E-04 7.970E-11 1.000E+00 0.748E+00 1.348E+00  1.406E+00 -2.512E-08
#  3.000E-01 2.189E-04 2.189E-04 2.609E-11 1.000E+00 0.760E+00 1.324E+00  1.392E+00 -1.386E-08
#  3.500E-01 2.109E-04 2.109E-04 2.514E-11 1.000E+00 0.766E+00 1.275E+00  1.382E+00 -7.748E-09
#  4.000E-01 2.001E-04 2.001E-04 1.193E-11 1.000E+00 0.771E+00 1.210E+00  1.375E+00 -4.763E-09
#  4.500E-01 1.885E-04 1.885E-04 0.000E+00 1.000E+00 0.772E+00 1.140E+00  1.371E+00 -4.223E-09
#  5.000E-01 1.770E-04 1.770E-04 0.000E+00 1.000E+00 0.771E+00 1.070E+00  1.369E+00 -4.210E-09
#  5.500E-01 1.654E-04 1.654E-04 9.857E-12 1.000E+00 0.769E+00 1.000E+00  1.368E+00 -4.828E-09
#  6.000E-01 1.542E-04 1.542E-04 0.000E+00 1.000E+00 0.766E+00 9.327E-01  1.367E+00 -1.226E-08
#  6.500E-01 1.437E-04 1.437E-04 0.000E+00 1.000E+00 0.763E+00 8.690E-01  1.366E+00 -1.651E-08
#  7.000E-01 1.339E-04 1.339E-04 3.191E-11 1.000E+00 0.759E+00 8.095E-01  1.366E+00 -2.886E-08
#  7.500E-01 1.244E-04 1.244E-04 1.557E-10 1.000E+00 0.756E+00 7.523E-01  1.365E+00 -1.259E-07
#  8.000E-01 1.156E-04 1.156E-04 1.033E-10 1.000E+00 0.752E+00 6.989E-01  1.364E+00 -1.112E-07
#  9.000E-01 1.001E-04 1.001E-04 3.281E-10 1.000E+00 0.743E+00 6.053E-01  1.363E+00 -4.036E-07
#  1.000E+00 8.663E-05 8.663E-05 1.678E-09 1.000E+00 0.735E+00 5.239E-01  1.361E+00 -2.405E-06
#  1.250E+00 6.071E-05 6.071E-05 4.314E-09 9.999E-01 0.712E+00 3.671E-01  1.355E+00 -8.072E-06
#  1.500E+00 4.356E-05 4.349E-05 7.220E-08 9.983E-01 0.689E+00 2.634E-01  1.350E+00 -1.715E-04
#  1.750E+00 3.132E-05 3.125E-05 7.327E-08 9.977E-01 0.667E+00 1.894E-01  1.342E+00 -2.127E-04
#  2.000E+00 2.309E-05 2.275E-05 3.342E-07 9.855E-01 0.644E+00 1.396E-01  1.334E+00 -1.157E-03
#  2.500E+00 1.122E-05 1.070E-05 5.255E-07 9.532E-01 0.606E+00 6.786E-02  1.291E+00 -2.460E-03
#  3.000E+00 3.696E-05 7.713E-06 2.924E-05 2.087E-01 0.500E+00 2.235E-01  1.343E+00 -2.090E-01
#  3.200E+00 2.483E-05 9.365E-06 1.546E-05 3.772E-01 0.508E+00 1.501E-01  1.418E+00 -1.076E-01
#  3.390E+00 1.775E-05 7.830E-06 9.916E-06 4.412E-01 0.504E+00 1.073E-01  1.397E+00 -7.117E-02
#  3.500E+00 1.562E-05 7.171E-06 8.446E-06 4.592E-01 0.498E+00 9.444E-02  1.391E+00 -6.240E-02
#  3.750E+00 1.200E-05 5.814E-06 6.184E-06 4.846E-01 0.485E+00 7.255E-02  1.379E+00 -4.898E-02
#  4.000E+00 1.017E-05 4.562E-06 5.610E-06 4.485E-01 0.469E+00 6.151E-02  1.363E+00 -4.790E-02
#  4.500E+00 8.356E-06 3.115E-06 5.241E-06 3.728E-01 0.437E+00 5.053E-02  1.351E+00 -5.142E-02
#  5.000E+00 6.794E-06 2.167E-06 4.627E-06 3.189E-01 0.409E+00 4.108E-02  1.337E+00 -5.114E-02
#  5.500E+00 7.295E-06 1.407E-06 5.888E-06 1.929E-01 0.377E+00 4.411E-02  1.312E+00 -7.273E-02
#  6.000E+00 1.115E-05 1.198E-06 9.955E-06 1.074E-01 0.339E+00 6.744E-02  1.322E+00 -1.384E-01
#  6.200E+00 9.384E-06 1.468E-06 7.916E-06 1.564E-01 0.340E+00 5.674E-02  1.385E+00 -1.155E-01
#  6.500E+00 5.800E-06 1.079E-06 4.722E-06 1.860E-01 0.336E+00 3.508E-02  1.350E+00 -7.087E-02
#  7.200E+00 5.587E-06 5.094E-07 5.078E-06 9.117E-02 0.301E+00 3.379E-02  1.276E+00 -8.343E-02
#  7.900E+00 1.117E-05 3.971E-07 1.078E-05 3.554E-02 0.254E+00 6.757E-02  1.239E+00 -1.959E-01
#  8.200E+00 1.369E-05 4.599E-07 1.323E-05 3.361E-02 0.238E+00 8.276E-02  1.255E+00 -2.526E-01
#  8.500E+00 1.495E-05 5.663E-07 1.438E-05 3.789E-02 0.229E+00 9.040E-02  1.311E+00 -2.929E-01
#  8.700E+00 1.464E-05 6.366E-07 1.400E-05 4.349E-02 0.228E+00 8.852E-02  1.364E+00 -2.997E-01
#  9.000E+00 1.178E-05 5.918E-07 1.119E-05 5.024E-02 0.231E+00 7.123E-02  1.400E+00 -2.514E-01
#  9.200E+00 1.088E-05 4.982E-07 1.038E-05 4.580E-02 0.227E+00 6.579E-02  1.378E+00 -2.357E-01
#  9.500E+00 1.296E-05 5.332E-07 1.243E-05 4.114E-02 0.213E+00 7.838E-02  1.395E+00 -2.961E-01
#  9.800E+00 1.126E-05 5.886E-07 1.067E-05 5.228E-02 0.217E+00 6.808E-02  1.472E+00 -2.734E-01
#  1.000E+01 8.047E-06 4.843E-07 7.563E-06 6.018E-02 0.223E+00 4.866E-02  1.458E+00 -1.950E-01
#  1.060E+01 6.579E-06 2.782E-07 6.301E-06 4.228E-02 0.208E+00 3.978E-02  1.372E+00 -1.646E-01
#  1.100E+01 9.024E-06 2.434E-07 8.781E-06 2.698E-02 0.189E+00 5.457E-02  1.337E+00 -2.353E-01
#  1.150E+01 8.006E-06 2.592E-07 7.747E-06 3.237E-02 0.187E+00 4.841E-02  1.399E+00 -2.247E-01
#  1.250E+01 7.895E-06 1.645E-07 7.731E-06 2.084E-02 0.166E+00 4.774E-02  1.343E+00 -2.372E-01
#  1.300E+01 8.476E-06 1.529E-07 8.323E-06 1.805E-02 0.157E+00 5.125E-02  1.340E+00 -2.658E-01
#  1.400E+01 8.933E-06 1.425E-07 8.791E-06 1.595E-02 0.143E+00 5.402E-02  1.363E+00 -3.076E-01
#  1.480E+01 8.865E-06 1.312E-07 8.733E-06 1.480E-02 0.134E+00 5.361E-02  1.384E+00 -3.279E-01
#  1.500E+01 8.894E-06 1.273E-07 8.766E-06 1.432E-02 0.132E+00 5.378E-02  1.384E+00 -3.339E-01
#  1.640E+01 1.006E-05 1.219E-07 9.935E-06 1.212E-02 0.115E+00 6.081E-02  1.408E+00 -4.224E-01
#  1.720E+01 1.027E-05 1.413E-07 1.013E-05 1.376E-02 0.111E+00 6.209E-02  1.507E+00 -4.864E-01
#  1.800E+01 5.479E-06 1.113E-07 5.367E-06 2.032E-02 0.125E+00 3.313E-02  1.611E+00 -2.887E-01
#  1.850E+01 5.172E-06 1.012E-07 5.071E-06 1.957E-02 0.122E+00 3.128E-02  1.616E+00 -2.816E-01
#  2.000E+01 4.452E-06 7.245E-08 4.379E-06 1.627E-02 0.112E+00 2.692E-02  1.602E+00 -2.612E-01
#  2.130E+01 5.539E-06 6.246E-08 5.477E-06 1.128E-02 0.984E-01 3.350E-02  1.594E+00 -3.481E-01
#  2.250E+01 3.655E-06 5.016E-08 3.604E-06 1.373E-02 0.996E-01 2.210E-02  1.636E+00 -2.493E-01
#  2.500E+01 3.811E-06 3.840E-08 3.773E-06 1.008E-02 0.868E-01 2.305E-02  1.673E+00 -3.004E-01
#  2.790E+01 3.172E-06 2.529E-08 3.147E-06 7.971E-03 0.761E-01 1.918E-02  1.681E+00 -2.823E-01
#  3.000E+01 2.864E-06 1.906E-08 2.845E-06 6.657E-03 0.692E-01 1.732E-02  1.683E+00 -2.752E-01
#  3.500E+01 2.553E-06 1.017E-08 2.543E-06 3.985E-03 0.544E-01 1.544E-02  1.663E+00 -2.839E-01
#  4.000E+01 2.575E-06 6.186E-09 2.569E-06 2.402E-03 0.433E-01 1.557E-02  1.651E+00 -3.261E-01
#
# volume phase function [1/km]:
# -----------------------------
#
# sca.ang. | wavelengths --->
# ---------|------------------
#          | 2.500E-01 3.000E-01 3.500E-01 4.000E-01 4.500E-01 5.000E-01 5.500E-01 6.000E-01 6.500E-01 7.000E-01 7.500E-01 8.000E-01 9.000E-01 1.000E+00 1.250E+00 1.500E+00 1.750E+00 2.000E+00 2.500E+00 3.000E+00 3.200E+00 3.390E+00 3.500E+00 3.750E+00 4.000E+00 4.500E+00 5.000E+00 5.500E+00 6.000E+00 6.200E+00 6.500E+00 7.200E+00 7.900E+00 8.200E+00 8.500E+00 8.700E+00 9.000E+00 9.200E+00 9.500E+00 9.800E+00 1.000E+01 1.060E+01 1.100E+01 1.150E+01 1.250E+01 1.300E+01 1.400E+01 1.480E+01 1.500E+01 1.640E+01 1.720E+01 1.800E+01 1.850E+01 2.000E+01 2.130E+01 2.250E+01 2.500E+01 2.790E+01 3.000E+01 3.500E+01 4.000E+01
#
  0.000E+00  1.238E-03 9.327E-04 7.411E-04 6.073E-04 5.084E-04 4.326E-04 3.710E-04 3.206E-04 2.795E-04 2.451E-04 2.158E-04 1.913E-04 1.515E-04 1.214E-04 7.266E-05 4.567E-05 2.951E-05 1.954E-05 8.100E-06 3.963E-06 4.665E-06 3.866E-06 3.484E-06 2.721E-06 2.048E-06 1.275E-06 8.183E-07 4.867E-07 3.680E-07 4.434E-07 3.258E-07 1.421E-07 9.673E-08 1.066E-07 1.268E-07 1.408E-07 1.311E-07 1.095E-07 1.127E-07 1.239E-07 1.037E-07 5.803E-08 4.838E-08 5.081E-08 3.067E-08 2.776E-08 2.484E-08 2.231E-08 2.151E-08 1.965E-08 2.240E-08 1.813E-08 1.636E-08 1.142E-08 9.526E-09 7.653E-09 5.666E-09 3.634E-09 2.693E-09 1.387E-09 8.205E-10
  1.000E-01  1.238E-03 9.324E-04 7.409E-04 6.072E-04 5.083E-04 4.326E-04 3.709E-04 3.205E-04 2.794E-04 2.451E-04 2.158E-04 1.913E-04 1.515E-04 1.214E-04 7.266E-05 4.567E-05 2.951E-05 1.954E-05 8.100E-06 3.963E-06 4.665E-06 3.866E-06 3.484E-06 2.721E-06 2.048E-06 1.275E-06 8.183E-07 4.867E-07 3.680E-07 4.434E-07 3.258E-07 1.421E-07 9.673E-08 1.066E-07 1.268E-07 1.408E-07 1.311E-07 1.095E-07 1.127E-07 1.239E-07 1.037E-07 5.803E-08 4.838E-08 5.081E-08 3.067E-08 2.776E-08 2.484E-08 2.231E-08 2.151E-08 1.965E-08 2.240E-08 1.813E-08 1.636E-08 1.142E-08 9.526E-09 7.653E-09 5.666E-09 3.634E-09 2.693E-09 1.387E-09 8.205E-10
  2.000E-01  1.235E-03 9.313E-04 7.403E-04 6.069E-04 5.080E-04 4.324E-04 3.708E-04 3.204E-04 2.794E-04 2.450E-04 2.158E-04 1.912E-04 1.515E-04 1.214E-04 7.265E-05 4.566E-05 2.951E-05 1.954E-05 8.100E-06 3.963E-06 4.665E-06 3.866E-06 3.484E-06 2.721E-06 2.048E-06 1.275E-06 8.183E-07 4.867E-07 3.680E-07 4.434E-07 3.258E-07 1.421E-07 9.673E-08 1.066E-07 1.268E-07 1.408E-07 1.311E-07 1.095E-07 1.127E-07 1.239E-07 1.037E-07 5.803E-08 4.837E-08 5.081E-08 3.067E-08 2.776E-08 2.484E-08 2.231E-08 2.151E-08 1.965E-08 2.240E-08 1.813E-08 1.636E-08 1.142E-08 9.526E-09 7.653E-09 5.666E-09 3.634E-09 2.693E-09 1.387E-09 8.205E-10
  3.000E-01  1.232E-03 9.295E-04 7.393E-04 6.062E-04 5.076E-04 4.321E-04 3.706E-04 3.203E-04 2.793E-04 2.449E-04 2.157E-04 1.912E-04 1.515E-04 1.214E-04 7.264E-05 4.566E-05 2.951E-05 1.954E-05 8.099E-06 3.962E-06 4.665E-06 3.866E-06 3.484E-06 2.721E-06 2.048E-06 1.275E-06 8.182E-07 4.867E-07 3.680E-07 4.434E-07 3.258E-07 1.421E-07 9.673E-08 1.066E-07 1.268E-07 1.408E-07 1.311E-07 1.095E-07 1.127E-07 1.239E-07 1.037E-07 5.803E-08 4.837E-08 5.081E-08 3.066E-08 2.776E-08 2.484E-08 2.231E-08 2.151E-08 1.965E-08 2.240E-08 1.813E-08 1.636E-08 1.142E-08 9.526E-09 7.653E-09 5.666E-09 3.634E-09 2.693E-09 1.387E-09 8.205E-10
  4.000E-01  1.227E-03 9.270E-04 7.379E-04 6.054E-04 5.071E-04 4.318E-04 3.703E-04 3.201E-04 2.791E-04 2.448E-04 2.156E-04 1.911E-04 1.514E-04 1.213E-04 7.263E-05 4.565E-05 2.950E-05 1.954E-05 8.098E-06 3.962E-06 4.664E-06 3.865E-06 3.484E-06 2.721E-06 2.048E-06 1.274E-06 8.182E-07 4.866E-07 3.680E-07 4.434E-07 3.258E-07 1.421E-07 9.673E-08 1.066E-07 1.268E-07 1.408E-07 1.311E-07 1.095E-07 1.127E-07 1.239E-07 1.037E-07 5.803E-08 4.837E-08 5.081E-08 3.066E-08 2.776E-08 2.484E-08 2.231E-08 2.151E-08 1.965E-08 2.240E-08 1.813E-08 1.636E-08 1.142E-08 9.526E-09 7.653E-09 5.666E-09 3.634E-09 2.693E-09 1.387E-09 8.205E-10
  5.000E-01  1.221E-03 9.238E-04 7.361E-04 6.043E-04 5.064E-04 4.313E-04 3.700E-04 3.198E-04 2.789E-04 2.447E-04 2.155E-04 1.910E-04 1.513E-04 1.213E-04 7.261E-05 4.564E-05 2.950E-05 1.953E-05 8.097E-06 3.962E-06 4.664E-06 3.865E-06 3.484E-06 2.721E-06 2.048E-06 1.274E-06 8.182E-07 4.866E-07 3.679E-07 4.433E-07 3.258E-07 1.420E-07 9.672E-08 1.066E-07 1.268E-07 1.407E-07 1.311E-07 1.095E-07 1.127E-07 1.239E-07 1.037E-07 5.803E-08 4.837E-08 5.081E-08 3.066E-08 2.776E-08 2.484E-08 2.231E-08 2.151E-08 1.965E-08 2.240E-08 1.813E-08 1.636E-08 1.142E-08 9.526E-09 7.653E-09 5.666E-09 3.634E-09 2.693E-09 1.387E-09 8.205E-10
  6.000E-01  1.214E-03 9.201E-04 7.340E-04 6.030E-04 5.055E-04 4.307E-04 3.696E-04 3.195E-04 2.787E-04 2.445E-04 2.154E-04 1.909E-04 1.513E-04 1.212E-04 7.258E-05 4.563E-05 2.949E-05 1.953E-05 8.095E-06 3.961E-06 4.663E-06 3.865E-06 3.483E-06 2.720E-06 2.048E-06 1.274E-06 8.181E-07 4.866E-07 3.679E-07 4.433E-07 3.257E-07 1.420E-07 9.672E-08 1.065E-07 1.268E-07 1.407E-07 1.311E-07 1.095E-07 1.127E-07 1.239E-07 1.037E-07 5.802E-08 4.837E-08 5.081E-08 3.066E-08 2.776E-08 2.484E-08 2.231E-08 2.151E-08 1.965E-08 2.240E-08 1.813E-08 1.636E-08 1.142E-08 9.526E-09 7.652E-09 5.666E-09 3.634E-09 2.693E-09 1.387E-09 8.205E-10
  7.000E-01  1.205E-03 9.158E-04 7.315E-04 6.014E-04 5.045E-04 4.300E-04 3.691E-04 3.192E-04 2.784E-04 2.443E-04 2.152E-04 1.908E-04 1.512E-04 1.212E-04 7.255E-05 4.561E-05 2.948E-05 1.953E-05 8.094E-06 3.961E-06 4.663E-06 3.864E-06 3.483E-06 2.720E-06 2.047E-06 1.274E-06 8.180E-07 4.865E-07 3.679E-07 4.433E-07 3.257E-07 1.420E-07 9.671E-08 1.065E-07 1.268E-07 1.407E-07 1.311E-07 1.095E-07 1.127E-07 1.239E-07 1.037E-07 5.802E-08 4.837E-08 5.080E-08 3.066E-08 2.776E-08 2.484E-08 2.231E-08 2.151E-08 1.965E-08 2.239E-08 1.813E-08 1.636E-08 1.142E-08 9.525E-09 7.652E-09 5.665E-09 3.633E-09 2.693E-09 1.387E-09 8.205E-10
  8.000E-01  1.196E-03 9.109E-04 7.288E-04 5.997E-04 5.033E-04 4.292E-04 3.685E-04 3.187E-04 2.781E-04 2.440E-04 2.150E-04 1.906E-04 1.511E-04 1.211E-04 7.252E-05 4.560E-05 2.947E-05 1.952E-05 8.092E-06 3.960E-06 4.662E-06 3.864E-06 3.482E-06 2.720E-06 2.047E-06 1.274E-06 8.179E-07 4.865E-07 3.679E-07 4.432E-07 3.257E-07 1.420E-07 9.671E-08 1.065E-07 1.268E-07 1.407E-07 1.311E-07 1.095E-07 1.127E-07 1.239E-07 1.037E-07 5.802E-08 4.837E-08 5.080E-08 3.066E-08 2.776E-08 2.484E-08 2.231E-08 2.151E-08 1.965E-08 2.239E-08 1.813E-08 1.636E-08 1.142E-08 9.525E-09 7.652E-09 5.665E-09 3.633E-09 2.693E-09 1.387E-09 8.205E-10
  9.000E-01  1.186E-03 9.055E-04 7.257E-04 5.978E-04 5.020E-04 4.283E-04 3.679E-04 3.183E-04 2.777E-04 2.437E-04 2.148E-04 1.904E-04 1.510E-04 1.210E-04 7.248E-05 4.558E-05 2.946E-05 1.951E-05 8.089E-06 3.959E-06 4.661E-06 3.863E-06 3.482E-06 2.719E-06 2.047E-06 1.274E-06 8.178E-07 4.864E-07 3.678E-07 4.432E-07 3.257E-07 1.420E-07 9.670E-08 1.065E-07 1.268E-07 1.407E-07 1.311E-07 1.095E-07 1.127E-07 1.239E-07 1.037E-07 5.802E-08 4.836E-08 5.080E-08 3.066E-08 2.776E-08 2.484E-08 2.231E-08 2.151E-08 1.965E-08 2.239E-08 1.813E-08 1.636E-08 1.142E-08 9.525E-09 7.652E-09 5.665E-09 3.633E-09 2.693E-09 1.387E-09 8.204E-10
  1.000E+00  1.175E-03 8.997E-04 7.223E-04 5.957E-04 5.006E-04 4.273E-04 3.672E-04 3.178E-04 2.773E-04 2.434E-04 2.145E-04 1.902E-04 1.508E-04 1.209E-04 7.244E-05 4.556E-05 2.945E-05 1.951E-05 8.087E-06 3.958E-06 4.660E-06 3.862E-06 3.481E-06 2.719E-06 2.047E-06 1.274E-06 8.177E-07 4.864E-07 3.678E-07 4.432E-07 3.256E-07 1.420E-07 9.669E-08 1.065E-07 1.268E-07 1.407E-07 1.311E-07 1.095E-07 1.126E-07 1.239E-07 1.037E-07 5.801E-08 4.836E-08 5.080E-08 3.066E-08 2.775E-08 2.484E-08 2.231E-08 2.151E-08 1.965E-08 2.239E-08 1.813E-08 1.636E-08 1.142E-08 9.524E-09 7.651E-09 5.665E-09 3.633E-09 2.693E-09 1.387E-09 8.204E-10
  1.100E+00  1.164E-03 8.935E-04 7.187E-04 5.934E-04 4.991E-04 4.262E-04 3.664E-04 3.172E-04 2.769E-04 2.431E-04 2.143E-04 1.900E-04 1.507E-04 1.208E-04 7.240E-05 4.553E-05 2.944E-05 1.950E-05 8.084E-06 3.957E-06 4.660E-06 3.861E-06 3.480E-06 2.718E-06 2.046E-06 1.273E-06 8.176E-07 4.863E-07 3.677E-07 4.431E-07 3.256E-07 1.420E-07 9.668E-08 1.065E-07 1.267E-07 1.407E-07 1.310E-07 1.095E-07 1.126E-07 1.239E-07 1.037E-07 5.801E-08 4.836E-08 5.079E-08 3.066E-08 2.775E-08 2.483E-08 2.231E-08 2.151E-08 1.965E-08 2.239E-08 1.813E-08 1.636E-08 1.142E-08 9.524E-09 7.651E-09 5.665E-09 3.633E-09 2.693E-09 1.387E-09 8.204E-10
  1.200E+00  1.151E-03 8.869E-04 7.149E-04 5.909E-04 4.974E-04 4.251E-04 3.655E-04 3.166E-04 2.764E-04 2.427E-04 2.140E-04 1.898E-04 1.505E-04 1.207E-04 7.235E-05 4.551E-05 2.942E-05 1.949E-05 8.081E-06 3.956E-06 4.658E-06 3.861E-06 3.480E-06 2.718E-06 2.046E-06 1.273E-06 8.175E-07 4.862E-07 3.677E-07 4.431E-07 3.256E-07 1.420E-07 9.667E-08 1.065E-07 1.267E-07 1.407E-07 1.310E-07 1.095E-07 1.126E-07 1.239E-07 1.037E-07 5.801E-08 4.835E-08 5.079E-08 3.065E-08 2.775E-08 2.483E-08 2.231E-08 2.151E-08 1.965E-08 2.239E-08 1.813E-08 1.636E-08 1.142E-08 9.524E-09 7.651E-09 5.664E-09 3.633E-09 2.692E-09 1.386E-09 8.203E-10
  1.300E+00  1.139E-03 8.799E-04 7.108E-04 5.883E-04 4.957E-04 4.238E-04 3.646E-04 3.159E-04 2.759E-04 2.423E-04 2.137E-04 1.895E-04 1.504E-04 1.206E-04 7.230E-05 4.548E-05 2.941E-05 1.948E-05 8.077E-06 3.955E-06 4.657E-06 3.860E-06 3.479E-06 2.717E-06 2.045E-06 1.273E-06 8.173E-07 4.861E-07 3.676E-07 4.430E-07 3.255E-07 1.419E-07 9.666E-08 1.065E-07 1.267E-07 1.407E-07 1.310E-07 1.095E-07 1.126E-07 1.239E-07 1.036E-07 5.800E-08 4.835E-08 5.079E-08 3.065E-08 2.775E-08 2.483E-08 2.231E-08 2.150E-08 1.965E-08 2.239E-08 1.813E-08 1.635E-08 1.142E-08 9.523E-09 7.650E-09 5.664E-09 3.633E-09 2.692E-09 1.386E-09 8.203E-10
  1.400E+00  1.126E-03 8.727E-04 7.065E-04 5.855E-04 4.938E-04 4.225E-04 3.637E-04 3.152E-04 2.754E-04 2.419E-04 2.134E-04 1.893E-04 1.502E-04 1.205E-04 7.224E-05 4.545E-05 2.939E-05 1.947E-05 8.074E-06 3.954E-06 4.656E-06 3.859E-06 3.478E-06 2.716E-06 2.045E-06 1.273E-06 8.171E-07 4.861E-07 3.676E-07 4.429E-07 3.255E-07 1.419E-07 9.665E-08 1.065E-07 1.267E-07 1.407E-07 1.310E-07 1.095E-07 1.126E-07 1.238E-07 1.036E-07 5.800E-08 4.835E-08 5.078E-08 3.065E-08 2.775E-08 2.483E-08 2.230E-08 2.150E-08 1.964E-08 2.239E-08 1.812E-08 1.635E-08 1.142E-08 9.523E-09 7.650E-09 5.664E-09 3.632E-09 2.692E-09 1.386E-09 8.203E-10
  1.500E+00  1.112E-03 8.651E-04 7.020E-04 5.826E-04 4.918E-04 4.211E-04 3.627E-04 3.144E-04 2.748E-04 2.415E-04 2.130E-04 1.890E-04 1.500E-04 1.203E-04 7.218E-05 4.542E-05 2.937E-05 1.946E-05 8.070E-06 3.953E-06 4.655E-06 3.858E-06 3.477E-06 2.716E-06 2.044E-06 1.272E-06 8.170E-07 4.860E-07 3.675E-07 4.429E-07 3.254E-07 1.419E-07 9.664E-08 1.065E-07 1.267E-07 1.406E-07 1.310E-07 1.095E-07 1.126E-07 1.238E-07 1.036E-07 5.799E-08 4.834E-08 5.078E-08 3.065E-08 2.775E-08 2.483E-08 2.230E-08 2.150E-08 1.964E-08 2.239E-08 1.812E-08 1.635E-08 1.142E-08 9.522E-09 7.650E-09 5.664E-09 3.632E-09 2.692E-09 1.386E-09 8.202E-10
  1.600E+00  1.099E-03 8.574E-04 6.973E-04 5.796E-04 4.897E-04 4.197E-04 3.616E-04 3.136E-04 2.742E-04 2.410E-04 2.126E-04 1.887E-04 1.498E-04 1.202E-04 7.211E-05 4.538E-05 2.935E-05 1.945E-05 8.066E-06 3.951E-06 4.653E-06 3.856E-06 3.476E-06 2.715E-06 2.044E-06 1.272E-06 8.168E-07 4.859E-07 3.675E-07 4.428E-07 3.254E-07 1.419E-07 9.663E-08 1.065E-07 1.267E-07 1.406E-07 1.310E-07 1.094E-07 1.126E-07 1.238E-07 1.036E-07 5.798E-08 4.834E-08 5.077E-08 3.064E-08 2.774E-08 2.483E-08 2.230E-08 2.150E-08 1.964E-08 2.238E-08 1.812E-08 1.635E-08 1.142E-08 9.522E-09 7.649E-09 5.663E-09 3.632E-09 2.692E-09 1.386E-09 8.202E-10
  1.700E+00  1.085E-03 8.494E-04 6.925E-04 5.764E-04 4.876E-04 4.181E-04 3.605E-04 3.128E-04 2.735E-04 2.405E-04 2.122E-04 1.884E-04 1.496E-04 1.200E-04 7.204E-05 4.535E-05 2.933E-05 1.944E-05 8.061E-06 3.950E-06 4.652E-06 3.855E-06 3.475E-06 2.714E-06 2.043E-06 1.272E-06 8.166E-07 4.858E-07 3.674E-07 4.427E-07 3.253E-07 1.419E-07 9.662E-08 1.064E-07 1.267E-07 1.406E-07 1.310E-07 1.094E-07 1.126E-07 1.238E-07 1.036E-07 5.798E-08 4.833E-08 5.077E-08 3.064E-08 2.774E-08 2.482E-08 2.230E-08 2.150E-08 1.964E-08 2.238E-08 1.812E-08 1.635E-08 1.142E-08 9.521E-09 7.649E-09 5.663E-09 3.632E-09 2.692E-09 1.386E-09 8.202E-10
  1.800E+00  1.071E-03 8.412E-04 6.875E-04 5.732E-04 4.853E-04 4.166E-04 3.593E-04 3.119E-04 2.729E-04 2.399E-04 2.118E-04 1.880E-04 1.493E-04 1.199E-04 7.197E-05 4.531E-05 2.931E-05 1.942E-05 8.057E-06 3.948E-06 4.650E-06 3.854E-06 3.474E-06 2.713E-06 2.043E-06 1.271E-06 8.164E-07 4.857E-07 3.673E-07 4.426E-07 3.252E-07 1.418E-07 9.660E-08 1.064E-07 1.267E-07 1.406E-07 1.310E-07 1.094E-07 1.126E-07 1.238E-07 1.036E-07 5.797E-08 4.833E-08 5.076E-08 3.064E-08 2.774E-08 2.482E-08 2.230E-08 2.150E-08 1.964E-08 2.238E-08 1.812E-08 1.635E-08 1.142E-08 9.520E-09 7.648E-09 5.663E-09 3.632E-09 2.692E-09 1.386E-09 8.201E-10
  1.900E+00  1.056E-03 8.329E-04 6.824E-04 5.698E-04 4.830E-04 4.149E-04 3.581E-04 3.110E-04 2.722E-04 2.394E-04 2.114E-04 1.877E-04 1.491E-04 1.197E-04 7.189E-05 4.527E-05 2.929E-05 1.941E-05 8.052E-06 3.947E-06 4.648E-06 3.852E-06 3.472E-06 2.712E-06 2.042E-06 1.271E-06 8.162E-07 4.855E-07 3.673E-07 4.426E-07 3.252E-07 1.418E-07 9.659E-08 1.064E-07 1.266E-07 1.406E-07 1.309E-07 1.094E-07 1.126E-07 1.238E-07 1.036E-07 5.797E-08 4.832E-08 5.076E-08 3.064E-08 2.774E-08 2.482E-08 2.230E-08 2.149E-08 1.964E-08 2.238E-08 1.812E-08 1.635E-08 1.141E-08 9.520E-09 7.648E-09 5.662E-09 3.631E-09 2.691E-09 1.386E-09 8.201E-10
  2.000E+00  1.042E-03 8.245E-04 6.772E-04 5.663E-04 4.806E-04 4.132E-04 3.568E-04 3.100E-04 2.714E-04 2.388E-04 2.109E-04 1.873E-04 1.488E-04 1.195E-04 7.181E-05 4.522E-05 2.926E-05 1.940E-05 8.046E-06 3.945E-06 4.647E-06 3.851E-06 3.471E-06 2.711E-06 2.041E-06 1.271E-06 8.160E-07 4.854E-07 3.672E-07 4.425E-07 3.251E-07 1.418E-07 9.657E-08 1.064E-07 1.266E-07 1.406E-07 1.309E-07 1.094E-07 1.125E-07 1.238E-07 1.036E-07 5.796E-08 4.832E-08 5.075E-08 3.063E-08 2.773E-08 2.482E-08 2.229E-08 2.149E-08 1.964E-08 2.238E-08 1.812E-08 1.635E-08 1.141E-08 9.519E-09 7.647E-09 5.662E-09 3.631E-09 2.691E-09 1.386E-09 8.200E-10
  3.000E+00  8.979E-04 7.365E-04 6.210E-04 5.283E-04 4.537E-04 3.935E-04 3.422E-04 2.989E-04 2.627E-04 2.319E-04 2.054E-04 1.828E-04 1.457E-04 1.174E-04 7.078E-05 4.469E-05 2.896E-05 1.922E-05 7.980E-06 3.923E-06 4.624E-06 3.832E-06 3.455E-06 2.699E-06 2.032E-06 1.266E-06 8.130E-07 4.838E-07 3.662E-07 4.413E-07 3.243E-07 1.414E-07 9.637E-08 1.062E-07 1.264E-07 1.403E-07 1.307E-07 1.092E-07 1.124E-07 1.236E-07 1.034E-07 5.787E-08 4.825E-08 5.068E-08 3.059E-08 2.770E-08 2.479E-08 2.227E-08 2.147E-08 1.961E-08 2.235E-08 1.810E-08 1.633E-08 1.140E-08 9.509E-09 7.640E-09 5.656E-09 3.628E-09 2.689E-09 1.385E-09 8.193E-10
  4.000E+00  7.661E-04 6.509E-04 5.630E-04 4.874E-04 4.238E-04 3.710E-04 3.250E-04 2.856E-04 2.522E-04 2.235E-04 1.986E-04 1.771E-04 1.418E-04 1.145E-04 6.943E-05 4.397E-05 2.855E-05 1.897E-05 7.890E-06 3.893E-06 4.592E-06 3.807E-06 3.432E-06 2.682E-06 2.020E-06 1.259E-06 8.090E-07 4.817E-07 3.647E-07 4.397E-07 3.231E-07 1.409E-07 9.609E-08 1.059E-07 1.261E-07 1.400E-07 1.304E-07 1.089E-07 1.121E-07 1.233E-07 1.032E-07 5.774E-08 4.815E-08 5.058E-08 3.053E-08 2.765E-08 2.475E-08 2.223E-08 2.143E-08 1.958E-08 2.232E-08 1.807E-08 1.631E-08 1.139E-08 9.496E-09 7.629E-09 5.649E-09 3.623E-09 2.685E-09 1.383E-09 8.184E-10
  5.000E+00  6.525E-04 5.737E-04 5.076E-04 4.469E-04 3.934E-04 3.473E-04 3.066E-04 2.711E-04 2.405E-04 2.140E-04 1.908E-04 1.706E-04 1.372E-04 1.112E-04 6.780E-05 4.308E-05 2.805E-05 1.867E-05 7.778E-06 3.855E-06 4.552E-06 3.774E-06 3.403E-06 2.661E-06 2.005E-06 1.250E-06 8.039E-07 4.789E-07 3.629E-07 4.377E-07 3.215E-07 1.403E-07 9.574E-08 1.056E-07 1.257E-07 1.395E-07 1.300E-07 1.086E-07 1.118E-07 1.230E-07 1.029E-07 5.758E-08 4.802E-08 5.045E-08 3.046E-08 2.758E-08 2.469E-08 2.218E-08 2.139E-08 1.955E-08 2.228E-08 1.804E-08 1.628E-08 1.136E-08 9.480E-09 7.616E-09 5.640E-09 3.617E-09 2.681E-09 1.381E-09 8.171E-10
  6.000E+00  5.574E-04 5.061E-04 4.566E-04 4.085E-04 3.637E-04 3.237E-04 2.878E-04 2.561E-04 2.283E-04 2.039E-04 1.824E-04 1.635E-04 1.321E-04 1.075E-04 6.594E-05 4.207E-05 2.746E-05 1.832E-05 7.646E-06 3.811E-06 4.505E-06 3.736E-06 3.369E-06 2.635E-06 1.986E-06 1.240E-06 7.978E-07 4.755E-07 3.608E-07 4.352E-07 3.197E-07 1.396E-07 9.531E-08 1.051E-07 1.252E-07 1.390E-07 1.295E-07 1.082E-07 1.114E-07 1.225E-07 1.025E-07 5.738E-08 4.786E-08 5.029E-08 3.037E-08 2.750E-08 2.462E-08 2.213E-08 2.133E-08 1.950E-08 2.223E-08 1.799E-08 1.624E-08 1.134E-08 9.459E-09 7.600E-09 5.628E-09 3.610E-09 2.676E-09 1.378E-09 8.156E-10
  8.000E+00  4.145E-04 3.969E-04 3.702E-04 3.401E-04 3.091E-04 2.791E-04 2.514E-04 2.263E-04 2.035E-04 1.831E-04 1.649E-04 1.485E-04 1.211E-04 9.929E-05 6.172E-05 3.972E-05 2.609E-05 1.748E-05 7.332E-06 3.703E-06 4.389E-06 3.641E-06 3.286E-06 2.572E-06 1.941E-06 1.214E-06 7.826E-07 4.673E-07 3.554E-07 4.290E-07 3.151E-07 1.377E-07 9.423E-08 1.040E-07 1.240E-07 1.377E-07 1.283E-07 1.072E-07 1.104E-07 1.215E-07 1.016E-07 5.688E-08 4.747E-08 4.989E-08 3.014E-08 2.730E-08 2.446E-08 2.198E-08 2.120E-08 1.938E-08 2.210E-08 1.789E-08 1.614E-08 1.128E-08 9.408E-09 7.558E-09 5.599E-09 3.592E-09 2.663E-09 1.372E-09 8.118E-10
  1.000E+01  3.176E-04 3.152E-04 3.024E-04 2.833E-04 2.618E-04 2.395E-04 2.181E-04 1.981E-04 1.796E-04 1.627E-04 1.474E-04 1.334E-04 1.098E-04 9.067E-05 5.711E-05 3.710E-05 2.453E-05 1.653E-05 6.966E-06 3.574E-06 4.250E-06 3.527E-06 3.185E-06 2.496E-06 1.885E-06 1.183E-06 7.640E-07 4.571E-07 3.487E-07 4.214E-07 3.094E-07 1.353E-07 9.289E-08 1.026E-07 1.224E-07 1.360E-07 1.268E-07 1.059E-07 1.092E-07 1.202E-07 1.005E-07 5.626E-08 4.697E-08 4.939E-08 2.986E-08 2.705E-08 2.425E-08 2.180E-08 2.102E-08 1.923E-08 2.193E-08 1.775E-08 1.602E-08 1.119E-08 9.342E-09 7.506E-09 5.561E-09 3.569E-09 2.646E-09 1.363E-09 8.070E-10
  1.200E+01  2.499E-04 2.540E-04 2.491E-04 2.369E-04 2.217E-04 2.051E-04 1.884E-04 1.725E-04 1.574E-04 1.435E-04 1.307E-04 1.189E-04 9.870E-05 8.205E-05 5.236E-05 3.434E-05 2.286E-05 1.549E-05 6.567E-06 3.430E-06 4.093E-06 3.398E-06 3.070E-06 2.410E-06 1.822E-06 1.147E-06 7.426E-07 4.453E-07 3.409E-07 4.125E-07 3.028E-07 1.326E-07 9.129E-08 1.010E-07 1.206E-07 1.341E-07 1.249E-07 1.044E-07 1.077E-07 1.186E-07 9.915E-08 5.551E-08 4.638E-08 4.879E-08 2.951E-08 2.675E-08 2.399E-08 2.158E-08 2.081E-08 1.905E-08 2.173E-08 1.759E-08 1.588E-08 1.109E-08 9.262E-09 7.442E-09 5.516E-09 3.541E-09 2.625E-09 1.353E-09 8.011E-10
  1.400E+01  2.008E-04 2.077E-04 2.068E-04 1.990E-04 1.880E-04 1.755E-04 1.624E-04 1.497E-04 1.374E-04 1.259E-04 1.152E-04 1.053E-04 8.810E-05 7.372E-05 4.764E-05 3.155E-05 2.115E-05 1.442E-05 6.149E-06 3.276E-06 3.922E-06 3.258E-06 2.945E-06 2.315E-06 1.753E-06 1.107E-06 7.188E-07 4.322E-07 3.322E-07 4.024E-07 2.953E-07 1.295E-07 8.949E-08 9.912E-08 1.185E-07 1.318E-07 1.228E-07 1.027E-07 1.060E-07 1.168E-07 9.759E-08 5.464E-08 4.570E-08 4.809E-08 2.911E-08 2.640E-08 2.369E-08 2.132E-08 2.056E-08 1.884E-08 2.150E-08 1.740E-08 1.571E-08 1.098E-08 9.169E-09 7.368E-09 5.464E-09 3.508E-09 2.601E-09 1.341E-09 7.942E-10
  1.600E+01  1.640E-04 1.720E-04 1.728E-04 1.678E-04 1.597E-04 1.501E-04 1.398E-04 1.295E-04 1.196E-04 1.101E-04 1.012E-04 9.285E-05 7.823E-05 6.586E-05 4.308E-05 2.881E-05 1.945E-05 1.334E-05 5.727E-06 3.115E-06 3.742E-06 3.110E-06 2.813E-06 2.215E-06 1.680E-06 1.064E-06 6.932E-07 4.180E-07 3.227E-07 3.913E-07 2.870E-07 1.261E-07 8.748E-08 9.705E-08 1.161E-07 1.293E-07 1.205E-07 1.007E-07 1.041E-07 1.147E-07 9.585E-08 5.368E-08 4.493E-08 4.731E-08 2.866E-08 2.601E-08 2.336E-08 2.103E-08 2.029E-08 1.860E-08 2.124E-08 1.719E-08 1.552E-08 1.085E-08 9.064E-09 7.284E-09 5.404E-09 3.470E-09 2.574E-09 1.328E-09 7.864E-10
  1.800E+01  1.356E-04 1.440E-04 1.453E-04 1.420E-04 1.360E-04 1.284E-04 1.203E-04 1.120E-04 1.038E-04 9.604E-05 8.857E-05 8.156E-05 6.918E-05 5.858E-05 3.878E-05 2.617E-05 1.780E-05 1.228E-05 5.309E-06 2.951E-06 3.556E-06 2.957E-06 2.677E-06 2.111E-06 1.604E-06 1.020E-06 6.663E-07 4.030E-07 3.125E-07 3.795E-07 2.783E-07 1.225E-07 8.532E-08 9.479E-08 1.136E-07 1.265E-07 1.180E-07 9.860E-08 1.020E-07 1.125E-07 9.394E-08 5.262E-08 4.409E-08 4.645E-08 2.817E-08 2.557E-08 2.299E-08 2.071E-08 1.998E-08 1.833E-08 2.094E-08 1.695E-08 1.530E-08 1.070E-08 8.946E-09 7.191E-09 5.337E-09 3.429E-09 2.544E-09 1.312E-09 7.776E-10
  2.000E+01  1.137E-04 1.214E-04 1.229E-04 1.206E-04 1.160E-04 1.099E-04 1.034E-04 9.671E-05 9.003E-05 8.358E-05 7.735E-05 7.145E-05 6.098E-05 5.193E-05 3.477E-05 2.368E-05 1.623E-05 1.126E-05 4.903E-06 2.786E-06 3.368E-06 2.801E-06 2.538E-06 2.005E-06 1.526E-06 9.742E-07 6.385E-07 3.875E-07 3.018E-07 3.670E-07 2.690E-07 1.187E-07 8.301E-08 9.239E-08 1.108E-07 1.235E-07 1.152E-07 9.632E-08 9.974E-08 1.101E-07 9.188E-08 5.147E-08 4.317E-08 4.552E-08 2.763E-08 2.510E-08 2.259E-08 2.036E-08 1.964E-08 1.804E-08 2.062E-08 1.668E-08 1.507E-08 1.054E-08 8.817E-09 7.088E-09 5.263E-09 3.383E-09 2.510E-09 1.296E-09 7.680E-10
  2.200E+01  9.667E-05 1.031E-04 1.045E-04 1.027E-04 9.902E-05 9.423E-05 8.894E-05 8.346E-05 7.797E-05 7.264E-05 6.744E-05 6.248E-05 5.364E-05 4.591E-05 3.107E-05 2.136E-05 1.474E-05 1.030E-05 4.514E-06 2.623E-06 3.181E-06 2.646E-06 2.400E-06 1.898E-06 1.447E-06 9.279E-07 6.102E-07 3.715E-07 2.908E-07 3.541E-07 2.595E-07 1.147E-07 8.060E-08 8.985E-08 1.079E-07 1.204E-07 1.123E-07 9.390E-08 9.735E-08 1.075E-07 8.969E-08 5.026E-08 4.220E-08 4.453E-08 2.705E-08 2.459E-08 2.216E-08 1.998E-08 1.928E-08 1.773E-08 2.028E-08 1.640E-08 1.482E-08 1.037E-08 8.678E-09 6.976E-09 5.184E-09 3.333E-09 2.474E-09 1.278E-09 7.575E-10
  2.400E+01  8.298E-05 8.801E-05 8.912E-05 8.768E-05 8.468E-05 8.086E-05 7.653E-05 7.202E-05 6.750E-05 6.308E-05 5.873E-05 5.458E-05 4.711E-05 4.052E-05 2.771E-05 1.922E-05 1.336E-05 9.386E-06 4.146E-06 2.463E-06 2.996E-06 2.493E-06 2.262E-06 1.793E-06 1.369E-06 8.816E-07 5.817E-07 3.554E-07 2.796E-07 3.409E-07 2.497E-07 1.106E-07 7.809E-08 8.721E-08 1.049E-07 1.171E-07 1.093E-07 9.137E-08 9.484E-08 1.048E-07 8.739E-08 4.898E-08 4.118E-08 4.348E-08 2.645E-08 2.406E-08 2.170E-08 1.958E-08 1.890E-08 1.740E-08 1.991E-08 1.610E-08 1.455E-08 1.019E-08 8.529E-09 6.857E-09 5.099E-09 3.280E-09 2.435E-09 1.258E-09 7.463E-10
  2.600E+01  7.156E-05 7.553E-05 7.626E-05 7.509E-05 7.257E-05 6.948E-05 6.591E-05 6.217E-05 5.843E-05 5.477E-05 5.112E-05 4.763E-05 4.133E-05 3.571E-05 2.467E-05 1.726E-05 1.208E-05 8.540E-06 3.800E-06 2.309E-06 2.816E-06 2.344E-06 2.128E-06 1.689E-06 1.293E-06 8.357E-07 5.533E-07 3.393E-07 2.682E-07 3.274E-07 2.398E-07 1.065E-07 7.552E-08 8.449E-08 1.018E-07 1.137E-07 1.061E-07 8.874E-08 9.223E-08 1.019E-07 8.500E-08 4.765E-08 4.011E-08 4.238E-08 2.581E-08 2.350E-08 2.121E-08 1.916E-08 1.849E-08 1.705E-08 1.952E-08 1.578E-08 1.426E-08 9.992E-09 8.371E-09 6.731E-09 5.008E-09 3.223E-09 2.394E-09 1.238E-09 7.344E-10
  2.800E+01  6.185E-05 6.511E-05 6.545E-05 6.446E-05 6.233E-05 5.976E-05 5.681E-05 5.371E-05 5.061E-05 4.756E-05 4.450E-05 4.156E-05 3.624E-05 3.145E-05 2.194E-05 1.548E-05 1.091E-05 7.757E-06 3.478E-06 2.160E-06 2.641E-06 2.199E-06 1.998E-06 1.589E-06 1.218E-06 7.906E-07 5.253E-07 3.232E-07 2.568E-07 3.139E-07 2.298E-07 1.023E-07 7.290E-08 8.171E-08 9.857E-08 1.102E-07 1.029E-07 8.605E-08 8.954E-08 9.903E-08 8.253E-08 4.629E-08 3.901E-08 4.125E-08 2.515E-08 2.291E-08 2.071E-08 1.872E-08 1.807E-08 1.668E-08 1.911E-08 1.545E-08 1.396E-08 9.788E-09 8.205E-09 6.599E-09 4.913E-09 3.164E-09 2.350E-09 1.216E-09 7.218E-10
  3.000E+01  5.359E-05 5.632E-05 5.635E-05 5.547E-05 5.364E-05 5.147E-05 4.903E-05 4.645E-05 4.387E-05 4.132E-05 3.875E-05 3.626E-05 3.177E-05 2.769E-05 1.950E-05 1.387E-05 9.836E-06 7.037E-06 3.179E-06 2.017E-06 2.472E-06 2.059E-06 1.872E-06 1.491E-06 1.145E-06 7.467E-07 4.978E-07 3.074E-07 2.454E-07 3.004E-07 2.198E-07 9.812E-08 7.026E-08 7.890E-08 9.532E-08 1.066E-07 9.957E-08 8.329E-08 8.679E-08 9.605E-08 8.001E-08 4.488E-08 3.788E-08 4.008E-08 2.447E-08 2.231E-08 2.019E-08 1.826E-08 1.764E-08 1.629E-08 1.868E-08 1.510E-08 1.365E-08 9.575E-09 8.032E-09 6.460E-09 4.814E-09 3.101E-09 2.305E-09 1.193E-09 7.086E-10
  3.200E+01  4.676E-05 4.882E-05 4.871E-05 4.782E-05 4.624E-05 4.441E-05 4.237E-05 4.022E-05 3.806E-05 3.593E-05 3.377E-05 3.166E-05 2.786E-05 2.438E-05 1.732E-05 1.242E-05 8.864E-06 6.379E-06 2.904E-06 1.881E-06 2.311E-06 1.925E-06 1.752E-06 1.398E-06 1.075E-06 7.040E-07 4.710E-07 2.919E-07 2.342E-07 2.870E-07 2.100E-07 9.396E-08 6.761E-08 7.606E-08 9.203E-08 1.030E-07 9.623E-08 8.051E-08 8.400E-08 9.302E-08 7.744E-08 4.346E-08 3.673E-08 3.889E-08 2.378E-08 2.169E-08 1.966E-08 1.780E-08 1.719E-08 1.590E-08 1.824E-08 1.474E-08 1.333E-08 9.355E-09 7.853E-09 6.317E-09 4.711E-09 3.037E-09 2.258E-09 1.170E-09 6.949E-10
  3.400E+01  4.113E-05 4.241E-05 4.223E-05 4.131E-05 3.994E-05 3.841E-05 3.668E-05 3.488E-05 3.306E-05 3.127E-05 2.945E-05 2.767E-05 2.444E-05 2.147E-05 1.539E-05 1.112E-05 7.985E-06 5.779E-06 2.650E-06 1.753E-06 2.157E-06 1.798E-06 1.637E-06 1.308E-06 1.008E-06 6.629E-07 4.450E-07 2.768E-07 2.232E-07 2.738E-07 2.003E-07 8.985E-08 6.496E-08 7.322E-08 8.872E-08 9.938E-08 9.286E-08 7.770E-08 8.118E-08 8.995E-08 7.485E-08 4.202E-08 3.556E-08 3.769E-08 2.307E-08 2.107E-08 1.912E-08 1.732E-08 1.673E-08 1.550E-08 1.779E-08 1.437E-08 1.300E-08 9.128E-09 7.668E-09 6.170E-09 4.605E-09 2.970E-09 2.209E-09 1.145E-09 6.807E-10
  3.600E+01  3.629E-05 3.695E-05 3.669E-05 3.580E-05 3.458E-05 3.330E-05 3.182E-05 3.029E-05 2.876E-05 2.726E-05 2.571E-05 2.421E-05 2.146E-05 1.892E-05 1.367E-05 9.953E-06 7.192E-06 5.233E-06 2.418E-06 1.631E-06 2.012E-06 1.677E-06 1.528E-06 1.223E-06 9.442E-07 6.234E-07 4.199E-07 2.621E-07 2.124E-07 2.609E-07 1.908E-07 8.580E-08 6.234E-08 7.040E-08 8.542E-08 9.575E-08 8.949E-08 7.490E-08 7.836E-08 8.687E-08 7.225E-08 4.058E-08 3.439E-08 3.647E-08 2.236E-08 2.043E-08 1.856E-08 1.683E-08 1.626E-08 1.509E-08 1.733E-08 1.400E-08 1.266E-08 8.897E-09 7.480E-09 6.019E-09 4.496E-09 2.902E-09 2.159E-09 1.120E-09 6.662E-10
  3.800E+01  3.198E-05 3.235E-05 3.194E-05 3.112E-05 3.002E-05 2.893E-05 2.766E-05 2.636E-05 2.507E-05 2.380E-05 2.248E-05 2.121E-05 1.887E-05 1.669E-05 1.216E-05 8.912E-06 6.477E-06 4.738E-06 2.205E-06 1.517E-06 1.874E-06 1.562E-06 1.425E-06 1.142E-06 8.834E-07 5.856E-07 3.958E-07 2.479E-07 2.018E-07 2.482E-07 1.815E-07 8.184E-08 5.975E-08 6.760E-08 8.215E-08 9.214E-08 8.614E-08 7.210E-08 7.554E-08 8.379E-08 6.965E-08 3.914E-08 3.321E-08 3.525E-08 2.164E-08 1.979E-08 1.801E-08 1.634E-08 1.579E-08 1.467E-08 1.686E-08 1.362E-08 1.232E-08 8.662E-09 7.288E-09 5.865E-09 4.385E-09 2.832E-09 2.108E-09 1.094E-09 6.513E-10
  4.000E+01  2.814E-05 2.840E-05 2.787E-05 2.712E-05 2.613E-05 2.518E-05 2.410E-05 2.299E-05 2.189E-05 2.081E-05 1.969E-05 1.860E-05 1.661E-05 1.474E-05 1.081E-05 7.983E-06 5.835E-06 4.290E-06 2.011E-06 1.410E-06 1.744E-06 1.454E-06 1.327E-06 1.066E-06 8.258E-07 5.496E-07 3.727E-07 2.343E-07 1.916E-07 2.359E-07 1.725E-07 7.798E-08 5.721E-08 6.484E-08 7.891E-08 8.857E-08 8.281E-08 6.933E-08 7.274E-08 8.073E-08 6.706E-08 3.770E-08 3.204E-08 3.403E-08 2.092E-08 1.915E-08 1.745E-08 1.584E-08 1.531E-08 1.425E-08 1.639E-08 1.323E-08 1.197E-08 8.424E-09 7.094E-09 5.710E-09 4.273E-09 2.761E-09 2.056E-09 1.068E-09 6.362E-10
  4.200E+01  2.484E-05 2.495E-05 2.441E-05 2.368E-05 2.281E-05 2.196E-05 2.104E-05 2.009E-05 1.916E-05 1.824E-05 1.728E-05 1.635E-05 1.464E-05 1.303E-05 9.630E-06 7.155E-06 5.259E-06 3.886E-06 1.834E-06 1.309E-06 1.623E-06 1.353E-06 1.236E-06 9.935E-07 7.713E-07 5.154E-07 3.507E-07 2.212E-07 1.818E-07 2.240E-07 1.637E-07 7.423E-08 5.472E-08 6.213E-08 7.572E-08 8.505E-08 7.953E-08 6.659E-08 6.997E-08 7.769E-08 6.450E-08 3.628E-08 3.088E-08 3.282E-08 2.021E-08 1.851E-08 1.689E-08 1.535E-08 1.484E-08 1.383E-08 1.592E-08 1.284E-08 1.163E-08 8.185E-09 6.898E-09 5.553E-09 4.160E-09 2.690E-09 2.004E-09 1.042E-09 6.209E-10
  4.400E+01  2.209E-05 2.198E-05 2.144E-05 2.073E-05 1.995E-05 1.922E-05 1.841E-05 1.760E-05 1.680E-05 1.601E-05 1.519E-05 1.439E-05 1.293E-05 1.154E-05 8.584E-06 6.417E-06 4.741E-06 3.520E-06 1.673E-06 1.216E-06 1.509E-06 1.258E-06 1.150E-06 9.258E-07 7.201E-07 4.830E-07 3.297E-07 2.087E-07 1.723E-07 2.125E-07 1.553E-07 7.060E-08 5.229E-08 5.948E-08 7.260E-08 8.159E-08 7.631E-08 6.391E-08 6.724E-08 7.470E-08 6.198E-08 3.488E-08 2.973E-08 3.162E-08 1.950E-08 1.788E-08 1.633E-08 1.486E-08 1.437E-08 1.341E-08 1.544E-08 1.246E-08 1.128E-08 7.945E-09 6.702E-09 5.396E-09 4.046E-09 2.618E-09 1.951E-09 1.016E-09 6.056E-10
  4.600E+01  1.972E-05 1.942E-05 1.889E-05 1.820E-05 1.749E-05 1.687E-05 1.615E-05 1.545E-05 1.476E-05 1.409E-05 1.338E-05 1.269E-05 1.143E-05 1.023E-05 7.660E-06 5.761E-06 4.278E-06 3.191E-06 1.527E-06 1.129E-06 1.402E-06 1.169E-06 1.069E-06 8.624E-07 6.718E-07 4.523E-07 3.098E-07 1.967E-07 1.632E-07 2.014E-07 1.472E-07 6.710E-08 4.993E-08 5.691E-08 6.955E-08 7.821E-08 7.315E-08 6.128E-08 6.456E-08 7.176E-08 5.950E-08 3.351E-08 2.861E-08 3.044E-08 1.880E-08 1.725E-08 1.578E-08 1.437E-08 1.390E-08 1.299E-08 1.497E-08 1.207E-08 1.093E-08 7.706E-09 6.507E-09 5.239E-09 3.932E-09 2.546E-09 1.899E-09 9.891E-10 5.902E-10
  4.800E+01  1.756E-05 1.722E-05 1.666E-05 1.603E-05 1.539E-05 1.483E-05 1.421E-05 1.360E-05 1.301E-05 1.243E-05 1.181E-05 1.122E-05 1.013E-05 9.089E-06 6.845E-06 5.176E-06 3.863E-06 2.894E-06 1.393E-06 1.048E-06 1.302E-06 1.087E-06 9.941E-07 8.030E-07 6.266E-07 4.235E-07 2.909E-07 1.854E-07 1.544E-07 1.908E-07 1.394E-07 6.373E-08 4.765E-08 5.440E-08 6.658E-08 7.492E-08 7.008E-08 5.871E-08 6.194E-08 6.888E-08 5.708E-08 3.216E-08 2.750E-08 2.929E-08 1.811E-08 1.664E-08 1.524E-08 1.389E-08 1.343E-08 1.257E-08 1.451E-08 1.169E-08 1.059E-08 7.469E-09 6.312E-09 5.083E-09 3.819E-09 2.475E-09 1.846E-09 9.626E-10 5.748E-10
  5.000E+01  1.567E-05 1.527E-05 1.475E-05 1.415E-05 1.358E-05 1.308E-05 1.253E-05 1.200E-05 1.149E-05 1.098E-05 1.045E-05 9.937E-06 8.992E-06 8.087E-06 6.124E-06 4.656E-06 3.491E-06 2.626E-06 1.272E-06 9.723E-07 1.210E-06 1.009E-06 9.240E-07 7.475E-07 5.843E-07 3.963E-07 2.731E-07 1.746E-07 1.461E-07 1.807E-07 1.320E-07 6.050E-08 4.545E-08 5.198E-08 6.370E-08 7.172E-08 6.709E-08 5.622E-08 5.940E-08 6.607E-08 5.472E-08 3.085E-08 2.642E-08 2.816E-08 1.744E-08 1.603E-08 1.471E-08 1.341E-08 1.298E-08 1.217E-08 1.405E-08 1.131E-08 1.025E-08 7.234E-09 6.120E-09 4.928E-09 3.706E-09 2.404E-09 1.794E-09 9.364E-10 5.596E-10
  5.200E+01  1.402E-05 1.356E-05 1.311E-05 1.252E-05 1.200E-05 1.156E-05 1.108E-05 1.062E-05 1.017E-05 9.730E-06 9.270E-06 8.820E-06 7.997E-06 7.209E-06 5.488E-06 4.193E-06 3.157E-06 2.385E-06 1.163E-06 9.025E-07 1.124E-06 9.378E-07 8.589E-07 6.958E-07 5.448E-07 3.708E-07 2.563E-07 1.644E-07 1.382E-07 1.710E-07 1.249E-07 5.742E-08 4.334E-08 4.965E-08 6.092E-08 6.863E-08 6.420E-08 5.381E-08 5.693E-08 6.334E-08 5.243E-08 2.958E-08 2.538E-08 2.705E-08 1.678E-08 1.545E-08 1.419E-08 1.295E-08 1.253E-08 1.177E-08 1.359E-08 1.094E-08 9.913E-09 7.004E-09 5.931E-09 4.776E-09 3.596E-09 2.334E-09 1.743E-09 9.105E-10 5.445E-10
  5.400E+01  1.261E-05 1.212E-05 1.168E-05 1.111E-05 1.064E-05 1.026E-05 9.825E-06 9.422E-06 9.023E-06 8.641E-06 8.239E-06 7.847E-06 7.129E-06 6.438E-06 4.925E-06 3.781E-06 2.859E-06 2.168E-06 1.063E-06 8.380E-07 1.044E-06 8.712E-07 7.984E-07 6.476E-07 5.079E-07 3.470E-07 2.405E-07 1.548E-07 1.307E-07 1.617E-07 1.182E-07 5.448E-08 4.131E-08 4.741E-08 5.825E-08 6.565E-08 6.141E-08 5.148E-08 5.454E-08 6.070E-08 5.021E-08 2.835E-08 2.436E-08 2.599E-08 1.615E-08 1.487E-08 1.368E-08 1.250E-08 1.210E-08 1.138E-08 1.315E-08 1.057E-08 9.585E-09 6.777E-09 5.745E-09 4.627E-09 3.487E-09 2.265E-09 1.692E-09 8.851E-10 5.297E-10
  5.600E+01  1.135E-05 1.088E-05 1.041E-05 9.907E-06 9.475E-06 9.126E-06 8.743E-06 8.378E-06 8.032E-06 7.696E-06 7.341E-06 6.997E-06 6.368E-06 5.761E-06 4.427E-06 3.414E-06 2.592E-06 1.973E-06 9.729E-07 7.783E-07 9.698E-07 8.095E-07 7.422E-07 6.029E-07 4.736E-07 3.247E-07 2.257E-07 1.458E-07 1.235E-07 1.530E-07 1.118E-07 5.168E-08 3.938E-08 4.527E-08 5.568E-08 6.279E-08 5.873E-08 4.924E-08 5.225E-08 5.816E-08 4.808E-08 2.717E-08 2.338E-08 2.495E-08 1.553E-08 1.432E-08 1.319E-08 1.206E-08 1.167E-08 1.100E-08 1.272E-08 1.022E-08 9.266E-09 6.557E-09 5.564E-09 4.481E-09 3.381E-09 2.198E-09 1.643E-09 8.602E-10 5.152E-10
  5.800E+01  1.020E-05 9.770E-06 9.291E-06 8.858E-06 8.464E-06 8.139E-06 7.800E-06 7.472E-06 7.168E-06 6.872E-06 6.558E-06 6.253E-06 5.701E-06 5.165E-06 3.986E-06 3.087E-06 2.352E-06 1.797E-06 8.910E-07 7.233E-07 9.012E-07 7.524E-07 6.902E-07 5.614E-07 4.417E-07 3.038E-07 2.119E-07 1.373E-07 1.168E-07 1.447E-07 1.057E-07 4.903E-08 3.754E-08 4.323E-08 5.323E-08 6.005E-08 5.616E-08 4.710E-08 5.004E-08 5.571E-08 4.602E-08 2.603E-08 2.244E-08 2.396E-08 1.494E-08 1.378E-08 1.271E-08 1.163E-08 1.127E-08 1.063E-08 1.230E-08 9.874E-09 8.956E-09 6.342E-09 5.388E-09 4.339E-09 3.277E-09 2.133E-09 1.595E-09 8.359E-10 5.011E-10
  6.000E+01  9.198E-06 8.775E-06 8.344E-06 7.927E-06 7.570E-06 7.277E-06 6.971E-06 6.687E-06 6.413E-06 6.151E-06 5.873E-06 5.603E-06 5.115E-06 4.642E-06 3.596E-06 2.796E-06 2.138E-06 1.639E-06 8.169E-07 6.726E-07 8.379E-07 6.996E-07 6.421E-07 5.230E-07 4.122E-07 2.844E-07 1.989E-07 1.293E-07 1.105E-07 1.369E-07 1.000E-07 4.653E-08 3.579E-08 4.128E-08 5.089E-08 5.743E-08 5.370E-08 4.505E-08 4.793E-08 5.337E-08 4.406E-08 2.494E-08 2.154E-08 2.301E-08 1.437E-08 1.327E-08 1.226E-08 1.122E-08 1.087E-08 1.027E-08 1.190E-08 9.540E-09 8.656E-09 6.135E-09 5.217E-09 4.202E-09 3.177E-09 2.069E-09 1.548E-09 8.124E-10 4.875E-10
  6.200E+01  8.348E-06 7.897E-06 7.539E-06 7.108E-06 6.786E-06 6.529E-06 6.249E-06 5.999E-06 5.751E-06 5.519E-06 5.273E-06 5.034E-06 4.600E-06 4.181E-06 3.249E-06 2.536E-06 1.946E-06 1.496E-06 7.498E-07 6.260E-07 7.795E-07 6.508E-07 5.977E-07 4.875E-07 3.848E-07 2.664E-07 1.869E-07 1.218E-07 1.045E-07 1.296E-07 9.467E-08 4.417E-08 3.414E-08 3.944E-08 4.867E-08 5.495E-08 5.137E-08 4.310E-08 4.593E-08 5.113E-08 4.218E-08 2.390E-08 2.068E-08 2.209E-08 1.382E-08 1.278E-08 1.182E-08 1.083E-08 1.049E-08 9.932E-09 1.151E-08 9.220E-09 8.367E-09 5.935E-09 5.053E-09 4.069E-09 3.080E-09 2.008E-09 1.503E-09 7.898E-10 4.743E-10
  6.400E+01  7.607E-06 7.129E-06 6.814E-06 6.403E-06 6.107E-06 5.878E-06 5.623E-06 5.396E-06 5.173E-06 4.966E-06 4.746E-06 4.534E-06 4.147E-06 3.773E-06 2.942E-06 2.304E-06 1.773E-06 1.368E-06 6.890E-07 5.831E-07 7.256E-07 6.059E-07 5.568E-07 4.547E-07 3.594E-07 2.497E-07 1.756E-07 1.149E-07 9.894E-08 1.227E-07 8.964E-08 4.196E-08 3.258E-08 3.770E-08 4.658E-08 5.259E-08 4.915E-08 4.126E-08 4.402E-08 4.901E-08 4.040E-08 2.291E-08 1.986E-08 2.123E-08 1.330E-08 1.231E-08 1.140E-08 1.046E-08 1.013E-08 9.606E-09 1.114E-08 8.912E-09 8.090E-09 5.743E-09 4.896E-09 3.942E-09 2.988E-09 1.949E-09 1.460E-09 7.681E-10 4.617E-10
  6.600E+01  6.904E-06 6.476E-06 6.154E-06 5.797E-06 5.518E-06 5.305E-06 5.076E-06 4.867E-06 4.668E-06 4.482E-06 4.284E-06 4.094E-06 3.748E-06 3.414E-06 2.670E-06 2.097E-06 1.619E-06 1.253E-06 6.340E-07 5.438E-07 6.761E-07 5.646E-07 5.190E-07 4.244E-07 3.360E-07 2.342E-07 1.652E-07 1.084E-07 9.373E-08 1.162E-07 8.493E-08 3.989E-08 3.111E-08 3.607E-08 4.460E-08 5.037E-08 4.706E-08 3.951E-08 4.222E-08 4.700E-08 3.872E-08 2.198E-08 1.909E-08 2.041E-08 1.281E-08 1.187E-08 1.100E-08 1.010E-08 9.793E-09 9.297E-09 1.078E-08 8.619E-09 7.826E-09 5.560E-09 4.746E-09 3.821E-09 2.899E-09 1.893E-09 1.419E-09 7.475E-10 4.497E-10
  6.800E+01  6.287E-06 5.908E-06 5.580E-06 5.257E-06 5.001E-06 4.803E-06 4.593E-06 4.405E-06 4.225E-06 4.057E-06 3.878E-06 3.706E-06 3.396E-06 3.096E-06 2.427E-06 1.913E-06 1.481E-06 1.149E-06 5.843E-07 5.077E-07 6.305E-07 5.266E-07 4.844E-07 3.965E-07 3.144E-07 2.199E-07 1.555E-07 1.024E-07 8.888E-08 1.102E-07 8.053E-08 3.795E-08 2.974E-08 3.453E-08 4.274E-08 4.828E-08 4.510E-08 3.787E-08 4.052E-08 4.510E-08 3.712E-08 2.110E-08 1.836E-08 1.963E-08 1.235E-08 1.145E-08 1.063E-08 9.768E-09 9.469E-09 9.004E-09 1.045E-08 8.341E-09 7.575E-09 5.387E-09 4.604E-09 3.706E-09 2.815E-09 1.840E-09 1.380E-09 7.279E-10 4.384E-10
  7.000E+01  5.757E-06 5.385E-06 5.088E-06 4.779E-06 4.543E-06 4.363E-06 4.170E-06 3.998E-06 3.835E-06 3.682E-06 3.520E-06 3.364E-06 3.085E-06 2.814E-06 2.212E-06 1.748E-06 1.357E-06 1.056E-06 5.394E-07 4.747E-07 5.887E-07 4.917E-07 4.525E-07 3.709E-07 2.946E-07 2.066E-07 1.466E-07 9.680E-08 8.437E-08 1.046E-07 7.645E-08 3.615E-08 2.847E-08 3.310E-08 4.101E-08 4.633E-08 4.325E-08 3.634E-08 3.893E-08 4.331E-08 3.563E-08 2.028E-08 1.767E-08 1.890E-08 1.191E-08 1.105E-08 1.028E-08 9.452E-09 9.165E-09 8.729E-09 1.014E-08 8.079E-09 7.339E-09 5.224E-09 4.470E-09 3.598E-09 2.736E-09 1.790E-09 1.344E-09 7.095E-10 4.278E-10
  7.200E+01  5.275E-06 4.924E-06 4.648E-06 4.363E-06 4.140E-06 3.976E-06 3.799E-06 3.639E-06 3.490E-06 3.352E-06 3.204E-06 3.063E-06 2.810E-06 2.565E-06 2.020E-06 1.600E-06 1.245E-06 9.715E-07 4.988E-07 4.445E-07 5.503E-07 4.597E-07 4.233E-07 3.474E-07 2.764E-07 1.945E-07 1.383E-07 9.166E-08 8.019E-08 9.937E-08 7.266E-08 3.447E-08 2.728E-08 3.177E-08 3.939E-08 4.450E-08 4.153E-08 3.490E-08 3.744E-08 4.164E-08 3.423E-08 1.951E-08 1.703E-08 1.822E-08 1.151E-08 1.069E-08 9.949E-09 9.157E-09 8.881E-09 8.473E-09 9.842E-09 7.832E-09 7.117E-09 5.070E-09 4.344E-09 3.496E-09 2.662E-09 1.744E-09 1.309E-09 6.924E-10 4.179E-10
  7.400E+01  4.846E-06 4.530E-06 4.254E-06 3.996E-06 3.788E-06 3.634E-06 3.471E-06 3.323E-06 3.187E-06 3.060E-06 2.925E-06 2.797E-06 2.567E-06 2.344E-06 1.849E-06 1.469E-06 1.146E-06 8.960E-07 4.621E-07 4.170E-07 5.152E-07 4.305E-07 3.965E-07 3.259E-07 2.596E-07 1.833E-07 1.307E-07 8.692E-08 7.633E-08 9.455E-08 6.915E-08 3.293E-08 2.618E-08 3.054E-08 3.789E-08 4.281E-08 3.993E-08 3.357E-08 3.606E-08 4.009E-08 3.293E-08 1.879E-08 1.644E-08 1.759E-08 1.113E-08 1.035E-08 9.644E-09 8.883E-09 8.618E-09 8.235E-09 9.569E-09 7.603E-09 6.911E-09 4.928E-09 4.228E-09 3.402E-09 2.593E-09 1.700E-09 1.278E-09 6.766E-10 4.088E-10
  7.600E+01  4.482E-06 4.161E-06 3.918E-06 3.663E-06 3.474E-06 3.330E-06 3.178E-06 3.046E-06 2.919E-06 2.802E-06 2.679E-06 2.561E-06 2.351E-06 2.148E-06 1.697E-06 1.351E-06 1.056E-06 8.281E-07 4.291E-07 3.920E-07 4.832E-07 4.037E-07 3.721E-07 3.062E-07 2.444E-07 1.730E-07 1.238E-07 8.256E-08 7.278E-08 9.010E-08 6.592E-08 3.151E-08 2.517E-08 2.941E-08 3.651E-08 4.125E-08 3.845E-08 3.234E-08 3.479E-08 3.865E-08 3.172E-08 1.813E-08 1.590E-08 1.700E-08 1.078E-08 1.003E-08 9.363E-09 8.631E-09 8.375E-09 8.016E-09 9.317E-09 7.391E-09 6.720E-09 4.796E-09 4.120E-09 3.314E-09 2.530E-09 1.660E-09 1.249E-09 6.621E-10 4.005E-10
  7.800E+01  4.154E-06 3.818E-06 3.626E-06 3.368E-06 3.193E-06 3.064E-06 2.922E-06 2.800E-06 2.681E-06 2.574E-06 2.461E-06 2.353E-06 2.159E-06 1.974E-06 1.562E-06 1.246E-06 9.762E-07 7.670E-07 3.994E-07 3.692E-07 4.539E-07 3.794E-07 3.498E-07 2.882E-07 2.304E-07 1.637E-07 1.174E-07 7.858E-08 6.953E-08 8.601E-08 6.295E-08 3.020E-08 2.425E-08 2.837E-08 3.524E-08 3.981E-08 3.709E-08 3.120E-08 3.361E-08 3.732E-08 3.061E-08 1.752E-08 1.539E-08 1.647E-08 1.046E-08 9.744E-09 9.106E-09 8.401E-09 8.153E-09 7.816E-09 9.088E-09 7.196E-09 6.544E-09 4.675E-09 4.022E-09 3.235E-09 2.472E-09 1.624E-09 1.222E-09 6.490E-10 3.930E-10
  8.000E+01  3.833E-06 3.545E-06 3.350E-06 3.118E-06 2.949E-06 2.829E-06 2.698E-06 2.582E-06 2.472E-06 2.372E-06 2.267E-06 2.168E-06 1.990E-06 1.819E-06 1.441E-06 1.151E-06 9.043E-07 7.122E-07 3.726E-07 3.485E-07 4.273E-07 3.572E-07 3.295E-07 2.718E-07 2.177E-07 1.551E-07 1.116E-07 7.494E-08 6.656E-08 8.227E-08 6.024E-08 2.902E-08 2.341E-08 2.743E-08 3.409E-08 3.850E-08 3.584E-08 3.017E-08 3.254E-08 3.610E-08 2.959E-08 1.697E-08 1.494E-08 1.598E-08 1.017E-08 9.483E-09 8.873E-09 8.192E-09 7.952E-09 7.635E-09 8.880E-09 7.019E-09 6.385E-09 4.566E-09 3.933E-09 3.162E-09 2.420E-09 1.591E-09 1.198E-09 6.374E-10 3.864E-10
  8.200E+01  3.556E-06 3.326E-06 3.094E-06 2.902E-06 2.740E-06 2.621E-06 2.499E-06 2.387E-06 2.288E-06 2.195E-06 2.096E-06 2.003E-06 1.839E-06 1.681E-06 1.334E-06 1.067E-06 8.400E-07 6.631E-07 3.485E-07 3.298E-07 4.031E-07 3.370E-07 3.111E-07 2.570E-07 2.061E-07 1.474E-07 1.063E-07 7.164E-08 6.386E-08 7.886E-08 5.777E-08 2.794E-08 2.264E-08 2.657E-08 3.304E-08 3.732E-08 3.471E-08 2.923E-08 3.157E-08 3.500E-08 2.866E-08 1.646E-08 1.452E-08 1.553E-08 9.912E-09 9.248E-09 8.664E-09 8.004E-09 7.772E-09 7.474E-09 8.695E-09 6.859E-09 6.241E-09 4.468E-09 3.854E-09 3.098E-09 2.374E-09 1.563E-09 1.177E-09 6.272E-10 3.807E-10
  8.400E+01  3.328E-06 3.101E-06 2.879E-06 2.701E-06 2.551E-06 2.436E-06 2.320E-06 2.216E-06 2.124E-06 2.036E-06 1.944E-06 1.857E-06 1.705E-06 1.558E-06 1.238E-06 9.922E-07 7.824E-07 6.190E-07 3.269E-07 3.128E-07 3.811E-07 3.188E-07 2.944E-07 2.435E-07 1.957E-07 1.403E-07 1.015E-07 6.865E-08 6.142E-08 7.577E-08 5.554E-08 2.697E-08 2.196E-08 2.580E-08 3.210E-08 3.625E-08 3.370E-08 2.839E-08 3.070E-08 3.400E-08 2.782E-08 1.601E-08 1.416E-08 1.513E-08 9.679E-09 9.039E-09 8.478E-09 7.839E-09 7.613E-09 7.333E-09 8.532E-09 6.717E-09 6.114E-09 4.381E-09 3.785E-09 3.041E-09 2.333E-09 1.538E-09 1.159E-09 6.186E-10 3.758E-10
  8.600E+01  3.125E-06 2.884E-06 2.700E-06 2.517E-06 2.376E-06 2.271E-06 2.162E-06 2.065E-06 1.976E-06 1.895E-06 1.809E-06 1.728E-06 1.586E-06 1.450E-06 1.152E-06 9.251E-07 7.309E-07 5.795E-07 3.075E-07 2.976E-07 3.612E-07 3.022E-07 2.793E-07 2.313E-07 1.862E-07 1.340E-07 9.721E-08 6.596E-08 5.922E-08 7.298E-08 5.353E-08 2.609E-08 2.135E-08 2.512E-08 3.127E-08 3.529E-08 3.278E-08 2.763E-08 2.992E-08 3.311E-08 2.707E-08 1.561E-08 1.383E-08 1.478E-08 9.475E-09 8.856E-09 8.316E-09 7.694E-09 7.474E-09 7.210E-09 8.391E-09 6.593E-09 6.003E-09 4.306E-09 3.725E-09 2.992E-09 2.299E-09 1.516E-09 1.144E-09 6.114E-10 3.719E-10
  8.800E+01  2.926E-06 2.703E-06 2.537E-06 2.359E-06 2.224E-06 2.126E-06 2.022E-06 1.931E-06 1.846E-06 1.769E-06 1.689E-06 1.613E-06 1.480E-06 1.353E-06 1.076E-06 8.651E-07 6.848E-07 5.442E-07 2.902E-07 2.839E-07 3.433E-07 2.873E-07 2.656E-07 2.204E-07 1.777E-07 1.283E-07 9.333E-08 6.355E-08 5.725E-08 7.048E-08 5.173E-08 2.532E-08 2.081E-08 2.452E-08 3.053E-08 3.445E-08 3.198E-08 2.697E-08 2.923E-08 3.232E-08 2.641E-08 1.526E-08 1.354E-08 1.447E-08 9.297E-09 8.698E-09 8.178E-09 7.571E-09 7.356E-09 7.107E-09 8.272E-09 6.487E-09 5.907E-09 4.242E-09 3.675E-09 2.951E-09 2.270E-09 1.499E-09 1.132E-09 6.057E-10 3.689E-10
  9.000E+01  2.747E-06 2.552E-06 2.385E-06 2.220E-06 2.092E-06 1.996E-06 1.898E-06 1.811E-06 1.731E-06 1.658E-06 1.582E-06 1.511E-06 1.385E-06 1.266E-06 1.008E-06 8.116E-07 6.437E-07 5.126E-07 2.748E-07 2.716E-07 3.272E-07 2.740E-07 2.534E-07 2.105E-07 1.701E-07 1.232E-07 8.988E-08 6.141E-08 5.551E-08 6.825E-08 5.013E-08 2.464E-08 2.034E-08 2.400E-08 2.989E-08 3.372E-08 3.127E-08 2.638E-08 2.864E-08 3.163E-08 2.583E-08 1.495E-08 1.330E-08 1.421E-08 9.147E-09 8.565E-09 8.061E-09 7.469E-09 7.258E-09 7.023E-09 8.175E-09 6.398E-09 5.828E-09 4.189E-09 3.635E-09 2.918E-09 2.247E-09 1.485E-09 1.122E-09 6.016E-10 3.668E-10
  9.200E+01  2.605E-06 2.407E-06 2.255E-06 2.094E-06 1.972E-06 1.882E-06 1.787E-06 1.706E-06 1.629E-06 1.559E-06 1.488E-06 1.420E-06 1.301E-06 1.190E-06 9.472E-07 7.639E-07 6.071E-07 4.844E-07 2.610E-07 2.606E-07 3.127E-07 2.620E-07 2.425E-07 2.017E-07 1.633E-07 1.186E-07 8.681E-08 5.952E-08 5.397E-08 6.628E-08 4.872E-08 2.404E-08 1.994E-08 2.355E-08 2.935E-08 3.309E-08 3.067E-08 2.589E-08 2.813E-08 3.104E-08 2.533E-08 1.469E-08 1.309E-08 1.398E-08 9.022E-09 8.456E-09 7.967E-09 7.386E-09 7.180E-09 6.957E-09 8.099E-09 6.326E-09 5.764E-09 4.147E-09 3.604E-09 2.892E-09 2.229E-09 1.475E-09 1.116E-09 5.990E-10 3.656E-10
  9.400E+01  2.471E-06 2.279E-06 2.137E-06 1.982E-06 1.868E-06 1.780E-06 1.690E-06 1.612E-06 1.538E-06 1.472E-06 1.404E-06 1.339E-06 1.227E-06 1.121E-06 8.933E-07 7.215E-07 5.745E-07 4.594E-07 2.488E-07 2.508E-07 2.997E-07 2.513E-07 2.327E-07 1.939E-07 1.573E-07 1.146E-07 8.410E-08 5.786E-08 5.264E-08 6.455E-08 4.749E-08 2.353E-08 1.960E-08 2.318E-08 2.889E-08 3.256E-08 3.016E-08 2.547E-08 2.770E-08 3.054E-08 2.490E-08 1.447E-08 1.293E-08 1.380E-08 8.923E-09 8.370E-09 7.895E-09 7.324E-09 7.121E-09 6.910E-09 8.044E-09 6.271E-09 5.716E-09 4.116E-09 3.582E-09 2.873E-09 2.218E-09 1.469E-09 1.112E-09 5.978E-10 3.654E-10
  9.600E+01  2.334E-06 2.182E-06 2.025E-06 1.890E-06 1.780E-06 1.690E-06 1.604E-06 1.529E-06 1.460E-06 1.396E-06 1.330E-06 1.267E-06 1.161E-06 1.061E-06 8.455E-07 6.838E-07 5.455E-07 4.372E-07 2.380E-07 2.422E-07 2.882E-07 2.418E-07 2.240E-07 1.870E-07 1.519E-07 1.111E-07 8.174E-08 5.642E-08 5.148E-08 6.306E-08 4.643E-08 2.310E-08 1.932E-08 2.287E-08 2.851E-08 3.213E-08 2.973E-08 2.512E-08 2.736E-08 3.012E-08 2.455E-08 1.430E-08 1.280E-08 1.366E-08 8.848E-09 8.307E-09 7.844E-09 7.281E-09 7.080E-09 6.880E-09 8.010E-09 6.233E-09 5.682E-09 4.096E-09 3.569E-09 2.862E-09 2.212E-09 1.467E-09 1.111E-09 5.981E-10 3.660E-10
  9.800E+01  2.211E-06 2.096E-06 1.928E-06 1.809E-06 1.701E-06 1.611E-06 1.529E-06 1.456E-06 1.389E-06 1.328E-06 1.264E-06 1.204E-06 1.103E-06 1.007E-06 8.032E-07 6.504E-07 5.198E-07 4.175E-07 2.285E-07 2.346E-07 2.780E-07 2.334E-07 2.164E-07 1.809E-07 1.472E-07 1.080E-07 7.969E-08 5.519E-08 5.051E-08 6.178E-08 4.553E-08 2.274E-08 1.910E-08 2.263E-08 2.822E-08 3.179E-08 2.939E-08 2.485E-08 2.709E-08 2.980E-08 2.427E-08 1.416E-08 1.270E-08 1.355E-08 8.797E-09 8.265E-09 7.812E-09 7.256E-09 7.057E-09 6.868E-09 7.996E-09 6.210E-09 5.663E-09 4.087E-09 3.566E-09 2.859E-09 2.212E-09 1.468E-09 1.112E-09 5.999E-10 3.675E-10
  1.000E+02  2.120E-06 1.996E-06 1.857E-06 1.729E-06 1.625E-06 1.542E-06 1.462E-06 1.391E-06 1.326E-06 1.267E-06 1.206E-06 1.149E-06 1.051E-06 9.600E-07 7.657E-07 6.209E-07 4.971E-07 4.001E-07 2.202E-07 2.279E-07 2.690E-07 2.260E-07 2.097E-07 1.755E-07 1.432E-07 1.054E-07 7.794E-08 5.414E-08 4.969E-08 6.071E-08 4.478E-08 2.245E-08 1.893E-08 2.245E-08 2.800E-08 3.153E-08 2.914E-08 2.464E-08 2.689E-08 2.956E-08 2.406E-08 1.407E-08 1.264E-08 1.348E-08 8.768E-09 8.245E-09 7.800E-09 7.250E-09 7.052E-09 6.872E-09 8.001E-09 6.203E-09 5.658E-09 4.087E-09 3.570E-09 2.862E-09 2.217E-09 1.473E-09 1.117E-09 6.031E-10 3.698E-10
  1.020E+02  2.062E-06 1.903E-06 1.795E-06 1.658E-06 1.558E-06 1.483E-06 1.403E-06 1.335E-06 1.270E-06 1.213E-06 1.155E-06 1.100E-06 1.006E-06 9.185E-07 7.327E-07 5.949E-07 4.772E-07 3.849E-07 2.129E-07 2.221E-07 2.611E-07 2.195E-07 2.038E-07 1.709E-07 1.397E-07 1.031E-07 7.646E-08 5.328E-08 4.903E-08 5.983E-08 4.417E-08 2.223E-08 1.881E-08 2.233E-08 2.786E-08 3.136E-08 2.896E-08 2.451E-08 2.677E-08 2.939E-08 2.392E-08 1.401E-08 1.260E-08 1.344E-08 8.761E-09 8.244E-09 7.807E-09 7.260E-09 7.064E-09 6.892E-09 8.025E-09 6.211E-09 5.667E-09 4.097E-09 3.584E-09 2.872E-09 2.227E-09 1.481E-09 1.124E-09 6.077E-10 3.730E-10
  1.040E+02  1.993E-06 1.841E-06 1.732E-06 1.602E-06 1.505E-06 1.430E-06 1.352E-06 1.286E-06 1.223E-06 1.167E-06 1.110E-06 1.057E-06 9.661E-07 8.820E-07 7.037E-07 5.721E-07 4.598E-07 3.716E-07 2.066E-07 2.171E-07 2.542E-07 2.140E-07 1.988E-07 1.670E-07 1.367E-07 1.012E-07 7.524E-08 5.259E-08 4.852E-08 5.913E-08 4.369E-08 2.207E-08 1.873E-08 2.227E-08 2.778E-08 3.126E-08 2.886E-08 2.443E-08 2.671E-08 2.930E-08 2.383E-08 1.398E-08 1.260E-08 1.344E-08 8.774E-09 8.262E-09 7.832E-09 7.287E-09 7.091E-09 6.927E-09 8.066E-09 6.234E-09 5.688E-09 4.116E-09 3.605E-09 2.888E-09 2.242E-09 1.492E-09 1.133E-09 6.135E-10 3.770E-10
  1.060E+02  1.907E-06 1.789E-06 1.678E-06 1.555E-06 1.461E-06 1.384E-06 1.308E-06 1.244E-06 1.182E-06 1.127E-06 1.072E-06 1.020E-06 9.314E-07 8.501E-07 6.785E-07 5.522E-07 4.446E-07 3.601E-07 2.012E-07 2.128E-07 2.483E-07 2.092E-07 1.945E-07 1.636E-07 1.342E-07 9.961E-08 7.426E-08 5.204E-08 4.813E-08 5.860E-08 4.334E-08 2.197E-08 1.870E-08 2.225E-08 2.777E-08 3.124E-08 2.882E-08 2.441E-08 2.671E-08 2.927E-08 2.381E-08 1.399E-08 1.263E-08 1.346E-08 8.806E-09 8.299E-09 7.873E-09 7.329E-09 7.134E-09 6.977E-09 8.125E-09 6.270E-09 5.722E-09 4.145E-09 3.634E-09 2.911E-09 2.261E-09 1.507E-09 1.145E-09 6.207E-10 3.817E-10
  1.080E+02  1.843E-06 1.738E-06 1.637E-06 1.515E-06 1.422E-06 1.346E-06 1.272E-06 1.207E-06 1.147E-06 1.093E-06 1.039E-06 9.881E-07 9.016E-07 8.226E-07 6.566E-07 5.350E-07 4.315E-07 3.501E-07 1.967E-07 2.092E-07 2.433E-07 2.051E-07 1.908E-07 1.608E-07 1.321E-07 9.835E-08 7.350E-08 5.164E-08 4.787E-08 5.823E-08 4.310E-08 2.191E-08 1.872E-08 2.228E-08 2.781E-08 3.128E-08 2.885E-08 2.444E-08 2.677E-08 2.932E-08 2.383E-08 1.403E-08 1.268E-08 1.352E-08 8.857E-09 8.352E-09 7.930E-09 7.387E-09 7.191E-09 7.040E-09 8.199E-09 6.319E-09 5.768E-09 4.182E-09 3.670E-09 2.939E-09 2.286E-09 1.524E-09 1.159E-09 6.290E-10 3.872E-10
  1.100E+02  1.806E-06 1.700E-06 1.601E-06 1.480E-06 1.389E-06 1.315E-06 1.241E-06 1.178E-06 1.117E-06 1.064E-06 1.011E-06 9.609E-07 8.762E-07 7.991E-07 6.378E-07 5.202E-07 4.202E-07 3.417E-07 1.928E-07 2.062E-07 2.390E-07 2.018E-07 1.878E-07 1.585E-07 1.305E-07 9.738E-08 7.293E-08 5.138E-08 4.772E-08 5.799E-08 4.297E-08 2.191E-08 1.877E-08 2.236E-08 2.792E-08 3.139E-08 2.893E-08 2.453E-08 2.688E-08 2.942E-08 2.391E-08 1.410E-08 1.276E-08 1.360E-08 8.925E-09 8.421E-09 8.002E-09 7.458E-09 7.261E-09 7.116E-09 8.289E-09 6.380E-09 5.826E-09 4.227E-09 3.713E-09 2.973E-09 2.315E-09 1.545E-09 1.175E-09 6.386E-10 3.934E-10
  1.120E+02  1.772E-06 1.670E-06 1.569E-06 1.454E-06 1.364E-06 1.290E-06 1.216E-06 1.154E-06 1.093E-06 1.041E-06 9.879E-07 9.382E-07 8.549E-07 7.792E-07 6.219E-07 5.076E-07 4.108E-07 3.345E-07 1.897E-07 2.038E-07 2.355E-07 1.990E-07 1.854E-07 1.567E-07 1.292E-07 9.666E-08 7.256E-08 5.123E-08 4.768E-08 5.789E-08 4.294E-08 2.196E-08 1.885E-08 2.248E-08 2.807E-08 3.156E-08 2.908E-08 2.466E-08 2.704E-08 2.958E-08 2.404E-08 1.420E-08 1.286E-08 1.371E-08 9.008E-09 8.504E-09 8.088E-09 7.541E-09 7.343E-09 7.205E-09 8.393E-09 6.453E-09 5.893E-09 4.279E-09 3.763E-09 3.013E-09 2.347E-09 1.568E-09 1.193E-09 6.492E-10 4.003E-10
  1.140E+02  1.747E-06 1.642E-06 1.549E-06 1.437E-06 1.346E-06 1.272E-06 1.198E-06 1.133E-06 1.074E-06 1.021E-06 9.689E-07 9.200E-07 8.374E-07 7.627E-07 6.086E-07 4.972E-07 4.029E-07 3.287E-07 1.871E-07 2.018E-07 2.327E-07 1.968E-07 1.835E-07 1.553E-07 1.282E-07 9.619E-08 7.235E-08 5.119E-08 4.773E-08 5.792E-08 4.299E-08 2.204E-08 1.897E-08 2.263E-08 2.827E-08 3.178E-08 2.927E-08 2.483E-08 2.725E-08 2.979E-08 2.420E-08 1.431E-08 1.299E-08 1.384E-08 9.106E-09 8.602E-09 8.187E-09 7.637E-09 7.438E-09 7.304E-09 8.510E-09 6.536E-09 5.971E-09 4.338E-09 3.819E-09 3.057E-09 2.384E-09 1.594E-09 1.213E-09 6.608E-10 4.078E-10
  1.160E+02  1.736E-06 1.630E-06 1.540E-06 1.426E-06 1.333E-06 1.260E-06 1.185E-06 1.118E-06 1.060E-06 1.007E-06 9.540E-07 9.059E-07 8.237E-07 7.496E-07 5.977E-07 4.886E-07 3.964E-07 3.239E-07 1.851E-07 2.004E-07 2.304E-07 1.952E-07 1.821E-07 1.543E-07 1.276E-07 9.593E-08 7.229E-08 5.126E-08 4.787E-08 5.805E-08 4.313E-08 2.216E-08 1.911E-08 2.282E-08 2.851E-08 3.205E-08 2.951E-08 2.505E-08 2.750E-08 3.005E-08 2.441E-08 1.446E-08 1.313E-08 1.399E-08 9.218E-09 8.712E-09 8.297E-09 7.744E-09 7.543E-09 7.414E-09 8.639E-09 6.629E-09 6.057E-09 4.404E-09 3.880E-09 3.106E-09 2.424E-09 1.621E-09 1.235E-09 6.734E-10 4.159E-10
  1.180E+02  1.717E-06 1.633E-06 1.534E-06 1.423E-06 1.327E-06 1.253E-06 1.177E-06 1.109E-06 1.050E-06 9.969E-07 9.435E-07 8.953E-07 8.132E-07 7.394E-07 5.892E-07 4.819E-07 3.914E-07 3.202E-07 1.836E-07 1.993E-07 2.288E-07 1.940E-07 1.811E-07 1.537E-07 1.273E-07 9.587E-08 7.238E-08 5.141E-08 4.808E-08 5.829E-08 4.334E-08 2.232E-08 1.929E-08 2.304E-08 2.880E-08 3.236E-08 2.980E-08 2.530E-08 2.779E-08 3.036E-08 2.466E-08 1.462E-08 1.329E-08 1.416E-08 9.341E-09 8.833E-09 8.419E-09 7.861E-09 7.657E-09 7.534E-09 8.779E-09 6.732E-09 6.152E-09 4.476E-09 3.946E-09 3.159E-09 2.467E-09 1.651E-09 1.258E-09 6.868E-10 4.245E-10
  1.200E+02  1.707E-06 1.637E-06 1.534E-06 1.426E-06 1.329E-06 1.252E-06 1.175E-06 1.106E-06 1.045E-06 9.911E-07 9.374E-07 8.884E-07 8.059E-07 7.322E-07 5.828E-07 4.767E-07 3.876E-07 3.174E-07 1.826E-07 1.986E-07 2.276E-07 1.932E-07 1.805E-07 1.534E-07 1.272E-07 9.599E-08 7.260E-08 5.165E-08 4.837E-08 5.862E-08 4.361E-08 2.250E-08 1.948E-08 2.329E-08 2.911E-08 3.272E-08 3.012E-08 2.558E-08 2.812E-08 3.070E-08 2.493E-08 1.480E-08 1.346E-08 1.434E-08 9.476E-09 8.964E-09 8.550E-09 7.986E-09 7.781E-09 7.662E-09 8.930E-09 6.842E-09 6.254E-09 4.553E-09 4.017E-09 3.216E-09 2.513E-09 1.683E-09 1.283E-09 7.010E-10 4.335E-10
  1.220E+02  1.721E-06 1.646E-06 1.547E-06 1.436E-06 1.336E-06 1.257E-06 1.178E-06 1.107E-06 1.045E-06 9.894E-07 9.350E-07 8.852E-07 8.019E-07 7.277E-07 5.785E-07 4.731E-07 3.849E-07 3.156E-07 1.821E-07 1.983E-07 2.269E-07 1.929E-07 1.802E-07 1.534E-07 1.273E-07 9.628E-08 7.292E-08 5.197E-08 4.873E-08 5.903E-08 4.395E-08 2.272E-08 1.970E-08 2.356E-08 2.946E-08 3.311E-08 3.048E-08 2.589E-08 2.847E-08 3.108E-08 2.524E-08 1.500E-08 1.365E-08 1.455E-08 9.621E-09 9.105E-09 8.689E-09 8.120E-09 7.912E-09 7.797E-09 9.089E-09 6.960E-09 6.363E-09 4.635E-09 4.092E-09 3.276E-09 2.562E-09 1.717E-09 1.310E-09 7.160E-10 4.430E-10
  1.240E+02  1.755E-06 1.668E-06 1.570E-06 1.453E-06 1.349E-06 1.269E-06 1.186E-06 1.113E-06 1.049E-06 9.919E-07 9.363E-07 8.856E-07 8.010E-07 7.258E-07 5.760E-07 4.710E-07 3.834E-07 3.145E-07 1.819E-07 1.982E-07 2.266E-07 1.929E-07 1.803E-07 1.537E-07 1.277E-07 9.671E-08 7.335E-08 5.234E-08 4.913E-08 5.951E-08 4.434E-08 2.296E-08 1.993E-08 2.386E-08 2.984E-08 3.353E-08 3.087E-08 2.623E-08 2.885E-08 3.149E-08 2.557E-08 1.521E-08 1.386E-08 1.477E-08 9.774E-09 9.253E-09 8.836E-09 8.261E-09 8.050E-09 7.939E-09 9.256E-09 7.085E-09 6.478E-09 4.722E-09 4.171E-09 3.339E-09 2.613E-09 1.752E-09 1.337E-09 7.315E-10 4.529E-10
  1.260E+02  1.792E-06 1.705E-06 1.600E-06 1.481E-06 1.372E-06 1.286E-06 1.200E-06 1.125E-06 1.058E-06 9.990E-07 9.417E-07 8.894E-07 8.029E-07 7.265E-07 5.754E-07 4.702E-07 3.828E-07 3.142E-07 1.820E-07 1.985E-07 2.267E-07 1.932E-07 1.807E-07 1.542E-07 1.282E-07 9.727E-08 7.387E-08 5.278E-08 4.959E-08 6.006E-08 4.478E-08 2.321E-08 2.019E-08 2.417E-08 3.023E-08 3.398E-08 3.128E-08 2.658E-08 2.926E-08 3.193E-08 2.593E-08 1.543E-08 1.407E-08 1.499E-08 9.934E-09 9.409E-09 8.990E-09 8.407E-09 8.194E-09 8.086E-09 9.430E-09 7.215E-09 6.598E-09 4.812E-09 4.253E-09 3.405E-09 2.666E-09 1.789E-09 1.365E-09 7.476E-10 4.631E-10
  1.280E+02  1.832E-06 1.760E-06 1.639E-06 1.520E-06 1.405E-06 1.309E-06 1.221E-06 1.141E-06 1.072E-06 1.011E-06 9.510E-07 8.966E-07 8.078E-07 7.297E-07 5.766E-07 4.707E-07 3.832E-07 3.146E-07 1.825E-07 1.989E-07 2.271E-07 1.937E-07 1.813E-07 1.549E-07 1.289E-07 9.794E-08 7.447E-08 5.326E-08 5.009E-08 6.066E-08 4.526E-08 2.349E-08 2.045E-08 2.449E-08 3.065E-08 3.445E-08 3.172E-08 2.696E-08 2.969E-08 3.239E-08 2.631E-08 1.567E-08 1.429E-08 1.523E-08 1.010E-08 9.570E-09 9.149E-09 8.559E-09 8.343E-09 8.239E-09 9.609E-09 7.349E-09 6.722E-09 4.905E-09 4.338E-09 3.473E-09 2.721E-09 1.827E-09 1.394E-09 7.641E-10 4.736E-10
  1.300E+02  1.893E-06 1.829E-06 1.694E-06 1.567E-06 1.443E-06 1.340E-06 1.247E-06 1.163E-06 1.091E-06 1.026E-06 9.639E-07 9.074E-07 8.156E-07 7.355E-07 5.795E-07 4.724E-07 3.844E-07 3.157E-07 1.833E-07 1.996E-07 2.278E-07 1.946E-07 1.822E-07 1.558E-07 1.298E-07 9.871E-08 7.514E-08 5.379E-08 5.063E-08 6.131E-08 4.577E-08 2.378E-08 2.072E-08 2.483E-08 3.109E-08 3.494E-08 3.217E-08 2.735E-08 3.013E-08 3.288E-08 2.670E-08 1.591E-08 1.452E-08 1.548E-08 1.027E-08 9.735E-09 9.312E-09 8.715E-09 8.495E-09 8.395E-09 9.793E-09 7.488E-09 6.850E-09 5.000E-09 4.424E-09 3.543E-09 2.777E-09 1.865E-09 1.424E-09 7.809E-10 4.843E-10
  1.320E+02  1.983E-06 1.903E-06 1.767E-06 1.620E-06 1.487E-06 1.379E-06 1.279E-06 1.190E-06 1.113E-06 1.046E-06 9.806E-07 9.220E-07 8.264E-07 7.438E-07 5.839E-07 4.753E-07 3.865E-07 3.173E-07 1.843E-07 2.005E-07 2.288E-07 1.956E-07 1.833E-07 1.569E-07 1.308E-07 9.957E-08 7.587E-08 5.435E-08 5.119E-08 6.200E-08 4.631E-08 2.409E-08 2.101E-08 2.518E-08 3.154E-08 3.545E-08 3.264E-08 2.776E-08 3.058E-08 3.337E-08 2.710E-08 1.616E-08 1.476E-08 1.573E-08 1.045E-08 9.904E-09 9.478E-09 8.873E-09 8.650E-09 8.553E-09 9.980E-09 7.630E-09 6.980E-09 5.098E-09 4.512E-09 3.613E-09 2.834E-09 1.904E-09 1.455E-09 7.980E-10 4.951E-10
  1.340E+02  2.099E-06 1.995E-06 1.853E-06 1.684E-06 1.541E-06 1.425E-06 1.317E-06 1.223E-06 1.141E-06 1.069E-06 1.001E-06 9.401E-07 8.400E-07 7.544E-07 5.899E-07 4.792E-07 3.894E-07 3.195E-07 1.856E-07 2.015E-07 2.300E-07 1.969E-07 1.845E-07 1.581E-07 1.319E-07 1.005E-07 7.664E-08 5.494E-08 5.178E-08 6.273E-08 4.688E-08 2.440E-08 2.130E-08 2.554E-08 3.199E-08 3.597E-08 3.312E-08 2.817E-08 3.105E-08 3.388E-08 2.751E-08 1.642E-08 1.499E-08 1.599E-08 1.062E-08 1.008E-08 9.646E-09 9.034E-09 8.808E-09 8.714E-09 1.017E-08 7.773E-09 7.112E-09 5.196E-09 4.601E-09 3.685E-09 2.891E-09 1.944E-09 1.485E-09 8.153E-10 5.060E-10
  1.360E+02  2.246E-06 2.115E-06 1.946E-06 1.766E-06 1.606E-06 1.481E-06 1.363E-06 1.261E-06 1.174E-06 1.098E-06 1.026E-06 9.614E-07 8.565E-07 7.672E-07 5.974E-07 4.842E-07 3.929E-07 3.222E-07 1.870E-07 2.026E-07 2.314E-07 1.983E-07 1.859E-07 1.594E-07 1.331E-07 1.015E-07 7.746E-08 5.556E-08 5.239E-08 6.348E-08 4.746E-08 2.472E-08 2.159E-08 2.590E-08 3.245E-08 3.649E-08 3.361E-08 2.859E-08 3.152E-08 3.440E-08 2.794E-08 1.668E-08 1.523E-08 1.625E-08 1.080E-08 1.025E-08 9.816E-09 9.196E-09 8.966E-09 8.875E-09 1.036E-08 7.918E-09 7.246E-09 5.296E-09 4.691E-09 3.758E-09 2.949E-09 1.984E-09 1.516E-09 8.327E-10 5.170E-10
  1.380E+02  2.422E-06 2.257E-06 2.052E-06 1.861E-06 1.683E-06 1.546E-06 1.418E-06 1.305E-06 1.213E-06 1.131E-06 1.054E-06 9.860E-07 8.760E-07 7.821E-07 6.063E-07 4.902E-07 3.971E-07 3.254E-07 1.887E-07 2.039E-07 2.330E-07 1.999E-07 1.875E-07 1.608E-07 1.343E-07 1.025E-07 7.830E-08 5.619E-08 5.301E-08 6.424E-08 4.805E-08 2.504E-08 2.189E-08 2.627E-08 3.292E-08 3.702E-08 3.410E-08 2.901E-08 3.199E-08 3.492E-08 2.836E-08 1.694E-08 1.548E-08 1.651E-08 1.098E-08 1.042E-08 9.986E-09 9.358E-09 9.125E-09 9.037E-09 1.055E-08 8.063E-09 7.379E-09 5.395E-09 4.781E-09 3.830E-09 3.007E-09 2.024E-09 1.547E-09 8.500E-10 5.280E-10
  1.400E+02  2.615E-06 2.414E-06 2.183E-06 1.963E-06 1.769E-06 1.616E-06 1.478E-06 1.355E-06 1.256E-06 1.169E-06 1.086E-06 1.014E-06 8.978E-07 7.993E-07 6.165E-07 4.970E-07 4.020E-07 3.290E-07 1.905E-07 2.053E-07 2.347E-07 2.015E-07 1.891E-07 1.624E-07 1.357E-07 1.036E-07 7.917E-08 5.683E-08 5.364E-08 6.502E-08 4.865E-08 2.536E-08 2.218E-08 2.663E-08 3.338E-08 3.755E-08 3.459E-08 2.943E-08 3.247E-08 3.544E-08 2.878E-08 1.720E-08 1.572E-08 1.678E-08 1.116E-08 1.059E-08 1.016E-08 9.519E-09 9.282E-09 9.197E-09 1.074E-08 8.208E-09 7.513E-09 5.494E-09 4.870E-09 3.902E-09 3.065E-09 2.063E-09 1.578E-09 8.672E-10 5.389E-10
  1.420E+02  2.832E-06 2.594E-06 2.336E-06 2.075E-06 1.861E-06 1.693E-06 1.541E-06 1.412E-06 1.303E-06 1.210E-06 1.122E-06 1.046E-06 9.217E-07 8.187E-07 6.280E-07 5.046E-07 4.073E-07 3.329E-07 1.925E-07 2.067E-07 2.365E-07 2.033E-07 1.909E-07 1.640E-07 1.370E-07 1.047E-07 8.005E-08 5.748E-08 5.427E-08 6.580E-08 4.926E-08 2.569E-08 2.248E-08 2.699E-08 3.385E-08 3.808E-08 3.508E-08 2.985E-08 3.294E-08 3.596E-08 2.921E-08 1.745E-08 1.596E-08 1.704E-08 1.134E-08 1.076E-08 1.032E-08 9.678E-09 9.438E-09 9.356E-09 1.093E-08 8.351E-09 7.645E-09 5.593E-09 4.959E-09 3.973E-09 3.122E-09 2.102E-09 1.608E-09 8.842E-10 5.496E-10
  1.440E+02  3.115E-06 2.802E-06 2.504E-06 2.201E-06 1.962E-06 1.779E-06 1.612E-06 1.474E-06 1.355E-06 1.255E-06 1.161E-06 1.080E-06 9.482E-07 8.398E-07 6.406E-07 5.129E-07 4.132E-07 3.372E-07 1.945E-07 2.082E-07 2.384E-07 2.051E-07 1.927E-07 1.656E-07 1.384E-07 1.058E-07 8.094E-08 5.813E-08 5.489E-08 6.659E-08 4.986E-08 2.601E-08 2.277E-08 2.735E-08 3.430E-08 3.860E-08 3.557E-08 3.027E-08 3.340E-08 3.647E-08 2.963E-08 1.771E-08 1.619E-08 1.729E-08 1.151E-08 1.093E-08 1.049E-08 9.835E-09 9.592E-09 9.512E-09 1.111E-08 8.492E-09 7.775E-09 5.689E-09 5.046E-09 4.044E-09 3.179E-09 2.141E-09 1.638E-09 9.010E-10 5.602E-10
  1.460E+02  3.452E-06 3.033E-06 2.683E-06 2.339E-06 2.072E-06 1.876E-06 1.690E-06 1.538E-06 1.411E-06 1.302E-06 1.203E-06 1.116E-06 9.771E-07 8.623E-07 6.541E-07 5.220E-07 4.195E-07 3.418E-07 1.967E-07 2.097E-07 2.404E-07 2.070E-07 1.945E-07 1.673E-07 1.399E-07 1.069E-07 8.183E-08 5.877E-08 5.551E-08 6.736E-08 5.046E-08 2.632E-08 2.305E-08 2.769E-08 3.475E-08 3.911E-08 3.604E-08 3.068E-08 3.386E-08 3.697E-08 3.004E-08 1.796E-08 1.642E-08 1.754E-08 1.168E-08 1.110E-08 1.065E-08 9.988E-09 9.742E-09 9.665E-09 1.129E-08 8.631E-09 7.902E-09 5.784E-09 5.131E-09 4.112E-09 3.234E-09 2.179E-09 1.667E-09 9.173E-10 5.705E-10
  1.480E+02  3.802E-06 3.292E-06 2.863E-06 2.491E-06 2.187E-06 1.975E-06 1.776E-06 1.606E-06 1.469E-06 1.354E-06 1.247E-06 1.154E-06 1.007E-06 8.858E-07 6.683E-07 5.315E-07 4.261E-07 3.466E-07 1.990E-07 2.112E-07 2.424E-07 2.090E-07 1.964E-07 1.690E-07 1.413E-07 1.081E-07 8.271E-08 5.940E-08 5.612E-08 6.812E-08 5.104E-08 2.663E-08 2.333E-08 2.803E-08 3.518E-08 3.960E-08 3.651E-08 3.107E-08 3.430E-08 3.746E-08 3.044E-08 1.820E-08 1.665E-08 1.779E-08 1.185E-08 1.125E-08 1.080E-08 1.014E-08 9.888E-09 9.813E-09 1.147E-08 8.765E-09 8.026E-09 5.876E-09 5.214E-09 4.179E-09 3.287E-09 2.215E-09 1.695E-09 9.333E-10 5.806E-10
  1.500E+02  4.134E-06 3.584E-06 3.044E-06 2.649E-06 2.311E-06 2.071E-06 1.860E-06 1.676E-06 1.531E-06 1.407E-06 1.292E-06 1.193E-06 1.038E-06 9.101E-07 6.831E-07 5.414E-07 4.330E-07 3.516E-07 2.013E-07 2.127E-07 2.444E-07 2.109E-07 1.982E-07 1.706E-07 1.427E-07 1.092E-07 8.357E-08 6.002E-08 5.671E-08 6.887E-08 5.161E-08 2.693E-08 2.360E-08 2.836E-08 3.561E-08 4.008E-08 3.696E-08 3.146E-08 3.473E-08 3.794E-08 3.083E-08 1.844E-08 1.687E-08 1.802E-08 1.201E-08 1.141E-08 1.096E-08 1.028E-08 1.003E-08 9.957E-09 1.164E-08 8.896E-09 8.146E-09 5.965E-09 5.294E-09 4.244E-09 3.339E-09 2.251E-09 1.723E-09 9.487E-10 5.903E-10
  1.520E+02  4.487E-06 3.865E-06 3.240E-06 2.797E-06 2.439E-06 2.167E-06 1.939E-06 1.748E-06 1.594E-06 1.461E-06 1.338E-06 1.233E-06 1.069E-06 9.349E-07 6.982E-07 5.515E-07 4.401E-07 3.567E-07 2.036E-07 2.142E-07 2.465E-07 2.128E-07 2.001E-07 1.723E-07 1.441E-07 1.103E-07 8.442E-08 6.062E-08 5.728E-08 6.959E-08 5.217E-08 2.722E-08 2.385E-08 2.868E-08 3.601E-08 4.055E-08 3.739E-08 3.183E-08 3.515E-08 3.840E-08 3.120E-08 1.866E-08 1.708E-08 1.825E-08 1.217E-08 1.156E-08 1.110E-08 1.042E-08 1.017E-08 1.009E-08 1.180E-08 9.021E-09 8.261E-09 6.051E-09 5.371E-09 4.306E-09 3.389E-09 2.285E-09 1.749E-09 9.635E-10 5.996E-10
  1.540E+02  4.916E-06 4.099E-06 3.451E-06 2.929E-06 2.551E-06 2.265E-06 2.016E-06 1.818E-06 1.651E-06 1.511E-06 1.383E-06 1.272E-06 1.099E-06 9.596E-07 7.132E-07 5.616E-07 4.472E-07 3.618E-07 2.060E-07 2.157E-07 2.485E-07 2.147E-07 2.019E-07 1.740E-07 1.455E-07 1.113E-07 8.523E-08 6.120E-08 5.783E-08 7.028E-08 5.270E-08 2.750E-08 2.410E-08 2.898E-08 3.640E-08 4.099E-08 3.780E-08 3.219E-08 3.554E-08 3.884E-08 3.156E-08 1.888E-08 1.728E-08 1.847E-08 1.231E-08 1.170E-08 1.124E-08 1.055E-08 1.029E-08 1.023E-08 1.196E-08 9.141E-09 8.372E-09 6.133E-09 5.445E-09 4.366E-09 3.437E-09 2.317E-09 1.774E-09 9.776E-10 6.085E-10
  1.560E+02  5.359E-06 4.324E-06 3.656E-06 3.060E-06 2.647E-06 2.359E-06 2.095E-06 1.882E-06 1.703E-06 1.557E-06 1.424E-06 1.310E-06 1.129E-06 9.832E-07 7.278E-07 5.716E-07 4.543E-07 3.670E-07 2.083E-07 2.171E-07 2.504E-07 2.166E-07 2.037E-07 1.756E-07 1.468E-07 1.123E-07 8.602E-08 6.175E-08 5.836E-08 7.094E-08 5.321E-08 2.776E-08 2.433E-08 2.927E-08 3.677E-08 4.141E-08 3.820E-08 3.252E-08 3.592E-08 3.926E-08 3.190E-08 1.909E-08 1.746E-08 1.867E-08 1.245E-08 1.183E-08 1.137E-08 1.068E-08 1.042E-08 1.035E-08 1.211E-08 9.254E-09 8.476E-09 6.210E-09 5.515E-09 4.422E-09 3.482E-09 2.348E-09 1.798E-09 9.909E-10 6.170E-10
  1.580E+02  5.750E-06 4.566E-06 3.837E-06 3.185E-06 2.739E-06 2.444E-06 2.162E-06 1.939E-06 1.751E-06 1.598E-06 1.460E-06 1.343E-06 1.155E-06 1.004E-06 7.414E-07 5.813E-07 4.613E-07 3.721E-07 2.106E-07 2.185E-07 2.523E-07 2.183E-07 2.054E-07 1.771E-07 1.481E-07 1.133E-07 8.676E-08 6.228E-08 5.885E-08 7.157E-08 5.369E-08 2.801E-08 2.455E-08 2.953E-08 3.711E-08 4.180E-08 3.857E-08 3.284E-08 3.627E-08 3.965E-08 3.223E-08 1.928E-08 1.764E-08 1.887E-08 1.258E-08 1.196E-08 1.150E-08 1.080E-08 1.053E-08 1.047E-08 1.224E-08 9.361E-09 8.574E-09 6.283E-09 5.580E-09 4.475E-09 3.524E-09 2.377E-09 1.820E-09 1.003E-09 6.249E-10
  1.600E+02  6.069E-06 4.778E-06 3.981E-06 3.292E-06 2.827E-06 2.510E-06 2.214E-06 1.984E-06 1.790E-06 1.632E-06 1.489E-06 1.369E-06 1.176E-06 1.022E-06 7.536E-07 5.903E-07 4.679E-07 3.770E-07 2.129E-07 2.198E-07 2.541E-07 2.200E-07 2.071E-07 1.786E-07 1.493E-07 1.142E-07 8.746E-08 6.277E-08 5.931E-08 7.215E-08 5.413E-08 2.824E-08 2.476E-08 2.978E-08 3.743E-08 4.217E-08 3.891E-08 3.313E-08 3.660E-08 4.001E-08 3.252E-08 1.946E-08 1.781E-08 1.905E-08 1.271E-08 1.208E-08 1.161E-08 1.090E-08 1.064E-08 1.058E-08 1.237E-08 9.460E-09 8.665E-09 6.351E-09 5.641E-09 4.524E-09 3.563E-09 2.404E-09 1.841E-09 1.015E-09 6.322E-10
  1.620E+02  6.250E-06 4.947E-06 4.071E-06 3.374E-06 2.894E-06 2.547E-06 2.248E-06 2.012E-06 1.817E-06 1.655E-06 1.509E-06 1.384E-06 1.190E-06 1.035E-06 7.639E-07 5.983E-07 4.742E-07 3.817E-07 2.150E-07 2.210E-07 2.558E-07 2.217E-07 2.086E-07 1.799E-07 1.505E-07 1.151E-07 8.812E-08 6.322E-08 5.974E-08 7.270E-08 5.455E-08 2.845E-08 2.495E-08 3.001E-08 3.773E-08 4.251E-08 3.923E-08 3.340E-08 3.690E-08 4.035E-08 3.280E-08 1.962E-08 1.796E-08 1.921E-08 1.282E-08 1.218E-08 1.172E-08 1.101E-08 1.074E-08 1.068E-08 1.249E-08 9.551E-09 8.749E-09 6.413E-09 5.697E-09 4.569E-09 3.600E-09 2.429E-09 1.860E-09 1.026E-09 6.390E-10
  1.640E+02  6.307E-06 5.042E-06 4.089E-06 3.396E-06 2.911E-06 2.546E-06 2.249E-06 2.015E-06 1.820E-06 1.659E-06 1.513E-06 1.388E-06 1.195E-06 1.042E-06 7.719E-07 6.054E-07 4.799E-07 3.861E-07 2.171E-07 2.221E-07 2.574E-07 2.232E-07 2.101E-07 1.812E-07 1.515E-07 1.159E-07 8.871E-08 6.364E-08 6.012E-08 7.319E-08 5.493E-08 2.865E-08 2.512E-08 3.022E-08 3.800E-08 4.282E-08 3.952E-08 3.365E-08 3.718E-08 4.066E-08 3.305E-08 1.977E-08 1.810E-08 1.936E-08 1.292E-08 1.228E-08 1.181E-08 1.110E-08 1.083E-08 1.077E-08 1.260E-08 9.634E-09 8.826E-09 6.470E-09 5.748E-09 4.610E-09 3.632E-09 2.451E-09 1.878E-09 1.036E-09 6.451E-10
  1.660E+02  6.286E-06 4.938E-06 4.024E-06 3.319E-06 2.844E-06 2.501E-06 2.206E-06 1.981E-06 1.791E-06 1.637E-06 1.497E-06 1.379E-06 1.192E-06 1.043E-06 7.774E-07 6.113E-07 4.850E-07 3.902E-07 2.190E-07 2.232E-07 2.589E-07 2.246E-07 2.114E-07 1.824E-07 1.525E-07 1.166E-07 8.926E-08 6.401E-08 6.047E-08 7.363E-08 5.527E-08 2.882E-08 2.527E-08 3.041E-08 3.824E-08 4.309E-08 3.977E-08 3.387E-08 3.742E-08 4.093E-08 3.327E-08 1.991E-08 1.822E-08 1.950E-08 1.301E-08 1.237E-08 1.190E-08 1.118E-08 1.091E-08 1.085E-08 1.269E-08 9.708E-09 8.894E-09 6.521E-09 5.793E-09 4.647E-09 3.662E-09 2.472E-09 1.893E-09 1.044E-09 6.506E-10
  1.680E+02  6.035E-06 4.579E-06 3.839E-06 3.132E-06 2.687E-06 2.397E-06 2.117E-06 1.909E-06 1.731E-06 1.590E-06 1.464E-06 1.357E-06 1.180E-06 1.039E-06 7.810E-07 6.166E-07 4.898E-07 3.940E-07 2.207E-07 2.241E-07 2.602E-07 2.258E-07 2.126E-07 1.835E-07 1.534E-07 1.172E-07 8.974E-08 6.434E-08 6.078E-08 7.402E-08 5.557E-08 2.897E-08 2.540E-08 3.057E-08 3.845E-08 4.333E-08 4.000E-08 3.406E-08 3.764E-08 4.117E-08 3.347E-08 2.003E-08 1.833E-08 1.961E-08 1.309E-08 1.244E-08 1.197E-08 1.125E-08 1.098E-08 1.092E-08 1.278E-08 9.773E-09 8.954E-09 6.565E-09 5.833E-09 4.679E-09 3.688E-09 2.489E-09 1.907E-09 1.052E-09 6.555E-10
  1.700E+02  5.513E-06 4.107E-06 3.529E-06 2.857E-06 2.478E-06 2.241E-06 1.995E-06 1.817E-06 1.658E-06 1.535E-06 1.423E-06 1.330E-06 1.166E-06 1.034E-06 7.845E-07 6.217E-07 4.943E-07 3.975E-07 2.223E-07 2.249E-07 2.614E-07 2.269E-07 2.137E-07 1.844E-07 1.541E-07 1.178E-07 9.015E-08 6.462E-08 6.104E-08 7.436E-08 5.582E-08 2.910E-08 2.552E-08 3.071E-08 3.863E-08 4.354E-08 4.019E-08 3.423E-08 3.782E-08 4.137E-08 3.364E-08 2.013E-08 1.842E-08 1.971E-08 1.316E-08 1.251E-08 1.204E-08 1.131E-08 1.104E-08 1.098E-08 1.285E-08 9.829E-09 9.005E-09 6.603E-09 5.867E-09 4.707E-09 3.710E-09 2.504E-09 1.918E-09 1.058E-09 6.596E-10
  1.720E+02  4.956E-06 3.744E-06 3.180E-06 2.605E-06 2.301E-06 2.099E-06 1.892E-06 1.745E-06 1.608E-06 1.499E-06 1.397E-06 1.313E-06 1.160E-06 1.034E-06 7.905E-07 6.276E-07 4.990E-07 4.010E-07 2.238E-07 2.255E-07 2.623E-07 2.278E-07 2.146E-07 1.852E-07 1.547E-07 1.182E-07 9.049E-08 6.485E-08 6.126E-08 7.464E-08 5.604E-08 2.921E-08 2.561E-08 3.083E-08 3.878E-08 4.371E-08 4.035E-08 3.436E-08 3.797E-08 4.154E-08 3.378E-08 2.021E-08 1.850E-08 1.980E-08 1.321E-08 1.256E-08 1.209E-08 1.136E-08 1.108E-08 1.103E-08 1.291E-08 9.875E-09 9.047E-09 6.634E-09 5.895E-09 4.730E-09 3.728E-09 2.517E-09 1.928E-09 1.064E-09 6.630E-10
  1.740E+02  4.700E-06 3.613E-06 3.024E-06 2.552E-06 2.263E-06 2.072E-06 1.884E-06 1.743E-06 1.616E-06 1.512E-06 1.411E-06 1.324E-06 1.176E-06 1.048E-06 8.014E-07 6.352E-07 5.041E-07 4.044E-07 2.250E-07 2.260E-07 2.631E-07 2.286E-07 2.153E-07 1.858E-07 1.553E-07 1.186E-07 9.076E-08 6.504E-08 6.143E-08 7.485E-08 5.620E-08 2.929E-08 2.568E-08 3.092E-08 3.889E-08 4.384E-08 4.048E-08 3.447E-08 3.809E-08 4.168E-08 3.389E-08 2.027E-08 1.856E-08 1.986E-08 1.326E-08 1.261E-08 1.213E-08 1.140E-08 1.112E-08 1.107E-08 1.296E-08 9.911E-09 9.080E-09 6.659E-09 5.917E-09 4.747E-09 3.742E-09 2.526E-09 1.936E-09 1.068E-09 6.656E-10
  1.760E+02  5.033E-06 3.842E-06 3.270E-06 2.770E-06 2.428E-06 2.220E-06 2.010E-06 1.838E-06 1.698E-06 1.581E-06 1.470E-06 1.373E-06 1.215E-06 1.077E-06 8.164E-07 6.439E-07 5.092E-07 4.075E-07 2.260E-07 2.264E-07 2.637E-07 2.291E-07 2.158E-07 1.863E-07 1.556E-07 1.189E-07 9.096E-08 6.517E-08 6.155E-08 7.501E-08 5.632E-08 2.935E-08 2.574E-08 3.098E-08 3.897E-08 4.394E-08 4.057E-08 3.455E-08 3.818E-08 4.177E-08 3.396E-08 2.032E-08 1.860E-08 1.991E-08 1.329E-08 1.264E-08 1.216E-08 1.143E-08 1.115E-08 1.110E-08 1.299E-08 9.936E-09 9.104E-09 6.676E-09 5.933E-09 4.760E-09 3.752E-09 2.533E-09 1.941E-09 1.071E-09 6.675E-10
  1.780E+02  5.998E-06 4.556E-06 3.808E-06 3.174E-06 2.738E-06 2.473E-06 2.211E-06 1.988E-06 1.816E-06 1.677E-06 1.548E-06 1.436E-06 1.261E-06 1.108E-06 8.308E-07 6.515E-07 5.133E-07 4.098E-07 2.267E-07 2.266E-07 2.640E-07 2.295E-07 2.161E-07 1.866E-07 1.559E-07 1.190E-07 9.108E-08 6.525E-08 6.162E-08 7.510E-08 5.639E-08 2.939E-08 2.577E-08 3.102E-08 3.902E-08 4.399E-08 4.062E-08 3.459E-08 3.823E-08 4.183E-08 3.401E-08 2.035E-08 1.862E-08 1.994E-08 1.331E-08 1.265E-08 1.218E-08 1.145E-08 1.117E-08 1.111E-08 1.301E-08 9.952E-09 9.118E-09 6.687E-09 5.942E-09 4.768E-09 3.758E-09 2.538E-09 1.944E-09 1.073E-09 6.687E-10
  1.800E+02  6.796E-06 5.105E-06 4.142E-06 3.420E-06 2.920E-06 2.612E-06 2.320E-06 2.068E-06 1.878E-06 1.725E-06 1.585E-06 1.466E-06 1.282E-06 1.122E-06 8.369E-07 6.546E-07 5.148E-07 4.107E-07 2.269E-07 2.267E-07 2.641E-07 2.296E-07 2.162E-07 1.867E-07 1.559E-07 1.191E-07 9.112E-08 6.528E-08 6.165E-08 7.513E-08 5.642E-08 2.940E-08 2.578E-08 3.103E-08 3.904E-08 4.401E-08 4.064E-08 3.461E-08 3.825E-08 4.185E-08 3.403E-08 2.036E-08 1.863E-08 1.995E-08 1.331E-08 1.266E-08 1.218E-08 1.145E-08 1.117E-08 1.112E-08 1.302E-08 9.957E-09 9.123E-09 6.690E-09 5.945E-09 4.770E-09 3.760E-09 2.539E-09 1.945E-09 1.074E-09 6.691E-10
