# sulfate (95%)       
#
# size distribution: lognormal
# ------------------
#
#   minimum radius, [um]:      9.600E-03
#   maximum radius, [um]:      5.020E+01
#                  sigma:      2.030E+00
#       Rmod (wet), [um]:      1.580E-01
#       Rmod (dry), [um]:      6.950E-02
#
# optical parameters:
# -------------------
#
# wavelength ext.coef  sca.coef  abs.coef  si.sc.alb  asym.par  ext.nor    ref.real  ref.imag
#     [um]     [1/km]    [1/km]    [1/km]
#
#  2.500E-01 5.537E-04 5.537E-04 5.280E-10 1.000E+00 0.771E+00 1.047E+00  1.372E+00 -3.150E-08
#  3.000E-01 5.659E-04 5.659E-04 4.048E-10 1.000E+00 0.780E+00 1.070E+00  1.359E+00 -1.549E-08
#  3.500E-01 5.701E-04 5.701E-04 2.379E-10 1.000E+00 0.785E+00 1.078E+00  1.352E+00 -6.798E-09
#  4.000E-01 5.666E-04 5.666E-04 0.000E+00 1.000E+00 0.789E+00 1.072E+00  1.348E+00 -2.553E-09
#  4.500E-01 5.580E-04 5.580E-04 0.000E+00 1.000E+00 0.792E+00 1.055E+00  1.345E+00 -1.784E-09
#  5.000E-01 5.447E-04 5.447E-04 1.299E-10 1.000E+00 0.794E+00 1.030E+00  1.343E+00 -1.766E-09
#  5.500E-01 5.288E-04 5.288E-04 1.261E-10 1.000E+00 0.795E+00 1.000E+00  1.341E+00 -2.644E-09
#  6.000E-01 5.114E-04 5.114E-04 6.096E-11 1.000E+00 0.795E+00 9.671E-01  1.340E+00 -1.122E-08
#  6.500E-01 4.924E-04 4.924E-04 1.761E-10 1.000E+00 0.795E+00 9.313E-01  1.339E+00 -1.643E-08
#  7.000E-01 4.735E-04 4.735E-04 2.258E-10 1.000E+00 0.794E+00 8.955E-01  1.339E+00 -3.239E-08
#  7.500E-01 4.535E-04 4.535E-04 5.676E-10 1.000E+00 0.793E+00 8.577E-01  1.338E+00 -1.488E-07
#  8.000E-01 4.334E-04 4.334E-04 4.908E-10 1.000E+00 0.792E+00 8.197E-01  1.337E+00 -1.217E-07
#  9.000E-01 3.953E-04 3.953E-04 1.602E-09 1.000E+00 0.788E+00 7.476E-01  1.336E+00 -4.663E-07
#  1.000E+00 3.593E-04 3.593E-04 8.631E-09 1.000E+00 0.784E+00 6.795E-01  1.335E+00 -2.774E-06
#  1.250E+00 2.800E-04 2.800E-04 2.041E-08 9.999E-01 0.773E+00 5.295E-01  1.331E+00 -8.550E-06
#  1.500E+00 2.198E-04 2.195E-04 3.695E-07 9.983E-01 0.759E+00 4.157E-01  1.328E+00 -1.932E-04
#  1.750E+00 1.697E-04 1.695E-04 2.005E-07 9.988E-01 0.746E+00 3.210E-01  1.320E+00 -1.269E-04
#  2.000E+00 1.327E-04 1.312E-04 1.480E-06 9.889E-01 0.732E+00 2.510E-01  1.313E+00 -1.114E-03
#  2.500E+00 6.931E-05 6.745E-05 1.863E-06 9.731E-01 0.713E+00 1.311E-01  1.268E+00 -1.912E-03
#  3.000E+00 1.868E-04 5.330E-05 1.335E-04 2.853E-01 0.603E+00 3.533E-01  1.364E+00 -2.570E-01
#  3.200E+00 1.394E-04 7.704E-05 6.234E-05 5.528E-01 0.609E+00 2.636E-01  1.464E+00 -9.603E-02
#  3.390E+00 9.220E-05 6.867E-05 2.353E-05 7.448E-01 0.613E+00 1.744E-01  1.417E+00 -3.461E-02
#  3.500E+00 7.691E-05 6.220E-05 1.471E-05 8.088E-01 0.611E+00 1.455E-01  1.398E+00 -2.205E-02
#  3.750E+00 5.783E-05 4.900E-05 8.822E-06 8.474E-01 0.604E+00 1.094E-01  1.371E+00 -1.435E-02
#  4.000E+00 4.731E-05 3.892E-05 8.397E-06 8.225E-01 0.594E+00 8.948E-02  1.354E+00 -1.493E-02
#  4.500E+00 3.716E-05 2.642E-05 1.074E-05 7.110E-01 0.568E+00 7.028E-02  1.337E+00 -2.247E-02
#  5.000E+00 2.872E-05 1.961E-05 9.108E-06 6.828E-01 0.543E+00 5.431E-02  1.328E+00 -2.164E-02
#  5.500E+00 2.275E-05 1.300E-05 9.751E-06 5.713E-01 0.519E+00 4.302E-02  1.301E+00 -2.619E-02
#  6.000E+00 4.440E-05 8.404E-06 3.599E-05 1.893E-01 0.470E+00 8.396E-02  1.279E+00 -1.145E-01
#  6.200E+00 4.177E-05 1.271E-05 2.905E-05 3.044E-01 0.467E+00 7.899E-02  1.368E+00 -9.455E-02
#  6.500E+00 2.448E-05 1.036E-05 1.412E-05 4.233E-01 0.468E+00 4.630E-02  1.342E+00 -4.676E-02
#  7.200E+00 1.825E-05 6.298E-06 1.195E-05 3.451E-01 0.441E+00 3.451E-02  1.303E+00 -4.435E-02
#  7.900E+00 2.157E-05 4.145E-06 1.742E-05 1.922E-01 0.406E+00 4.079E-02  1.281E+00 -7.255E-02
#  8.200E+00 2.364E-05 3.694E-06 1.995E-05 1.562E-01 0.392E+00 4.472E-02  1.279E+00 -8.701E-02
#  8.500E+00 2.498E-05 3.519E-06 2.147E-05 1.409E-01 0.380E+00 4.725E-02  1.286E+00 -9.783E-02
#  8.700E+00 2.490E-05 3.474E-06 2.143E-05 1.395E-01 0.373E+00 4.709E-02  1.294E+00 -1.004E-01
#  9.000E+00 2.183E-05 3.166E-06 1.866E-05 1.451E-01 0.367E+00 4.128E-02  1.295E+00 -9.038E-02
#  9.200E+00 2.055E-05 2.780E-06 1.777E-05 1.353E-01 0.361E+00 3.887E-02  1.284E+00 -8.784E-02
#  9.500E+00 2.283E-05 2.487E-06 2.034E-05 1.090E-01 0.348E+00 4.317E-02  1.279E+00 -1.045E-01
#  9.800E+00 2.151E-05 2.380E-06 1.913E-05 1.106E-01 0.341E+00 4.069E-02  1.287E+00 -1.017E-01
#  1.000E+01 1.787E-05 2.058E-06 1.581E-05 1.152E-01 0.339E+00 3.379E-02  1.275E+00 -8.520E-02
#  1.060E+01 1.722E-05 1.221E-06 1.600E-05 7.090E-02 0.318E+00 3.256E-02  1.225E+00 -9.060E-02
#  1.100E+01 2.304E-05 9.867E-07 2.206E-05 4.282E-02 0.297E+00 4.358E-02  1.197E+00 -1.298E-01
#  1.150E+01 2.712E-05 9.432E-07 2.617E-05 3.478E-02 0.279E+00 5.128E-02  1.191E+00 -1.617E-01
#  1.250E+01 3.865E-05 1.042E-06 3.761E-05 2.696E-02 0.242E+00 7.309E-02  1.176E+00 -2.538E-01
#  1.300E+01 4.296E-05 1.182E-06 4.178E-05 2.751E-02 0.229E+00 8.125E-02  1.192E+00 -2.956E-01
#  1.400E+01 4.686E-05 1.380E-06 4.548E-05 2.944E-02 0.211E+00 8.862E-02  1.247E+00 -3.551E-01
#  1.480E+01 4.648E-05 1.399E-06 4.508E-05 3.010E-02 0.200E+00 8.790E-02  1.288E+00 -3.797E-01
#  1.500E+01 4.636E-05 1.398E-06 4.496E-05 3.015E-02 0.198E+00 8.767E-02  1.297E+00 -3.857E-01
#  1.640E+01 4.511E-05 1.364E-06 4.375E-05 3.025E-02 0.182E+00 8.531E-02  1.361E+00 -4.259E-01
#  1.720E+01 4.328E-05 1.366E-06 4.191E-05 3.157E-02 0.176E+00 8.185E-02  1.415E+00 -4.427E-01
#  1.800E+01 3.570E-05 1.207E-06 3.449E-05 3.381E-02 0.178E+00 6.751E-02  1.468E+00 -3.932E-01
#  1.850E+01 3.386E-05 1.137E-06 3.272E-05 3.358E-02 0.175E+00 6.404E-02  1.484E+00 -3.877E-01
#  2.000E+01 2.861E-05 8.982E-07 2.771E-05 3.140E-02 0.167E+00 5.410E-02  1.509E+00 -3.616E-01
#  2.130E+01 2.727E-05 7.521E-07 2.652E-05 2.758E-02 0.157E+00 5.157E-02  1.516E+00 -3.716E-01
#  2.250E+01 2.332E-05 6.293E-07 2.269E-05 2.699E-02 0.153E+00 4.410E-02  1.537E+00 -3.412E-01
#  2.500E+01 2.046E-05 4.690E-07 1.999E-05 2.292E-02 0.139E+00 3.869E-02  1.565E+00 -3.427E-01
#  2.790E+01 1.706E-05 3.237E-07 1.673E-05 1.898E-02 0.126E+00 3.225E-02  1.581E+00 -3.255E-01
#  3.000E+01 1.526E-05 2.479E-07 1.501E-05 1.625E-02 0.117E+00 2.885E-02  1.582E+00 -3.154E-01
#  3.500E+01 1.343E-05 1.370E-07 1.329E-05 1.021E-02 0.957E-01 2.539E-02  1.563E+00 -3.236E-01
#  4.000E+01 1.346E-05 8.733E-08 1.337E-05 6.489E-03 0.784E-01 2.545E-02  1.551E+00 -3.710E-01
#
# volume phase function [1/km]:
# -----------------------------
#
# sca.ang. | wavelengths --->
# ---------|------------------
#          | 2.500E-01 3.000E-01 3.500E-01 4.000E-01 4.500E-01 5.000E-01 5.500E-01 6.000E-01 6.500E-01 7.000E-01 7.500E-01 8.000E-01 9.000E-01 1.000E+00 1.250E+00 1.500E+00 1.750E+00 2.000E+00 2.500E+00 3.000E+00 3.200E+00 3.390E+00 3.500E+00 3.750E+00 4.000E+00 4.500E+00 5.000E+00 5.500E+00 6.000E+00 6.200E+00 6.500E+00 7.200E+00 7.900E+00 8.200E+00 8.500E+00 8.700E+00 9.000E+00 9.200E+00 9.500E+00 9.800E+00 1.000E+01 1.060E+01 1.100E+01 1.150E+01 1.250E+01 1.300E+01 1.400E+01 1.480E+01 1.500E+01 1.640E+01 1.720E+01 1.800E+01 1.850E+01 2.000E+01 2.130E+01 2.250E+01 2.500E+01 2.790E+01 3.000E+01 3.500E+01 4.000E+01
#
  0.000E+00  7.230E-03 5.291E-03 4.121E-03 3.352E-03 2.794E-03 2.368E-03 2.055E-03 1.806E-03 1.598E-03 1.423E-03 1.276E-03 1.148E-03 9.435E-04 7.869E-04 5.173E-04 3.534E-04 2.468E-04 1.747E-04 8.250E-05 4.101E-05 5.434E-05 4.941E-05 4.491E-05 3.486E-05 2.688E-05 1.679E-05 1.149E-05 7.140E-06 3.961E-06 5.673E-06 4.687E-06 2.670E-06 1.592E-06 1.357E-06 1.241E-06 1.198E-06 1.070E-06 9.266E-07 7.977E-07 7.459E-07 6.434E-07 3.635E-07 2.769E-07 2.505E-07 2.480E-07 2.698E-07 2.962E-07 2.899E-07 2.873E-07 2.663E-07 2.607E-07 2.297E-07 2.143E-07 1.651E-07 1.343E-07 1.109E-07 7.949E-08 5.296E-08 3.962E-08 2.079E-08 1.268E-08
  1.000E-01  7.219E-03 5.286E-03 4.118E-03 3.350E-03 2.793E-03 2.368E-03 2.054E-03 1.806E-03 1.597E-03 1.423E-03 1.275E-03 1.148E-03 9.434E-04 7.868E-04 5.173E-04 3.533E-04 2.468E-04 1.747E-04 8.250E-05 4.101E-05 5.434E-05 4.941E-05 4.491E-05 3.486E-05 2.688E-05 1.679E-05 1.149E-05 7.140E-06 3.961E-06 5.673E-06 4.687E-06 2.670E-06 1.592E-06 1.357E-06 1.241E-06 1.198E-06 1.070E-06 9.266E-07 7.977E-07 7.459E-07 6.434E-07 3.635E-07 2.769E-07 2.505E-07 2.480E-07 2.698E-07 2.962E-07 2.899E-07 2.873E-07 2.663E-07 2.607E-07 2.297E-07 2.143E-07 1.651E-07 1.343E-07 1.109E-07 7.949E-08 5.296E-08 3.962E-08 2.079E-08 1.268E-08
  2.000E-01  7.184E-03 5.268E-03 4.108E-03 3.344E-03 2.789E-03 2.365E-03 2.052E-03 1.804E-03 1.596E-03 1.422E-03 1.275E-03 1.148E-03 9.431E-04 7.866E-04 5.172E-04 3.533E-04 2.467E-04 1.747E-04 8.249E-05 4.101E-05 5.433E-05 4.941E-05 4.490E-05 3.486E-05 2.688E-05 1.679E-05 1.148E-05 7.140E-06 3.961E-06 5.673E-06 4.687E-06 2.670E-06 1.592E-06 1.357E-06 1.241E-06 1.198E-06 1.070E-06 9.266E-07 7.977E-07 7.459E-07 6.434E-07 3.635E-07 2.769E-07 2.505E-07 2.480E-07 2.698E-07 2.962E-07 2.899E-07 2.873E-07 2.663E-07 2.607E-07 2.297E-07 2.143E-07 1.651E-07 1.343E-07 1.109E-07 7.949E-08 5.296E-08 3.962E-08 2.079E-08 1.268E-08
  3.000E-01  7.128E-03 5.240E-03 4.093E-03 3.335E-03 2.783E-03 2.361E-03 2.049E-03 1.802E-03 1.595E-03 1.421E-03 1.274E-03 1.147E-03 9.427E-04 7.863E-04 5.170E-04 3.532E-04 2.467E-04 1.747E-04 8.248E-05 4.101E-05 5.433E-05 4.940E-05 4.490E-05 3.485E-05 2.688E-05 1.679E-05 1.148E-05 7.139E-06 3.961E-06 5.673E-06 4.687E-06 2.670E-06 1.592E-06 1.357E-06 1.241E-06 1.198E-06 1.070E-06 9.266E-07 7.976E-07 7.459E-07 6.434E-07 3.635E-07 2.769E-07 2.505E-07 2.480E-07 2.698E-07 2.962E-07 2.899E-07 2.873E-07 2.663E-07 2.607E-07 2.297E-07 2.143E-07 1.651E-07 1.343E-07 1.109E-07 7.949E-08 5.296E-08 3.962E-08 2.079E-08 1.268E-08
  4.000E-01  7.053E-03 5.202E-03 4.071E-03 3.321E-03 2.774E-03 2.355E-03 2.045E-03 1.799E-03 1.593E-03 1.419E-03 1.273E-03 1.146E-03 9.420E-04 7.858E-04 5.168E-04 3.531E-04 2.466E-04 1.747E-04 8.246E-05 4.100E-05 5.432E-05 4.940E-05 4.490E-05 3.485E-05 2.688E-05 1.679E-05 1.148E-05 7.139E-06 3.961E-06 5.672E-06 4.687E-06 2.670E-06 1.592E-06 1.357E-06 1.241E-06 1.197E-06 1.070E-06 9.265E-07 7.976E-07 7.458E-07 6.434E-07 3.635E-07 2.769E-07 2.505E-07 2.480E-07 2.698E-07 2.962E-07 2.899E-07 2.873E-07 2.663E-07 2.607E-07 2.297E-07 2.143E-07 1.650E-07 1.343E-07 1.109E-07 7.949E-08 5.296E-08 3.962E-08 2.079E-08 1.268E-08
  5.000E-01  6.963E-03 5.156E-03 4.045E-03 3.305E-03 2.764E-03 2.348E-03 2.040E-03 1.796E-03 1.590E-03 1.417E-03 1.271E-03 1.145E-03 9.411E-04 7.852E-04 5.165E-04 3.530E-04 2.465E-04 1.746E-04 8.244E-05 4.099E-05 5.431E-05 4.939E-05 4.489E-05 3.485E-05 2.687E-05 1.678E-05 1.148E-05 7.138E-06 3.960E-06 5.672E-06 4.686E-06 2.670E-06 1.592E-06 1.357E-06 1.241E-06 1.197E-06 1.070E-06 9.265E-07 7.976E-07 7.458E-07 6.433E-07 3.635E-07 2.769E-07 2.505E-07 2.480E-07 2.698E-07 2.961E-07 2.899E-07 2.873E-07 2.663E-07 2.607E-07 2.297E-07 2.143E-07 1.650E-07 1.343E-07 1.109E-07 7.949E-08 5.296E-08 3.962E-08 2.079E-08 1.268E-08
  6.000E-01  6.858E-03 5.101E-03 4.013E-03 3.285E-03 2.751E-03 2.339E-03 2.034E-03 1.791E-03 1.586E-03 1.415E-03 1.269E-03 1.143E-03 9.401E-04 7.845E-04 5.162E-04 3.528E-04 2.464E-04 1.745E-04 8.241E-05 4.099E-05 5.430E-05 4.938E-05 4.488E-05 3.484E-05 2.687E-05 1.678E-05 1.148E-05 7.137E-06 3.960E-06 5.671E-06 4.686E-06 2.669E-06 1.592E-06 1.357E-06 1.241E-06 1.197E-06 1.070E-06 9.264E-07 7.975E-07 7.457E-07 6.433E-07 3.635E-07 2.768E-07 2.505E-07 2.480E-07 2.698E-07 2.961E-07 2.899E-07 2.873E-07 2.663E-07 2.607E-07 2.297E-07 2.143E-07 1.650E-07 1.343E-07 1.109E-07 7.949E-08 5.296E-08 3.962E-08 2.079E-08 1.268E-08
  7.000E-01  6.743E-03 5.040E-03 3.978E-03 3.263E-03 2.736E-03 2.329E-03 2.027E-03 1.786E-03 1.582E-03 1.412E-03 1.267E-03 1.141E-03 9.388E-04 7.836E-04 5.158E-04 3.526E-04 2.463E-04 1.745E-04 8.238E-05 4.097E-05 5.429E-05 4.937E-05 4.487E-05 3.483E-05 2.687E-05 1.678E-05 1.148E-05 7.136E-06 3.959E-06 5.671E-06 4.685E-06 2.669E-06 1.591E-06 1.357E-06 1.241E-06 1.197E-06 1.070E-06 9.263E-07 7.975E-07 7.457E-07 6.433E-07 3.634E-07 2.768E-07 2.504E-07 2.480E-07 2.698E-07 2.961E-07 2.899E-07 2.873E-07 2.663E-07 2.607E-07 2.297E-07 2.143E-07 1.650E-07 1.343E-07 1.109E-07 7.948E-08 5.296E-08 3.962E-08 2.079E-08 1.268E-08
  8.000E-01  6.619E-03 4.973E-03 3.938E-03 3.238E-03 2.720E-03 2.318E-03 2.019E-03 1.780E-03 1.578E-03 1.408E-03 1.264E-03 1.139E-03 9.374E-04 7.826E-04 5.153E-04 3.523E-04 2.462E-04 1.744E-04 8.235E-05 4.096E-05 5.428E-05 4.936E-05 4.486E-05 3.483E-05 2.686E-05 1.678E-05 1.148E-05 7.135E-06 3.959E-06 5.670E-06 4.685E-06 2.669E-06 1.591E-06 1.357E-06 1.241E-06 1.197E-06 1.070E-06 9.262E-07 7.974E-07 7.456E-07 6.432E-07 3.634E-07 2.768E-07 2.504E-07 2.480E-07 2.697E-07 2.961E-07 2.899E-07 2.872E-07 2.663E-07 2.607E-07 2.297E-07 2.143E-07 1.650E-07 1.343E-07 1.109E-07 7.948E-08 5.296E-08 3.961E-08 2.079E-08 1.268E-08
  9.000E-01  6.487E-03 4.901E-03 3.896E-03 3.211E-03 2.702E-03 2.306E-03 2.010E-03 1.773E-03 1.573E-03 1.404E-03 1.261E-03 1.137E-03 9.358E-04 7.815E-04 5.148E-04 3.521E-04 2.460E-04 1.743E-04 8.231E-05 4.095E-05 5.427E-05 4.935E-05 4.485E-05 3.482E-05 2.685E-05 1.677E-05 1.147E-05 7.133E-06 3.958E-06 5.669E-06 4.684E-06 2.668E-06 1.591E-06 1.357E-06 1.241E-06 1.197E-06 1.070E-06 9.261E-07 7.973E-07 7.455E-07 6.431E-07 3.634E-07 2.768E-07 2.504E-07 2.479E-07 2.697E-07 2.961E-07 2.899E-07 2.872E-07 2.663E-07 2.607E-07 2.297E-07 2.143E-07 1.650E-07 1.343E-07 1.109E-07 7.948E-08 5.295E-08 3.961E-08 2.079E-08 1.268E-08
  1.000E+00  6.350E-03 4.825E-03 3.851E-03 3.181E-03 2.683E-03 2.292E-03 2.001E-03 1.766E-03 1.567E-03 1.400E-03 1.258E-03 1.134E-03 9.341E-04 7.803E-04 5.142E-04 3.518E-04 2.458E-04 1.742E-04 8.226E-05 4.093E-05 5.425E-05 4.933E-05 4.484E-05 3.481E-05 2.685E-05 1.677E-05 1.147E-05 7.132E-06 3.957E-06 5.668E-06 4.683E-06 2.668E-06 1.591E-06 1.356E-06 1.240E-06 1.197E-06 1.070E-06 9.260E-07 7.972E-07 7.455E-07 6.431E-07 3.633E-07 2.768E-07 2.504E-07 2.479E-07 2.697E-07 2.961E-07 2.898E-07 2.872E-07 2.662E-07 2.607E-07 2.296E-07 2.143E-07 1.650E-07 1.343E-07 1.109E-07 7.947E-08 5.295E-08 3.961E-08 2.079E-08 1.268E-08
  1.100E+00  6.210E-03 4.746E-03 3.803E-03 3.150E-03 2.662E-03 2.278E-03 1.990E-03 1.759E-03 1.562E-03 1.395E-03 1.254E-03 1.131E-03 9.322E-04 7.790E-04 5.136E-04 3.514E-04 2.456E-04 1.741E-04 8.221E-05 4.092E-05 5.423E-05 4.932E-05 4.482E-05 3.480E-05 2.684E-05 1.676E-05 1.147E-05 7.130E-06 3.956E-06 5.667E-06 4.682E-06 2.667E-06 1.591E-06 1.356E-06 1.240E-06 1.197E-06 1.070E-06 9.259E-07 7.971E-07 7.454E-07 6.430E-07 3.633E-07 2.767E-07 2.504E-07 2.479E-07 2.697E-07 2.961E-07 2.898E-07 2.872E-07 2.662E-07 2.606E-07 2.296E-07 2.143E-07 1.650E-07 1.343E-07 1.109E-07 7.947E-08 5.295E-08 3.961E-08 2.078E-08 1.268E-08
  1.200E+00  6.067E-03 4.665E-03 3.753E-03 3.118E-03 2.640E-03 2.263E-03 1.979E-03 1.750E-03 1.555E-03 1.390E-03 1.250E-03 1.128E-03 9.301E-04 7.775E-04 5.129E-04 3.511E-04 2.454E-04 1.739E-04 8.216E-05 4.090E-05 5.421E-05 4.930E-05 4.481E-05 3.478E-05 2.683E-05 1.676E-05 1.146E-05 7.128E-06 3.955E-06 5.666E-06 4.681E-06 2.667E-06 1.590E-06 1.356E-06 1.240E-06 1.196E-06 1.069E-06 9.258E-07 7.970E-07 7.453E-07 6.429E-07 3.632E-07 2.767E-07 2.503E-07 2.479E-07 2.697E-07 2.960E-07 2.898E-07 2.872E-07 2.662E-07 2.606E-07 2.296E-07 2.142E-07 1.650E-07 1.343E-07 1.109E-07 7.947E-08 5.295E-08 3.961E-08 2.078E-08 1.268E-08
  1.300E+00  5.922E-03 4.582E-03 3.702E-03 3.084E-03 2.617E-03 2.247E-03 1.967E-03 1.741E-03 1.548E-03 1.385E-03 1.246E-03 1.125E-03 9.279E-04 7.759E-04 5.122E-04 3.507E-04 2.452E-04 1.738E-04 8.210E-05 4.088E-05 5.419E-05 4.928E-05 4.479E-05 3.477E-05 2.682E-05 1.675E-05 1.146E-05 7.126E-06 3.954E-06 5.665E-06 4.680E-06 2.666E-06 1.590E-06 1.356E-06 1.240E-06 1.196E-06 1.069E-06 9.256E-07 7.969E-07 7.452E-07 6.428E-07 3.632E-07 2.767E-07 2.503E-07 2.478E-07 2.696E-07 2.960E-07 2.898E-07 2.871E-07 2.662E-07 2.606E-07 2.296E-07 2.142E-07 1.650E-07 1.343E-07 1.108E-07 7.946E-08 5.294E-08 3.961E-08 2.078E-08 1.268E-08
  1.400E+00  5.777E-03 4.497E-03 3.649E-03 3.049E-03 2.593E-03 2.230E-03 1.955E-03 1.732E-03 1.541E-03 1.380E-03 1.242E-03 1.121E-03 9.255E-04 7.742E-04 5.114E-04 3.502E-04 2.449E-04 1.736E-04 8.203E-05 4.085E-05 5.417E-05 4.926E-05 4.477E-05 3.476E-05 2.681E-05 1.675E-05 1.146E-05 7.124E-06 3.953E-06 5.663E-06 4.679E-06 2.666E-06 1.590E-06 1.355E-06 1.240E-06 1.196E-06 1.069E-06 9.255E-07 7.967E-07 7.450E-07 6.427E-07 3.631E-07 2.766E-07 2.503E-07 2.478E-07 2.696E-07 2.960E-07 2.897E-07 2.871E-07 2.662E-07 2.606E-07 2.296E-07 2.142E-07 1.650E-07 1.343E-07 1.108E-07 7.946E-08 5.294E-08 3.960E-08 2.078E-08 1.268E-08
  1.500E+00  5.632E-03 4.411E-03 3.596E-03 3.012E-03 2.569E-03 2.212E-03 1.942E-03 1.722E-03 1.534E-03 1.374E-03 1.237E-03 1.117E-03 9.230E-04 7.725E-04 5.106E-04 3.498E-04 2.447E-04 1.735E-04 8.196E-05 4.083E-05 5.414E-05 4.924E-05 4.475E-05 3.474E-05 2.680E-05 1.674E-05 1.145E-05 7.121E-06 3.952E-06 5.662E-06 4.678E-06 2.665E-06 1.589E-06 1.355E-06 1.239E-06 1.196E-06 1.069E-06 9.253E-07 7.966E-07 7.449E-07 6.426E-07 3.631E-07 2.766E-07 2.502E-07 2.478E-07 2.696E-07 2.959E-07 2.897E-07 2.871E-07 2.661E-07 2.606E-07 2.296E-07 2.142E-07 1.650E-07 1.343E-07 1.108E-07 7.945E-08 5.294E-08 3.960E-08 2.078E-08 1.268E-08
  1.600E+00  5.488E-03 4.325E-03 3.541E-03 2.976E-03 2.543E-03 2.194E-03 1.929E-03 1.712E-03 1.526E-03 1.368E-03 1.232E-03 1.113E-03 9.203E-04 7.706E-04 5.097E-04 3.493E-04 2.444E-04 1.733E-04 8.189E-05 4.081E-05 5.411E-05 4.921E-05 4.473E-05 3.472E-05 2.678E-05 1.673E-05 1.145E-05 7.119E-06 3.951E-06 5.660E-06 4.677E-06 2.664E-06 1.589E-06 1.355E-06 1.239E-06 1.196E-06 1.069E-06 9.251E-07 7.965E-07 7.448E-07 6.425E-07 3.630E-07 2.765E-07 2.502E-07 2.478E-07 2.695E-07 2.959E-07 2.897E-07 2.871E-07 2.661E-07 2.605E-07 2.295E-07 2.142E-07 1.649E-07 1.342E-07 1.108E-07 7.945E-08 5.293E-08 3.960E-08 2.078E-08 1.268E-08
  1.700E+00  5.345E-03 4.239E-03 3.486E-03 2.938E-03 2.517E-03 2.176E-03 1.915E-03 1.702E-03 1.518E-03 1.361E-03 1.227E-03 1.109E-03 9.175E-04 7.686E-04 5.087E-04 3.488E-04 2.441E-04 1.731E-04 8.181E-05 4.078E-05 5.409E-05 4.919E-05 4.471E-05 3.471E-05 2.677E-05 1.673E-05 1.144E-05 7.116E-06 3.950E-06 5.659E-06 4.675E-06 2.664E-06 1.589E-06 1.354E-06 1.239E-06 1.195E-06 1.068E-06 9.249E-07 7.963E-07 7.446E-07 6.424E-07 3.629E-07 2.765E-07 2.501E-07 2.477E-07 2.695E-07 2.959E-07 2.897E-07 2.870E-07 2.661E-07 2.605E-07 2.295E-07 2.142E-07 1.649E-07 1.342E-07 1.108E-07 7.944E-08 5.293E-08 3.960E-08 2.078E-08 1.268E-08
  1.800E+00  5.204E-03 4.153E-03 3.431E-03 2.900E-03 2.491E-03 2.157E-03 1.901E-03 1.691E-03 1.509E-03 1.355E-03 1.222E-03 1.105E-03 9.146E-04 7.665E-04 5.077E-04 3.483E-04 2.438E-04 1.729E-04 8.173E-05 4.075E-05 5.406E-05 4.916E-05 4.468E-05 3.469E-05 2.676E-05 1.672E-05 1.144E-05 7.113E-06 3.948E-06 5.657E-06 4.674E-06 2.663E-06 1.588E-06 1.354E-06 1.238E-06 1.195E-06 1.068E-06 9.247E-07 7.961E-07 7.445E-07 6.422E-07 3.629E-07 2.764E-07 2.501E-07 2.477E-07 2.695E-07 2.958E-07 2.896E-07 2.870E-07 2.661E-07 2.605E-07 2.295E-07 2.141E-07 1.649E-07 1.342E-07 1.108E-07 7.943E-08 5.293E-08 3.959E-08 2.078E-08 1.267E-08
  1.900E+00  5.065E-03 4.067E-03 3.375E-03 2.861E-03 2.464E-03 2.137E-03 1.886E-03 1.680E-03 1.501E-03 1.348E-03 1.216E-03 1.101E-03 9.116E-04 7.644E-04 5.067E-04 3.477E-04 2.434E-04 1.727E-04 8.165E-05 4.072E-05 5.402E-05 4.913E-05 4.466E-05 3.467E-05 2.674E-05 1.671E-05 1.143E-05 7.110E-06 3.947E-06 5.655E-06 4.672E-06 2.662E-06 1.588E-06 1.354E-06 1.238E-06 1.195E-06 1.068E-06 9.245E-07 7.960E-07 7.443E-07 6.421E-07 3.628E-07 2.764E-07 2.501E-07 2.477E-07 2.694E-07 2.958E-07 2.896E-07 2.870E-07 2.660E-07 2.605E-07 2.295E-07 2.141E-07 1.649E-07 1.342E-07 1.108E-07 7.943E-08 5.292E-08 3.959E-08 2.077E-08 1.267E-08
  2.000E+00  4.928E-03 3.982E-03 3.319E-03 2.823E-03 2.437E-03 2.117E-03 1.871E-03 1.669E-03 1.492E-03 1.341E-03 1.211E-03 1.096E-03 9.084E-04 7.621E-04 5.056E-04 3.471E-04 2.431E-04 1.725E-04 8.156E-05 4.069E-05 5.399E-05 4.910E-05 4.463E-05 3.465E-05 2.673E-05 1.670E-05 1.143E-05 7.107E-06 3.945E-06 5.653E-06 4.671E-06 2.661E-06 1.587E-06 1.353E-06 1.238E-06 1.194E-06 1.068E-06 9.243E-07 7.958E-07 7.442E-07 6.419E-07 3.627E-07 2.763E-07 2.500E-07 2.476E-07 2.694E-07 2.958E-07 2.896E-07 2.869E-07 2.660E-07 2.604E-07 2.295E-07 2.141E-07 1.649E-07 1.342E-07 1.108E-07 7.942E-08 5.292E-08 3.959E-08 2.077E-08 1.267E-08
  3.000E+00  3.727E-03 3.194E-03 2.783E-03 2.437E-03 2.156E-03 1.910E-03 1.712E-03 1.544E-03 1.393E-03 1.261E-03 1.147E-03 1.043E-03 8.718E-04 7.355E-04 4.924E-04 3.399E-04 2.388E-04 1.698E-04 8.042E-05 4.030E-05 5.357E-05 4.873E-05 4.429E-05 3.439E-05 2.654E-05 1.659E-05 1.136E-05 7.066E-06 3.926E-06 5.629E-06 4.650E-06 2.650E-06 1.581E-06 1.349E-06 1.234E-06 1.191E-06 1.064E-06 9.214E-07 7.934E-07 7.420E-07 6.401E-07 3.617E-07 2.756E-07 2.494E-07 2.471E-07 2.689E-07 2.953E-07 2.891E-07 2.865E-07 2.656E-07 2.601E-07 2.291E-07 2.138E-07 1.647E-07 1.340E-07 1.107E-07 7.933E-08 5.286E-08 3.955E-08 2.075E-08 1.266E-08
  4.000E+00  2.832E-03 2.558E-03 2.318E-03 2.086E-03 1.889E-03 1.704E-03 1.549E-03 1.413E-03 1.286E-03 1.174E-03 1.074E-03 9.827E-04 8.286E-04 7.034E-04 4.759E-04 3.305E-04 2.331E-04 1.662E-04 7.889E-05 3.977E-05 5.299E-05 4.822E-05 4.383E-05 3.404E-05 2.627E-05 1.644E-05 1.127E-05 7.010E-06 3.899E-06 5.594E-06 4.621E-06 2.634E-06 1.573E-06 1.342E-06 1.228E-06 1.185E-06 1.059E-06 9.173E-07 7.901E-07 7.390E-07 6.375E-07 3.603E-07 2.746E-07 2.486E-07 2.464E-07 2.682E-07 2.945E-07 2.884E-07 2.858E-07 2.651E-07 2.596E-07 2.287E-07 2.134E-07 1.644E-07 1.338E-07 1.105E-07 7.921E-08 5.278E-08 3.949E-08 2.072E-08 1.264E-08
  5.000E+00  2.186E-03 2.065E-03 1.935E-03 1.786E-03 1.650E-03 1.515E-03 1.394E-03 1.285E-03 1.180E-03 1.085E-03 9.993E-04 9.195E-04 7.821E-04 6.681E-04 4.570E-04 3.196E-04 2.264E-04 1.619E-04 7.704E-05 3.912E-05 5.228E-05 4.758E-05 4.326E-05 3.360E-05 2.594E-05 1.625E-05 1.115E-05 6.940E-06 3.865E-06 5.551E-06 4.585E-06 2.615E-06 1.562E-06 1.333E-06 1.220E-06 1.178E-06 1.054E-06 9.122E-07 7.858E-07 7.352E-07 6.342E-07 3.585E-07 2.733E-07 2.475E-07 2.455E-07 2.672E-07 2.936E-07 2.876E-07 2.850E-07 2.644E-07 2.589E-07 2.282E-07 2.129E-07 1.640E-07 1.335E-07 1.102E-07 7.905E-08 5.268E-08 3.941E-08 2.069E-08 1.262E-08
  6.000E+00  1.721E-03 1.688E-03 1.624E-03 1.536E-03 1.443E-03 1.346E-03 1.253E-03 1.165E-03 1.079E-03 9.990E-04 9.254E-04 8.563E-04 7.345E-04 6.313E-04 4.366E-04 3.076E-04 2.188E-04 1.570E-04 7.490E-05 3.837E-05 5.145E-05 4.684E-05 4.258E-05 3.309E-05 2.556E-05 1.602E-05 1.100E-05 6.856E-06 3.824E-06 5.500E-06 4.542E-06 2.591E-06 1.550E-06 1.323E-06 1.212E-06 1.170E-06 1.046E-06 9.060E-07 7.808E-07 7.306E-07 6.302E-07 3.563E-07 2.718E-07 2.462E-07 2.444E-07 2.661E-07 2.925E-07 2.866E-07 2.840E-07 2.635E-07 2.581E-07 2.275E-07 2.123E-07 1.635E-07 1.332E-07 1.099E-07 7.885E-08 5.256E-08 3.932E-08 2.064E-08 1.260E-08
  8.000E+00  1.126E-03 1.172E-03 1.174E-03 1.155E-03 1.116E-03 1.068E-03 1.013E-03 9.553E-04 8.986E-04 8.421E-04 7.878E-04 7.362E-04 6.411E-04 5.575E-04 3.937E-04 2.814E-04 2.021E-04 1.460E-04 7.003E-05 3.662E-05 4.947E-05 4.506E-05 4.097E-05 3.185E-05 2.463E-05 1.548E-05 1.066E-05 6.653E-06 3.726E-06 5.374E-06 4.435E-06 2.533E-06 1.518E-06 1.298E-06 1.190E-06 1.149E-06 1.028E-06 8.907E-07 7.682E-07 7.192E-07 6.204E-07 3.509E-07 2.680E-07 2.430E-07 2.417E-07 2.633E-07 2.898E-07 2.840E-07 2.815E-07 2.614E-07 2.561E-07 2.258E-07 2.107E-07 1.624E-07 1.322E-07 1.092E-07 7.836E-08 5.224E-08 3.910E-08 2.053E-08 1.253E-08
  1.000E+01  7.825E-04 8.507E-04 8.799E-04 8.892E-04 8.774E-04 8.546E-04 8.233E-04 7.861E-04 7.479E-04 7.077E-04 6.676E-04 6.287E-04 5.546E-04 4.873E-04 3.508E-04 2.542E-04 1.842E-04 1.341E-04 6.465E-05 3.464E-05 4.719E-05 4.299E-05 3.908E-05 3.041E-05 2.353E-05 1.485E-05 1.025E-05 6.410E-06 3.608E-06 5.221E-06 4.307E-06 2.464E-06 1.480E-06 1.267E-06 1.163E-06 1.124E-06 1.006E-06 8.719E-07 7.527E-07 7.052E-07 6.082E-07 3.443E-07 2.633E-07 2.391E-07 2.383E-07 2.599E-07 2.863E-07 2.808E-07 2.784E-07 2.587E-07 2.536E-07 2.236E-07 2.087E-07 1.609E-07 1.311E-07 1.083E-07 7.773E-08 5.184E-08 3.881E-08 2.039E-08 1.245E-08
  1.200E+01  5.760E-04 6.432E-04 6.800E-04 6.999E-04 7.013E-04 6.915E-04 6.738E-04 6.499E-04 6.235E-04 5.946E-04 5.648E-04 5.350E-04 4.771E-04 4.230E-04 3.099E-04 2.274E-04 1.663E-04 1.219E-04 5.908E-05 3.253E-05 4.470E-05 4.072E-05 3.702E-05 2.881E-05 2.233E-05 1.414E-05 9.800E-06 6.139E-06 3.474E-06 5.047E-06 4.160E-06 2.384E-06 1.437E-06 1.231E-06 1.132E-06 1.095E-06 9.810E-07 8.501E-07 7.347E-07 6.888E-07 5.940E-07 3.366E-07 2.577E-07 2.344E-07 2.342E-07 2.557E-07 2.822E-07 2.770E-07 2.746E-07 2.555E-07 2.506E-07 2.210E-07 2.063E-07 1.592E-07 1.297E-07 1.072E-07 7.697E-08 5.136E-08 3.846E-08 2.021E-08 1.235E-08
  1.400E+01  4.441E-04 5.032E-04 5.395E-04 5.611E-04 5.681E-04 5.650E-04 5.552E-04 5.398E-04 5.210E-04 4.999E-04 4.776E-04 4.545E-04 4.090E-04 3.656E-04 2.719E-04 2.020E-04 1.490E-04 1.100E-04 5.357E-05 3.037E-05 4.209E-05 3.833E-05 3.484E-05 2.713E-05 2.105E-05 1.338E-05 9.312E-06 5.847E-06 3.330E-06 4.856E-06 4.000E-06 2.296E-06 1.388E-06 1.192E-06 1.097E-06 1.063E-06 9.526E-07 8.258E-07 7.145E-07 6.705E-07 5.782E-07 3.279E-07 2.515E-07 2.291E-07 2.297E-07 2.510E-07 2.774E-07 2.726E-07 2.703E-07 2.518E-07 2.471E-07 2.180E-07 2.036E-07 1.571E-07 1.281E-07 1.059E-07 7.609E-08 5.080E-08 3.805E-08 2.001E-08 1.223E-08
  1.600E+01  3.560E-04 4.044E-04 4.369E-04 4.569E-04 4.654E-04 4.657E-04 4.602E-04 4.499E-04 4.364E-04 4.208E-04 4.038E-04 3.859E-04 3.499E-04 3.149E-04 2.374E-04 1.783E-04 1.326E-04 9.859E-05 4.826E-05 2.822E-05 3.944E-05 3.589E-05 3.261E-05 2.541E-05 1.974E-05 1.260E-05 8.805E-06 5.543E-06 3.178E-06 4.653E-06 3.829E-06 2.202E-06 1.337E-06 1.150E-06 1.060E-06 1.028E-06 9.219E-07 7.995E-07 6.927E-07 6.506E-07 5.610E-07 3.185E-07 2.447E-07 2.233E-07 2.246E-07 2.458E-07 2.721E-07 2.676E-07 2.655E-07 2.477E-07 2.432E-07 2.146E-07 2.005E-07 1.548E-07 1.263E-07 1.044E-07 7.509E-08 5.016E-08 3.759E-08 1.978E-08 1.210E-08
  1.800E+01  2.938E-04 3.324E-04 3.594E-04 3.766E-04 3.848E-04 3.869E-04 3.836E-04 3.763E-04 3.664E-04 3.547E-04 3.415E-04 3.276E-04 2.989E-04 2.706E-04 2.065E-04 1.568E-04 1.175E-04 8.794E-05 4.328E-05 2.612E-05 3.681E-05 3.346E-05 3.039E-05 2.369E-05 1.843E-05 1.181E-05 8.291E-06 5.233E-06 3.022E-06 4.442E-06 3.652E-06 2.105E-06 1.283E-06 1.105E-06 1.021E-06 9.908E-07 8.895E-07 7.716E-07 6.695E-07 6.294E-07 5.426E-07 3.085E-07 2.375E-07 2.171E-07 2.191E-07 2.401E-07 2.663E-07 2.622E-07 2.602E-07 2.431E-07 2.389E-07 2.108E-07 1.970E-07 1.522E-07 1.243E-07 1.028E-07 7.398E-08 4.946E-08 3.707E-08 1.953E-08 1.195E-08
  2.000E+01  2.466E-04 2.780E-04 2.993E-04 3.135E-04 3.204E-04 3.234E-04 3.212E-04 3.158E-04 3.083E-04 2.994E-04 2.891E-04 2.782E-04 2.552E-04 2.322E-04 1.792E-04 1.374E-04 1.037E-04 7.814E-05 3.866E-05 2.410E-05 3.422E-05 3.107E-05 2.821E-05 2.200E-05 1.714E-05 1.104E-05 7.778E-06 4.924E-06 2.864E-06 4.227E-06 3.472E-06 2.006E-06 1.227E-06 1.059E-06 9.804E-07 9.525E-07 8.557E-07 7.427E-07 6.453E-07 6.072E-07 5.235E-07 2.980E-07 2.299E-07 2.106E-07 2.133E-07 2.340E-07 2.601E-07 2.564E-07 2.545E-07 2.382E-07 2.342E-07 2.068E-07 1.933E-07 1.495E-07 1.221E-07 1.010E-07 7.277E-08 4.869E-08 3.651E-08 1.925E-08 1.178E-08
  2.200E+01  2.095E-04 2.348E-04 2.513E-04 2.632E-04 2.689E-04 2.715E-04 2.700E-04 2.659E-04 2.601E-04 2.532E-04 2.450E-04 2.362E-04 2.178E-04 1.990E-04 1.552E-04 1.201E-04 9.131E-05 6.925E-05 3.445E-05 2.218E-05 3.173E-05 2.876E-05 2.610E-05 2.036E-05 1.589E-05 1.028E-05 7.275E-06 4.619E-06 2.707E-06 4.011E-06 3.292E-06 1.906E-06 1.171E-06 1.013E-06 9.390E-07 9.132E-07 8.211E-07 7.130E-07 6.204E-07 5.844E-07 5.038E-07 2.872E-07 2.220E-07 2.038E-07 2.071E-07 2.276E-07 2.535E-07 2.502E-07 2.484E-07 2.329E-07 2.292E-07 2.024E-07 1.893E-07 1.465E-07 1.197E-07 9.912E-08 7.147E-08 4.785E-08 3.590E-08 1.894E-08 1.161E-08
  2.400E+01  1.801E-04 1.994E-04 2.131E-04 2.221E-04 2.270E-04 2.287E-04 2.276E-04 2.246E-04 2.200E-04 2.145E-04 2.080E-04 2.008E-04 1.859E-04 1.706E-04 1.343E-04 1.049E-04 8.025E-05 6.124E-05 3.064E-05 2.037E-05 2.934E-05 2.655E-05 2.408E-05 1.880E-05 1.469E-05 9.545E-06 6.786E-06 4.322E-06 2.553E-06 3.796E-06 3.112E-06 1.807E-06 1.115E-06 9.660E-07 8.973E-07 8.735E-07 7.861E-07 6.829E-07 5.951E-07 5.612E-07 4.837E-07 2.761E-07 2.139E-07 1.967E-07 2.008E-07 2.209E-07 2.467E-07 2.438E-07 2.421E-07 2.273E-07 2.239E-07 1.979E-07 1.851E-07 1.433E-07 1.173E-07 9.710E-08 7.009E-08 4.696E-08 3.525E-08 1.862E-08 1.142E-08
  2.600E+01  1.560E-04 1.707E-04 1.818E-04 1.884E-04 1.922E-04 1.934E-04 1.925E-04 1.902E-04 1.864E-04 1.821E-04 1.768E-04 1.709E-04 1.588E-04 1.463E-04 1.161E-04 9.145E-05 7.044E-05 5.408E-05 2.722E-05 1.868E-05 2.707E-05 2.445E-05 2.216E-05 1.731E-05 1.355E-05 8.845E-06 6.316E-06 4.035E-06 2.402E-06 3.585E-06 2.936E-06 1.709E-06 1.059E-06 9.194E-07 8.556E-07 8.338E-07 7.510E-07 6.527E-07 5.697E-07 5.377E-07 4.635E-07 2.650E-07 2.057E-07 1.896E-07 1.942E-07 2.141E-07 2.395E-07 2.370E-07 2.355E-07 2.215E-07 2.184E-07 1.931E-07 1.806E-07 1.400E-07 1.146E-07 9.497E-08 6.862E-08 4.602E-08 3.456E-08 1.827E-08 1.121E-08
  2.800E+01  1.361E-04 1.468E-04 1.557E-04 1.605E-04 1.634E-04 1.643E-04 1.634E-04 1.615E-04 1.584E-04 1.548E-04 1.505E-04 1.457E-04 1.358E-04 1.255E-04 1.004E-04 7.973E-05 6.180E-05 4.773E-05 2.416E-05 1.710E-05 2.493E-05 2.247E-05 2.036E-05 1.591E-05 1.247E-05 8.181E-06 5.868E-06 3.761E-06 2.255E-06 3.379E-06 2.764E-06 1.613E-06 1.004E-06 8.734E-07 8.142E-07 7.944E-07 7.161E-07 6.226E-07 5.443E-07 5.143E-07 4.433E-07 2.538E-07 1.975E-07 1.824E-07 1.876E-07 2.070E-07 2.322E-07 2.301E-07 2.287E-07 2.155E-07 2.127E-07 1.881E-07 1.760E-07 1.366E-07 1.119E-07 9.275E-08 6.709E-08 4.504E-08 3.384E-08 1.791E-08 1.100E-08
  3.000E+01  1.193E-04 1.272E-04 1.340E-04 1.372E-04 1.393E-04 1.401E-04 1.391E-04 1.375E-04 1.348E-04 1.319E-04 1.284E-04 1.245E-04 1.163E-04 1.078E-04 8.692E-05 6.952E-05 5.421E-05 4.211E-05 2.145E-05 1.565E-05 2.293E-05 2.063E-05 1.868E-05 1.461E-05 1.147E-05 7.556E-06 5.442E-06 3.499E-06 2.115E-06 3.178E-06 2.598E-06 1.521E-06 9.504E-07 8.282E-07 7.736E-07 7.555E-07 6.816E-07 5.929E-07 5.192E-07 4.911E-07 4.233E-07 2.427E-07 1.893E-07 1.752E-07 1.808E-07 1.999E-07 2.248E-07 2.231E-07 2.217E-07 2.094E-07 2.068E-07 1.829E-07 1.713E-07 1.330E-07 1.091E-07 9.046E-08 6.551E-08 4.401E-08 3.309E-08 1.754E-08 1.078E-08
  3.200E+01  1.045E-04 1.109E-04 1.156E-04 1.181E-04 1.194E-04 1.199E-04 1.188E-04 1.173E-04 1.151E-04 1.127E-04 1.097E-04 1.065E-04 9.977E-05 9.273E-05 7.528E-05 6.065E-05 4.756E-05 3.715E-05 1.904E-05 1.430E-05 2.107E-05 1.891E-05 1.711E-05 1.339E-05 1.053E-05 6.969E-06 5.041E-06 3.252E-06 1.980E-06 2.986E-06 2.438E-06 1.431E-06 8.982E-07 7.842E-07 7.338E-07 7.174E-07 6.477E-07 5.638E-07 4.944E-07 4.681E-07 4.035E-07 2.317E-07 1.811E-07 1.680E-07 1.741E-07 1.928E-07 2.173E-07 2.159E-07 2.146E-07 2.031E-07 2.008E-07 1.777E-07 1.665E-07 1.294E-07 1.062E-07 8.809E-08 6.387E-08 4.296E-08 3.232E-08 1.715E-08 1.055E-08
  3.400E+01  9.154E-05 9.647E-05 9.989E-05 1.018E-04 1.028E-04 1.027E-04 1.018E-04 1.004E-04 9.860E-05 9.662E-05 9.409E-05 9.136E-05 8.575E-05 7.989E-05 6.528E-05 5.295E-05 4.176E-05 3.279E-05 1.690E-05 1.307E-05 1.933E-05 1.732E-05 1.566E-05 1.226E-05 9.656E-06 6.422E-06 4.665E-06 3.019E-06 1.852E-06 2.800E-06 2.285E-06 1.345E-06 8.477E-07 7.415E-07 6.951E-07 6.802E-07 6.147E-07 5.353E-07 4.702E-07 4.456E-07 3.841E-07 2.210E-07 1.730E-07 1.608E-07 1.674E-07 1.856E-07 2.097E-07 2.086E-07 2.075E-07 1.967E-07 1.947E-07 1.724E-07 1.615E-07 1.257E-07 1.032E-07 8.568E-08 6.220E-08 4.188E-08 3.152E-08 1.675E-08 1.031E-08
  3.600E+01  8.006E-05 8.408E-05 8.671E-05 8.799E-05 8.862E-05 8.831E-05 8.743E-05 8.628E-05 8.469E-05 8.301E-05 8.088E-05 7.852E-05 7.386E-05 6.896E-05 5.669E-05 4.628E-05 3.669E-05 2.896E-05 1.502E-05 1.193E-05 1.773E-05 1.585E-05 1.433E-05 1.122E-05 8.851E-06 5.913E-06 4.313E-06 2.800E-06 1.730E-06 2.624E-06 2.139E-06 1.262E-06 7.990E-07 7.003E-07 6.576E-07 6.442E-07 5.826E-07 5.076E-07 4.465E-07 4.236E-07 3.651E-07 2.104E-07 1.651E-07 1.538E-07 1.607E-07 1.785E-07 2.021E-07 2.014E-07 2.004E-07 1.903E-07 1.885E-07 1.670E-07 1.565E-07 1.219E-07 1.002E-07 8.323E-08 6.049E-08 4.077E-08 3.071E-08 1.633E-08 1.007E-08
  3.800E+01  7.089E-05 7.343E-05 7.573E-05 7.617E-05 7.663E-05 7.618E-05 7.530E-05 7.437E-05 7.291E-05 7.149E-05 6.969E-05 6.768E-05 6.376E-05 5.967E-05 4.932E-05 4.051E-05 3.227E-05 2.560E-05 1.335E-05 1.090E-05 1.625E-05 1.449E-05 1.310E-05 1.026E-05 8.108E-06 5.440E-06 3.984E-06 2.594E-06 1.614E-06 2.456E-06 2.001E-06 1.184E-06 7.524E-07 6.607E-07 6.214E-07 6.093E-07 5.516E-07 4.808E-07 4.236E-07 4.022E-07 3.467E-07 2.001E-07 1.574E-07 1.469E-07 1.541E-07 1.714E-07 1.946E-07 1.942E-07 1.932E-07 1.839E-07 1.824E-07 1.616E-07 1.515E-07 1.181E-07 9.718E-08 8.076E-08 5.877E-08 3.965E-08 2.988E-08 1.592E-08 9.826E-09
  4.000E+01  6.308E-05 6.460E-05 6.619E-05 6.626E-05 6.643E-05 6.600E-05 6.511E-05 6.422E-05 6.295E-05 6.174E-05 6.019E-05 5.852E-05 5.520E-05 5.175E-05 4.299E-05 3.550E-05 2.842E-05 2.265E-05 1.188E-05 9.949E-06 1.489E-05 1.325E-05 1.197E-05 9.385E-06 7.425E-06 5.004E-06 3.679E-06 2.403E-06 1.506E-06 2.296E-06 1.869E-06 1.109E-06 7.079E-07 6.227E-07 5.867E-07 5.758E-07 5.216E-07 4.550E-07 4.014E-07 3.816E-07 3.289E-07 1.902E-07 1.499E-07 1.402E-07 1.476E-07 1.645E-07 1.871E-07 1.870E-07 1.861E-07 1.775E-07 1.762E-07 1.562E-07 1.465E-07 1.143E-07 9.414E-08 7.827E-08 5.703E-08 3.852E-08 2.905E-08 1.549E-08 9.575E-09
  4.200E+01  5.558E-05 5.709E-05 5.781E-05 5.793E-05 5.778E-05 5.736E-05 5.652E-05 5.559E-05 5.454E-05 5.350E-05 5.214E-05 5.073E-05 4.791E-05 4.498E-05 3.754E-05 3.117E-05 2.507E-05 2.007E-05 1.059E-05 9.085E-06 1.364E-05 1.211E-05 1.093E-05 8.580E-06 6.799E-06 4.601E-06 3.395E-06 2.225E-06 1.403E-06 2.146E-06 1.745E-06 1.038E-06 6.655E-07 5.864E-07 5.534E-07 5.437E-07 4.929E-07 4.301E-07 3.801E-07 3.616E-07 3.117E-07 1.805E-07 1.426E-07 1.336E-07 1.413E-07 1.576E-07 1.798E-07 1.799E-07 1.791E-07 1.712E-07 1.701E-07 1.508E-07 1.415E-07 1.105E-07 9.110E-08 7.578E-08 5.528E-08 3.738E-08 2.821E-08 1.507E-08 9.323E-09
  4.400E+01  4.918E-05 5.027E-05 5.064E-05 5.069E-05 5.047E-05 4.997E-05 4.918E-05 4.835E-05 4.741E-05 4.650E-05 4.532E-05 4.409E-05 4.170E-05 3.920E-05 3.285E-05 2.742E-05 2.214E-05 1.780E-05 9.441E-06 8.297E-06 1.249E-05 1.107E-05 9.990E-06 7.843E-06 6.224E-06 4.229E-06 3.133E-06 2.059E-06 1.308E-06 2.004E-06 1.629E-06 9.715E-07 6.252E-07 5.519E-07 5.217E-07 5.129E-07 4.654E-07 4.063E-07 3.596E-07 3.424E-07 2.952E-07 1.713E-07 1.356E-07 1.273E-07 1.351E-07 1.510E-07 1.726E-07 1.729E-07 1.722E-07 1.649E-07 1.640E-07 1.455E-07 1.366E-07 1.067E-07 8.807E-08 7.330E-08 5.354E-08 3.624E-08 2.737E-08 1.464E-08 9.070E-09
  4.600E+01  4.360E-05 4.428E-05 4.461E-05 4.442E-05 4.423E-05 4.361E-05 4.289E-05 4.222E-05 4.134E-05 4.055E-05 3.952E-05 3.843E-05 3.638E-05 3.425E-05 2.882E-05 2.416E-05 1.959E-05 1.581E-05 8.430E-06 7.581E-06 1.144E-05 1.012E-05 9.127E-06 7.171E-06 5.699E-06 3.888E-06 2.890E-06 1.905E-06 1.218E-06 1.870E-06 1.519E-06 9.086E-07 5.870E-07 5.191E-07 4.914E-07 4.836E-07 4.392E-07 3.836E-07 3.400E-07 3.240E-07 2.794E-07 1.624E-07 1.288E-07 1.211E-07 1.291E-07 1.445E-07 1.655E-07 1.661E-07 1.655E-07 1.588E-07 1.580E-07 1.402E-07 1.317E-07 1.030E-07 8.507E-08 7.084E-08 5.182E-08 3.511E-08 2.654E-08 1.422E-08 8.817E-09
  4.800E+01  3.907E-05 3.914E-05 3.948E-05 3.903E-05 3.879E-05 3.819E-05 3.753E-05 3.693E-05 3.614E-05 3.545E-05 3.456E-05 3.361E-05 3.183E-05 3.001E-05 2.534E-05 2.133E-05 1.736E-05 1.407E-05 7.537E-06 6.930E-06 1.048E-05 9.249E-06 8.341E-06 6.557E-06 5.219E-06 3.574E-06 2.666E-06 1.763E-06 1.134E-06 1.745E-06 1.417E-06 8.495E-07 5.509E-07 4.880E-07 4.627E-07 4.558E-07 4.142E-07 3.620E-07 3.212E-07 3.065E-07 2.642E-07 1.538E-07 1.223E-07 1.152E-07 1.232E-07 1.382E-07 1.587E-07 1.594E-07 1.589E-07 1.527E-07 1.521E-07 1.350E-07 1.269E-07 9.934E-08 8.212E-08 6.841E-08 5.010E-08 3.399E-08 2.571E-08 1.379E-08 8.565E-09
  5.000E+01  3.476E-05 3.487E-05 3.487E-05 3.447E-05 3.415E-05 3.363E-05 3.298E-05 3.238E-05 3.171E-05 3.109E-05 3.030E-05 2.948E-05 2.795E-05 2.636E-05 2.233E-05 1.888E-05 1.542E-05 1.254E-05 6.748E-06 6.338E-06 9.607E-06 8.458E-06 7.625E-06 5.998E-06 4.780E-06 3.286E-06 2.460E-06 1.631E-06 1.056E-06 1.628E-06 1.321E-06 7.940E-07 5.169E-07 4.586E-07 4.356E-07 4.294E-07 3.905E-07 3.414E-07 3.034E-07 2.897E-07 2.498E-07 1.457E-07 1.160E-07 1.096E-07 1.176E-07 1.321E-07 1.520E-07 1.529E-07 1.525E-07 1.468E-07 1.464E-07 1.299E-07 1.221E-07 9.573E-08 7.921E-08 6.602E-08 4.842E-08 3.289E-08 2.489E-08 1.337E-08 8.316E-09
  5.200E+01  3.084E-05 3.112E-05 3.081E-05 3.060E-05 3.020E-05 2.968E-05 2.909E-05 2.850E-05 2.792E-05 2.737E-05 2.666E-05 2.593E-05 2.461E-05 2.322E-05 1.973E-05 1.674E-05 1.371E-05 1.119E-05 6.050E-06 5.801E-06 8.806E-06 7.738E-06 6.973E-06 5.489E-06 4.381E-06 3.022E-06 2.270E-06 1.509E-06 9.830E-07 1.518E-06 1.231E-06 7.421E-07 4.849E-07 4.310E-07 4.099E-07 4.044E-07 3.680E-07 3.220E-07 2.865E-07 2.738E-07 2.361E-07 1.379E-07 1.101E-07 1.042E-07 1.122E-07 1.262E-07 1.456E-07 1.466E-07 1.462E-07 1.411E-07 1.408E-07 1.250E-07 1.175E-07 9.221E-08 7.637E-08 6.369E-08 4.676E-08 3.180E-08 2.409E-08 1.296E-08 8.070E-09
  5.400E+01  2.760E-05 2.773E-05 2.730E-05 2.718E-05 2.679E-05 2.622E-05 2.572E-05 2.519E-05 2.466E-05 2.417E-05 2.354E-05 2.288E-05 2.172E-05 2.052E-05 1.748E-05 1.488E-05 1.222E-05 1.001E-05 5.433E-06 5.314E-06 8.076E-06 7.083E-06 6.381E-06 5.025E-06 4.016E-06 2.781E-06 2.096E-06 1.397E-06 9.154E-07 1.416E-06 1.148E-06 6.936E-07 4.549E-07 4.049E-07 3.857E-07 3.808E-07 3.468E-07 3.036E-07 2.705E-07 2.587E-07 2.231E-07 1.306E-07 1.044E-07 9.900E-08 1.071E-07 1.206E-07 1.394E-07 1.406E-07 1.402E-07 1.355E-07 1.354E-07 1.202E-07 1.131E-07 8.878E-08 7.360E-08 6.140E-08 4.515E-08 3.074E-08 2.330E-08 1.256E-08 7.829E-09
  5.600E+01  2.490E-05 2.460E-05 2.449E-05 2.407E-05 2.379E-05 2.324E-05 2.276E-05 2.234E-05 2.184E-05 2.140E-05 2.085E-05 2.026E-05 1.923E-05 1.818E-05 1.552E-05 1.325E-05 1.092E-05 8.963E-06 4.886E-06 4.872E-06 7.411E-06 6.488E-06 5.843E-06 4.604E-06 3.685E-06 2.560E-06 1.935E-06 1.294E-06 8.527E-07 1.321E-06 1.070E-06 6.483E-07 4.268E-07 3.805E-07 3.629E-07 3.586E-07 3.268E-07 2.862E-07 2.554E-07 2.444E-07 2.108E-07 1.236E-07 9.908E-08 9.409E-08 1.022E-07 1.152E-07 1.334E-07 1.347E-07 1.344E-07 1.302E-07 1.301E-07 1.156E-07 1.087E-07 8.545E-08 7.091E-08 5.919E-08 4.357E-08 2.970E-08 2.253E-08 1.216E-08 7.593E-09
  5.800E+01  2.241E-05 2.200E-05 2.196E-05 2.144E-05 2.113E-05 2.072E-05 2.023E-05 1.986E-05 1.938E-05 1.900E-05 1.851E-05 1.800E-05 1.709E-05 1.617E-05 1.382E-05 1.183E-05 9.772E-06 8.044E-06 4.401E-06 4.471E-06 6.805E-06 5.946E-06 5.354E-06 4.222E-06 3.383E-06 2.358E-06 1.788E-06 1.199E-06 7.946E-07 1.233E-06 9.978E-07 6.062E-07 4.005E-07 3.576E-07 3.416E-07 3.378E-07 3.080E-07 2.699E-07 2.412E-07 2.310E-07 1.993E-07 1.171E-07 9.400E-08 8.944E-08 9.746E-08 1.100E-07 1.277E-07 1.291E-07 1.289E-07 1.250E-07 1.251E-07 1.111E-07 1.046E-07 8.224E-08 6.830E-08 5.704E-08 4.205E-08 2.869E-08 2.178E-08 1.178E-08 7.364E-09
  6.000E+01  2.018E-05 1.992E-05 1.957E-05 1.928E-05 1.889E-05 1.851E-05 1.809E-05 1.769E-05 1.728E-05 1.693E-05 1.649E-05 1.604E-05 1.523E-05 1.441E-05 1.234E-05 1.059E-05 8.764E-06 7.233E-06 3.972E-06 4.108E-06 6.254E-06 5.455E-06 4.910E-06 3.874E-06 3.108E-06 2.173E-06 1.653E-06 1.111E-06 7.409E-07 1.151E-06 9.309E-07 5.670E-07 3.760E-07 3.362E-07 3.216E-07 3.182E-07 2.904E-07 2.546E-07 2.278E-07 2.183E-07 1.884E-07 1.109E-07 8.922E-08 8.504E-08 9.301E-08 1.052E-07 1.223E-07 1.238E-07 1.236E-07 1.201E-07 1.202E-07 1.068E-07 1.005E-07 7.915E-08 6.580E-08 5.497E-08 4.058E-08 2.772E-08 2.106E-08 1.141E-08 7.142E-09
  6.200E+01  1.806E-05 1.791E-05 1.749E-05 1.735E-05 1.701E-05 1.656E-05 1.620E-05 1.583E-05 1.549E-05 1.517E-05 1.474E-05 1.433E-05 1.361E-05 1.287E-05 1.104E-05 9.497E-06 7.878E-06 6.517E-06 3.590E-06 3.779E-06 5.752E-06 5.009E-06 4.507E-06 3.558E-06 2.858E-06 2.005E-06 1.530E-06 1.031E-06 6.914E-07 1.075E-06 8.689E-07 5.307E-07 3.532E-07 3.163E-07 3.029E-07 3.000E-07 2.739E-07 2.402E-07 2.152E-07 2.065E-07 1.782E-07 1.051E-07 8.472E-08 8.090E-08 8.881E-08 1.005E-07 1.172E-07 1.187E-07 1.186E-07 1.154E-07 1.156E-07 1.027E-07 9.671E-08 7.618E-08 6.340E-08 5.299E-08 3.916E-08 2.678E-08 2.036E-08 1.105E-08 6.929E-09
  6.400E+01  1.617E-05 1.606E-05 1.578E-05 1.556E-05 1.531E-05 1.487E-05 1.453E-05 1.422E-05 1.390E-05 1.361E-05 1.323E-05 1.284E-05 1.220E-05 1.155E-05 9.912E-06 8.541E-06 7.098E-06 5.884E-06 3.252E-06 3.482E-06 5.296E-06 4.604E-06 4.142E-06 3.272E-06 2.631E-06 1.852E-06 1.417E-06 9.572E-07 6.457E-07 1.004E-06 8.117E-07 4.971E-07 3.319E-07 2.977E-07 2.855E-07 2.829E-07 2.585E-07 2.269E-07 2.035E-07 1.954E-07 1.686E-07 9.962E-08 8.050E-08 7.701E-08 8.485E-08 9.619E-08 1.123E-07 1.139E-07 1.138E-07 1.109E-07 1.112E-07 9.877E-08 9.305E-08 7.336E-08 6.110E-08 5.109E-08 3.781E-08 2.589E-08 1.970E-08 1.071E-08 6.725E-09
  6.600E+01  1.485E-05 1.451E-05 1.434E-05 1.401E-05 1.377E-05 1.341E-05 1.309E-05 1.281E-05 1.249E-05 1.223E-05 1.190E-05 1.156E-05 1.097E-05 1.039E-05 8.923E-06 7.700E-06 6.410E-06 5.324E-06 2.951E-06 3.212E-06 4.882E-06 4.237E-06 3.811E-06 3.012E-06 2.425E-06 1.712E-06 1.313E-06 8.897E-07 6.036E-07 9.392E-07 7.588E-07 4.659E-07 3.123E-07 2.805E-07 2.693E-07 2.671E-07 2.441E-07 2.144E-07 1.926E-07 1.850E-07 1.597E-07 9.453E-08 7.655E-08 7.336E-08 8.113E-08 9.209E-08 1.077E-07 1.094E-07 1.093E-07 1.067E-07 1.070E-07 9.506E-08 8.957E-08 7.067E-08 5.892E-08 4.928E-08 3.652E-08 2.504E-08 1.906E-08 1.038E-08 6.530E-09
  6.800E+01  1.355E-05 1.322E-05 1.295E-05 1.274E-05 1.243E-05 1.214E-05 1.184E-05 1.156E-05 1.129E-05 1.105E-05 1.074E-05 1.044E-05 9.903E-06 9.374E-06 8.056E-06 6.961E-06 5.803E-06 4.828E-06 2.684E-06 2.969E-06 4.505E-06 3.904E-06 3.511E-06 2.777E-06 2.238E-06 1.585E-06 1.219E-06 8.281E-07 5.649E-07 8.793E-07 7.102E-07 4.373E-07 2.941E-07 2.646E-07 2.543E-07 2.523E-07 2.308E-07 2.028E-07 1.824E-07 1.753E-07 1.514E-07 8.980E-08 7.288E-08 6.996E-08 7.765E-08 8.826E-08 1.034E-07 1.051E-07 1.051E-07 1.027E-07 1.031E-07 9.155E-08 8.629E-08 6.813E-08 5.686E-08 4.757E-08 3.530E-08 2.423E-08 1.846E-08 1.007E-08 6.345E-09
  7.000E+01  1.219E-05 1.200E-05 1.172E-05 1.157E-05 1.133E-05 1.101E-05 1.074E-05 1.048E-05 1.024E-05 1.002E-05 9.728E-06 9.447E-06 8.965E-06 8.484E-06 7.294E-06 6.310E-06 5.267E-06 4.389E-06 2.446E-06 2.748E-06 4.163E-06 3.602E-06 3.239E-06 2.564E-06 2.069E-06 1.469E-06 1.133E-06 7.717E-07 5.295E-07 8.242E-07 6.654E-07 4.108E-07 2.773E-07 2.498E-07 2.404E-07 2.387E-07 2.185E-07 1.921E-07 1.730E-07 1.664E-07 1.437E-07 8.541E-08 6.946E-08 6.680E-08 7.441E-08 8.468E-08 9.941E-08 1.011E-07 1.011E-07 9.901E-08 9.942E-08 8.825E-08 8.320E-08 6.574E-08 5.491E-08 4.596E-08 3.414E-08 2.346E-08 1.789E-08 9.784E-09 6.172E-09
  7.200E+01  1.113E-05 1.091E-05 1.072E-05 1.050E-05 1.031E-05 1.001E-05 9.763E-06 9.550E-06 9.305E-06 9.102E-06 8.851E-06 8.580E-06 8.141E-06 7.705E-06 6.624E-06 5.735E-06 4.793E-06 3.999E-06 2.234E-06 2.549E-06 3.853E-06 3.329E-06 2.993E-06 2.371E-06 1.915E-06 1.364E-06 1.055E-06 7.203E-07 4.971E-07 7.736E-07 6.244E-07 3.865E-07 2.619E-07 2.363E-07 2.276E-07 2.261E-07 2.071E-07 1.822E-07 1.643E-07 1.581E-07 1.365E-07 8.135E-08 6.630E-08 6.387E-08 7.140E-08 8.136E-08 9.567E-08 9.741E-08 9.740E-08 9.552E-08 9.597E-08 8.517E-08 8.031E-08 6.349E-08 5.309E-08 4.445E-08 3.306E-08 2.275E-08 1.736E-08 9.511E-09 6.010E-09
  7.400E+01  1.026E-05 9.939E-06 9.846E-06 9.580E-06 9.398E-06 9.143E-06 8.908E-06 8.720E-06 8.485E-06 8.299E-06 8.071E-06 7.826E-06 7.419E-06 7.021E-06 6.035E-06 5.228E-06 4.373E-06 3.653E-06 2.046E-06 2.369E-06 3.571E-06 3.081E-06 2.771E-06 2.196E-06 1.776E-06 1.269E-06 9.838E-07 6.735E-07 4.674E-07 7.272E-07 5.867E-07 3.643E-07 2.477E-07 2.238E-07 2.159E-07 2.146E-07 1.966E-07 1.730E-07 1.563E-07 1.505E-07 1.300E-07 7.761E-08 6.339E-08 6.117E-08 6.863E-08 7.830E-08 9.221E-08 9.397E-08 9.398E-08 9.229E-08 9.277E-08 8.230E-08 7.762E-08 6.141E-08 5.139E-08 4.304E-08 3.206E-08 2.208E-08 1.687E-08 9.259E-09 5.860E-09
  7.600E+01  9.451E-06 9.140E-06 8.965E-06 8.814E-06 8.626E-06 8.391E-06 8.169E-06 7.974E-06 7.780E-06 7.606E-06 7.381E-06 7.160E-06 6.786E-06 6.416E-06 5.513E-06 4.780E-06 4.000E-06 3.346E-06 1.878E-06 2.207E-06 3.316E-06 2.857E-06 2.569E-06 2.038E-06 1.650E-06 1.182E-06 9.191E-07 6.310E-07 4.404E-07 6.847E-07 5.523E-07 3.439E-07 2.347E-07 2.123E-07 2.051E-07 2.039E-07 1.869E-07 1.646E-07 1.489E-07 1.434E-07 1.239E-07 7.417E-08 6.071E-08 5.869E-08 6.608E-08 7.548E-08 8.903E-08 9.080E-08 9.083E-08 8.931E-08 8.981E-08 7.965E-08 7.513E-08 5.948E-08 4.983E-08 4.174E-08 3.113E-08 2.146E-08 1.641E-08 9.026E-09 5.722E-09
  7.800E+01  8.480E-06 8.472E-06 8.208E-06 8.145E-06 7.972E-06 7.715E-06 7.527E-06 7.329E-06 7.158E-06 6.994E-06 6.781E-06 6.569E-06 6.227E-06 5.883E-06 5.054E-06 4.383E-06 3.670E-06 3.074E-06 1.729E-06 2.061E-06 3.084E-06 2.655E-06 2.387E-06 1.895E-06 1.537E-06 1.104E-06 8.604E-07 5.923E-07 4.158E-07 6.459E-07 5.209E-07 3.254E-07 2.228E-07 2.019E-07 1.952E-07 1.942E-07 1.781E-07 1.570E-07 1.421E-07 1.370E-07 1.184E-07 7.103E-08 5.827E-08 5.642E-08 6.375E-08 7.290E-08 8.612E-08 8.790E-08 8.795E-08 8.658E-08 8.710E-08 7.721E-08 7.284E-08 5.770E-08 4.838E-08 4.054E-08 3.027E-08 2.090E-08 1.599E-08 8.813E-09 5.597E-09
  8.000E+01  7.856E-06 7.797E-06 7.643E-06 7.505E-06 7.346E-06 7.116E-06 6.939E-06 6.772E-06 6.595E-06 6.443E-06 6.252E-06 6.052E-06 5.732E-06 5.416E-06 4.649E-06 4.031E-06 3.378E-06 2.831E-06 1.596E-06 1.929E-06 2.874E-06 2.472E-06 2.223E-06 1.766E-06 1.434E-06 1.033E-06 8.073E-07 5.573E-07 3.935E-07 6.106E-07 4.924E-07 3.085E-07 2.120E-07 1.924E-07 1.862E-07 1.853E-07 1.701E-07 1.500E-07 1.360E-07 1.311E-07 1.134E-07 6.817E-08 5.604E-08 5.436E-08 6.163E-08 7.056E-08 8.348E-08 8.526E-08 8.533E-08 8.410E-08 8.463E-08 7.498E-08 7.076E-08 5.608E-08 4.707E-08 3.945E-08 2.949E-08 2.039E-08 1.561E-08 8.621E-09 5.485E-09
  8.200E+01  7.490E-06 7.174E-06 7.118E-06 6.900E-06 6.773E-06 6.598E-06 6.414E-06 6.275E-06 6.093E-06 5.952E-06 5.783E-06 5.604E-06 5.297E-06 5.005E-06 4.290E-06 3.720E-06 3.118E-06 2.615E-06 1.478E-06 1.810E-06 2.685E-06 2.307E-06 2.075E-06 1.650E-06 1.341E-06 9.690E-07 7.593E-07 5.257E-07 3.733E-07 5.785E-07 4.665E-07 2.931E-07 2.022E-07 1.837E-07 1.780E-07 1.773E-07 1.628E-07 1.436E-07 1.304E-07 1.258E-07 1.088E-07 6.557E-08 5.403E-08 5.250E-08 5.972E-08 6.845E-08 8.109E-08 8.288E-08 8.296E-08 8.186E-08 8.240E-08 7.297E-08 6.887E-08 5.461E-08 4.588E-08 3.846E-08 2.879E-08 1.992E-08 1.527E-08 8.451E-09 5.386E-09
  8.400E+01  6.905E-06 6.689E-06 6.597E-06 6.427E-06 6.297E-06 6.144E-06 5.970E-06 5.829E-06 5.659E-06 5.527E-06 5.370E-06 5.202E-06 4.913E-06 4.638E-06 3.972E-06 3.443E-06 2.888E-06 2.424E-06 1.373E-06 1.703E-06 2.513E-06 2.158E-06 1.941E-06 1.545E-06 1.258E-06 9.114E-07 7.160E-07 4.972E-07 3.551E-07 5.494E-07 4.430E-07 2.793E-07 1.934E-07 1.759E-07 1.706E-07 1.700E-07 1.562E-07 1.379E-07 1.253E-07 1.210E-07 1.047E-07 6.324E-08 5.222E-08 5.082E-08 5.802E-08 6.656E-08 7.896E-08 8.075E-08 8.084E-08 7.986E-08 8.041E-08 7.116E-08 6.717E-08 5.330E-08 4.482E-08 3.758E-08 2.816E-08 1.951E-08 1.497E-08 8.301E-09 5.300E-09
  8.600E+01  6.345E-06 6.261E-06 6.137E-06 6.041E-06 5.908E-06 5.730E-06 5.578E-06 5.440E-06 5.290E-06 5.163E-06 5.004E-06 4.842E-06 4.573E-06 4.314E-06 3.690E-06 3.199E-06 2.683E-06 2.253E-06 1.279E-06 1.607E-06 2.358E-06 2.023E-06 1.821E-06 1.451E-06 1.183E-06 8.596E-07 6.771E-07 4.715E-07 3.387E-07 5.231E-07 4.218E-07 2.668E-07 1.854E-07 1.689E-07 1.640E-07 1.635E-07 1.502E-07 1.327E-07 1.208E-07 1.167E-07 1.009E-07 6.115E-08 5.061E-08 4.933E-08 5.650E-08 6.489E-08 7.707E-08 7.887E-08 7.897E-08 7.809E-08 7.865E-08 6.956E-08 6.567E-08 5.213E-08 4.388E-08 3.681E-08 2.761E-08 1.915E-08 1.471E-08 8.173E-09 5.227E-09
  8.800E+01  5.946E-06 5.862E-06 5.778E-06 5.649E-06 5.543E-06 5.367E-06 5.225E-06 5.098E-06 4.954E-06 4.833E-06 4.682E-06 4.528E-06 4.272E-06 4.028E-06 3.441E-06 2.981E-06 2.501E-06 2.102E-06 1.196E-06 1.520E-06 2.218E-06 1.902E-06 1.713E-06 1.367E-06 1.116E-06 8.130E-07 6.421E-07 4.485E-07 3.240E-07 4.995E-07 4.028E-07 2.556E-07 1.783E-07 1.626E-07 1.580E-07 1.576E-07 1.449E-07 1.281E-07 1.168E-07 1.128E-07 9.764E-08 5.930E-08 4.918E-08 4.801E-08 5.517E-08 6.342E-08 7.542E-08 7.723E-08 7.734E-08 7.655E-08 7.711E-08 6.816E-08 6.436E-08 5.112E-08 4.307E-08 3.613E-08 2.714E-08 1.885E-08 1.448E-08 8.066E-09 5.168E-09
  9.000E+01  5.675E-06 5.531E-06 5.446E-06 5.307E-06 5.196E-06 5.055E-06 4.919E-06 4.796E-06 4.649E-06 4.535E-06 4.400E-06 4.252E-06 4.007E-06 3.775E-06 3.220E-06 2.788E-06 2.339E-06 1.967E-06 1.122E-06 1.443E-06 2.092E-06 1.793E-06 1.615E-06 1.291E-06 1.055E-06 7.714E-07 6.108E-07 4.279E-07 3.109E-07 4.783E-07 3.858E-07 2.457E-07 1.719E-07 1.571E-07 1.528E-07 1.524E-07 1.402E-07 1.241E-07 1.132E-07 1.094E-07 9.471E-08 5.766E-08 4.792E-08 4.686E-08 5.401E-08 6.216E-08 7.400E-08 7.582E-08 7.594E-08 7.523E-08 7.580E-08 6.696E-08 6.323E-08 5.025E-08 4.238E-08 3.556E-08 2.674E-08 1.859E-08 1.430E-08 7.979E-09 5.121E-09
  9.200E+01  5.330E-06 5.233E-06 5.126E-06 5.038E-06 4.918E-06 4.784E-06 4.652E-06 4.530E-06 4.393E-06 4.282E-06 4.146E-06 4.006E-06 3.774E-06 3.550E-06 3.025E-06 2.618E-06 2.196E-06 1.848E-06 1.056E-06 1.374E-06 1.978E-06 1.696E-06 1.528E-06 1.223E-06 1.001E-06 7.342E-07 5.829E-07 4.096E-07 2.992E-07 4.594E-07 3.706E-07 2.368E-07 1.663E-07 1.521E-07 1.481E-07 1.478E-07 1.360E-07 1.205E-07 1.100E-07 1.064E-07 9.214E-08 5.624E-08 4.683E-08 4.586E-08 5.303E-08 6.108E-08 7.280E-08 7.463E-08 7.476E-08 7.413E-08 7.470E-08 6.595E-08 6.229E-08 4.952E-08 4.180E-08 3.508E-08 2.641E-08 1.838E-08 1.415E-08 7.914E-09 5.088E-09
  9.400E+01  4.980E-06 4.963E-06 4.857E-06 4.795E-06 4.683E-06 4.545E-06 4.416E-06 4.291E-06 4.168E-06 4.059E-06 3.923E-06 3.791E-06 3.568E-06 3.353E-06 2.852E-06 2.466E-06 2.069E-06 1.742E-06 9.983E-07 1.312E-06 1.876E-06 1.608E-06 1.450E-06 1.162E-06 9.531E-07 7.010E-07 5.580E-07 3.934E-07 2.889E-07 4.425E-07 3.572E-07 2.290E-07 1.614E-07 1.478E-07 1.440E-07 1.438E-07 1.324E-07 1.173E-07 1.073E-07 1.038E-07 8.991E-08 5.501E-08 4.590E-08 4.501E-08 5.220E-08 6.018E-08 7.181E-08 7.365E-08 7.379E-08 7.324E-08 7.381E-08 6.513E-08 6.151E-08 4.893E-08 4.134E-08 3.470E-08 2.615E-08 1.823E-08 1.404E-08 7.869E-09 5.068E-09
  9.600E+01  4.836E-06 4.751E-06 4.648E-06 4.561E-06 4.440E-06 4.340E-06 4.208E-06 4.083E-06 3.955E-06 3.851E-06 3.727E-06 3.606E-06 3.387E-06 3.180E-06 2.699E-06 2.332E-06 1.957E-06 1.648E-06 9.470E-07 1.256E-06 1.784E-06 1.530E-06 1.381E-06 1.109E-06 9.104E-07 6.717E-07 5.360E-07 3.791E-07 2.799E-07 4.277E-07 3.453E-07 2.221E-07 1.571E-07 1.441E-07 1.405E-07 1.403E-07 1.292E-07 1.146E-07 1.049E-07 1.016E-07 8.800E-08 5.397E-08 4.512E-08 4.431E-08 5.153E-08 5.946E-08 7.102E-08 7.289E-08 7.303E-08 7.254E-08 7.313E-08 6.448E-08 6.091E-08 4.847E-08 4.099E-08 3.441E-08 2.597E-08 1.812E-08 1.397E-08 7.844E-09 5.060E-09
  9.800E+01  4.735E-06 4.556E-06 4.477E-06 4.364E-06 4.232E-06 4.155E-06 4.024E-06 3.907E-06 3.775E-06 3.674E-06 3.555E-06 3.443E-06 3.226E-06 3.028E-06 2.564E-06 2.214E-06 1.857E-06 1.565E-06 9.017E-07 1.207E-06 1.702E-06 1.461E-06 1.319E-06 1.061E-06 8.726E-07 6.457E-07 5.167E-07 3.665E-07 2.720E-07 4.146E-07 3.349E-07 2.162E-07 1.534E-07 1.408E-07 1.375E-07 1.373E-07 1.266E-07 1.123E-07 1.029E-07 9.966E-08 8.639E-08 5.310E-08 4.448E-08 4.373E-08 5.101E-08 5.891E-08 7.043E-08 7.231E-08 7.246E-08 7.204E-08 7.263E-08 6.401E-08 6.047E-08 4.814E-08 4.075E-08 3.422E-08 2.585E-08 1.805E-08 1.393E-08 7.838E-09 5.065E-09
  1.000E+02  4.447E-06 4.357E-06 4.305E-06 4.209E-06 4.099E-06 3.990E-06 3.867E-06 3.757E-06 3.634E-06 3.533E-06 3.411E-06 3.292E-06 3.086E-06 2.892E-06 2.446E-06 2.110E-06 1.770E-06 1.491E-06 8.619E-07 1.164E-06 1.628E-06 1.399E-06 1.264E-06 1.019E-06 8.392E-07 6.229E-07 4.997E-07 3.556E-07 2.652E-07 4.032E-07 3.259E-07 2.111E-07 1.503E-07 1.381E-07 1.349E-07 1.348E-07 1.243E-07 1.104E-07 1.013E-07 9.809E-08 8.506E-08 5.240E-08 4.397E-08 4.329E-08 5.062E-08 5.851E-08 7.001E-08 7.192E-08 7.208E-08 7.172E-08 7.232E-08 6.370E-08 6.018E-08 4.794E-08 4.061E-08 3.411E-08 2.579E-08 1.803E-08 1.393E-08 7.852E-09 5.082E-09
  1.020E+02  4.187E-06 4.219E-06 4.125E-06 4.084E-06 3.988E-06 3.853E-06 3.738E-06 3.622E-06 3.510E-06 3.409E-06 3.286E-06 3.162E-06 2.965E-06 2.773E-06 2.342E-06 2.018E-06 1.693E-06 1.427E-06 8.269E-07 1.125E-06 1.563E-06 1.344E-06 1.216E-06 9.813E-07 8.100E-07 6.030E-07 4.850E-07 3.461E-07 2.593E-07 3.934E-07 3.182E-07 2.068E-07 1.476E-07 1.359E-07 1.328E-07 1.328E-07 1.225E-07 1.088E-07 9.991E-08 9.682E-08 8.399E-08 5.185E-08 4.358E-08 4.296E-08 5.036E-08 5.825E-08 6.978E-08 7.171E-08 7.188E-08 7.157E-08 7.218E-08 6.354E-08 6.005E-08 4.785E-08 4.057E-08 3.408E-08 2.580E-08 1.806E-08 1.396E-08 7.883E-09 5.110E-09
  1.040E+02  4.096E-06 4.125E-06 3.996E-06 3.986E-06 3.855E-06 3.748E-06 3.630E-06 3.504E-06 3.395E-06 3.295E-06 3.173E-06 3.057E-06 2.861E-06 2.672E-06 2.252E-06 1.939E-06 1.625E-06 1.371E-06 7.965E-07 1.091E-06 1.505E-06 1.295E-06 1.173E-06 9.488E-07 7.844E-07 5.857E-07 4.723E-07 3.381E-07 2.544E-07 3.850E-07 3.116E-07 2.031E-07 1.455E-07 1.340E-07 1.311E-07 1.311E-07 1.210E-07 1.075E-07 9.886E-08 9.583E-08 8.316E-08 5.145E-08 4.330E-08 4.274E-08 5.023E-08 5.814E-08 6.970E-08 7.167E-08 7.185E-08 7.159E-08 7.221E-08 6.354E-08 6.005E-08 4.788E-08 4.063E-08 3.414E-08 2.587E-08 1.812E-08 1.402E-08 7.932E-09 5.150E-09
  1.060E+02  4.017E-06 4.018E-06 3.916E-06 3.883E-06 3.749E-06 3.656E-06 3.535E-06 3.407E-06 3.297E-06 3.198E-06 3.079E-06 2.969E-06 2.772E-06 2.587E-06 2.173E-06 1.869E-06 1.567E-06 1.322E-06 7.700E-07 1.061E-06 1.453E-06 1.253E-06 1.136E-06 9.206E-07 7.624E-07 5.709E-07 4.615E-07 3.312E-07 2.503E-07 3.780E-07 3.062E-07 2.002E-07 1.438E-07 1.326E-07 1.298E-07 1.298E-07 1.198E-07 1.066E-07 9.807E-08 9.511E-08 8.256E-08 5.117E-08 4.314E-08 4.262E-08 5.020E-08 5.815E-08 6.978E-08 7.178E-08 7.197E-08 7.177E-08 7.240E-08 6.368E-08 6.019E-08 4.801E-08 4.077E-08 3.427E-08 2.599E-08 1.823E-08 1.411E-08 7.998E-09 5.200E-09
  1.080E+02  3.878E-06 3.911E-06 3.853E-06 3.786E-06 3.693E-06 3.573E-06 3.455E-06 3.335E-06 3.225E-06 3.124E-06 3.005E-06 2.889E-06 2.696E-06 2.513E-06 2.107E-06 1.809E-06 1.516E-06 1.279E-06 7.472E-07 1.035E-06 1.408E-06 1.216E-06 1.104E-06 8.962E-07 7.434E-07 5.583E-07 4.523E-07 3.256E-07 2.469E-07 3.721E-07 3.017E-07 1.978E-07 1.425E-07 1.315E-07 1.288E-07 1.289E-07 1.190E-07 1.059E-07 9.754E-08 9.463E-08 8.217E-08 5.102E-08 4.307E-08 4.260E-08 5.028E-08 5.828E-08 7.000E-08 7.204E-08 7.224E-08 7.209E-08 7.274E-08 6.395E-08 6.045E-08 4.825E-08 4.101E-08 3.447E-08 2.617E-08 1.837E-08 1.423E-08 8.081E-09 5.260E-09
  1.100E+02  3.760E-06 3.844E-06 3.786E-06 3.749E-06 3.652E-06 3.512E-06 3.398E-06 3.276E-06 3.172E-06 3.068E-06 2.943E-06 2.826E-06 2.634E-06 2.451E-06 2.050E-06 1.759E-06 1.473E-06 1.243E-06 7.277E-07 1.012E-06 1.368E-06 1.184E-06 1.076E-06 8.754E-07 7.273E-07 5.477E-07 4.447E-07 3.210E-07 2.442E-07 3.674E-07 2.981E-07 1.961E-07 1.415E-07 1.307E-07 1.281E-07 1.282E-07 1.185E-07 1.055E-07 9.724E-08 9.437E-08 8.197E-08 5.099E-08 4.309E-08 4.266E-08 5.046E-08 5.852E-08 7.035E-08 7.243E-08 7.264E-08 7.255E-08 7.321E-08 6.435E-08 6.084E-08 4.858E-08 4.132E-08 3.474E-08 2.640E-08 1.855E-08 1.438E-08 8.178E-09 5.331E-09
  1.120E+02  3.740E-06 3.832E-06 3.723E-06 3.735E-06 3.599E-06 3.479E-06 3.365E-06 3.231E-06 3.124E-06 3.020E-06 2.894E-06 2.779E-06 2.585E-06 2.401E-06 2.003E-06 1.716E-06 1.436E-06 1.212E-06 7.113E-07 9.921E-07 1.333E-06 1.156E-06 1.052E-06 8.579E-07 7.139E-07 5.389E-07 4.386E-07 3.173E-07 2.422E-07 3.637E-07 2.954E-07 1.948E-07 1.409E-07 1.303E-07 1.278E-07 1.279E-07 1.182E-07 1.053E-07 9.715E-08 9.431E-08 8.195E-08 5.106E-08 4.320E-08 4.281E-08 5.072E-08 5.887E-08 7.082E-08 7.296E-08 7.317E-08 7.313E-08 7.382E-08 6.487E-08 6.133E-08 4.900E-08 4.170E-08 3.507E-08 2.668E-08 1.876E-08 1.455E-08 8.289E-09 5.410E-09
  1.140E+02  3.692E-06 3.776E-06 3.721E-06 3.683E-06 3.576E-06 3.458E-06 3.334E-06 3.208E-06 3.088E-06 2.982E-06 2.864E-06 2.744E-06 2.547E-06 2.363E-06 1.966E-06 1.680E-06 1.406E-06 1.187E-06 6.976E-07 9.752E-07 1.302E-06 1.133E-06 1.032E-06 8.434E-07 7.029E-07 5.318E-07 4.338E-07 3.145E-07 2.408E-07 3.609E-07 2.934E-07 1.940E-07 1.407E-07 1.301E-07 1.277E-07 1.278E-07 1.182E-07 1.054E-07 9.726E-08 9.445E-08 8.210E-08 5.122E-08 4.338E-08 4.302E-08 5.107E-08 5.931E-08 7.141E-08 7.359E-08 7.382E-08 7.383E-08 7.454E-08 6.549E-08 6.193E-08 4.950E-08 4.215E-08 3.546E-08 2.700E-08 1.901E-08 1.475E-08 8.414E-09 5.498E-09
  1.160E+02  3.648E-06 3.705E-06 3.766E-06 3.655E-06 3.584E-06 3.437E-06 3.309E-06 3.205E-06 3.078E-06 2.967E-06 2.846E-06 2.722E-06 2.519E-06 2.337E-06 1.937E-06 1.652E-06 1.382E-06 1.166E-06 6.863E-07 9.608E-07 1.277E-06 1.113E-06 1.016E-06 8.316E-07 6.941E-07 5.263E-07 4.301E-07 3.125E-07 2.398E-07 3.590E-07 2.921E-07 1.936E-07 1.407E-07 1.302E-07 1.278E-07 1.280E-07 1.184E-07 1.056E-07 9.754E-08 9.475E-08 8.239E-08 5.147E-08 4.363E-08 4.331E-08 5.149E-08 5.983E-08 7.210E-08 7.434E-08 7.457E-08 7.464E-08 7.537E-08 6.621E-08 6.262E-08 5.007E-08 4.267E-08 3.590E-08 2.736E-08 1.928E-08 1.497E-08 8.551E-09 5.594E-09
  1.180E+02  3.733E-06 3.711E-06 3.789E-06 3.673E-06 3.611E-06 3.441E-06 3.316E-06 3.214E-06 3.079E-06 2.965E-06 2.840E-06 2.712E-06 2.503E-06 2.318E-06 1.916E-06 1.631E-06 1.363E-06 1.149E-06 6.774E-07 9.488E-07 1.254E-06 1.097E-06 1.003E-06 8.224E-07 6.873E-07 5.222E-07 4.275E-07 3.113E-07 2.394E-07 3.579E-07 2.915E-07 1.936E-07 1.409E-07 1.305E-07 1.282E-07 1.284E-07 1.189E-07 1.060E-07 9.798E-08 9.521E-08 8.281E-08 5.179E-08 4.395E-08 4.365E-08 5.198E-08 6.043E-08 7.288E-08 7.518E-08 7.542E-08 7.555E-08 7.630E-08 6.702E-08 6.339E-08 5.072E-08 4.325E-08 3.640E-08 2.776E-08 1.957E-08 1.521E-08 8.699E-09 5.697E-09
  1.200E+02  3.736E-06 3.782E-06 3.823E-06 3.733E-06 3.641E-06 3.488E-06 3.352E-06 3.233E-06 3.094E-06 2.975E-06 2.845E-06 2.714E-06 2.502E-06 2.310E-06 1.903E-06 1.616E-06 1.348E-06 1.136E-06 6.706E-07 9.388E-07 1.236E-06 1.084E-06 9.925E-07 8.155E-07 6.823E-07 5.194E-07 4.260E-07 3.107E-07 2.393E-07 3.575E-07 2.914E-07 1.940E-07 1.414E-07 1.310E-07 1.288E-07 1.290E-07 1.195E-07 1.066E-07 9.857E-08 9.581E-08 8.335E-08 5.219E-08 4.432E-08 4.405E-08 5.253E-08 6.110E-08 7.374E-08 7.610E-08 7.636E-08 7.654E-08 7.732E-08 6.791E-08 6.424E-08 5.142E-08 4.388E-08 3.693E-08 2.819E-08 1.989E-08 1.547E-08 8.857E-09 5.806E-09
  1.220E+02  3.755E-06 3.857E-06 3.910E-06 3.805E-06 3.703E-06 3.545E-06 3.400E-06 3.270E-06 3.126E-06 3.001E-06 2.865E-06 2.729E-06 2.510E-06 2.313E-06 1.897E-06 1.607E-06 1.339E-06 1.128E-06 6.657E-07 9.307E-07 1.221E-06 1.075E-06 9.849E-07 8.107E-07 6.790E-07 5.178E-07 4.253E-07 3.107E-07 2.397E-07 3.577E-07 2.919E-07 1.946E-07 1.421E-07 1.317E-07 1.295E-07 1.298E-07 1.202E-07 1.073E-07 9.928E-08 9.654E-08 8.400E-08 5.265E-08 4.474E-08 4.449E-08 5.313E-08 6.183E-08 7.468E-08 7.710E-08 7.738E-08 7.761E-08 7.843E-08 6.887E-08 6.517E-08 5.219E-08 4.455E-08 3.751E-08 2.865E-08 2.024E-08 1.574E-08 9.024E-09 5.921E-09
  1.240E+02  3.839E-06 3.975E-06 4.017E-06 3.901E-06 3.783E-06 3.619E-06 3.464E-06 3.328E-06 3.171E-06 3.038E-06 2.898E-06 2.759E-06 2.528E-06 2.325E-06 1.899E-06 1.603E-06 1.334E-06 1.122E-06 6.625E-07 9.244E-07 1.208E-06 1.067E-06 9.797E-07 8.078E-07 6.773E-07 5.172E-07 4.254E-07 3.112E-07 2.404E-07 3.585E-07 2.928E-07 1.956E-07 1.429E-07 1.326E-07 1.304E-07 1.308E-07 1.211E-07 1.082E-07 1.001E-07 9.737E-08 8.475E-08 5.316E-08 4.520E-08 4.498E-08 5.378E-08 6.262E-08 7.568E-08 7.817E-08 7.846E-08 7.875E-08 7.960E-08 6.990E-08 6.615E-08 5.300E-08 4.527E-08 3.812E-08 2.914E-08 2.060E-08 1.603E-08 9.199E-09 6.041E-09
  1.260E+02  3.957E-06 4.139E-06 4.133E-06 4.022E-06 3.887E-06 3.730E-06 3.550E-06 3.404E-06 3.231E-06 3.091E-06 2.946E-06 2.803E-06 2.559E-06 2.348E-06 1.908E-06 1.605E-06 1.334E-06 1.120E-06 6.610E-07 9.195E-07 1.199E-06 1.063E-06 9.769E-07 8.068E-07 6.770E-07 5.176E-07 4.263E-07 3.122E-07 2.413E-07 3.598E-07 2.942E-07 1.968E-07 1.440E-07 1.336E-07 1.315E-07 1.318E-07 1.222E-07 1.091E-07 1.010E-07 9.830E-08 8.558E-08 5.371E-08 4.570E-08 4.550E-08 5.446E-08 6.344E-08 7.673E-08 7.930E-08 7.959E-08 7.994E-08 8.083E-08 7.099E-08 6.718E-08 5.385E-08 4.602E-08 3.877E-08 2.965E-08 2.097E-08 1.633E-08 9.381E-09 6.166E-09
  1.280E+02  4.184E-06 4.312E-06 4.338E-06 4.173E-06 4.023E-06 3.861E-06 3.657E-06 3.495E-06 3.311E-06 3.161E-06 3.007E-06 2.861E-06 2.602E-06 2.381E-06 1.923E-06 1.613E-06 1.337E-06 1.122E-06 6.609E-07 9.161E-07 1.191E-06 1.060E-06 9.762E-07 8.074E-07 6.780E-07 5.188E-07 4.278E-07 3.137E-07 2.426E-07 3.616E-07 2.959E-07 1.982E-07 1.451E-07 1.348E-07 1.326E-07 1.330E-07 1.233E-07 1.102E-07 1.020E-07 9.931E-08 8.647E-08 5.431E-08 4.623E-08 4.605E-08 5.518E-08 6.431E-08 7.783E-08 8.047E-08 8.078E-08 8.119E-08 8.211E-08 7.211E-08 6.826E-08 5.474E-08 4.680E-08 3.944E-08 3.018E-08 2.136E-08 1.664E-08 9.569E-09 6.294E-09
  1.300E+02  4.420E-06 4.532E-06 4.584E-06 4.371E-06 4.195E-06 4.002E-06 3.792E-06 3.609E-06 3.414E-06 3.251E-06 3.082E-06 2.929E-06 2.654E-06 2.423E-06 1.945E-06 1.626E-06 1.345E-06 1.126E-06 6.623E-07 9.139E-07 1.186E-06 1.060E-06 9.773E-07 8.095E-07 6.802E-07 5.209E-07 4.299E-07 3.155E-07 2.440E-07 3.637E-07 2.979E-07 1.998E-07 1.464E-07 1.360E-07 1.339E-07 1.343E-07 1.246E-07 1.113E-07 1.031E-07 1.004E-07 8.743E-08 5.494E-08 4.678E-08 4.663E-08 5.593E-08 6.520E-08 7.897E-08 8.168E-08 8.200E-08 8.247E-08 8.343E-08 7.328E-08 6.938E-08 5.566E-08 4.761E-08 4.013E-08 3.073E-08 2.176E-08 1.696E-08 9.761E-09 6.425E-09
  1.320E+02  4.685E-06 4.821E-06 4.832E-06 4.624E-06 4.426E-06 4.181E-06 3.950E-06 3.747E-06 3.541E-06 3.363E-06 3.176E-06 3.009E-06 2.718E-06 2.473E-06 1.975E-06 1.644E-06 1.356E-06 1.133E-06 6.649E-07 9.127E-07 1.183E-06 1.062E-06 9.803E-07 8.130E-07 6.834E-07 5.236E-07 4.326E-07 3.176E-07 2.457E-07 3.662E-07 3.003E-07 2.015E-07 1.478E-07 1.373E-07 1.352E-07 1.357E-07 1.259E-07 1.125E-07 1.043E-07 1.015E-07 8.844E-08 5.560E-08 4.736E-08 4.722E-08 5.669E-08 6.612E-08 8.014E-08 8.292E-08 8.326E-08 8.379E-08 8.478E-08 7.448E-08 7.052E-08 5.660E-08 4.843E-08 4.083E-08 3.129E-08 2.217E-08 1.728E-08 9.957E-09 6.558E-09
  1.340E+02  4.987E-06 5.199E-06 5.104E-06 4.912E-06 4.692E-06 4.398E-06 4.138E-06 3.903E-06 3.689E-06 3.492E-06 3.287E-06 3.102E-06 2.795E-06 2.532E-06 2.010E-06 1.666E-06 1.370E-06 1.142E-06 6.686E-07 9.126E-07 1.182E-06 1.065E-06 9.848E-07 8.177E-07 6.876E-07 5.270E-07 4.357E-07 3.201E-07 2.475E-07 3.690E-07 3.028E-07 2.034E-07 1.493E-07 1.387E-07 1.366E-07 1.371E-07 1.273E-07 1.138E-07 1.055E-07 1.027E-07 8.948E-08 5.628E-08 4.795E-08 4.783E-08 5.747E-08 6.706E-08 8.132E-08 8.419E-08 8.453E-08 8.512E-08 8.616E-08 7.570E-08 7.168E-08 5.755E-08 4.927E-08 4.155E-08 3.186E-08 2.259E-08 1.761E-08 1.015E-08 6.693E-09
  1.360E+02  5.517E-06 5.641E-06 5.476E-06 5.230E-06 4.949E-06 4.644E-06 4.348E-06 4.086E-06 3.844E-06 3.630E-06 3.410E-06 3.214E-06 2.881E-06 2.603E-06 2.052E-06 1.694E-06 1.388E-06 1.155E-06 6.734E-07 9.133E-07 1.182E-06 1.070E-06 9.908E-07 8.236E-07 6.927E-07 5.309E-07 4.392E-07 3.228E-07 2.495E-07 3.720E-07 3.056E-07 2.054E-07 1.508E-07 1.402E-07 1.381E-07 1.386E-07 1.287E-07 1.151E-07 1.067E-07 1.039E-07 9.055E-08 5.697E-08 4.856E-08 4.845E-08 5.826E-08 6.800E-08 8.252E-08 8.546E-08 8.582E-08 8.647E-08 8.755E-08 7.693E-08 7.286E-08 5.852E-08 5.012E-08 4.227E-08 3.243E-08 2.300E-08 1.795E-08 1.035E-08 6.828E-09
  1.380E+02  6.147E-06 6.098E-06 5.956E-06 5.570E-06 5.253E-06 4.911E-06 4.568E-06 4.295E-06 4.012E-06 3.779E-06 3.546E-06 3.338E-06 2.978E-06 2.683E-06 2.100E-06 1.725E-06 1.409E-06 1.169E-06 6.792E-07 9.148E-07 1.183E-06 1.076E-06 9.981E-07 8.305E-07 6.985E-07 5.353E-07 4.430E-07 3.256E-07 2.516E-07 3.752E-07 3.085E-07 2.075E-07 1.524E-07 1.417E-07 1.396E-07 1.402E-07 1.302E-07 1.164E-07 1.079E-07 1.052E-07 9.164E-08 5.768E-08 4.916E-08 4.908E-08 5.905E-08 6.895E-08 8.372E-08 8.674E-08 8.711E-08 8.782E-08 8.894E-08 7.816E-08 7.404E-08 5.949E-08 5.097E-08 4.300E-08 3.300E-08 2.342E-08 1.828E-08 1.055E-08 6.963E-09
  1.400E+02  6.793E-06 6.659E-06 6.465E-06 5.964E-06 5.597E-06 5.193E-06 4.812E-06 4.513E-06 4.205E-06 3.950E-06 3.696E-06 3.468E-06 3.083E-06 2.769E-06 2.153E-06 1.760E-06 1.433E-06 1.185E-06 6.858E-07 9.170E-07 1.186E-06 1.084E-06 1.007E-06 8.382E-07 7.050E-07 5.401E-07 4.471E-07 3.287E-07 2.537E-07 3.786E-07 3.116E-07 2.097E-07 1.540E-07 1.432E-07 1.412E-07 1.417E-07 1.316E-07 1.177E-07 1.092E-07 1.064E-07 9.275E-08 5.838E-08 4.977E-08 4.970E-08 5.984E-08 6.990E-08 8.492E-08 8.801E-08 8.840E-08 8.917E-08 9.033E-08 7.940E-08 7.522E-08 6.046E-08 5.181E-08 4.372E-08 3.358E-08 2.384E-08 1.861E-08 1.075E-08 7.098E-09
  1.420E+02  7.558E-06 7.315E-06 6.955E-06 6.411E-06 6.003E-06 5.490E-06 5.081E-06 4.738E-06 4.427E-06 4.146E-06 3.860E-06 3.606E-06 3.195E-06 2.860E-06 2.210E-06 1.799E-06 1.459E-06 1.204E-06 6.933E-07 9.197E-07 1.190E-06 1.093E-06 1.016E-06 8.468E-07 7.121E-07 5.453E-07 4.515E-07 3.319E-07 2.559E-07 3.822E-07 3.148E-07 2.119E-07 1.557E-07 1.448E-07 1.427E-07 1.433E-07 1.331E-07 1.191E-07 1.104E-07 1.077E-07 9.385E-08 5.909E-08 5.038E-08 5.032E-08 6.063E-08 7.084E-08 8.611E-08 8.928E-08 8.968E-08 9.051E-08 9.171E-08 8.062E-08 7.639E-08 6.142E-08 5.265E-08 4.444E-08 3.414E-08 2.425E-08 1.894E-08 1.095E-08 7.231E-09
  1.440E+02  8.468E-06 7.977E-06 7.439E-06 6.863E-06 6.393E-06 5.804E-06 5.354E-06 4.985E-06 4.642E-06 4.338E-06 4.029E-06 3.749E-06 3.316E-06 2.955E-06 2.271E-06 1.842E-06 1.488E-06 1.224E-06 7.014E-07 9.229E-07 1.195E-06 1.102E-06 1.026E-06 8.561E-07 7.197E-07 5.508E-07 4.561E-07 3.352E-07 2.582E-07 3.858E-07 3.180E-07 2.141E-07 1.573E-07 1.463E-07 1.443E-07 1.449E-07 1.346E-07 1.204E-07 1.117E-07 1.089E-07 9.495E-08 5.978E-08 5.098E-08 5.094E-08 6.140E-08 7.176E-08 8.728E-08 9.052E-08 9.094E-08 9.183E-08 9.307E-08 8.183E-08 7.754E-08 6.237E-08 5.348E-08 4.515E-08 3.470E-08 2.466E-08 1.926E-08 1.114E-08 7.361E-09
  1.460E+02  9.281E-06 8.669E-06 7.979E-06 7.313E-06 6.723E-06 6.120E-06 5.626E-06 5.229E-06 4.837E-06 4.517E-06 4.197E-06 3.895E-06 3.440E-06 3.056E-06 2.337E-06 1.886E-06 1.518E-06 1.245E-06 7.102E-07 9.265E-07 1.200E-06 1.112E-06 1.037E-06 8.659E-07 7.278E-07 5.565E-07 4.608E-07 3.385E-07 2.604E-07 3.894E-07 3.212E-07 2.163E-07 1.589E-07 1.478E-07 1.458E-07 1.465E-07 1.361E-07 1.217E-07 1.129E-07 1.101E-07 9.603E-08 6.047E-08 5.157E-08 5.154E-08 6.215E-08 7.266E-08 8.842E-08 9.174E-08 9.217E-08 9.312E-08 9.440E-08 8.302E-08 7.868E-08 6.330E-08 5.429E-08 4.584E-08 3.525E-08 2.506E-08 1.958E-08 1.133E-08 7.489E-09
  1.480E+02  1.024E-05 9.235E-06 8.582E-06 7.668E-06 7.032E-06 6.391E-06 5.872E-06 5.465E-06 5.038E-06 4.700E-06 4.366E-06 4.048E-06 3.561E-06 3.164E-06 2.405E-06 1.933E-06 1.551E-06 1.268E-06 7.195E-07 9.304E-07 1.206E-06 1.123E-06 1.049E-06 8.762E-07 7.361E-07 5.624E-07 4.657E-07 3.419E-07 2.627E-07 3.931E-07 3.245E-07 2.186E-07 1.605E-07 1.493E-07 1.473E-07 1.480E-07 1.376E-07 1.231E-07 1.142E-07 1.113E-07 9.709E-08 6.114E-08 5.215E-08 5.212E-08 6.289E-08 7.355E-08 8.954E-08 9.293E-08 9.337E-08 9.437E-08 9.569E-08 8.417E-08 7.978E-08 6.421E-08 5.508E-08 4.652E-08 3.578E-08 2.545E-08 1.988E-08 1.151E-08 7.613E-09
  1.500E+02  1.126E-05 9.727E-06 9.074E-06 7.983E-06 7.313E-06 6.645E-06 6.095E-06 5.685E-06 5.221E-06 4.870E-06 4.530E-06 4.204E-06 3.681E-06 3.273E-06 2.473E-06 1.980E-06 1.584E-06 1.292E-06 7.293E-07 9.346E-07 1.212E-06 1.134E-06 1.061E-06 8.868E-07 7.447E-07 5.683E-07 4.705E-07 3.453E-07 2.649E-07 3.967E-07 3.278E-07 2.207E-07 1.621E-07 1.508E-07 1.488E-07 1.495E-07 1.390E-07 1.243E-07 1.153E-07 1.125E-07 9.813E-08 6.179E-08 5.270E-08 5.269E-08 6.360E-08 7.440E-08 9.062E-08 9.408E-08 9.453E-08 9.559E-08 9.695E-08 8.529E-08 8.085E-08 6.509E-08 5.585E-08 4.718E-08 3.630E-08 2.582E-08 2.018E-08 1.169E-08 7.733E-09
  1.520E+02  1.188E-05 1.016E-05 9.305E-06 8.332E-06 7.544E-06 6.920E-06 6.323E-06 5.890E-06 5.398E-06 5.038E-06 4.684E-06 4.353E-06 3.807E-06 3.374E-06 2.541E-06 2.029E-06 1.618E-06 1.316E-06 7.395E-07 9.389E-07 1.219E-06 1.146E-06 1.073E-06 8.976E-07 7.534E-07 5.744E-07 4.754E-07 3.487E-07 2.671E-07 4.003E-07 3.310E-07 2.229E-07 1.636E-07 1.522E-07 1.502E-07 1.509E-07 1.403E-07 1.256E-07 1.165E-07 1.137E-07 9.912E-08 6.242E-08 5.324E-08 5.324E-08 6.429E-08 7.522E-08 9.165E-08 9.518E-08 9.564E-08 9.676E-08 9.815E-08 8.636E-08 8.187E-08 6.593E-08 5.659E-08 4.781E-08 3.680E-08 2.619E-08 2.047E-08 1.186E-08 7.849E-09
  1.540E+02  1.212E-05 1.059E-05 9.522E-06 8.610E-06 7.841E-06 7.178E-06 6.558E-06 6.075E-06 5.597E-06 5.220E-06 4.838E-06 4.487E-06 3.931E-06 3.469E-06 2.608E-06 2.078E-06 1.652E-06 1.341E-06 7.500E-07 9.433E-07 1.226E-06 1.157E-06 1.086E-06 9.085E-07 7.622E-07 5.804E-07 4.803E-07 3.521E-07 2.692E-07 4.037E-07 3.341E-07 2.250E-07 1.651E-07 1.536E-07 1.516E-07 1.523E-07 1.417E-07 1.267E-07 1.176E-07 1.148E-07 1.001E-07 6.302E-08 5.375E-08 5.376E-08 6.494E-08 7.600E-08 9.264E-08 9.623E-08 9.671E-08 9.787E-08 9.930E-08 8.739E-08 8.285E-08 6.674E-08 5.729E-08 4.841E-08 3.727E-08 2.653E-08 2.074E-08 1.202E-08 7.959E-09
  1.560E+02  1.237E-05 1.090E-05 9.864E-06 8.873E-06 8.150E-06 7.388E-06 6.773E-06 6.271E-06 5.793E-06 5.400E-06 4.998E-06 4.614E-06 4.045E-06 3.566E-06 2.673E-06 2.126E-06 1.686E-06 1.366E-06 7.606E-07 9.478E-07 1.233E-06 1.169E-06 1.098E-06 9.193E-07 7.709E-07 5.863E-07 4.850E-07 3.553E-07 2.712E-07 4.071E-07 3.371E-07 2.270E-07 1.665E-07 1.549E-07 1.529E-07 1.537E-07 1.429E-07 1.279E-07 1.186E-07 1.158E-07 1.010E-07 6.359E-08 5.424E-08 5.425E-08 6.556E-08 7.673E-08 9.358E-08 9.723E-08 9.771E-08 9.892E-08 1.004E-07 8.836E-08 8.378E-08 6.750E-08 5.796E-08 4.898E-08 3.772E-08 2.686E-08 2.100E-08 1.218E-08 8.063E-09
  1.580E+02  1.277E-05 1.128E-05 1.011E-05 9.231E-06 8.434E-06 7.600E-06 6.995E-06 6.478E-06 5.979E-06 5.569E-06 5.152E-06 4.744E-06 4.151E-06 3.658E-06 2.735E-06 2.171E-06 1.719E-06 1.391E-06 7.714E-07 9.522E-07 1.240E-06 1.180E-06 1.110E-06 9.299E-07 7.794E-07 5.921E-07 4.897E-07 3.584E-07 2.731E-07 4.103E-07 3.400E-07 2.289E-07 1.679E-07 1.562E-07 1.541E-07 1.549E-07 1.441E-07 1.289E-07 1.196E-07 1.168E-07 1.019E-07 6.413E-08 5.470E-08 5.472E-08 6.614E-08 7.743E-08 9.446E-08 9.816E-08 9.866E-08 9.992E-08 1.014E-07 8.928E-08 8.466E-08 6.822E-08 5.858E-08 4.951E-08 3.814E-08 2.716E-08 2.124E-08 1.232E-08 8.161E-09
  1.600E+02  1.334E-05 1.174E-05 1.041E-05 9.564E-06 8.755E-06 7.880E-06 7.237E-06 6.678E-06 6.166E-06 5.735E-06 5.291E-06 4.871E-06 4.254E-06 3.739E-06 2.790E-06 2.212E-06 1.750E-06 1.414E-06 7.820E-07 9.566E-07 1.247E-06 1.191E-06 1.122E-06 9.401E-07 7.877E-07 5.978E-07 4.941E-07 3.614E-07 2.749E-07 4.134E-07 3.428E-07 2.306E-07 1.691E-07 1.573E-07 1.553E-07 1.561E-07 1.452E-07 1.299E-07 1.206E-07 1.177E-07 1.027E-07 6.463E-08 5.512E-08 5.515E-08 6.668E-08 7.807E-08 9.527E-08 9.903E-08 9.954E-08 1.008E-07 1.024E-07 9.013E-08 8.547E-08 6.889E-08 5.916E-08 5.001E-08 3.853E-08 2.745E-08 2.147E-08 1.246E-08 8.252E-09
  1.620E+02  1.394E-05 1.235E-05 1.096E-05 9.947E-06 9.076E-06 8.205E-06 7.483E-06 6.849E-06 6.327E-06 5.871E-06 5.401E-06 4.983E-06 4.340E-06 3.807E-06 2.834E-06 2.246E-06 1.777E-06 1.436E-06 7.924E-07 9.608E-07 1.254E-06 1.201E-06 1.133E-06 9.500E-07 7.957E-07 6.032E-07 4.984E-07 3.643E-07 2.766E-07 4.163E-07 3.453E-07 2.323E-07 1.703E-07 1.584E-07 1.563E-07 1.572E-07 1.463E-07 1.308E-07 1.214E-07 1.185E-07 1.034E-07 6.509E-08 5.551E-08 5.555E-08 6.718E-08 7.867E-08 9.602E-08 9.983E-08 1.003E-07 1.017E-07 1.032E-07 9.091E-08 8.622E-08 6.950E-08 5.970E-08 5.047E-08 3.890E-08 2.771E-08 2.168E-08 1.258E-08 8.336E-09
  1.640E+02  1.508E-05 1.304E-05 1.153E-05 1.042E-05 9.359E-06 8.487E-06 7.688E-06 6.996E-06 6.430E-06 5.952E-06 5.465E-06 5.060E-06 4.388E-06 3.847E-06 2.860E-06 2.270E-06 1.800E-06 1.455E-06 8.022E-07 9.647E-07 1.261E-06 1.212E-06 1.143E-06 9.593E-07 8.033E-07 6.083E-07 5.024E-07 3.669E-07 2.782E-07 4.189E-07 3.477E-07 2.339E-07 1.714E-07 1.594E-07 1.573E-07 1.582E-07 1.472E-07 1.317E-07 1.222E-07 1.193E-07 1.041E-07 6.550E-08 5.587E-08 5.591E-08 6.763E-08 7.920E-08 9.671E-08 1.006E-07 1.011E-07 1.025E-07 1.040E-07 9.162E-08 8.690E-08 7.006E-08 6.019E-08 5.089E-08 3.922E-08 2.795E-08 2.187E-08 1.269E-08 8.412E-09
  1.660E+02  1.582E-05 1.360E-05 1.197E-05 1.073E-05 9.577E-06 8.590E-06 7.761E-06 7.073E-06 6.453E-06 5.955E-06 5.472E-06 5.041E-06 4.367E-06 3.832E-06 2.864E-06 2.282E-06 1.816E-06 1.470E-06 8.114E-07 9.684E-07 1.268E-06 1.222E-06 1.154E-06 9.682E-07 8.104E-07 6.130E-07 5.061E-07 3.693E-07 2.796E-07 4.213E-07 3.499E-07 2.353E-07 1.723E-07 1.603E-07 1.582E-07 1.591E-07 1.480E-07 1.324E-07 1.229E-07 1.200E-07 1.047E-07 6.588E-08 5.619E-08 5.623E-08 6.803E-08 7.968E-08 9.731E-08 1.012E-07 1.017E-07 1.031E-07 1.048E-07 9.226E-08 8.750E-08 7.056E-08 6.062E-08 5.126E-08 3.952E-08 2.816E-08 2.204E-08 1.279E-08 8.480E-09
  1.680E+02  1.571E-05 1.371E-05 1.210E-05 1.069E-05 9.578E-06 8.408E-06 7.581E-06 6.936E-06 6.319E-06 5.818E-06 5.350E-06 4.887E-06 4.258E-06 3.752E-06 2.839E-06 2.279E-06 1.824E-06 1.482E-06 8.197E-07 9.717E-07 1.275E-06 1.232E-06 1.164E-06 9.766E-07 8.170E-07 6.174E-07 5.095E-07 3.715E-07 2.808E-07 4.234E-07 3.518E-07 2.365E-07 1.732E-07 1.610E-07 1.590E-07 1.598E-07 1.488E-07 1.331E-07 1.235E-07 1.206E-07 1.052E-07 6.621E-08 5.646E-08 5.651E-08 6.838E-08 8.011E-08 9.785E-08 1.018E-07 1.023E-07 1.037E-07 1.054E-07 9.281E-08 8.804E-08 7.100E-08 6.100E-08 5.159E-08 3.977E-08 2.835E-08 2.219E-08 1.288E-08 8.539E-09
  1.700E+02  1.516E-05 1.313E-05 1.145E-05 1.017E-05 9.086E-06 7.814E-06 7.087E-06 6.507E-06 5.956E-06 5.495E-06 5.059E-06 4.618E-06 4.066E-06 3.615E-06 2.792E-06 2.267E-06 1.829E-06 1.492E-06 8.271E-07 9.747E-07 1.282E-06 1.241E-06 1.173E-06 9.846E-07 8.232E-07 6.213E-07 5.125E-07 3.734E-07 2.819E-07 4.253E-07 3.535E-07 2.376E-07 1.739E-07 1.617E-07 1.596E-07 1.605E-07 1.494E-07 1.337E-07 1.240E-07 1.211E-07 1.057E-07 6.649E-08 5.670E-08 5.675E-08 6.868E-08 8.047E-08 9.830E-08 1.023E-07 1.028E-07 1.043E-07 1.059E-07 9.329E-08 8.849E-08 7.137E-08 6.133E-08 5.187E-08 3.999E-08 2.851E-08 2.231E-08 1.296E-08 8.590E-09
  1.720E+02  1.431E-05 1.209E-05 1.022E-05 9.207E-06 8.137E-06 6.983E-06 6.422E-06 5.918E-06 5.460E-06 5.077E-06 4.710E-06 4.332E-06 3.868E-06 3.482E-06 2.750E-06 2.261E-06 1.836E-06 1.503E-06 8.338E-07 9.772E-07 1.288E-06 1.251E-06 1.183E-06 9.920E-07 8.288E-07 6.248E-07 5.151E-07 3.751E-07 2.828E-07 4.268E-07 3.550E-07 2.384E-07 1.745E-07 1.623E-07 1.602E-07 1.611E-07 1.499E-07 1.341E-07 1.244E-07 1.215E-07 1.060E-07 6.672E-08 5.690E-08 5.695E-08 6.893E-08 8.076E-08 9.868E-08 1.027E-07 1.032E-07 1.047E-07 1.063E-07 9.368E-08 8.887E-08 7.168E-08 6.160E-08 5.210E-08 4.018E-08 2.864E-08 2.242E-08 1.302E-08 8.632E-09
  1.740E+02  1.433E-05 1.136E-05 9.509E-06 8.385E-06 7.388E-06 6.522E-06 6.024E-06 5.578E-06 5.163E-06 4.845E-06 4.548E-06 4.245E-06 3.811E-06 3.461E-06 2.759E-06 2.281E-06 1.855E-06 1.519E-06 8.404E-07 9.792E-07 1.293E-06 1.259E-06 1.191E-06 9.988E-07 8.338E-07 6.277E-07 5.172E-07 3.764E-07 2.835E-07 4.281E-07 3.561E-07 2.392E-07 1.750E-07 1.627E-07 1.606E-07 1.615E-07 1.503E-07 1.345E-07 1.248E-07 1.219E-07 1.063E-07 6.690E-08 5.705E-08 5.711E-08 6.912E-08 8.099E-08 9.897E-08 1.030E-07 1.035E-07 1.050E-07 1.067E-07 9.399E-08 8.916E-08 7.192E-08 6.181E-08 5.228E-08 4.032E-08 2.875E-08 2.250E-08 1.307E-08 8.665E-09
  1.760E+02  1.482E-05 1.199E-05 1.039E-05 8.894E-06 7.784E-06 7.056E-06 6.408E-06 5.951E-06 5.449E-06 5.108E-06 4.793E-06 4.504E-06 4.005E-06 3.627E-06 2.851E-06 2.337E-06 1.892E-06 1.541E-06 8.470E-07 9.806E-07 1.297E-06 1.266E-06 1.199E-06 1.004E-06 8.377E-07 6.299E-07 5.188E-07 3.774E-07 2.840E-07 4.290E-07 3.569E-07 2.397E-07 1.753E-07 1.630E-07 1.609E-07 1.618E-07 1.506E-07 1.348E-07 1.250E-07 1.221E-07 1.065E-07 6.703E-08 5.716E-08 5.722E-08 6.926E-08 8.116E-08 9.919E-08 1.032E-07 1.038E-07 1.053E-07 1.069E-07 9.421E-08 8.937E-08 7.210E-08 6.196E-08 5.241E-08 4.042E-08 2.882E-08 2.256E-08 1.310E-08 8.688E-09
  1.780E+02  1.764E-05 1.489E-05 1.310E-05 1.114E-05 9.449E-06 8.485E-06 7.565E-06 6.953E-06 6.275E-06 5.807E-06 5.351E-06 5.009E-06 4.361E-06 3.910E-06 2.986E-06 2.407E-06 1.933E-06 1.563E-06 8.526E-07 9.815E-07 1.300E-06 1.271E-06 1.203E-06 1.008E-06 8.403E-07 6.313E-07 5.199E-07 3.780E-07 2.843E-07 4.295E-07 3.574E-07 2.400E-07 1.755E-07 1.632E-07 1.611E-07 1.620E-07 1.508E-07 1.349E-07 1.252E-07 1.223E-07 1.067E-07 6.711E-08 5.723E-08 5.729E-08 6.935E-08 8.126E-08 9.931E-08 1.033E-07 1.039E-07 1.054E-07 1.071E-07 9.434E-08 8.950E-08 7.220E-08 6.205E-08 5.248E-08 4.048E-08 2.887E-08 2.259E-08 1.312E-08 8.703E-09
  1.800E+02  2.140E-05 1.766E-05 1.531E-05 1.294E-05 1.069E-05 9.459E-06 8.336E-06 7.603E-06 6.809E-06 6.246E-06 5.682E-06 5.302E-06 4.558E-06 4.064E-06 3.054E-06 2.441E-06 1.951E-06 1.572E-06 8.549E-07 9.818E-07 1.301E-06 1.272E-06 1.205E-06 1.009E-06 8.413E-07 6.318E-07 5.202E-07 3.782E-07 2.844E-07 4.297E-07 3.576E-07 2.401E-07 1.756E-07 1.633E-07 1.612E-07 1.621E-07 1.509E-07 1.350E-07 1.252E-07 1.223E-07 1.067E-07 6.714E-08 5.725E-08 5.731E-08 6.938E-08 8.129E-08 9.936E-08 1.034E-07 1.039E-07 1.054E-07 1.071E-07 9.439E-08 8.954E-08 7.224E-08 6.208E-08 5.251E-08 4.050E-08 2.888E-08 2.260E-08 1.313E-08 8.707E-09
