# sulfate (90%)       
#
# size distribution: lognormal
# ------------------
#
#   minimum radius, [um]:      9.000E-03
#   maximum radius, [um]:      4.230E+01
#                  sigma:      2.030E+00
#       Rmod (wet), [um]:      1.350E-01
#       Rmod (dry), [um]:      6.950E-02
#
# optical parameters:
# -------------------
#
# wavelength ext.coef  sca.coef  abs.coef  si.sc.alb  asym.par  ext.nor    ref.real  ref.imag
#     [um]     [1/km]    [1/km]    [1/km]
#
#  2.500E-01 4.128E-04 4.128E-04 2.215E-10 1.000E+00 0.766E+00 1.130E+00  1.379E+00 -3.029E-08
#  3.000E-01 4.176E-04 4.176E-04 1.494E-10 1.000E+00 0.776E+00 1.144E+00  1.365E+00 -1.518E-08
#  3.500E-01 4.152E-04 4.152E-04 0.000E+00 1.000E+00 0.782E+00 1.137E+00  1.358E+00 -6.978E-09
#  4.000E-01 4.069E-04 4.069E-04 0.000E+00 1.000E+00 0.787E+00 1.114E+00  1.353E+00 -2.971E-09
#  4.500E-01 3.950E-04 3.950E-04 0.000E+00 1.000E+00 0.789E+00 1.082E+00  1.350E+00 -2.245E-09
#  5.000E-01 3.811E-04 3.811E-04 0.000E+00 1.000E+00 0.790E+00 1.044E+00  1.348E+00 -2.228E-09
#  5.500E-01 3.652E-04 3.652E-04 0.000E+00 1.000E+00 0.790E+00 1.000E+00  1.346E+00 -3.057E-09
#  6.000E-01 3.487E-04 3.487E-04 6.236E-11 1.000E+00 0.790E+00 9.549E-01  1.345E+00 -1.142E-08
#  6.500E-01 3.321E-04 3.321E-04 0.000E+00 1.000E+00 0.789E+00 9.094E-01  1.344E+00 -1.644E-08
#  7.000E-01 3.160E-04 3.160E-04 1.507E-10 1.000E+00 0.787E+00 8.652E-01  1.344E+00 -3.173E-08
#  7.500E-01 2.995E-04 2.995E-04 3.928E-10 1.000E+00 0.785E+00 8.201E-01  1.343E+00 -1.445E-07
#  8.000E-01 2.836E-04 2.836E-04 2.873E-10 1.000E+00 0.783E+00 7.764E-01  1.342E+00 -1.197E-07
#  9.000E-01 2.541E-04 2.541E-04 9.389E-10 1.000E+00 0.778E+00 6.957E-01  1.341E+00 -4.545E-07
#  1.000E+00 2.271E-04 2.271E-04 5.143E-09 1.000E+00 0.772E+00 6.218E-01  1.340E+00 -2.704E-06
#  1.250E+00 1.707E-04 1.707E-04 1.226E-08 9.999E-01 0.757E+00 4.674E-01  1.335E+00 -8.460E-06
#  1.500E+00 1.301E-04 1.299E-04 2.200E-07 9.983E-01 0.740E+00 3.562E-01  1.332E+00 -1.891E-04
#  1.750E+00 9.794E-05 9.780E-05 1.370E-07 9.986E-01 0.724E+00 2.682E-01  1.324E+00 -1.431E-04
#  2.000E+00 7.503E-05 7.413E-05 9.025E-07 9.880E-01 0.707E+00 2.055E-01  1.317E+00 -1.122E-03
#  2.500E+00 3.793E-05 3.674E-05 1.192E-06 9.686E-01 0.681E+00 1.039E-01  1.272E+00 -2.016E-03
#  3.000E+00 1.136E-04 2.948E-05 8.410E-05 2.596E-01 0.569E+00 3.110E-01  1.360E+00 -2.479E-01
#  3.200E+00 7.966E-05 4.068E-05 3.897E-05 5.107E-01 0.579E+00 2.181E-01  1.455E+00 -9.821E-02
#  3.390E+00 5.180E-05 3.503E-05 1.677E-05 6.763E-01 0.581E+00 1.419E-01  1.413E+00 -4.152E-02
#  3.500E+00 4.326E-05 3.155E-05 1.171E-05 7.293E-01 0.579E+00 1.185E-01  1.397E+00 -2.968E-02
#  3.750E+00 3.243E-05 2.481E-05 7.625E-06 7.649E-01 0.569E+00 8.881E-02  1.373E+00 -2.090E-02
#  4.000E+00 2.665E-05 1.956E-05 7.094E-06 7.339E-01 0.556E+00 7.298E-02  1.356E+00 -2.116E-02
#  4.500E+00 2.124E-05 1.322E-05 8.025E-06 6.222E-01 0.528E+00 5.817E-02  1.339E+00 -2.794E-02
#  5.000E+00 1.652E-05 9.622E-06 6.895E-06 5.825E-01 0.501E+00 4.523E-02  1.330E+00 -2.722E-02
#  5.500E+00 1.416E-05 6.289E-06 7.870E-06 4.442E-01 0.474E+00 3.877E-02  1.303E+00 -3.499E-02
#  6.000E+00 2.747E-05 4.356E-06 2.312E-05 1.586E-01 0.426E+00 7.523E-02  1.287E+00 -1.190E-01
#  6.200E+00 2.479E-05 6.301E-06 1.849E-05 2.542E-01 0.425E+00 6.788E-02  1.371E+00 -9.851E-02
#  6.500E+00 1.439E-05 4.982E-06 9.407E-06 3.463E-01 0.425E+00 3.940E-02  1.343E+00 -5.132E-02
#  7.200E+00 1.136E-05 2.856E-06 8.504E-06 2.514E-01 0.395E+00 3.111E-02  1.298E+00 -5.173E-02
#  7.900E+00 1.595E-05 1.869E-06 1.408E-05 1.171E-01 0.357E+00 4.368E-02  1.273E+00 -9.586E-02
#  8.200E+00 1.833E-05 1.736E-06 1.659E-05 9.472E-02 0.342E+00 5.019E-02  1.274E+00 -1.183E-01
#  8.500E+00 1.980E-05 1.764E-06 1.803E-05 8.910E-02 0.330E+00 5.421E-02  1.291E+00 -1.347E-01
#  8.700E+00 1.975E-05 1.817E-06 1.793E-05 9.200E-02 0.325E+00 5.407E-02  1.307E+00 -1.381E-01
#  9.000E+00 1.685E-05 1.687E-06 1.516E-05 1.001E-01 0.320E+00 4.614E-02  1.315E+00 -1.208E-01
#  9.200E+00 1.573E-05 1.466E-06 1.427E-05 9.315E-02 0.315E+00 4.308E-02  1.302E+00 -1.158E-01
#  9.500E+00 1.804E-05 1.369E-06 1.667E-05 7.590E-02 0.302E+00 4.940E-02  1.301E+00 -1.407E-01
#  9.800E+00 1.667E-05 1.383E-06 1.529E-05 8.294E-02 0.297E+00 4.565E-02  1.322E+00 -1.341E-01
#  1.000E+01 1.312E-05 1.185E-06 1.194E-05 9.029E-02 0.297E+00 3.593E-02  1.310E+00 -1.060E-01
#  1.060E+01 1.200E-05 6.962E-07 1.131E-05 5.801E-02 0.278E+00 3.286E-02  1.253E+00 -1.046E-01
#  1.100E+01 1.621E-05 5.757E-07 1.564E-05 3.550E-02 0.258E+00 4.440E-02  1.224E+00 -1.498E-01
#  1.150E+01 1.781E-05 5.662E-07 1.724E-05 3.180E-02 0.244E+00 4.876E-02  1.230E+00 -1.737E-01
#  1.250E+01 2.348E-05 5.304E-07 2.295E-05 2.259E-02 0.213E+00 6.429E-02  1.207E+00 -2.507E-01
#  1.300E+01 2.592E-05 5.772E-07 2.534E-05 2.227E-02 0.201E+00 7.098E-02  1.220E+00 -2.900E-01
#  1.400E+01 2.805E-05 6.458E-07 2.740E-05 2.303E-02 0.185E+00 7.680E-02  1.269E+00 -3.461E-01
#  1.480E+01 2.778E-05 6.429E-07 2.714E-05 2.314E-02 0.175E+00 7.607E-02  1.306E+00 -3.699E-01
#  1.500E+01 2.772E-05 6.389E-07 2.709E-05 2.304E-02 0.173E+00 7.592E-02  1.314E+00 -3.759E-01
#  1.640E+01 2.765E-05 6.210E-07 2.703E-05 2.246E-02 0.158E+00 7.571E-02  1.370E+00 -4.252E-01
#  1.720E+01 2.684E-05 6.393E-07 2.620E-05 2.381E-02 0.152E+00 7.350E-02  1.432E+00 -4.510E-01
#  1.800E+01 2.050E-05 5.451E-07 1.995E-05 2.659E-02 0.157E+00 5.612E-02  1.495E+00 -3.735E-01
#  1.850E+01 1.942E-05 5.093E-07 1.891E-05 2.622E-02 0.154E+00 5.318E-02  1.509E+00 -3.677E-01
#  2.000E+01 1.645E-05 3.931E-07 1.606E-05 2.389E-02 0.146E+00 4.505E-02  1.527E+00 -3.426E-01
#  2.130E+01 1.638E-05 3.314E-07 1.604E-05 2.024E-02 0.135E+00 4.484E-02  1.530E+00 -3.672E-01
#  2.250E+01 1.342E-05 2.730E-07 1.315E-05 2.034E-02 0.132E+00 3.676E-02  1.556E+00 -3.238E-01
#  2.500E+01 1.210E-05 2.040E-07 1.190E-05 1.686E-02 0.119E+00 3.314E-02  1.585E+00 -3.347E-01
#  2.790E+01 1.010E-05 1.387E-07 9.958E-06 1.374E-02 0.107E+00 2.765E-02  1.600E+00 -3.173E-01
#  3.000E+01 9.052E-06 1.055E-07 8.946E-06 1.166E-02 0.984E-01 2.479E-02  1.601E+00 -3.078E-01
#  3.500E+01 7.998E-06 5.758E-08 7.941E-06 7.199E-03 0.796E-01 2.190E-02  1.582E+00 -3.161E-01
#  4.000E+01 8.036E-06 3.619E-08 7.999E-06 4.504E-03 0.646E-01 2.200E-02  1.570E+00 -3.625E-01
#
# volume phase function [1/km]:
# -----------------------------
#
# sca.ang. | wavelengths --->
# ---------|------------------
#          | 2.500E-01 3.000E-01 3.500E-01 4.000E-01 4.500E-01 5.000E-01 5.500E-01 6.000E-01 6.500E-01 7.000E-01 7.500E-01 8.000E-01 9.000E-01 1.000E+00 1.250E+00 1.500E+00 1.750E+00 2.000E+00 2.500E+00 3.000E+00 3.200E+00 3.390E+00 3.500E+00 3.750E+00 4.000E+00 4.500E+00 5.000E+00 5.500E+00 6.000E+00 6.200E+00 6.500E+00 7.200E+00 7.900E+00 8.200E+00 8.500E+00 8.700E+00 9.000E+00 9.200E+00 9.500E+00 9.800E+00 1.000E+01 1.060E+01 1.100E+01 1.150E+01 1.250E+01 1.300E+01 1.400E+01 1.480E+01 1.500E+01 1.640E+01 1.720E+01 1.800E+01 1.850E+01 2.000E+01 2.130E+01 2.250E+01 2.500E+01 2.790E+01 3.000E+01 3.500E+01 4.000E+01
#
  0.000E+00  3.995E-03 2.975E-03 2.344E-03 1.906E-03 1.594E-03 1.363E-03 1.179E-03 1.028E-03 9.069E-04 8.049E-04 7.177E-04 6.449E-04 5.245E-04 4.313E-04 2.748E-04 1.828E-04 1.242E-04 8.594E-05 3.856E-05 1.963E-05 2.550E-05 2.235E-05 2.010E-05 1.545E-05 1.178E-05 7.282E-06 4.883E-06 2.969E-06 1.774E-06 2.465E-06 1.968E-06 1.053E-06 6.173E-07 5.468E-07 5.332E-07 5.379E-07 4.925E-07 4.226E-07 3.794E-07 3.761E-07 3.233E-07 1.822E-07 1.425E-07 1.344E-07 1.150E-07 1.207E-07 1.281E-07 1.236E-07 1.219E-07 1.129E-07 1.139E-07 9.758E-08 9.038E-08 6.811E-08 5.578E-08 4.551E-08 3.280E-08 2.159E-08 1.608E-08 8.378E-09 5.072E-09
  1.000E-01  3.991E-03 2.972E-03 2.342E-03 1.905E-03 1.594E-03 1.363E-03 1.178E-03 1.027E-03 9.068E-04 8.048E-04 7.176E-04 6.448E-04 5.244E-04 4.313E-04 2.748E-04 1.828E-04 1.242E-04 8.594E-05 3.856E-05 1.963E-05 2.550E-05 2.235E-05 2.010E-05 1.545E-05 1.177E-05 7.282E-06 4.883E-06 2.969E-06 1.773E-06 2.465E-06 1.968E-06 1.053E-06 6.173E-07 5.468E-07 5.332E-07 5.379E-07 4.925E-07 4.226E-07 3.794E-07 3.761E-07 3.233E-07 1.822E-07 1.425E-07 1.344E-07 1.150E-07 1.207E-07 1.281E-07 1.236E-07 1.219E-07 1.129E-07 1.139E-07 9.758E-08 9.038E-08 6.811E-08 5.577E-08 4.551E-08 3.280E-08 2.159E-08 1.608E-08 8.378E-09 5.072E-09
  2.000E-01  3.977E-03 2.965E-03 2.338E-03 1.903E-03 1.592E-03 1.362E-03 1.178E-03 1.027E-03 9.064E-04 8.045E-04 7.173E-04 6.447E-04 5.243E-04 4.312E-04 2.748E-04 1.828E-04 1.242E-04 8.593E-05 3.856E-05 1.963E-05 2.550E-05 2.235E-05 2.010E-05 1.545E-05 1.177E-05 7.282E-06 4.883E-06 2.969E-06 1.773E-06 2.465E-06 1.968E-06 1.053E-06 6.173E-07 5.468E-07 5.332E-07 5.379E-07 4.925E-07 4.225E-07 3.794E-07 3.761E-07 3.233E-07 1.822E-07 1.425E-07 1.344E-07 1.150E-07 1.207E-07 1.281E-07 1.236E-07 1.219E-07 1.129E-07 1.139E-07 9.758E-08 9.038E-08 6.811E-08 5.577E-08 4.551E-08 3.280E-08 2.159E-08 1.608E-08 8.378E-09 5.072E-09
  3.000E-01  3.955E-03 2.954E-03 2.332E-03 1.899E-03 1.590E-03 1.360E-03 1.177E-03 1.026E-03 9.057E-04 8.040E-04 7.170E-04 6.444E-04 5.241E-04 4.311E-04 2.747E-04 1.827E-04 1.242E-04 8.592E-05 3.855E-05 1.963E-05 2.550E-05 2.235E-05 2.010E-05 1.545E-05 1.177E-05 7.281E-06 4.883E-06 2.969E-06 1.773E-06 2.465E-06 1.968E-06 1.053E-06 6.172E-07 5.468E-07 5.332E-07 5.378E-07 4.925E-07 4.225E-07 3.794E-07 3.761E-07 3.233E-07 1.822E-07 1.425E-07 1.344E-07 1.150E-07 1.207E-07 1.281E-07 1.236E-07 1.219E-07 1.129E-07 1.139E-07 9.758E-08 9.038E-08 6.810E-08 5.577E-08 4.551E-08 3.280E-08 2.159E-08 1.608E-08 8.378E-09 5.072E-09
  4.000E-01  3.925E-03 2.939E-03 2.323E-03 1.894E-03 1.586E-03 1.358E-03 1.175E-03 1.025E-03 9.048E-04 8.033E-04 7.164E-04 6.439E-04 5.238E-04 4.309E-04 2.746E-04 1.827E-04 1.242E-04 8.591E-05 3.855E-05 1.962E-05 2.550E-05 2.235E-05 2.010E-05 1.545E-05 1.177E-05 7.281E-06 4.883E-06 2.969E-06 1.773E-06 2.464E-06 1.968E-06 1.053E-06 6.172E-07 5.468E-07 5.332E-07 5.378E-07 4.925E-07 4.225E-07 3.794E-07 3.761E-07 3.233E-07 1.822E-07 1.425E-07 1.344E-07 1.150E-07 1.207E-07 1.280E-07 1.236E-07 1.219E-07 1.129E-07 1.139E-07 9.757E-08 9.038E-08 6.810E-08 5.577E-08 4.551E-08 3.280E-08 2.159E-08 1.608E-08 8.378E-09 5.072E-09
  5.000E-01  3.888E-03 2.919E-03 2.312E-03 1.887E-03 1.582E-03 1.355E-03 1.173E-03 1.023E-03 9.037E-04 8.024E-04 7.157E-04 6.434E-04 5.234E-04 4.306E-04 2.745E-04 1.826E-04 1.241E-04 8.588E-05 3.854E-05 1.962E-05 2.549E-05 2.235E-05 2.010E-05 1.545E-05 1.177E-05 7.280E-06 4.882E-06 2.969E-06 1.773E-06 2.464E-06 1.968E-06 1.053E-06 6.172E-07 5.467E-07 5.331E-07 5.378E-07 4.924E-07 4.225E-07 3.794E-07 3.761E-07 3.233E-07 1.821E-07 1.425E-07 1.343E-07 1.150E-07 1.207E-07 1.280E-07 1.236E-07 1.219E-07 1.129E-07 1.139E-07 9.757E-08 9.038E-08 6.810E-08 5.577E-08 4.551E-08 3.280E-08 2.159E-08 1.608E-08 8.378E-09 5.072E-09
  6.000E-01  3.844E-03 2.897E-03 2.299E-03 1.879E-03 1.577E-03 1.351E-03 1.170E-03 1.021E-03 9.023E-04 8.013E-04 7.149E-04 6.427E-04 5.230E-04 4.303E-04 2.744E-04 1.826E-04 1.241E-04 8.586E-05 3.853E-05 1.962E-05 2.549E-05 2.234E-05 2.009E-05 1.545E-05 1.177E-05 7.279E-06 4.882E-06 2.968E-06 1.773E-06 2.464E-06 1.968E-06 1.053E-06 6.171E-07 5.467E-07 5.331E-07 5.378E-07 4.924E-07 4.225E-07 3.793E-07 3.761E-07 3.232E-07 1.821E-07 1.425E-07 1.343E-07 1.150E-07 1.207E-07 1.280E-07 1.236E-07 1.219E-07 1.129E-07 1.139E-07 9.757E-08 9.037E-08 6.810E-08 5.577E-08 4.551E-08 3.280E-08 2.159E-08 1.608E-08 8.378E-09 5.072E-09
  7.000E-01  3.796E-03 2.871E-03 2.284E-03 1.870E-03 1.571E-03 1.347E-03 1.167E-03 1.019E-03 9.007E-04 8.001E-04 7.139E-04 6.419E-04 5.225E-04 4.300E-04 2.742E-04 1.825E-04 1.240E-04 8.583E-05 3.852E-05 1.961E-05 2.549E-05 2.234E-05 2.009E-05 1.544E-05 1.177E-05 7.278E-06 4.881E-06 2.968E-06 1.773E-06 2.464E-06 1.967E-06 1.053E-06 6.171E-07 5.466E-07 5.331E-07 5.377E-07 4.924E-07 4.224E-07 3.793E-07 3.760E-07 3.232E-07 1.821E-07 1.425E-07 1.343E-07 1.150E-07 1.207E-07 1.280E-07 1.236E-07 1.219E-07 1.129E-07 1.139E-07 9.757E-08 9.037E-08 6.810E-08 5.577E-08 4.551E-08 3.280E-08 2.159E-08 1.608E-08 8.378E-09 5.072E-09
  8.000E-01  3.743E-03 2.843E-03 2.267E-03 1.860E-03 1.564E-03 1.342E-03 1.164E-03 1.017E-03 8.988E-04 7.986E-04 7.128E-04 6.410E-04 5.219E-04 4.295E-04 2.740E-04 1.824E-04 1.240E-04 8.579E-05 3.850E-05 1.961E-05 2.548E-05 2.233E-05 2.009E-05 1.544E-05 1.177E-05 7.277E-06 4.880E-06 2.968E-06 1.773E-06 2.464E-06 1.967E-06 1.052E-06 6.170E-07 5.466E-07 5.330E-07 5.377E-07 4.923E-07 4.224E-07 3.793E-07 3.760E-07 3.232E-07 1.821E-07 1.425E-07 1.343E-07 1.150E-07 1.207E-07 1.280E-07 1.236E-07 1.219E-07 1.129E-07 1.138E-07 9.756E-08 9.037E-08 6.810E-08 5.577E-08 4.551E-08 3.280E-08 2.159E-08 1.608E-08 8.377E-09 5.071E-09
  9.000E-01  3.687E-03 2.812E-03 2.249E-03 1.848E-03 1.556E-03 1.337E-03 1.160E-03 1.014E-03 8.967E-04 7.970E-04 7.115E-04 6.400E-04 5.212E-04 4.291E-04 2.738E-04 1.823E-04 1.239E-04 8.575E-05 3.849E-05 1.960E-05 2.548E-05 2.233E-05 2.008E-05 1.544E-05 1.176E-05 7.275E-06 4.879E-06 2.967E-06 1.772E-06 2.463E-06 1.967E-06 1.052E-06 6.170E-07 5.465E-07 5.330E-07 5.376E-07 4.923E-07 4.224E-07 3.793E-07 3.760E-07 3.232E-07 1.821E-07 1.425E-07 1.343E-07 1.150E-07 1.207E-07 1.280E-07 1.236E-07 1.219E-07 1.129E-07 1.138E-07 9.756E-08 9.036E-08 6.809E-08 5.576E-08 4.551E-08 3.279E-08 2.159E-08 1.608E-08 8.377E-09 5.071E-09
  1.000E+00  3.628E-03 2.779E-03 2.230E-03 1.836E-03 1.548E-03 1.331E-03 1.156E-03 1.011E-03 8.944E-04 7.953E-04 7.101E-04 6.389E-04 5.204E-04 4.285E-04 2.735E-04 1.821E-04 1.238E-04 8.571E-05 3.847E-05 1.960E-05 2.547E-05 2.232E-05 2.008E-05 1.543E-05 1.176E-05 7.274E-06 4.878E-06 2.967E-06 1.772E-06 2.463E-06 1.967E-06 1.052E-06 6.169E-07 5.465E-07 5.329E-07 5.376E-07 4.922E-07 4.223E-07 3.792E-07 3.759E-07 3.231E-07 1.821E-07 1.424E-07 1.343E-07 1.150E-07 1.207E-07 1.280E-07 1.235E-07 1.219E-07 1.129E-07 1.138E-07 9.755E-08 9.036E-08 6.809E-08 5.576E-08 4.550E-08 3.279E-08 2.159E-08 1.608E-08 8.377E-09 5.071E-09
  1.100E+00  3.566E-03 2.745E-03 2.209E-03 1.823E-03 1.539E-03 1.325E-03 1.152E-03 1.008E-03 8.919E-04 7.933E-04 7.086E-04 6.376E-04 5.196E-04 4.280E-04 2.733E-04 1.820E-04 1.238E-04 8.566E-05 3.845E-05 1.959E-05 2.546E-05 2.232E-05 2.007E-05 1.543E-05 1.176E-05 7.272E-06 4.877E-06 2.966E-06 1.772E-06 2.463E-06 1.966E-06 1.052E-06 6.168E-07 5.464E-07 5.329E-07 5.375E-07 4.922E-07 4.223E-07 3.792E-07 3.759E-07 3.231E-07 1.821E-07 1.424E-07 1.343E-07 1.150E-07 1.207E-07 1.280E-07 1.235E-07 1.219E-07 1.129E-07 1.138E-07 9.755E-08 9.035E-08 6.809E-08 5.576E-08 4.550E-08 3.279E-08 2.159E-08 1.608E-08 8.376E-09 5.071E-09
  1.200E+00  3.502E-03 2.709E-03 2.187E-03 1.809E-03 1.530E-03 1.319E-03 1.147E-03 1.004E-03 8.892E-04 7.912E-04 7.070E-04 6.363E-04 5.187E-04 4.273E-04 2.730E-04 1.818E-04 1.237E-04 8.560E-05 3.843E-05 1.958E-05 2.545E-05 2.231E-05 2.006E-05 1.542E-05 1.175E-05 7.270E-06 4.876E-06 2.965E-06 1.771E-06 2.462E-06 1.966E-06 1.052E-06 6.167E-07 5.463E-07 5.328E-07 5.375E-07 4.921E-07 4.222E-07 3.791E-07 3.759E-07 3.231E-07 1.820E-07 1.424E-07 1.343E-07 1.150E-07 1.207E-07 1.280E-07 1.235E-07 1.218E-07 1.129E-07 1.138E-07 9.754E-08 9.035E-08 6.808E-08 5.576E-08 4.550E-08 3.279E-08 2.159E-08 1.608E-08 8.376E-09 5.071E-09
  1.300E+00  3.437E-03 2.672E-03 2.164E-03 1.794E-03 1.520E-03 1.312E-03 1.142E-03 1.000E-03 8.863E-04 7.890E-04 7.052E-04 6.349E-04 5.178E-04 4.267E-04 2.727E-04 1.817E-04 1.236E-04 8.555E-05 3.840E-05 1.958E-05 2.545E-05 2.230E-05 2.006E-05 1.542E-05 1.175E-05 7.268E-06 4.875E-06 2.965E-06 1.771E-06 2.462E-06 1.966E-06 1.052E-06 6.166E-07 5.463E-07 5.327E-07 5.374E-07 4.921E-07 4.222E-07 3.791E-07 3.758E-07 3.230E-07 1.820E-07 1.424E-07 1.343E-07 1.150E-07 1.207E-07 1.280E-07 1.235E-07 1.218E-07 1.129E-07 1.138E-07 9.754E-08 9.034E-08 6.808E-08 5.575E-08 4.550E-08 3.279E-08 2.158E-08 1.608E-08 8.376E-09 5.070E-09
  1.400E+00  3.371E-03 2.634E-03 2.140E-03 1.779E-03 1.509E-03 1.304E-03 1.137E-03 9.964E-04 8.833E-04 7.866E-04 7.033E-04 6.334E-04 5.167E-04 4.259E-04 2.723E-04 1.815E-04 1.235E-04 8.548E-05 3.838E-05 1.957E-05 2.544E-05 2.230E-05 2.005E-05 1.541E-05 1.175E-05 7.266E-06 4.874E-06 2.964E-06 1.771E-06 2.461E-06 1.965E-06 1.051E-06 6.165E-07 5.462E-07 5.326E-07 5.373E-07 4.920E-07 4.221E-07 3.790E-07 3.758E-07 3.230E-07 1.820E-07 1.424E-07 1.343E-07 1.150E-07 1.207E-07 1.280E-07 1.235E-07 1.218E-07 1.128E-07 1.138E-07 9.753E-08 9.034E-08 6.808E-08 5.575E-08 4.550E-08 3.279E-08 2.158E-08 1.608E-08 8.375E-09 5.070E-09
  1.500E+00  3.305E-03 2.595E-03 2.116E-03 1.763E-03 1.498E-03 1.297E-03 1.131E-03 9.922E-04 8.801E-04 7.841E-04 7.013E-04 6.317E-04 5.157E-04 4.252E-04 2.720E-04 1.813E-04 1.234E-04 8.541E-05 3.835E-05 1.956E-05 2.543E-05 2.229E-05 2.004E-05 1.541E-05 1.174E-05 7.263E-06 4.872E-06 2.963E-06 1.770E-06 2.461E-06 1.965E-06 1.051E-06 6.164E-07 5.461E-07 5.326E-07 5.372E-07 4.919E-07 4.221E-07 3.790E-07 3.757E-07 3.230E-07 1.820E-07 1.424E-07 1.342E-07 1.149E-07 1.206E-07 1.280E-07 1.235E-07 1.218E-07 1.128E-07 1.138E-07 9.752E-08 9.033E-08 6.807E-08 5.575E-08 4.549E-08 3.278E-08 2.158E-08 1.608E-08 8.375E-09 5.070E-09
  1.600E+00  3.238E-03 2.556E-03 2.091E-03 1.747E-03 1.487E-03 1.289E-03 1.125E-03 9.878E-04 8.767E-04 7.814E-04 6.992E-04 6.300E-04 5.145E-04 4.244E-04 2.716E-04 1.811E-04 1.232E-04 8.534E-05 3.832E-05 1.955E-05 2.542E-05 2.228E-05 2.003E-05 1.540E-05 1.174E-05 7.261E-06 4.871E-06 2.962E-06 1.770E-06 2.460E-06 1.964E-06 1.051E-06 6.163E-07 5.460E-07 5.325E-07 5.371E-07 4.918E-07 4.220E-07 3.789E-07 3.757E-07 3.229E-07 1.820E-07 1.423E-07 1.342E-07 1.149E-07 1.206E-07 1.280E-07 1.235E-07 1.218E-07 1.128E-07 1.138E-07 9.752E-08 9.032E-08 6.807E-08 5.574E-08 4.549E-08 3.278E-08 2.158E-08 1.607E-08 8.374E-09 5.070E-09
  1.700E+00  3.171E-03 2.516E-03 2.066E-03 1.730E-03 1.476E-03 1.280E-03 1.119E-03 9.832E-04 8.731E-04 7.786E-04 6.970E-04 6.282E-04 5.133E-04 4.235E-04 2.712E-04 1.809E-04 1.231E-04 8.527E-05 3.829E-05 1.954E-05 2.540E-05 2.227E-05 2.003E-05 1.540E-05 1.173E-05 7.258E-06 4.869E-06 2.961E-06 1.769E-06 2.459E-06 1.964E-06 1.051E-06 6.162E-07 5.459E-07 5.324E-07 5.370E-07 4.918E-07 4.219E-07 3.789E-07 3.756E-07 3.229E-07 1.819E-07 1.423E-07 1.342E-07 1.149E-07 1.206E-07 1.279E-07 1.235E-07 1.218E-07 1.128E-07 1.138E-07 9.751E-08 9.032E-08 6.806E-08 5.574E-08 4.549E-08 3.278E-08 2.158E-08 1.607E-08 8.374E-09 5.069E-09
  1.800E+00  3.104E-03 2.476E-03 2.040E-03 1.713E-03 1.464E-03 1.272E-03 1.113E-03 9.785E-04 8.694E-04 7.758E-04 6.948E-04 6.264E-04 5.120E-04 4.226E-04 2.708E-04 1.806E-04 1.230E-04 8.519E-05 3.826E-05 1.953E-05 2.539E-05 2.226E-05 2.002E-05 1.539E-05 1.173E-05 7.255E-06 4.867E-06 2.960E-06 1.769E-06 2.459E-06 1.963E-06 1.051E-06 6.160E-07 5.458E-07 5.323E-07 5.369E-07 4.917E-07 4.219E-07 3.788E-07 3.755E-07 3.228E-07 1.819E-07 1.423E-07 1.342E-07 1.149E-07 1.206E-07 1.279E-07 1.235E-07 1.218E-07 1.128E-07 1.138E-07 9.750E-08 9.031E-08 6.805E-08 5.573E-08 4.548E-08 3.278E-08 2.158E-08 1.607E-08 8.373E-09 5.069E-09
  1.900E+00  3.038E-03 2.436E-03 2.014E-03 1.696E-03 1.452E-03 1.263E-03 1.106E-03 9.736E-04 8.656E-04 7.728E-04 6.924E-04 6.244E-04 5.107E-04 4.217E-04 2.703E-04 1.804E-04 1.228E-04 8.510E-05 3.823E-05 1.951E-05 2.538E-05 2.225E-05 2.001E-05 1.538E-05 1.172E-05 7.252E-06 4.865E-06 2.959E-06 1.768E-06 2.458E-06 1.963E-06 1.050E-06 6.159E-07 5.456E-07 5.322E-07 5.368E-07 4.916E-07 4.218E-07 3.787E-07 3.755E-07 3.227E-07 1.819E-07 1.423E-07 1.342E-07 1.149E-07 1.206E-07 1.279E-07 1.235E-07 1.218E-07 1.128E-07 1.138E-07 9.749E-08 9.030E-08 6.805E-08 5.573E-08 4.548E-08 3.277E-08 2.158E-08 1.607E-08 8.373E-09 5.069E-09
  2.000E+00  2.973E-03 2.396E-03 1.987E-03 1.679E-03 1.439E-03 1.254E-03 1.100E-03 9.685E-04 8.617E-04 7.696E-04 6.899E-04 6.224E-04 5.093E-04 4.207E-04 2.699E-04 1.802E-04 1.227E-04 8.501E-05 3.819E-05 1.950E-05 2.537E-05 2.224E-05 2.000E-05 1.537E-05 1.172E-05 7.249E-06 4.863E-06 2.958E-06 1.768E-06 2.457E-06 1.962E-06 1.050E-06 6.157E-07 5.455E-07 5.320E-07 5.367E-07 4.915E-07 4.217E-07 3.787E-07 3.754E-07 3.227E-07 1.818E-07 1.423E-07 1.341E-07 1.149E-07 1.206E-07 1.279E-07 1.234E-07 1.218E-07 1.128E-07 1.138E-07 9.748E-08 9.029E-08 6.804E-08 5.572E-08 4.547E-08 3.277E-08 2.157E-08 1.607E-08 8.372E-09 5.068E-09
  3.000E+00  2.369E-03 2.009E-03 1.724E-03 1.497E-03 1.307E-03 1.157E-03 1.026E-03 9.118E-04 8.170E-04 7.339E-04 6.611E-04 5.986E-04 4.928E-04 4.088E-04 2.641E-04 1.770E-04 1.209E-04 8.389E-05 3.774E-05 1.935E-05 2.520E-05 2.209E-05 1.987E-05 1.528E-05 1.164E-05 7.208E-06 4.838E-06 2.944E-06 1.760E-06 2.448E-06 1.955E-06 1.046E-06 6.138E-07 5.439E-07 5.306E-07 5.353E-07 4.902E-07 4.206E-07 3.777E-07 3.745E-07 3.219E-07 1.814E-07 1.420E-07 1.339E-07 1.147E-07 1.204E-07 1.277E-07 1.233E-07 1.216E-07 1.126E-07 1.136E-07 9.736E-08 9.018E-08 6.796E-08 5.566E-08 4.542E-08 3.274E-08 2.155E-08 1.605E-08 8.364E-09 5.064E-09
  4.000E+00  1.883E-03 1.672E-03 1.481E-03 1.320E-03 1.175E-03 1.055E-03 9.465E-04 8.492E-04 7.665E-04 6.928E-04 6.274E-04 5.703E-04 4.727E-04 3.942E-04 2.568E-04 1.729E-04 1.185E-04 8.239E-05 3.713E-05 1.914E-05 2.497E-05 2.189E-05 1.969E-05 1.514E-05 1.155E-05 7.153E-06 4.804E-06 2.924E-06 1.750E-06 2.436E-06 1.945E-06 1.041E-06 6.111E-07 5.417E-07 5.285E-07 5.333E-07 4.884E-07 4.191E-07 3.765E-07 3.733E-07 3.209E-07 1.808E-07 1.415E-07 1.335E-07 1.144E-07 1.201E-07 1.274E-07 1.230E-07 1.213E-07 1.124E-07 1.134E-07 9.719E-08 9.003E-08 6.785E-08 5.557E-08 4.535E-08 3.269E-08 2.152E-08 1.603E-08 8.353E-09 5.058E-09
  5.000E+00  1.508E-03 1.394E-03 1.271E-03 1.160E-03 1.051E-03 9.561E-04 8.675E-04 7.859E-04 7.143E-04 6.496E-04 5.914E-04 5.396E-04 4.503E-04 3.776E-04 2.482E-04 1.681E-04 1.155E-04 8.056E-05 3.638E-05 1.888E-05 2.468E-05 2.164E-05 1.947E-05 1.497E-05 1.142E-05 7.082E-06 4.761E-06 2.899E-06 1.738E-06 2.420E-06 1.932E-06 1.034E-06 6.077E-07 5.389E-07 5.260E-07 5.308E-07 4.862E-07 4.172E-07 3.748E-07 3.718E-07 3.195E-07 1.801E-07 1.410E-07 1.330E-07 1.140E-07 1.197E-07 1.271E-07 1.227E-07 1.210E-07 1.122E-07 1.132E-07 9.698E-08 8.983E-08 6.771E-08 5.546E-08 4.526E-08 3.263E-08 2.148E-08 1.600E-08 8.339E-09 5.049E-09
  6.000E+00  1.220E-03 1.169E-03 1.095E-03 1.020E-03 9.395E-04 8.642E-04 7.922E-04 7.244E-04 6.627E-04 6.062E-04 5.547E-04 5.080E-04 4.269E-04 3.599E-04 2.388E-04 1.626E-04 1.122E-04 7.846E-05 3.552E-05 1.857E-05 2.434E-05 2.134E-05 1.920E-05 1.478E-05 1.128E-05 6.999E-06 4.709E-06 2.870E-06 1.723E-06 2.401E-06 1.916E-06 1.027E-06 6.036E-07 5.355E-07 5.228E-07 5.278E-07 4.835E-07 4.149E-07 3.729E-07 3.699E-07 3.179E-07 1.792E-07 1.403E-07 1.324E-07 1.136E-07 1.193E-07 1.267E-07 1.223E-07 1.207E-07 1.118E-07 1.128E-07 9.671E-08 8.959E-08 6.754E-08 5.532E-08 4.515E-08 3.255E-08 2.144E-08 1.597E-08 8.322E-09 5.040E-09
  8.000E+00  8.321E-04 8.426E-04 8.273E-04 7.945E-04 7.528E-04 7.057E-04 6.583E-04 6.116E-04 5.661E-04 5.232E-04 4.831E-04 4.456E-04 3.793E-04 3.231E-04 2.183E-04 1.505E-04 1.047E-04 7.365E-05 3.351E-05 1.785E-05 2.353E-05 2.064E-05 1.856E-05 1.430E-05 1.092E-05 6.796E-06 4.584E-06 2.798E-06 1.685E-06 2.354E-06 1.878E-06 1.007E-06 5.935E-07 5.270E-07 5.151E-07 5.202E-07 4.767E-07 4.091E-07 3.680E-07 3.652E-07 3.138E-07 1.770E-07 1.387E-07 1.310E-07 1.125E-07 1.182E-07 1.256E-07 1.213E-07 1.197E-07 1.110E-07 1.121E-07 9.605E-08 8.899E-08 6.710E-08 5.498E-08 4.488E-08 3.236E-08 2.132E-08 1.588E-08 8.279E-09 5.015E-09
  1.000E+01  5.994E-04 6.304E-04 6.396E-04 6.286E-04 6.076E-04 5.789E-04 5.473E-04 5.145E-04 4.810E-04 4.484E-04 4.173E-04 3.875E-04 3.335E-04 2.869E-04 1.971E-04 1.375E-04 9.648E-05 6.833E-05 3.125E-05 1.703E-05 2.258E-05 1.980E-05 1.781E-05 1.373E-05 1.050E-05 6.553E-06 4.433E-06 2.711E-06 1.640E-06 2.296E-06 1.831E-06 9.833E-07 5.810E-07 5.166E-07 5.055E-07 5.108E-07 4.683E-07 4.020E-07 3.619E-07 3.593E-07 3.087E-07 1.742E-07 1.367E-07 1.292E-07 1.111E-07 1.168E-07 1.243E-07 1.201E-07 1.185E-07 1.100E-07 1.111E-07 9.521E-08 8.822E-08 6.654E-08 5.454E-08 4.452E-08 3.212E-08 2.116E-08 1.577E-08 8.224E-09 4.983E-09
  1.200E+01  4.515E-04 4.873E-04 5.049E-04 5.049E-04 4.949E-04 4.777E-04 4.563E-04 4.328E-04 4.078E-04 3.830E-04 3.586E-04 3.350E-04 2.912E-04 2.526E-04 1.763E-04 1.245E-04 8.806E-05 6.278E-05 2.887E-05 1.613E-05 2.152E-05 1.887E-05 1.698E-05 1.309E-05 1.003E-05 6.281E-06 4.262E-06 2.612E-06 1.589E-06 2.230E-06 1.777E-06 9.559E-07 5.666E-07 5.045E-07 4.943E-07 4.999E-07 4.585E-07 3.936E-07 3.547E-07 3.524E-07 3.027E-07 1.709E-07 1.343E-07 1.270E-07 1.095E-07 1.152E-07 1.227E-07 1.186E-07 1.171E-07 1.088E-07 1.099E-07 9.420E-08 8.729E-08 6.587E-08 5.401E-08 4.410E-08 3.183E-08 2.098E-08 1.564E-08 8.158E-09 4.944E-09
  1.400E+01  3.521E-04 3.867E-04 4.058E-04 4.109E-04 4.067E-04 3.964E-04 3.816E-04 3.643E-04 3.456E-04 3.265E-04 3.073E-04 2.885E-04 2.530E-04 2.211E-04 1.566E-04 1.118E-04 7.974E-05 5.723E-05 2.647E-05 1.519E-05 2.040E-05 1.788E-05 1.609E-05 1.242E-05 9.520E-06 5.987E-06 4.077E-06 2.505E-06 1.532E-06 2.157E-06 1.718E-06 9.254E-07 5.505E-07 4.909E-07 4.817E-07 4.875E-07 4.474E-07 3.842E-07 3.466E-07 3.446E-07 2.960E-07 1.672E-07 1.315E-07 1.246E-07 1.076E-07 1.133E-07 1.208E-07 1.169E-07 1.154E-07 1.074E-07 1.085E-07 9.302E-08 8.622E-08 6.509E-08 5.339E-08 4.360E-08 3.149E-08 2.076E-08 1.548E-08 8.080E-09 4.899E-09
  1.600E+01  2.825E-04 3.133E-04 3.312E-04 3.381E-04 3.370E-04 3.304E-04 3.200E-04 3.072E-04 2.930E-04 2.781E-04 2.629E-04 2.478E-04 2.190E-04 1.926E-04 1.383E-04 9.984E-05 7.175E-05 5.185E-05 2.412E-05 1.424E-05 1.925E-05 1.685E-05 1.516E-05 1.172E-05 8.995E-06 5.680E-06 3.882E-06 2.392E-06 1.472E-06 2.078E-06 1.654E-06 8.927E-07 5.330E-07 4.762E-07 4.680E-07 4.741E-07 4.353E-07 3.739E-07 3.377E-07 3.360E-07 2.885E-07 1.631E-07 1.285E-07 1.219E-07 1.055E-07 1.112E-07 1.188E-07 1.150E-07 1.136E-07 1.057E-07 1.069E-07 9.169E-08 8.501E-08 6.420E-08 5.269E-08 4.304E-08 3.110E-08 2.052E-08 1.530E-08 7.992E-09 4.847E-09
  1.800E+01  2.314E-04 2.579E-04 2.736E-04 2.806E-04 2.811E-04 2.765E-04 2.691E-04 2.595E-04 2.485E-04 2.369E-04 2.247E-04 2.125E-04 1.891E-04 1.673E-04 1.216E-04 8.871E-05 6.425E-05 4.674E-05 2.187E-05 1.330E-05 1.808E-05 1.582E-05 1.423E-05 1.101E-05 8.462E-06 5.366E-06 3.682E-06 2.275E-06 1.409E-06 1.995E-06 1.587E-06 8.584E-07 5.145E-07 4.605E-07 4.533E-07 4.596E-07 4.223E-07 3.628E-07 3.282E-07 3.268E-07 2.805E-07 1.587E-07 1.252E-07 1.190E-07 1.032E-07 1.089E-07 1.165E-07 1.129E-07 1.115E-07 1.040E-07 1.052E-07 9.022E-08 8.367E-08 6.322E-08 5.191E-08 4.242E-08 3.067E-08 2.025E-08 1.511E-08 7.894E-09 4.790E-09
  2.000E+01  1.931E-04 2.150E-04 2.284E-04 2.345E-04 2.357E-04 2.323E-04 2.268E-04 2.195E-04 2.109E-04 2.017E-04 1.920E-04 1.820E-04 1.629E-04 1.450E-04 1.066E-04 7.855E-05 5.731E-05 4.197E-05 1.976E-05 1.238E-05 1.693E-05 1.479E-05 1.331E-05 1.030E-05 7.931E-06 5.052E-06 3.480E-06 2.157E-06 1.345E-06 1.910E-06 1.518E-06 8.229E-07 4.953E-07 4.441E-07 4.380E-07 4.445E-07 4.086E-07 3.512E-07 3.181E-07 3.170E-07 2.721E-07 1.541E-07 1.218E-07 1.158E-07 1.008E-07 1.065E-07 1.140E-07 1.107E-07 1.093E-07 1.020E-07 1.033E-07 8.862E-08 8.220E-08 6.215E-08 5.107E-08 4.174E-08 3.021E-08 1.995E-08 1.489E-08 7.786E-09 4.727E-09
  2.200E+01  1.641E-04 1.812E-04 1.922E-04 1.972E-04 1.983E-04 1.959E-04 1.917E-04 1.860E-04 1.791E-04 1.718E-04 1.640E-04 1.559E-04 1.403E-04 1.254E-04 9.322E-05 6.935E-05 5.097E-05 3.757E-05 1.780E-05 1.149E-05 1.580E-05 1.379E-05 1.240E-05 9.607E-06 7.410E-06 4.742E-06 3.280E-06 2.039E-06 1.280E-06 1.823E-06 1.448E-06 7.867E-07 4.756E-07 4.273E-07 4.221E-07 4.288E-07 3.944E-07 3.391E-07 3.076E-07 3.068E-07 2.633E-07 1.492E-07 1.182E-07 1.126E-07 9.820E-08 1.039E-07 1.114E-07 1.083E-07 1.069E-07 9.997E-08 1.013E-07 8.691E-08 8.063E-08 6.101E-08 5.015E-08 4.101E-08 2.970E-08 1.963E-08 1.465E-08 7.669E-09 4.659E-09
  2.400E+01  1.407E-04 1.543E-04 1.626E-04 1.667E-04 1.675E-04 1.658E-04 1.624E-04 1.578E-04 1.523E-04 1.465E-04 1.401E-04 1.335E-04 1.207E-04 1.084E-04 8.140E-05 6.112E-05 4.524E-05 3.356E-05 1.601E-05 1.064E-05 1.471E-05 1.282E-05 1.153E-05 8.937E-06 6.905E-06 4.439E-06 3.083E-06 1.923E-06 1.215E-06 1.736E-06 1.378E-06 7.504E-07 4.557E-07 4.102E-07 4.059E-07 4.128E-07 3.799E-07 3.267E-07 2.968E-07 2.963E-07 2.542E-07 1.443E-07 1.144E-07 1.092E-07 9.550E-08 1.011E-07 1.087E-07 1.057E-07 1.044E-07 9.779E-08 9.914E-08 8.509E-08 7.897E-08 5.978E-08 4.918E-08 4.023E-08 2.916E-08 1.928E-08 1.440E-08 7.543E-09 4.585E-09
  2.600E+01  1.211E-04 1.322E-04 1.383E-04 1.416E-04 1.421E-04 1.408E-04 1.379E-04 1.342E-04 1.298E-04 1.250E-04 1.198E-04 1.144E-04 1.039E-04 9.369E-05 7.102E-05 5.380E-05 4.009E-05 2.993E-05 1.437E-05 9.834E-06 1.366E-05 1.189E-05 1.069E-05 8.294E-06 6.419E-06 4.145E-06 2.891E-06 1.810E-06 1.152E-06 1.650E-06 1.308E-06 7.142E-07 4.356E-07 3.929E-07 3.895E-07 3.965E-07 3.652E-07 3.142E-07 2.858E-07 2.856E-07 2.450E-07 1.392E-07 1.106E-07 1.057E-07 9.270E-08 9.829E-08 1.059E-07 1.030E-07 1.018E-07 9.549E-08 9.689E-08 8.317E-08 7.721E-08 5.850E-08 4.816E-08 3.940E-08 2.859E-08 1.892E-08 1.414E-08 7.410E-09 4.507E-09
  2.800E+01  1.048E-04 1.138E-04 1.181E-04 1.207E-04 1.210E-04 1.198E-04 1.174E-04 1.143E-04 1.107E-04 1.069E-04 1.026E-04 9.813E-05 8.947E-05 8.098E-05 6.194E-05 4.732E-05 3.549E-05 2.666E-05 1.289E-05 9.076E-06 1.266E-05 1.100E-05 9.890E-06 7.683E-06 5.956E-06 3.864E-06 2.706E-06 1.699E-06 1.089E-06 1.564E-06 1.239E-06 6.785E-07 4.157E-07 3.757E-07 3.731E-07 3.801E-07 3.503E-07 3.015E-07 2.747E-07 2.748E-07 2.356E-07 1.340E-07 1.067E-07 1.021E-07 8.984E-08 9.537E-08 1.029E-07 1.003E-07 9.914E-08 9.311E-08 9.455E-08 8.118E-08 7.538E-08 5.715E-08 4.708E-08 3.854E-08 2.799E-08 1.854E-08 1.386E-08 7.270E-09 4.425E-09
  3.000E+01  9.103E-05 9.824E-05 1.014E-04 1.033E-04 1.033E-04 1.021E-04 1.002E-04 9.762E-05 9.467E-05 9.153E-05 8.796E-05 8.425E-05 7.710E-05 7.004E-05 5.402E-05 4.160E-05 3.141E-05 2.373E-05 1.155E-05 8.366E-06 1.172E-05 1.017E-05 9.137E-06 7.104E-06 5.517E-06 3.596E-06 2.529E-06 1.593E-06 1.028E-06 1.481E-06 1.172E-06 6.434E-07 3.960E-07 3.586E-07 3.568E-07 3.638E-07 3.355E-07 2.889E-07 2.636E-07 2.639E-07 2.262E-07 1.288E-07 1.027E-07 9.848E-08 8.692E-08 9.239E-08 9.988E-08 9.746E-08 9.637E-08 9.066E-08 9.213E-08 7.912E-08 7.349E-08 5.576E-08 4.597E-08 3.764E-08 2.736E-08 1.814E-08 1.357E-08 7.124E-09 4.340E-09
  3.200E+01  7.979E-05 8.492E-05 8.737E-05 8.862E-05 8.849E-05 8.734E-05 8.568E-05 8.358E-05 8.111E-05 7.852E-05 7.555E-05 7.246E-05 6.652E-05 6.063E-05 4.714E-05 3.659E-05 2.779E-05 2.112E-05 1.035E-05 7.704E-06 1.083E-05 9.380E-06 8.430E-06 6.561E-06 5.104E-06 3.342E-06 2.360E-06 1.492E-06 9.692E-07 1.399E-06 1.107E-06 6.092E-07 3.766E-07 3.417E-07 3.406E-07 3.477E-07 3.208E-07 2.763E-07 2.525E-07 2.530E-07 2.169E-07 1.236E-07 9.879E-08 9.485E-08 8.397E-08 8.937E-08 9.681E-08 9.457E-08 9.354E-08 8.814E-08 8.965E-08 7.700E-08 7.155E-08 5.433E-08 4.483E-08 3.672E-08 2.672E-08 1.773E-08 1.326E-08 6.973E-09 4.251E-09
  3.400E+01  7.032E-05 7.374E-05 7.558E-05 7.620E-05 7.597E-05 7.499E-05 7.348E-05 7.170E-05 6.963E-05 6.748E-05 6.500E-05 6.245E-05 5.748E-05 5.256E-05 4.117E-05 3.219E-05 2.460E-05 1.880E-05 9.274E-06 7.088E-06 9.999E-06 8.646E-06 7.769E-06 6.052E-06 4.717E-06 3.102E-06 2.199E-06 1.395E-06 9.124E-07 1.320E-06 1.044E-06 5.760E-07 3.577E-07 3.252E-07 3.247E-07 3.317E-07 3.063E-07 2.639E-07 2.416E-07 2.423E-07 2.076E-07 1.185E-07 9.486E-08 9.122E-08 8.101E-08 8.634E-08 9.371E-08 9.164E-08 9.067E-08 8.559E-08 8.712E-08 7.485E-08 6.957E-08 5.287E-08 4.365E-08 3.577E-08 2.606E-08 1.730E-08 1.295E-08 6.817E-09 4.159E-09
  3.600E+01  6.188E-05 6.445E-05 6.555E-05 6.581E-05 6.539E-05 6.461E-05 6.323E-05 6.166E-05 5.990E-05 5.812E-05 5.605E-05 5.392E-05 4.977E-05 4.563E-05 3.600E-05 2.834E-05 2.178E-05 1.674E-05 8.312E-06 6.518E-06 9.224E-06 7.962E-06 7.153E-06 5.578E-06 4.355E-06 2.877E-06 2.047E-06 1.303E-06 8.579E-07 1.244E-06 9.830E-07 5.440E-07 3.393E-07 3.090E-07 3.091E-07 3.161E-07 2.921E-07 2.518E-07 2.308E-07 2.316E-07 1.985E-07 1.134E-07 9.098E-08 8.762E-08 7.806E-08 8.329E-08 9.059E-08 8.869E-08 8.777E-08 8.300E-08 8.456E-08 7.266E-08 6.755E-08 5.138E-08 4.246E-08 3.481E-08 2.538E-08 1.687E-08 1.264E-08 6.657E-09 4.065E-09
  3.800E+01  5.444E-05 5.652E-05 5.689E-05 5.708E-05 5.650E-05 5.579E-05 5.458E-05 5.318E-05 5.170E-05 5.020E-05 4.844E-05 4.666E-05 4.318E-05 3.969E-05 3.151E-05 2.498E-05 1.930E-05 1.491E-05 7.453E-06 5.991E-06 8.502E-06 7.327E-06 6.582E-06 5.137E-06 4.017E-06 2.666E-06 1.904E-06 1.216E-06 8.059E-07 1.171E-06 9.248E-07 5.131E-07 3.215E-07 2.934E-07 2.939E-07 3.009E-07 2.782E-07 2.399E-07 2.202E-07 2.212E-07 1.895E-07 1.084E-07 8.714E-08 8.406E-08 7.512E-08 8.026E-08 8.746E-08 8.574E-08 8.487E-08 8.039E-08 8.197E-08 7.045E-08 6.552E-08 4.987E-08 4.125E-08 3.383E-08 2.469E-08 1.643E-08 1.231E-08 6.494E-09 3.969E-09
  4.000E+01  4.796E-05 4.950E-05 4.955E-05 4.961E-05 4.903E-05 4.826E-05 4.722E-05 4.601E-05 4.475E-05 4.348E-05 4.199E-05 4.046E-05 3.753E-05 3.458E-05 2.763E-05 2.204E-05 1.712E-05 1.329E-05 6.686E-06 5.505E-06 7.832E-06 6.738E-06 6.052E-06 4.729E-06 3.704E-06 2.468E-06 1.770E-06 1.134E-06 7.563E-07 1.102E-06 8.693E-07 4.836E-07 3.043E-07 2.782E-07 2.792E-07 2.861E-07 2.646E-07 2.283E-07 2.099E-07 2.110E-07 1.807E-07 1.035E-07 8.338E-08 8.056E-08 7.221E-08 7.725E-08 8.436E-08 8.279E-08 8.197E-08 7.779E-08 7.938E-08 6.823E-08 6.348E-08 4.836E-08 4.003E-08 3.284E-08 2.400E-08 1.598E-08 1.199E-08 6.328E-09 3.871E-09
  4.200E+01  4.247E-05 4.332E-05 4.345E-05 4.317E-05 4.265E-05 4.187E-05 4.093E-05 3.994E-05 3.884E-05 3.776E-05 3.648E-05 3.517E-05 3.269E-05 3.019E-05 2.426E-05 1.947E-05 1.520E-05 1.186E-05 6.002E-06 5.058E-06 7.212E-06 6.195E-06 5.564E-06 4.351E-06 3.414E-06 2.285E-06 1.644E-06 1.057E-06 7.093E-07 1.035E-06 8.163E-07 4.554E-07 2.878E-07 2.636E-07 2.650E-07 2.717E-07 2.515E-07 2.171E-07 1.999E-07 2.011E-07 1.722E-07 9.879E-08 7.970E-08 7.712E-08 6.935E-08 7.429E-08 8.128E-08 7.986E-08 7.910E-08 7.519E-08 7.680E-08 6.602E-08 6.144E-08 4.685E-08 3.881E-08 3.185E-08 2.331E-08 1.553E-08 1.166E-08 6.162E-09 3.773E-09
  4.400E+01  3.776E-05 3.812E-05 3.815E-05 3.768E-05 3.716E-05 3.649E-05 3.562E-05 3.475E-05 3.379E-05 3.286E-05 3.178E-05 3.066E-05 2.855E-05 2.642E-05 2.134E-05 1.722E-05 1.351E-05 1.059E-05 5.393E-06 4.647E-06 6.639E-06 5.694E-06 5.113E-06 4.003E-06 3.146E-06 2.114E-06 1.527E-06 9.846E-07 6.648E-07 9.719E-07 7.661E-07 4.285E-07 2.719E-07 2.495E-07 2.512E-07 2.579E-07 2.388E-07 2.062E-07 1.901E-07 1.915E-07 1.639E-07 9.417E-08 7.612E-08 7.377E-08 6.654E-08 7.137E-08 7.824E-08 7.697E-08 7.625E-08 7.261E-08 7.423E-08 6.382E-08 5.941E-08 4.533E-08 3.760E-08 3.087E-08 2.261E-08 1.508E-08 1.132E-08 5.994E-09 3.674E-09
  4.600E+01  3.364E-05 3.377E-05 3.348E-05 3.305E-05 3.247E-05 3.192E-05 3.113E-05 3.031E-05 2.948E-05 2.869E-05 2.775E-05 2.680E-05 2.499E-05 2.317E-05 1.881E-05 1.526E-05 1.203E-05 9.465E-06 4.849E-06 4.270E-06 6.111E-06 5.233E-06 4.699E-06 3.682E-06 2.898E-06 1.955E-06 1.417E-06 9.169E-07 6.228E-07 9.120E-07 7.185E-07 4.030E-07 2.568E-07 2.361E-07 2.381E-07 2.445E-07 2.266E-07 1.957E-07 1.808E-07 1.822E-07 1.559E-07 8.970E-08 7.264E-08 7.051E-08 6.379E-08 6.852E-08 7.526E-08 7.412E-08 7.345E-08 7.007E-08 7.169E-08 6.164E-08 5.740E-08 4.384E-08 3.639E-08 2.988E-08 2.192E-08 1.463E-08 1.099E-08 5.827E-09 3.575E-09
  4.800E+01  2.988E-05 2.994E-05 2.948E-05 2.909E-05 2.852E-05 2.798E-05 2.727E-05 2.653E-05 2.581E-05 2.513E-05 2.431E-05 2.349E-05 2.194E-05 2.037E-05 1.661E-05 1.354E-05 1.072E-05 8.471E-06 4.365E-06 3.924E-06 5.625E-06 4.809E-06 4.318E-06 3.387E-06 2.670E-06 1.808E-06 1.316E-06 8.535E-07 5.832E-07 8.554E-07 6.736E-07 3.788E-07 2.424E-07 2.232E-07 2.255E-07 2.318E-07 2.149E-07 1.857E-07 1.717E-07 1.732E-07 1.482E-07 8.539E-08 6.929E-08 6.735E-08 6.112E-08 6.573E-08 7.234E-08 7.133E-08 7.070E-08 6.757E-08 6.918E-08 5.948E-08 5.542E-08 4.236E-08 3.519E-08 2.891E-08 2.123E-08 1.419E-08 1.067E-08 5.661E-09 3.477E-09
  5.000E+01  2.656E-05 2.647E-05 2.611E-05 2.562E-05 2.511E-05 2.457E-05 2.393E-05 2.331E-05 2.267E-05 2.207E-05 2.136E-05 2.064E-05 1.930E-05 1.795E-05 1.470E-05 1.204E-05 9.569E-06 7.592E-06 3.933E-06 3.608E-06 5.178E-06 4.420E-06 3.968E-06 3.116E-06 2.460E-06 1.673E-06 1.221E-06 7.945E-07 5.460E-07 8.020E-07 6.313E-07 3.560E-07 2.287E-07 2.110E-07 2.134E-07 2.196E-07 2.037E-07 1.761E-07 1.631E-07 1.646E-07 1.408E-07 8.125E-08 6.605E-08 6.430E-08 5.853E-08 6.303E-08 6.950E-08 6.860E-08 6.802E-08 6.511E-08 6.673E-08 5.737E-08 5.346E-08 4.090E-08 3.401E-08 2.795E-08 2.055E-08 1.375E-08 1.034E-08 5.496E-09 3.379E-09
  5.200E+01  2.383E-05 2.343E-05 2.321E-05 2.260E-05 2.213E-05 2.166E-05 2.107E-05 2.054E-05 1.995E-05 1.943E-05 1.882E-05 1.820E-05 1.703E-05 1.587E-05 1.304E-05 1.073E-05 8.556E-06 6.813E-06 3.548E-06 3.319E-06 4.767E-06 4.064E-06 3.648E-06 2.867E-06 2.267E-06 1.547E-06 1.133E-06 7.395E-07 5.111E-07 7.518E-07 5.915E-07 3.345E-07 2.158E-07 1.994E-07 2.019E-07 2.079E-07 1.930E-07 1.669E-07 1.548E-07 1.563E-07 1.338E-07 7.728E-08 6.294E-08 6.136E-08 5.603E-08 6.041E-08 6.674E-08 6.595E-08 6.541E-08 6.272E-08 6.433E-08 5.531E-08 5.156E-08 3.947E-08 3.285E-08 2.701E-08 1.988E-08 1.332E-08 1.002E-08 5.333E-09 3.283E-09
  5.400E+01  2.148E-05 2.090E-05 2.066E-05 2.002E-05 1.958E-05 1.918E-05 1.863E-05 1.814E-05 1.762E-05 1.717E-05 1.663E-05 1.609E-05 1.507E-05 1.405E-05 1.159E-05 9.572E-06 7.662E-06 6.123E-06 3.204E-06 3.055E-06 4.390E-06 3.737E-06 3.355E-06 2.639E-06 2.090E-06 1.431E-06 1.052E-06 6.884E-07 4.785E-07 7.046E-07 5.542E-07 3.142E-07 2.035E-07 1.884E-07 1.911E-07 1.969E-07 1.828E-07 1.582E-07 1.469E-07 1.484E-07 1.270E-07 7.348E-08 5.996E-08 5.855E-08 5.363E-08 5.789E-08 6.407E-08 6.339E-08 6.288E-08 6.040E-08 6.199E-08 5.329E-08 4.969E-08 3.808E-08 3.172E-08 2.609E-08 1.923E-08 1.289E-08 9.709E-09 5.174E-09 3.188E-09
  5.600E+01  1.918E-05 1.879E-05 1.834E-05 1.787E-05 1.741E-05 1.703E-05 1.654E-05 1.607E-05 1.562E-05 1.522E-05 1.473E-05 1.426E-05 1.337E-05 1.248E-05 1.033E-05 8.559E-06 6.873E-06 5.511E-06 2.898E-06 2.813E-06 4.045E-06 3.438E-06 3.087E-06 2.430E-06 1.927E-06 1.325E-06 9.763E-07 6.410E-07 4.480E-07 6.604E-07 5.192E-07 2.952E-07 1.919E-07 1.780E-07 1.808E-07 1.864E-07 1.731E-07 1.499E-07 1.394E-07 1.409E-07 1.206E-07 6.987E-08 5.712E-08 5.585E-08 5.132E-08 5.546E-08 6.150E-08 6.091E-08 6.044E-08 5.815E-08 5.973E-08 5.134E-08 4.789E-08 3.672E-08 3.062E-08 2.519E-08 1.859E-08 1.248E-08 9.403E-09 5.018E-09 3.096E-09
  5.800E+01  1.710E-05 1.682E-05 1.634E-05 1.596E-05 1.553E-05 1.515E-05 1.471E-05 1.429E-05 1.389E-05 1.353E-05 1.310E-05 1.268E-05 1.190E-05 1.111E-05 9.222E-06 7.669E-06 6.177E-06 4.968E-06 2.624E-06 2.593E-06 3.729E-06 3.165E-06 2.841E-06 2.239E-06 1.778E-06 1.227E-06 9.067E-07 5.971E-07 4.196E-07 6.191E-07 4.865E-07 2.773E-07 1.811E-07 1.681E-07 1.710E-07 1.765E-07 1.640E-07 1.420E-07 1.323E-07 1.338E-07 1.145E-07 6.644E-08 5.442E-08 5.329E-08 4.911E-08 5.314E-08 5.904E-08 5.853E-08 5.809E-08 5.598E-08 5.754E-08 4.945E-08 4.614E-08 3.541E-08 2.956E-08 2.433E-08 1.797E-08 1.207E-08 9.106E-09 4.866E-09 3.006E-09
  6.000E+01  1.538E-05 1.503E-05 1.471E-05 1.424E-05 1.387E-05 1.351E-05 1.312E-05 1.276E-05 1.239E-05 1.207E-05 1.169E-05 1.130E-05 1.061E-05 9.924E-06 8.255E-06 6.885E-06 5.562E-06 4.486E-06 2.380E-06 2.393E-06 3.440E-06 2.916E-06 2.617E-06 2.064E-06 1.642E-06 1.136E-06 8.426E-07 5.564E-07 3.931E-07 5.805E-07 4.561E-07 2.607E-07 1.709E-07 1.589E-07 1.619E-07 1.671E-07 1.554E-07 1.346E-07 1.256E-07 1.271E-07 1.087E-07 6.319E-08 5.186E-08 5.085E-08 4.701E-08 5.093E-08 5.668E-08 5.624E-08 5.584E-08 5.390E-08 5.544E-08 4.764E-08 4.446E-08 3.414E-08 2.853E-08 2.349E-08 1.737E-08 1.168E-08 8.818E-09 4.719E-09 2.919E-09
  6.200E+01  1.409E-05 1.349E-05 1.328E-05 1.274E-05 1.241E-05 1.211E-05 1.173E-05 1.141E-05 1.107E-05 1.079E-05 1.045E-05 1.012E-05 9.497E-06 8.889E-06 7.408E-06 6.195E-06 5.017E-06 4.058E-06 2.162E-06 2.210E-06 3.175E-06 2.688E-06 2.413E-06 1.905E-06 1.517E-06 1.054E-06 7.835E-07 5.189E-07 3.686E-07 5.446E-07 4.277E-07 2.451E-07 1.613E-07 1.503E-07 1.532E-07 1.583E-07 1.473E-07 1.277E-07 1.192E-07 1.207E-07 1.033E-07 6.012E-08 4.944E-08 4.854E-08 4.501E-08 4.883E-08 5.443E-08 5.407E-08 5.369E-08 5.191E-08 5.343E-08 4.589E-08 4.284E-08 3.293E-08 2.754E-08 2.268E-08 1.679E-08 1.131E-08 8.540E-09 4.578E-09 2.835E-09
  6.400E+01  1.280E-05 1.221E-05 1.192E-05 1.147E-05 1.114E-05 1.089E-05 1.054E-05 1.024E-05 9.932E-06 9.675E-06 9.374E-06 9.080E-06 8.525E-06 7.981E-06 6.663E-06 5.587E-06 4.535E-06 3.678E-06 1.967E-06 2.044E-06 2.934E-06 2.481E-06 2.227E-06 1.760E-06 1.403E-06 9.776E-07 7.291E-07 4.842E-07 3.458E-07 5.111E-07 4.013E-07 2.307E-07 1.524E-07 1.422E-07 1.452E-07 1.501E-07 1.396E-07 1.211E-07 1.132E-07 1.148E-07 9.813E-08 5.723E-08 4.716E-08 4.637E-08 4.312E-08 4.683E-08 5.230E-08 5.200E-08 5.165E-08 5.001E-08 5.151E-08 4.423E-08 4.130E-08 3.177E-08 2.660E-08 2.191E-08 1.624E-08 1.095E-08 8.274E-09 4.442E-09 2.754E-09
  6.600E+01  1.150E-05 1.108E-05 1.074E-05 1.039E-05 1.007E-05 9.817E-06 9.504E-06 9.222E-06 8.949E-06 8.715E-06 8.439E-06 8.169E-06 7.674E-06 7.186E-06 6.009E-06 5.050E-06 4.108E-06 3.339E-06 1.793E-06 1.893E-06 2.713E-06 2.292E-06 2.057E-06 1.627E-06 1.299E-06 9.080E-07 6.791E-07 4.523E-07 3.247E-07 4.801E-07 3.769E-07 2.172E-07 1.441E-07 1.346E-07 1.376E-07 1.423E-07 1.325E-07 1.150E-07 1.077E-07 1.091E-07 9.332E-08 5.452E-08 4.502E-08 4.432E-08 4.135E-08 4.496E-08 5.028E-08 5.004E-08 4.972E-08 4.821E-08 4.969E-08 4.265E-08 3.983E-08 3.066E-08 2.570E-08 2.117E-08 1.572E-08 1.060E-08 8.021E-09 4.313E-09 2.678E-09
  6.800E+01  1.038E-05 1.002E-05 9.774E-06 9.393E-06 9.129E-06 8.870E-06 8.585E-06 8.334E-06 8.089E-06 7.874E-06 7.620E-06 7.373E-06 6.928E-06 6.490E-06 5.434E-06 4.575E-06 3.730E-06 3.038E-06 1.637E-06 1.755E-06 2.512E-06 2.119E-06 1.902E-06 1.506E-06 1.204E-06 8.443E-07 6.333E-07 4.230E-07 3.053E-07 4.514E-07 3.543E-07 2.048E-07 1.363E-07 1.276E-07 1.306E-07 1.351E-07 1.259E-07 1.093E-07 1.024E-07 1.039E-07 8.883E-08 5.199E-08 4.301E-08 4.240E-08 3.968E-08 4.319E-08 4.839E-08 4.820E-08 4.790E-08 4.652E-08 4.797E-08 4.115E-08 3.845E-08 2.962E-08 2.485E-08 2.048E-08 1.522E-08 1.028E-08 7.780E-09 4.191E-09 2.605E-09
  7.000E+01  9.540E-06 9.116E-06 8.900E-06 8.523E-06 8.276E-06 8.048E-06 7.786E-06 7.554E-06 7.326E-06 7.132E-06 6.902E-06 6.680E-06 6.275E-06 5.879E-06 4.927E-06 4.156E-06 3.394E-06 2.770E-06 1.498E-06 1.631E-06 2.329E-06 1.962E-06 1.762E-06 1.396E-06 1.118E-06 7.861E-07 5.913E-07 3.961E-07 2.874E-07 4.249E-07 3.334E-07 1.933E-07 1.292E-07 1.211E-07 1.241E-07 1.285E-07 1.197E-07 1.039E-07 9.758E-08 9.900E-08 8.464E-08 4.964E-08 4.115E-08 4.061E-08 3.812E-08 4.155E-08 4.662E-08 4.648E-08 4.619E-08 4.493E-08 4.635E-08 3.975E-08 3.714E-08 2.863E-08 2.404E-08 1.982E-08 1.475E-08 9.972E-09 7.554E-09 4.076E-09 2.537E-09
  7.200E+01  8.751E-06 8.351E-06 8.068E-06 7.783E-06 7.523E-06 7.340E-06 7.092E-06 6.869E-06 6.659E-06 6.482E-06 6.272E-06 6.071E-06 5.702E-06 5.341E-06 4.480E-06 3.784E-06 3.095E-06 2.531E-06 1.373E-06 1.518E-06 2.162E-06 1.820E-06 1.634E-06 1.296E-06 1.039E-06 7.331E-07 5.529E-07 3.714E-07 2.709E-07 4.004E-07 3.142E-07 1.827E-07 1.226E-07 1.151E-07 1.180E-07 1.223E-07 1.139E-07 9.900E-08 9.307E-08 9.446E-08 8.075E-08 4.745E-08 3.941E-08 3.895E-08 3.668E-08 4.001E-08 4.497E-08 4.487E-08 4.460E-08 4.344E-08 4.484E-08 3.843E-08 3.592E-08 2.771E-08 2.329E-08 1.920E-08 1.431E-08 9.685E-09 7.342E-09 3.968E-09 2.474E-09
  7.400E+01  7.951E-06 7.654E-06 7.370E-06 7.128E-06 6.892E-06 6.706E-06 6.475E-06 6.267E-06 6.079E-06 5.915E-06 5.719E-06 5.533E-06 5.197E-06 4.867E-06 4.084E-06 3.455E-06 2.830E-06 2.319E-06 1.262E-06 1.415E-06 2.010E-06 1.690E-06 1.518E-06 1.205E-06 9.676E-07 6.847E-07 5.178E-07 3.489E-07 2.558E-07 3.779E-07 2.965E-07 1.729E-07 1.165E-07 1.095E-07 1.125E-07 1.165E-07 1.086E-07 9.444E-08 8.890E-08 9.025E-08 7.715E-08 4.542E-08 3.781E-08 3.742E-08 3.534E-08 3.860E-08 4.344E-08 4.338E-08 4.313E-08 4.207E-08 4.343E-08 3.720E-08 3.478E-08 2.685E-08 2.259E-08 1.863E-08 1.390E-08 9.417E-09 7.144E-09 3.869E-09 2.415E-09
  7.600E+01  7.322E-06 6.978E-06 6.801E-06 6.515E-06 6.323E-06 6.137E-06 5.926E-06 5.743E-06 5.565E-06 5.413E-06 5.233E-06 5.062E-06 4.751E-06 4.451E-06 3.735E-06 3.163E-06 2.595E-06 2.129E-06 1.163E-06 1.322E-06 1.872E-06 1.572E-06 1.412E-06 1.122E-06 9.026E-07 6.407E-07 4.859E-07 3.283E-07 2.420E-07 3.573E-07 2.803E-07 1.640E-07 1.109E-07 1.044E-07 1.073E-07 1.113E-07 1.037E-07 9.024E-08 8.507E-08 8.638E-08 7.384E-08 4.356E-08 3.634E-08 3.600E-08 3.411E-08 3.729E-08 4.203E-08 4.200E-08 4.177E-08 4.079E-08 4.214E-08 3.607E-08 3.372E-08 2.605E-08 2.195E-08 1.810E-08 1.352E-08 9.171E-09 6.963E-09 3.777E-09 2.361E-09
  7.800E+01  6.835E-06 6.422E-06 6.290E-06 5.983E-06 5.796E-06 5.645E-06 5.446E-06 5.282E-06 5.107E-06 4.967E-06 4.804E-06 4.648E-06 4.359E-06 4.083E-06 3.426E-06 2.904E-06 2.385E-06 1.960E-06 1.074E-06 1.238E-06 1.746E-06 1.466E-06 1.317E-06 1.048E-06 8.436E-07 6.007E-07 4.568E-07 3.096E-07 2.294E-07 3.384E-07 2.654E-07 1.558E-07 1.058E-07 9.976E-08 1.026E-07 1.064E-07 9.925E-08 8.640E-08 8.154E-08 8.282E-08 7.080E-08 4.186E-08 3.499E-08 3.471E-08 3.298E-08 3.610E-08 4.074E-08 4.074E-08 4.053E-08 3.963E-08 4.095E-08 3.502E-08 3.276E-08 2.532E-08 2.135E-08 1.761E-08 1.317E-08 8.945E-09 6.796E-09 3.694E-09 2.313E-09
  8.000E+01  6.309E-06 5.973E-06 5.788E-06 5.552E-06 5.356E-06 5.217E-06 5.031E-06 4.868E-06 4.709E-06 4.578E-06 4.425E-06 4.280E-06 4.013E-06 3.757E-06 3.152E-06 2.674E-06 2.198E-06 1.809E-06 9.945E-07 1.162E-06 1.632E-06 1.369E-06 1.230E-06 9.798E-07 7.902E-07 5.644E-07 4.304E-07 2.926E-07 2.180E-07 3.211E-07 2.519E-07 1.484E-07 1.011E-07 9.550E-08 9.836E-08 1.020E-07 9.516E-08 8.288E-08 7.833E-08 7.957E-08 6.802E-08 4.030E-08 3.376E-08 3.353E-08 3.196E-08 3.502E-08 3.957E-08 3.960E-08 3.940E-08 3.857E-08 3.987E-08 3.407E-08 3.187E-08 2.466E-08 2.081E-08 1.717E-08 1.285E-08 8.740E-09 6.646E-09 3.619E-09 2.269E-09
  8.200E+01  5.745E-06 5.554E-06 5.327E-06 5.161E-06 4.987E-06 4.835E-06 4.665E-06 4.504E-06 4.365E-06 4.241E-06 4.092E-06 3.952E-06 3.707E-06 3.467E-06 2.909E-06 2.469E-06 2.032E-06 1.675E-06 9.236E-07 1.094E-06 1.529E-06 1.281E-06 1.152E-06 9.186E-07 7.419E-07 5.316E-07 4.064E-07 2.771E-07 2.076E-07 3.054E-07 2.396E-07 1.416E-07 9.690E-08 9.164E-08 9.448E-08 9.803E-08 9.144E-08 7.969E-08 7.541E-08 7.662E-08 6.550E-08 3.889E-08 3.265E-08 3.246E-08 3.104E-08 3.404E-08 3.851E-08 3.857E-08 3.838E-08 3.763E-08 3.890E-08 3.322E-08 3.108E-08 2.406E-08 2.033E-08 1.677E-08 1.257E-08 8.557E-09 6.513E-09 3.553E-09 2.231E-09
  8.400E+01  5.349E-06 5.158E-06 4.955E-06 4.796E-06 4.643E-06 4.495E-06 4.332E-06 4.187E-06 4.055E-06 3.937E-06 3.798E-06 3.665E-06 3.436E-06 3.212E-06 2.694E-06 2.288E-06 1.884E-06 1.555E-06 8.604E-07 1.032E-06 1.435E-06 1.202E-06 1.081E-06 8.633E-07 6.983E-07 5.019E-07 3.848E-07 2.632E-07 1.982E-07 2.912E-07 2.285E-07 1.355E-07 9.308E-08 8.816E-08 9.096E-08 9.441E-08 8.808E-08 7.681E-08 7.278E-08 7.396E-08 6.322E-08 3.763E-08 3.165E-08 3.151E-08 3.021E-08 3.317E-08 3.757E-08 3.766E-08 3.748E-08 3.678E-08 3.804E-08 3.245E-08 3.037E-08 2.352E-08 1.990E-08 1.642E-08 1.232E-08 8.396E-09 6.395E-09 3.495E-09 2.199E-09
  8.600E+01  5.061E-06 4.808E-06 4.667E-06 4.471E-06 4.322E-06 4.197E-06 4.041E-06 3.904E-06 3.775E-06 3.665E-06 3.535E-06 3.413E-06 3.196E-06 2.987E-06 2.503E-06 2.126E-06 1.753E-06 1.448E-06 8.040E-07 9.762E-07 1.350E-06 1.131E-06 1.017E-06 8.134E-07 6.591E-07 4.752E-07 3.653E-07 2.507E-07 1.898E-07 2.783E-07 2.184E-07 1.300E-07 8.966E-08 8.503E-08 8.781E-08 9.116E-08 8.506E-08 7.422E-08 7.042E-08 7.156E-08 6.118E-08 3.649E-08 3.076E-08 3.066E-08 2.948E-08 3.240E-08 3.675E-08 3.685E-08 3.668E-08 3.604E-08 3.728E-08 3.178E-08 2.974E-08 2.305E-08 1.952E-08 1.611E-08 1.210E-08 8.257E-09 6.294E-09 3.446E-09 2.171E-09
  8.800E+01  4.761E-06 4.522E-06 4.370E-06 4.201E-06 4.050E-06 3.933E-06 3.787E-06 3.654E-06 3.532E-06 3.427E-06 3.303E-06 3.190E-06 2.984E-06 2.787E-06 2.334E-06 1.983E-06 1.636E-06 1.353E-06 7.538E-07 9.262E-07 1.274E-06 1.067E-06 9.599E-07 7.686E-07 6.238E-07 4.512E-07 3.478E-07 2.394E-07 1.822E-07 2.668E-07 2.094E-07 1.250E-07 8.659E-08 8.224E-08 8.500E-08 8.826E-08 8.237E-08 7.192E-08 6.831E-08 6.943E-08 5.936E-08 3.549E-08 2.998E-08 2.991E-08 2.885E-08 3.173E-08 3.603E-08 3.615E-08 3.599E-08 3.540E-08 3.663E-08 3.119E-08 2.920E-08 2.264E-08 1.920E-08 1.584E-08 1.192E-08 8.139E-09 6.209E-09 3.406E-09 2.149E-09
  9.000E+01  4.429E-06 4.255E-06 4.092E-06 3.956E-06 3.822E-06 3.702E-06 3.560E-06 3.436E-06 3.319E-06 3.218E-06 3.100E-06 2.990E-06 2.796E-06 2.609E-06 2.183E-06 1.855E-06 1.532E-06 1.269E-06 7.091E-07 8.814E-07 1.205E-06 1.009E-06 9.083E-07 7.284E-07 5.921E-07 4.297E-07 3.322E-07 2.294E-07 1.754E-07 2.564E-07 2.014E-07 1.207E-07 8.388E-08 7.976E-08 8.250E-08 8.569E-08 7.998E-08 6.988E-08 6.646E-08 6.755E-08 5.776E-08 3.461E-08 2.930E-08 2.926E-08 2.830E-08 3.116E-08 3.542E-08 3.556E-08 3.541E-08 3.486E-08 3.608E-08 3.069E-08 2.873E-08 2.230E-08 1.892E-08 1.562E-08 1.176E-08 8.042E-09 6.140E-09 3.375E-09 2.133E-09
  9.200E+01  4.204E-06 4.016E-06 3.891E-06 3.732E-06 3.605E-06 3.496E-06 3.360E-06 3.243E-06 3.128E-06 3.032E-06 2.920E-06 2.815E-06 2.629E-06 2.452E-06 2.050E-06 1.742E-06 1.439E-06 1.193E-06 6.694E-07 8.413E-07 1.143E-06 9.567E-07 8.620E-07 6.924E-07 5.639E-07 4.105E-07 3.182E-07 2.205E-07 1.695E-07 2.472E-07 1.942E-07 1.168E-07 8.149E-08 7.759E-08 8.032E-08 8.344E-08 7.789E-08 6.809E-08 6.484E-08 6.591E-08 5.636E-08 3.385E-08 2.871E-08 2.870E-08 2.784E-08 3.067E-08 3.491E-08 3.507E-08 3.492E-08 3.442E-08 3.562E-08 3.028E-08 2.835E-08 2.201E-08 1.870E-08 1.543E-08 1.164E-08 7.967E-09 6.087E-09 3.352E-09 2.122E-09
  9.400E+01  4.012E-06 3.801E-06 3.712E-06 3.539E-06 3.418E-06 3.312E-06 3.182E-06 3.072E-06 2.960E-06 2.867E-06 2.762E-06 2.660E-06 2.481E-06 2.314E-06 1.932E-06 1.641E-06 1.357E-06 1.126E-06 6.342E-07 8.054E-07 1.087E-06 9.102E-07 8.206E-07 6.603E-07 5.387E-07 3.935E-07 3.058E-07 2.126E-07 1.642E-07 2.390E-07 1.879E-07 1.134E-07 7.941E-08 7.571E-08 7.842E-08 8.148E-08 7.608E-08 6.655E-08 6.344E-08 6.449E-08 5.515E-08 3.320E-08 2.821E-08 2.823E-08 2.746E-08 3.028E-08 3.449E-08 3.467E-08 3.453E-08 3.407E-08 3.527E-08 2.995E-08 2.805E-08 2.179E-08 1.853E-08 1.529E-08 1.155E-08 7.912E-09 6.050E-09 3.338E-09 2.116E-09
  9.600E+01  3.769E-06 3.626E-06 3.509E-06 3.379E-06 3.272E-06 3.149E-06 3.028E-06 2.923E-06 2.818E-06 2.727E-06 2.623E-06 2.521E-06 2.351E-06 2.190E-06 1.827E-06 1.552E-06 1.284E-06 1.067E-06 6.031E-07 7.735E-07 1.037E-06 8.687E-07 7.838E-07 6.318E-07 5.163E-07 3.784E-07 2.949E-07 2.056E-07 1.596E-07 2.318E-07 1.823E-07 1.104E-07 7.762E-08 7.409E-08 7.680E-08 7.980E-08 7.452E-08 6.523E-08 6.225E-08 6.329E-08 5.413E-08 3.266E-08 2.780E-08 2.785E-08 2.716E-08 2.997E-08 3.418E-08 3.437E-08 3.424E-08 3.381E-08 3.500E-08 2.970E-08 2.782E-08 2.163E-08 1.841E-08 1.519E-08 1.148E-08 7.878E-09 6.029E-09 3.332E-09 2.115E-09
  9.800E+01  3.548E-06 3.479E-06 3.347E-06 3.244E-06 3.140E-06 3.010E-06 2.898E-06 2.790E-06 2.693E-06 2.603E-06 2.500E-06 2.400E-06 2.237E-06 2.081E-06 1.735E-06 1.474E-06 1.220E-06 1.015E-06 5.756E-07 7.452E-07 9.925E-07 8.317E-07 7.510E-07 6.065E-07 4.965E-07 3.651E-07 2.853E-07 1.996E-07 1.556E-07 2.255E-07 1.775E-07 1.079E-07 7.610E-08 7.272E-08 7.543E-08 7.839E-08 7.322E-08 6.413E-08 6.126E-08 6.228E-08 5.328E-08 3.222E-08 2.748E-08 2.755E-08 2.693E-08 2.975E-08 3.395E-08 3.416E-08 3.403E-08 3.364E-08 3.483E-08 2.953E-08 2.766E-08 2.152E-08 1.833E-08 1.513E-08 1.145E-08 7.863E-09 6.022E-09 3.335E-09 2.120E-09
  1.000E+02  3.460E-06 3.349E-06 3.243E-06 3.117E-06 3.003E-06 2.895E-06 2.781E-06 2.675E-06 2.575E-06 2.488E-06 2.390E-06 2.297E-06 2.137E-06 1.987E-06 1.654E-06 1.404E-06 1.163E-06 9.685E-07 5.515E-07 7.201E-07 9.527E-07 7.989E-07 7.220E-07 5.842E-07 4.792E-07 3.535E-07 2.770E-07 1.943E-07 1.522E-07 2.201E-07 1.733E-07 1.057E-07 7.483E-08 7.158E-08 7.430E-08 7.723E-08 7.214E-08 6.322E-08 6.046E-08 6.147E-08 5.259E-08 3.187E-08 2.723E-08 2.732E-08 2.677E-08 2.959E-08 3.381E-08 3.403E-08 3.391E-08 3.355E-08 3.474E-08 2.943E-08 2.757E-08 2.146E-08 1.830E-08 1.511E-08 1.144E-08 7.868E-09 6.030E-09 3.345E-09 2.130E-09
  1.020E+02  3.387E-06 3.218E-06 3.152E-06 2.996E-06 2.882E-06 2.794E-06 2.676E-06 2.576E-06 2.473E-06 2.389E-06 2.296E-06 2.207E-06 2.050E-06 1.905E-06 1.582E-06 1.343E-06 1.113E-06 9.279E-07 5.304E-07 6.980E-07 9.173E-07 7.700E-07 6.965E-07 5.646E-07 4.640E-07 3.433E-07 2.697E-07 1.899E-07 1.493E-07 2.155E-07 1.698E-07 1.039E-07 7.379E-08 7.067E-08 7.339E-08 7.630E-08 7.129E-08 6.251E-08 5.984E-08 6.084E-08 5.206E-08 3.161E-08 2.705E-08 2.717E-08 2.668E-08 2.952E-08 3.375E-08 3.399E-08 3.387E-08 3.354E-08 3.474E-08 2.941E-08 2.755E-08 2.146E-08 1.832E-08 1.512E-08 1.147E-08 7.891E-09 6.053E-09 3.363E-09 2.144E-09
  1.040E+02  3.253E-06 3.102E-06 3.053E-06 2.900E-06 2.802E-06 2.702E-06 2.588E-06 2.493E-06 2.391E-06 2.308E-06 2.216E-06 2.127E-06 1.973E-06 1.832E-06 1.520E-06 1.290E-06 1.069E-06 8.923E-07 5.120E-07 6.787E-07 8.860E-07 7.445E-07 6.741E-07 5.476E-07 4.508E-07 3.346E-07 2.636E-07 1.861E-07 1.469E-07 2.116E-07 1.669E-07 1.025E-07 7.298E-08 6.996E-08 7.269E-08 7.558E-08 7.063E-08 6.197E-08 5.938E-08 6.038E-08 5.167E-08 3.144E-08 2.694E-08 2.708E-08 2.665E-08 2.951E-08 3.377E-08 3.403E-08 3.391E-08 3.361E-08 3.482E-08 2.945E-08 2.760E-08 2.151E-08 1.838E-08 1.517E-08 1.151E-08 7.932E-09 6.088E-09 3.389E-09 2.163E-09
  1.060E+02  3.143E-06 3.023E-06 2.964E-06 2.831E-06 2.738E-06 2.625E-06 2.515E-06 2.421E-06 2.323E-06 2.239E-06 2.148E-06 2.058E-06 1.907E-06 1.769E-06 1.466E-06 1.243E-06 1.031E-06 8.613E-07 4.961E-07 6.618E-07 8.584E-07 7.223E-07 6.547E-07 5.329E-07 4.395E-07 3.272E-07 2.584E-07 1.829E-07 1.449E-07 2.084E-07 1.645E-07 1.013E-07 7.237E-08 6.944E-08 7.219E-08 7.507E-08 7.017E-08 6.160E-08 5.907E-08 6.007E-08 5.142E-08 3.134E-08 2.690E-08 2.706E-08 2.669E-08 2.956E-08 3.386E-08 3.413E-08 3.403E-08 3.375E-08 3.497E-08 2.956E-08 2.770E-08 2.160E-08 1.847E-08 1.525E-08 1.159E-08 7.991E-09 6.137E-09 3.421E-09 2.187E-09
  1.080E+02  3.094E-06 2.964E-06 2.903E-06 2.775E-06 2.667E-06 2.568E-06 2.457E-06 2.361E-06 2.262E-06 2.179E-06 2.089E-06 2.002E-06 1.851E-06 1.716E-06 1.419E-06 1.203E-06 9.984E-07 8.346E-07 4.824E-07 6.471E-07 8.343E-07 7.031E-07 6.379E-07 5.203E-07 4.299E-07 3.210E-07 2.541E-07 1.804E-07 1.434E-07 2.058E-07 1.626E-07 1.004E-07 7.194E-08 6.909E-08 7.187E-08 7.475E-08 6.988E-08 6.137E-08 5.890E-08 5.990E-08 5.129E-08 3.132E-08 2.691E-08 2.709E-08 2.677E-08 2.968E-08 3.402E-08 3.431E-08 3.421E-08 3.396E-08 3.519E-08 2.973E-08 2.787E-08 2.174E-08 1.861E-08 1.537E-08 1.168E-08 8.065E-09 6.198E-09 3.461E-09 2.214E-09
  1.100E+02  3.026E-06 2.914E-06 2.871E-06 2.724E-06 2.616E-06 2.522E-06 2.410E-06 2.313E-06 2.212E-06 2.129E-06 2.040E-06 1.955E-06 1.805E-06 1.671E-06 1.379E-06 1.168E-06 9.702E-07 8.116E-07 4.707E-07 6.345E-07 8.133E-07 6.865E-07 6.235E-07 5.096E-07 4.218E-07 3.158E-07 2.506E-07 1.783E-07 1.422E-07 2.038E-07 1.611E-07 9.983E-08 7.169E-08 6.890E-08 7.171E-08 7.459E-08 6.975E-08 6.129E-08 5.887E-08 5.988E-08 5.128E-08 3.136E-08 2.698E-08 2.718E-08 2.691E-08 2.985E-08 3.425E-08 3.455E-08 3.445E-08 3.423E-08 3.547E-08 2.995E-08 2.808E-08 2.192E-08 1.878E-08 1.551E-08 1.180E-08 8.155E-09 6.271E-09 3.506E-09 2.246E-09
  1.120E+02  2.932E-06 2.861E-06 2.841E-06 2.682E-06 2.586E-06 2.487E-06 2.372E-06 2.279E-06 2.176E-06 2.092E-06 2.003E-06 1.916E-06 1.767E-06 1.634E-06 1.346E-06 1.139E-06 9.463E-07 7.922E-07 4.609E-07 6.237E-07 7.952E-07 6.724E-07 6.114E-07 5.007E-07 4.151E-07 3.117E-07 2.478E-07 1.768E-07 1.414E-07 2.024E-07 1.601E-07 9.946E-08 7.159E-08 6.887E-08 7.171E-08 7.460E-08 6.977E-08 6.134E-08 5.896E-08 5.997E-08 5.137E-08 3.146E-08 2.710E-08 2.732E-08 2.710E-08 3.007E-08 3.453E-08 3.486E-08 3.476E-08 3.456E-08 3.582E-08 3.024E-08 2.835E-08 2.214E-08 1.898E-08 1.568E-08 1.194E-08 8.259E-09 6.355E-09 3.558E-09 2.282E-09
  1.140E+02  2.907E-06 2.846E-06 2.795E-06 2.670E-06 2.566E-06 2.468E-06 2.350E-06 2.252E-06 2.150E-06 2.064E-06 1.974E-06 1.887E-06 1.738E-06 1.603E-06 1.318E-06 1.115E-06 9.263E-07 7.759E-07 4.528E-07 6.146E-07 7.797E-07 6.606E-07 6.014E-07 4.935E-07 4.098E-07 3.084E-07 2.458E-07 1.757E-07 1.409E-07 2.014E-07 1.595E-07 9.932E-08 7.164E-08 6.896E-08 7.184E-08 7.475E-08 6.993E-08 6.151E-08 5.916E-08 6.018E-08 5.156E-08 3.163E-08 2.727E-08 2.751E-08 2.733E-08 3.034E-08 3.487E-08 3.521E-08 3.512E-08 3.494E-08 3.623E-08 3.057E-08 2.867E-08 2.240E-08 1.921E-08 1.588E-08 1.210E-08 8.376E-09 6.449E-09 3.616E-09 2.321E-09
  1.160E+02  2.906E-06 2.865E-06 2.778E-06 2.679E-06 2.558E-06 2.464E-06 2.344E-06 2.231E-06 2.133E-06 2.046E-06 1.952E-06 1.867E-06 1.716E-06 1.581E-06 1.296E-06 1.096E-06 9.100E-07 7.627E-07 4.462E-07 6.071E-07 7.666E-07 6.509E-07 5.932E-07 4.877E-07 4.056E-07 3.060E-07 2.443E-07 1.751E-07 1.407E-07 2.008E-07 1.592E-07 9.937E-08 7.183E-08 6.918E-08 7.210E-08 7.503E-08 7.021E-08 6.178E-08 5.946E-08 6.050E-08 5.184E-08 3.184E-08 2.748E-08 2.774E-08 2.759E-08 3.066E-08 3.525E-08 3.562E-08 3.553E-08 3.538E-08 3.669E-08 3.094E-08 2.902E-08 2.269E-08 1.948E-08 1.610E-08 1.228E-08 8.506E-09 6.553E-09 3.678E-09 2.364E-09
  1.180E+02  2.882E-06 2.876E-06 2.790E-06 2.690E-06 2.566E-06 2.468E-06 2.345E-06 2.225E-06 2.127E-06 2.038E-06 1.940E-06 1.855E-06 1.702E-06 1.565E-06 1.280E-06 1.080E-06 8.972E-07 7.521E-07 4.411E-07 6.009E-07 7.557E-07 6.431E-07 5.868E-07 4.834E-07 4.025E-07 3.044E-07 2.434E-07 1.748E-07 1.407E-07 2.007E-07 1.592E-07 9.961E-08 7.213E-08 6.952E-08 7.248E-08 7.544E-08 7.061E-08 6.215E-08 5.985E-08 6.091E-08 5.220E-08 3.210E-08 2.773E-08 2.800E-08 2.790E-08 3.101E-08 3.569E-08 3.607E-08 3.598E-08 3.586E-08 3.719E-08 3.136E-08 2.942E-08 2.301E-08 1.977E-08 1.634E-08 1.248E-08 8.647E-09 6.665E-09 3.746E-09 2.409E-09
  1.200E+02  2.857E-06 2.893E-06 2.813E-06 2.708E-06 2.585E-06 2.480E-06 2.354E-06 2.236E-06 2.130E-06 2.037E-06 1.939E-06 1.850E-06 1.694E-06 1.556E-06 1.269E-06 1.069E-06 8.876E-07 7.441E-07 4.372E-07 5.961E-07 7.468E-07 6.370E-07 5.819E-07 4.802E-07 4.004E-07 3.034E-07 2.431E-07 1.748E-07 1.410E-07 2.010E-07 1.596E-07 1.000E-07 7.253E-08 6.995E-08 7.296E-08 7.595E-08 7.111E-08 6.261E-08 6.032E-08 6.140E-08 5.264E-08 3.240E-08 2.801E-08 2.830E-08 2.823E-08 3.140E-08 3.616E-08 3.657E-08 3.648E-08 3.638E-08 3.774E-08 3.182E-08 2.985E-08 2.336E-08 2.008E-08 1.660E-08 1.269E-08 8.799E-09 6.785E-09 3.818E-09 2.458E-09
  1.220E+02  2.901E-06 2.948E-06 2.858E-06 2.756E-06 2.617E-06 2.508E-06 2.377E-06 2.254E-06 2.143E-06 2.047E-06 1.946E-06 1.854E-06 1.694E-06 1.553E-06 1.262E-06 1.062E-06 8.810E-07 7.385E-07 4.345E-07 5.923E-07 7.397E-07 6.326E-07 5.785E-07 4.782E-07 3.993E-07 3.030E-07 2.432E-07 1.752E-07 1.415E-07 2.015E-07 1.602E-07 1.006E-07 7.304E-08 7.047E-08 7.353E-08 7.656E-08 7.170E-08 6.315E-08 6.087E-08 6.197E-08 5.314E-08 3.274E-08 2.832E-08 2.863E-08 2.860E-08 3.182E-08 3.667E-08 3.710E-08 3.701E-08 3.694E-08 3.833E-08 3.231E-08 3.032E-08 2.374E-08 2.041E-08 1.688E-08 1.291E-08 8.959E-09 6.913E-09 3.893E-09 2.509E-09
  1.240E+02  2.961E-06 3.022E-06 2.928E-06 2.815E-06 2.670E-06 2.551E-06 2.416E-06 2.283E-06 2.168E-06 2.067E-06 1.961E-06 1.866E-06 1.701E-06 1.556E-06 1.260E-06 1.058E-06 8.771E-07 7.350E-07 4.329E-07 5.895E-07 7.343E-07 6.296E-07 5.764E-07 4.773E-07 3.989E-07 3.033E-07 2.437E-07 1.758E-07 1.422E-07 2.024E-07 1.610E-07 1.012E-07 7.362E-08 7.107E-08 7.419E-08 7.725E-08 7.236E-08 6.376E-08 6.149E-08 6.261E-08 5.369E-08 3.311E-08 2.866E-08 2.899E-08 2.898E-08 3.226E-08 3.721E-08 3.766E-08 3.758E-08 3.753E-08 3.895E-08 3.283E-08 3.081E-08 2.413E-08 2.077E-08 1.717E-08 1.314E-08 9.128E-09 7.046E-09 3.972E-09 2.561E-09
  1.260E+02  3.037E-06 3.088E-06 3.001E-06 2.886E-06 2.742E-06 2.608E-06 2.464E-06 2.325E-06 2.205E-06 2.098E-06 1.987E-06 1.886E-06 1.715E-06 1.564E-06 1.262E-06 1.058E-06 8.758E-07 7.336E-07 4.322E-07 5.877E-07 7.303E-07 6.279E-07 5.755E-07 4.773E-07 3.993E-07 3.040E-07 2.446E-07 1.767E-07 1.430E-07 2.035E-07 1.620E-07 1.020E-07 7.428E-08 7.174E-08 7.491E-08 7.802E-08 7.310E-08 6.443E-08 6.215E-08 6.330E-08 5.430E-08 3.350E-08 2.902E-08 2.937E-08 2.939E-08 3.273E-08 3.777E-08 3.825E-08 3.817E-08 3.814E-08 3.960E-08 3.337E-08 3.132E-08 2.455E-08 2.113E-08 1.748E-08 1.339E-08 9.304E-09 7.185E-09 4.054E-09 2.616E-09
  1.280E+02  3.139E-06 3.211E-06 3.102E-06 2.994E-06 2.838E-06 2.678E-06 2.525E-06 2.380E-06 2.254E-06 2.140E-06 2.022E-06 1.913E-06 1.736E-06 1.579E-06 1.269E-06 1.061E-06 8.771E-07 7.341E-07 4.325E-07 5.867E-07 7.278E-07 6.274E-07 5.757E-07 4.781E-07 4.004E-07 3.051E-07 2.458E-07 1.777E-07 1.440E-07 2.049E-07 1.632E-07 1.029E-07 7.500E-08 7.246E-08 7.569E-08 7.885E-08 7.390E-08 6.515E-08 6.287E-08 6.405E-08 5.494E-08 3.393E-08 2.940E-08 2.977E-08 2.982E-08 3.322E-08 3.836E-08 3.886E-08 3.878E-08 3.878E-08 4.027E-08 3.394E-08 3.186E-08 2.498E-08 2.151E-08 1.780E-08 1.364E-08 9.485E-09 7.328E-09 4.138E-09 2.672E-09
  1.300E+02  3.299E-06 3.390E-06 3.256E-06 3.128E-06 2.944E-06 2.765E-06 2.606E-06 2.446E-06 2.313E-06 2.191E-06 2.065E-06 1.950E-06 1.764E-06 1.601E-06 1.280E-06 1.067E-06 8.808E-07 7.364E-07 4.335E-07 5.865E-07 7.264E-07 6.281E-07 5.769E-07 4.798E-07 4.020E-07 3.067E-07 2.474E-07 1.790E-07 1.451E-07 2.064E-07 1.646E-07 1.039E-07 7.578E-08 7.324E-08 7.653E-08 7.974E-08 7.475E-08 6.591E-08 6.363E-08 6.483E-08 5.563E-08 3.437E-08 2.979E-08 3.018E-08 3.026E-08 3.372E-08 3.897E-08 3.949E-08 3.942E-08 3.944E-08 4.096E-08 3.452E-08 3.241E-08 2.543E-08 2.191E-08 1.813E-08 1.390E-08 9.671E-09 7.474E-09 4.225E-09 2.730E-09
  1.320E+02  3.541E-06 3.580E-06 3.442E-06 3.267E-06 3.062E-06 2.874E-06 2.699E-06 2.526E-06 2.380E-06 2.249E-06 2.116E-06 1.998E-06 1.799E-06 1.629E-06 1.296E-06 1.076E-06 8.867E-07 7.403E-07 4.354E-07 5.868E-07 7.262E-07 6.297E-07 5.791E-07 4.821E-07 4.042E-07 3.087E-07 2.492E-07 1.804E-07 1.463E-07 2.081E-07 1.661E-07 1.050E-07 7.660E-08 7.406E-08 7.741E-08 8.067E-08 7.564E-08 6.671E-08 6.442E-08 6.565E-08 5.634E-08 3.482E-08 3.020E-08 3.060E-08 3.071E-08 3.424E-08 3.958E-08 4.013E-08 4.006E-08 4.011E-08 4.167E-08 3.512E-08 3.298E-08 2.588E-08 2.231E-08 1.846E-08 1.416E-08 9.861E-09 7.624E-09 4.312E-09 2.788E-09
  1.340E+02  3.836E-06 3.776E-06 3.666E-06 3.422E-06 3.202E-06 3.001E-06 2.802E-06 2.621E-06 2.458E-06 2.318E-06 2.179E-06 2.054E-06 1.841E-06 1.663E-06 1.315E-06 1.088E-06 8.947E-07 7.459E-07 4.379E-07 5.878E-07 7.269E-07 6.322E-07 5.820E-07 4.851E-07 4.069E-07 3.109E-07 2.512E-07 1.820E-07 1.476E-07 2.100E-07 1.677E-07 1.061E-07 7.746E-08 7.491E-08 7.832E-08 8.163E-08 7.656E-08 6.753E-08 6.523E-08 6.650E-08 5.707E-08 3.529E-08 3.062E-08 3.104E-08 3.117E-08 3.476E-08 4.021E-08 4.078E-08 4.072E-08 4.079E-08 4.239E-08 3.573E-08 3.355E-08 2.634E-08 2.271E-08 1.880E-08 1.443E-08 1.005E-08 7.775E-09 4.401E-09 2.847E-09
  1.360E+02  4.118E-06 4.055E-06 3.895E-06 3.623E-06 3.381E-06 3.151E-06 2.926E-06 2.729E-06 2.553E-06 2.402E-06 2.251E-06 2.115E-06 1.891E-06 1.702E-06 1.338E-06 1.103E-06 9.047E-07 7.529E-07 4.410E-07 5.892E-07 7.285E-07 6.355E-07 5.856E-07 4.887E-07 4.101E-07 3.134E-07 2.534E-07 1.837E-07 1.490E-07 2.120E-07 1.694E-07 1.072E-07 7.834E-08 7.578E-08 7.925E-08 8.262E-08 7.751E-08 6.838E-08 6.607E-08 6.736E-08 5.782E-08 3.577E-08 3.104E-08 3.148E-08 3.163E-08 3.529E-08 4.085E-08 4.144E-08 4.138E-08 4.148E-08 4.311E-08 3.634E-08 3.413E-08 2.681E-08 2.312E-08 1.915E-08 1.470E-08 1.025E-08 7.927E-09 4.490E-09 2.906E-09
  1.380E+02  4.460E-06 4.423E-06 4.139E-06 3.872E-06 3.583E-06 3.316E-06 3.075E-06 2.846E-06 2.661E-06 2.496E-06 2.331E-06 2.184E-06 1.947E-06 1.745E-06 1.364E-06 1.121E-06 9.166E-07 7.613E-07 4.448E-07 5.911E-07 7.308E-07 6.395E-07 5.899E-07 4.927E-07 4.136E-07 3.162E-07 2.558E-07 1.854E-07 1.504E-07 2.141E-07 1.712E-07 1.084E-07 7.924E-08 7.667E-08 8.020E-08 8.362E-08 7.848E-08 6.924E-08 6.691E-08 6.824E-08 5.858E-08 3.625E-08 3.147E-08 3.192E-08 3.210E-08 3.582E-08 4.148E-08 4.210E-08 4.204E-08 4.216E-08 4.384E-08 3.695E-08 3.471E-08 2.727E-08 2.353E-08 1.949E-08 1.497E-08 1.044E-08 8.079E-09 4.579E-09 2.965E-09
  1.400E+02  4.938E-06 4.818E-06 4.458E-06 4.139E-06 3.789E-06 3.495E-06 3.233E-06 2.977E-06 2.774E-06 2.596E-06 2.419E-06 2.263E-06 2.009E-06 1.795E-06 1.394E-06 1.141E-06 9.302E-07 7.709E-07 4.490E-07 5.933E-07 7.338E-07 6.441E-07 5.947E-07 4.972E-07 4.174E-07 3.192E-07 2.583E-07 1.873E-07 1.518E-07 2.162E-07 1.731E-07 1.096E-07 8.015E-08 7.756E-08 8.116E-08 8.464E-08 7.945E-08 7.011E-08 6.776E-08 6.912E-08 5.935E-08 3.673E-08 3.189E-08 3.236E-08 3.256E-08 3.635E-08 4.212E-08 4.276E-08 4.270E-08 4.285E-08 4.456E-08 3.757E-08 3.529E-08 2.774E-08 2.394E-08 1.983E-08 1.524E-08 1.063E-08 8.231E-09 4.668E-09 3.024E-09
  1.420E+02  5.491E-06 5.204E-06 4.815E-06 4.393E-06 4.012E-06 3.691E-06 3.386E-06 3.119E-06 2.895E-06 2.703E-06 2.513E-06 2.350E-06 2.075E-06 1.851E-06 1.428E-06 1.163E-06 9.454E-07 7.816E-07 4.537E-07 5.959E-07 7.374E-07 6.492E-07 6.001E-07 5.021E-07 4.215E-07 3.223E-07 2.609E-07 1.892E-07 1.533E-07 2.185E-07 1.749E-07 1.109E-07 8.106E-08 7.846E-08 8.212E-08 8.565E-08 8.042E-08 7.097E-08 6.861E-08 7.000E-08 6.011E-08 3.721E-08 3.231E-08 3.280E-08 3.302E-08 3.687E-08 4.274E-08 4.341E-08 4.335E-08 4.352E-08 4.527E-08 3.817E-08 3.587E-08 2.820E-08 2.435E-08 2.017E-08 1.551E-08 1.082E-08 8.381E-09 4.755E-09 3.082E-09
  1.440E+02  6.072E-06 5.631E-06 5.168E-06 4.660E-06 4.244E-06 3.903E-06 3.555E-06 3.268E-06 3.021E-06 2.815E-06 2.614E-06 2.442E-06 2.148E-06 1.909E-06 1.463E-06 1.187E-06 9.620E-07 7.934E-07 4.588E-07 5.987E-07 7.414E-07 6.548E-07 6.058E-07 5.072E-07 4.258E-07 3.255E-07 2.636E-07 1.911E-07 1.548E-07 2.207E-07 1.768E-07 1.121E-07 8.197E-08 7.936E-08 8.307E-08 8.666E-08 8.139E-08 7.183E-08 6.945E-08 7.087E-08 6.087E-08 3.769E-08 3.273E-08 3.323E-08 3.347E-08 3.738E-08 4.336E-08 4.405E-08 4.399E-08 4.419E-08 4.598E-08 3.877E-08 3.644E-08 2.865E-08 2.475E-08 2.051E-08 1.578E-08 1.101E-08 8.528E-09 4.841E-09 3.139E-09
  1.460E+02  6.742E-06 6.153E-06 5.544E-06 4.962E-06 4.468E-06 4.110E-06 3.744E-06 3.424E-06 3.151E-06 2.931E-06 2.719E-06 2.533E-06 2.224E-06 1.970E-06 1.501E-06 1.213E-06 9.798E-07 8.061E-07 4.642E-07 6.017E-07 7.458E-07 6.607E-07 6.119E-07 5.126E-07 4.303E-07 3.289E-07 2.663E-07 1.931E-07 1.562E-07 2.229E-07 1.787E-07 1.133E-07 8.287E-08 8.024E-08 8.401E-08 8.766E-08 8.234E-08 7.268E-08 7.028E-08 7.173E-08 6.162E-08 3.816E-08 3.314E-08 3.365E-08 3.391E-08 3.789E-08 4.396E-08 4.468E-08 4.462E-08 4.484E-08 4.667E-08 3.936E-08 3.699E-08 2.910E-08 2.514E-08 2.083E-08 1.603E-08 1.120E-08 8.673E-09 4.925E-09 3.195E-09
  1.480E+02  7.360E-06 6.688E-06 5.890E-06 5.296E-06 4.714E-06 4.316E-06 3.929E-06 3.571E-06 3.291E-06 3.056E-06 2.823E-06 2.625E-06 2.302E-06 2.032E-06 1.541E-06 1.241E-06 9.985E-07 8.195E-07 4.699E-07 6.049E-07 7.505E-07 6.669E-07 6.182E-07 5.182E-07 4.350E-07 3.322E-07 2.691E-07 1.950E-07 1.577E-07 2.252E-07 1.806E-07 1.145E-07 8.376E-08 8.110E-08 8.494E-08 8.864E-08 8.328E-08 7.351E-08 7.109E-08 7.257E-08 6.235E-08 3.861E-08 3.354E-08 3.406E-08 3.434E-08 3.838E-08 4.455E-08 4.529E-08 4.524E-08 4.548E-08 4.734E-08 3.993E-08 3.753E-08 2.953E-08 2.552E-08 2.115E-08 1.628E-08 1.138E-08 8.813E-09 5.007E-09 3.249E-09
  1.500E+02  7.857E-06 7.109E-06 6.172E-06 5.578E-06 4.962E-06 4.515E-06 4.097E-06 3.714E-06 3.432E-06 3.182E-06 2.929E-06 2.719E-06 2.380E-06 2.095E-06 1.581E-06 1.269E-06 1.018E-06 8.336E-07 4.759E-07 6.081E-07 7.553E-07 6.733E-07 6.246E-07 5.239E-07 4.397E-07 3.357E-07 2.718E-07 1.969E-07 1.591E-07 2.274E-07 1.825E-07 1.157E-07 8.462E-08 8.195E-08 8.584E-08 8.959E-08 8.419E-08 7.432E-08 7.187E-08 7.339E-08 6.305E-08 3.905E-08 3.392E-08 3.446E-08 3.476E-08 3.885E-08 4.512E-08 4.588E-08 4.583E-08 4.609E-08 4.799E-08 4.048E-08 3.806E-08 2.995E-08 2.589E-08 2.146E-08 1.653E-08 1.155E-08 8.949E-09 5.087E-09 3.301E-09
  1.520E+02  8.360E-06 7.398E-06 6.487E-06 5.779E-06 5.185E-06 4.694E-06 4.253E-06 3.865E-06 3.564E-06 3.302E-06 3.039E-06 2.811E-06 2.457E-06 2.159E-06 1.622E-06 1.297E-06 1.038E-06 8.480E-07 4.821E-07 6.115E-07 7.604E-07 6.797E-07 6.312E-07 5.297E-07 4.444E-07 3.391E-07 2.746E-07 1.988E-07 1.605E-07 2.295E-07 1.843E-07 1.169E-07 8.545E-08 8.276E-08 8.670E-08 9.051E-08 8.506E-08 7.510E-08 7.263E-08 7.418E-08 6.374E-08 3.948E-08 3.429E-08 3.485E-08 3.516E-08 3.930E-08 4.566E-08 4.644E-08 4.640E-08 4.668E-08 4.861E-08 4.102E-08 3.856E-08 3.036E-08 2.624E-08 2.176E-08 1.676E-08 1.172E-08 9.080E-09 5.163E-09 3.352E-09
  1.540E+02  8.948E-06 7.734E-06 6.800E-06 5.980E-06 5.365E-06 4.862E-06 4.405E-06 4.014E-06 3.681E-06 3.409E-06 3.145E-06 2.906E-06 2.532E-06 2.224E-06 1.664E-06 1.326E-06 1.058E-06 8.627E-07 4.884E-07 6.148E-07 7.655E-07 6.862E-07 6.378E-07 5.355E-07 4.492E-07 3.425E-07 2.773E-07 2.007E-07 1.619E-07 2.316E-07 1.861E-07 1.180E-07 8.625E-08 8.354E-08 8.753E-08 9.139E-08 8.591E-08 7.584E-08 7.336E-08 7.494E-08 6.439E-08 3.988E-08 3.465E-08 3.522E-08 3.554E-08 3.974E-08 4.618E-08 4.698E-08 4.694E-08 4.724E-08 4.921E-08 4.152E-08 3.904E-08 3.074E-08 2.658E-08 2.204E-08 1.698E-08 1.187E-08 9.204E-09 5.235E-09 3.400E-09
  1.560E+02  9.496E-06 8.107E-06 7.048E-06 6.213E-06 5.520E-06 5.047E-06 4.559E-06 4.146E-06 3.793E-06 3.512E-06 3.238E-06 3.000E-06 2.605E-06 2.285E-06 1.703E-06 1.354E-06 1.079E-06 8.774E-07 4.948E-07 6.181E-07 7.706E-07 6.927E-07 6.443E-07 5.412E-07 4.538E-07 3.458E-07 2.799E-07 2.025E-07 1.632E-07 2.336E-07 1.878E-07 1.190E-07 8.701E-08 8.428E-08 8.832E-08 9.222E-08 8.671E-08 7.655E-08 7.405E-08 7.566E-08 6.501E-08 4.027E-08 3.498E-08 3.556E-08 3.590E-08 4.015E-08 4.668E-08 4.749E-08 4.745E-08 4.777E-08 4.977E-08 4.201E-08 3.950E-08 3.111E-08 2.690E-08 2.231E-08 1.720E-08 1.202E-08 9.322E-09 5.304E-09 3.445E-09
  1.580E+02  9.986E-06 8.366E-06 7.325E-06 6.414E-06 5.709E-06 5.232E-06 4.701E-06 4.274E-06 3.908E-06 3.615E-06 3.325E-06 3.085E-06 2.674E-06 2.342E-06 1.740E-06 1.381E-06 1.098E-06 8.918E-07 5.012E-07 6.213E-07 7.757E-07 6.990E-07 6.507E-07 5.468E-07 4.584E-07 3.490E-07 2.824E-07 2.042E-07 1.644E-07 2.355E-07 1.894E-07 1.200E-07 8.773E-08 8.498E-08 8.907E-08 9.301E-08 8.746E-08 7.722E-08 7.470E-08 7.633E-08 6.560E-08 4.063E-08 3.530E-08 3.589E-08 3.624E-08 4.053E-08 4.714E-08 4.797E-08 4.793E-08 4.827E-08 5.030E-08 4.246E-08 3.992E-08 3.145E-08 2.720E-08 2.256E-08 1.739E-08 1.217E-08 9.433E-09 5.369E-09 3.488E-09
  1.600E+02  1.041E-05 8.631E-06 7.624E-06 6.612E-06 5.915E-06 5.394E-06 4.836E-06 4.400E-06 4.014E-06 3.708E-06 3.409E-06 3.157E-06 2.732E-06 2.391E-06 1.773E-06 1.405E-06 1.117E-06 9.057E-07 5.074E-07 6.244E-07 7.807E-07 7.052E-07 6.569E-07 5.523E-07 4.628E-07 3.521E-07 2.848E-07 2.059E-07 1.656E-07 2.373E-07 1.909E-07 1.210E-07 8.840E-08 8.563E-08 8.976E-08 9.375E-08 8.817E-08 7.785E-08 7.531E-08 7.696E-08 6.615E-08 4.097E-08 3.559E-08 3.619E-08 3.655E-08 4.089E-08 4.757E-08 4.842E-08 4.838E-08 4.874E-08 5.079E-08 4.288E-08 4.032E-08 3.177E-08 2.748E-08 2.280E-08 1.758E-08 1.230E-08 9.537E-09 5.429E-09 3.528E-09
  1.620E+02  1.081E-05 9.009E-06 7.894E-06 6.871E-06 6.126E-06 5.522E-06 4.964E-06 4.512E-06 4.107E-06 3.787E-06 3.479E-06 3.209E-06 2.772E-06 2.426E-06 1.800E-06 1.426E-06 1.133E-06 9.188E-07 5.136E-07 6.273E-07 7.857E-07 7.112E-07 6.629E-07 5.575E-07 4.670E-07 3.550E-07 2.871E-07 2.074E-07 1.666E-07 2.390E-07 1.924E-07 1.219E-07 8.902E-08 8.623E-08 9.040E-08 9.443E-08 8.882E-08 7.842E-08 7.587E-08 7.755E-08 6.665E-08 4.128E-08 3.586E-08 3.647E-08 3.684E-08 4.122E-08 4.796E-08 4.883E-08 4.879E-08 4.917E-08 5.124E-08 4.327E-08 4.069E-08 3.206E-08 2.774E-08 2.301E-08 1.775E-08 1.242E-08 9.631E-09 5.484E-09 3.564E-09
  1.640E+02  1.117E-05 9.385E-06 8.173E-06 7.088E-06 6.329E-06 5.625E-06 5.041E-06 4.578E-06 4.168E-06 3.833E-06 3.513E-06 3.230E-06 2.790E-06 2.443E-06 1.817E-06 1.442E-06 1.148E-06 9.306E-07 5.194E-07 6.301E-07 7.904E-07 7.169E-07 6.687E-07 5.625E-07 4.710E-07 3.577E-07 2.893E-07 2.088E-07 1.676E-07 2.405E-07 1.937E-07 1.227E-07 8.958E-08 8.678E-08 9.099E-08 9.504E-08 8.941E-08 7.895E-08 7.637E-08 7.807E-08 6.711E-08 4.156E-08 3.611E-08 3.672E-08 3.710E-08 4.152E-08 4.832E-08 4.920E-08 4.917E-08 4.956E-08 5.166E-08 4.362E-08 4.102E-08 3.233E-08 2.797E-08 2.321E-08 1.790E-08 1.253E-08 9.718E-09 5.534E-09 3.597E-09
  1.660E+02  1.157E-05 9.649E-06 8.351E-06 7.178E-06 6.357E-06 5.667E-06 5.038E-06 4.554E-06 4.138E-06 3.802E-06 3.482E-06 3.210E-06 2.778E-06 2.436E-06 1.822E-06 1.452E-06 1.159E-06 9.410E-07 5.248E-07 6.327E-07 7.949E-07 7.225E-07 6.741E-07 5.671E-07 4.747E-07 3.603E-07 2.912E-07 2.101E-07 1.685E-07 2.419E-07 1.949E-07 1.234E-07 9.009E-08 8.727E-08 9.151E-08 9.560E-08 8.994E-08 7.941E-08 7.683E-08 7.855E-08 6.752E-08 4.181E-08 3.633E-08 3.695E-08 3.734E-08 4.179E-08 4.864E-08 4.954E-08 4.950E-08 4.990E-08 5.202E-08 4.393E-08 4.132E-08 3.257E-08 2.818E-08 2.338E-08 1.804E-08 1.263E-08 9.795E-09 5.579E-09 3.627E-09
  1.680E+02  1.172E-05 9.585E-06 8.248E-06 7.032E-06 6.122E-06 5.527E-06 4.901E-06 4.399E-06 3.990E-06 3.673E-06 3.376E-06 3.136E-06 2.725E-06 2.401E-06 1.815E-06 1.457E-06 1.168E-06 9.500E-07 5.299E-07 6.350E-07 7.992E-07 7.277E-07 6.793E-07 5.715E-07 4.782E-07 3.626E-07 2.930E-07 2.112E-07 1.693E-07 2.431E-07 1.959E-07 1.240E-07 9.053E-08 8.771E-08 9.197E-08 9.608E-08 9.041E-08 7.983E-08 7.723E-08 7.896E-08 6.788E-08 4.203E-08 3.652E-08 3.715E-08 3.754E-08 4.202E-08 4.892E-08 4.983E-08 4.980E-08 5.021E-08 5.235E-08 4.421E-08 4.158E-08 3.278E-08 2.836E-08 2.354E-08 1.816E-08 1.271E-08 9.862E-09 5.618E-09 3.653E-09
  1.700E+02  1.140E-05 8.960E-06 7.746E-06 6.523E-06 5.640E-06 5.156E-06 4.575E-06 4.111E-06 3.743E-06 3.464E-06 3.206E-06 3.010E-06 2.638E-06 2.345E-06 1.801E-06 1.460E-06 1.176E-06 9.581E-07 5.344E-07 6.370E-07 8.031E-07 7.326E-07 6.841E-07 5.755E-07 4.813E-07 3.646E-07 2.945E-07 2.122E-07 1.699E-07 2.442E-07 1.968E-07 1.246E-07 9.091E-08 8.808E-08 9.236E-08 9.650E-08 9.081E-08 8.018E-08 7.757E-08 7.932E-08 6.819E-08 4.222E-08 3.668E-08 3.732E-08 3.772E-08 4.222E-08 4.916E-08 5.008E-08 5.005E-08 5.047E-08 5.262E-08 4.444E-08 4.180E-08 3.295E-08 2.852E-08 2.367E-08 1.826E-08 1.279E-08 9.920E-09 5.652E-09 3.675E-09
  1.720E+02  1.044E-05 7.943E-06 6.954E-06 5.803E-06 5.080E-06 4.674E-06 4.171E-06 3.798E-06 3.490E-06 3.259E-06 3.037E-06 2.876E-06 2.555E-06 2.296E-06 1.793E-06 1.465E-06 1.185E-06 9.665E-07 5.385E-07 6.386E-07 8.066E-07 7.370E-07 6.885E-07 5.790E-07 4.840E-07 3.664E-07 2.959E-07 2.131E-07 1.705E-07 2.451E-07 1.976E-07 1.250E-07 9.123E-08 8.838E-08 9.269E-08 9.684E-08 9.114E-08 8.047E-08 7.785E-08 7.961E-08 6.844E-08 4.238E-08 3.682E-08 3.746E-08 3.786E-08 4.238E-08 4.936E-08 5.028E-08 5.025E-08 5.068E-08 5.285E-08 4.464E-08 4.199E-08 3.310E-08 2.865E-08 2.378E-08 1.835E-08 1.285E-08 9.968E-09 5.679E-09 3.693E-09
  1.740E+02  9.565E-06 7.492E-06 6.382E-06 5.437E-06 4.873E-06 4.414E-06 3.996E-06 3.671E-06 3.416E-06 3.209E-06 2.996E-06 2.835E-06 2.545E-06 2.298E-06 1.810E-06 1.482E-06 1.198E-06 9.766E-07 5.423E-07 6.400E-07 8.095E-07 7.409E-07 6.923E-07 5.821E-07 4.863E-07 3.678E-07 2.969E-07 2.137E-07 1.709E-07 2.458E-07 1.982E-07 1.254E-07 9.148E-08 8.862E-08 9.294E-08 9.711E-08 9.139E-08 8.070E-08 7.807E-08 7.984E-08 6.864E-08 4.250E-08 3.692E-08 3.757E-08 3.798E-08 4.251E-08 4.951E-08 5.044E-08 5.041E-08 5.085E-08 5.303E-08 4.479E-08 4.213E-08 3.322E-08 2.875E-08 2.386E-08 1.842E-08 1.289E-08 1.000E-08 5.701E-09 3.708E-09
  1.760E+02  1.007E-05 8.299E-06 6.851E-06 5.963E-06 5.270E-06 4.728E-06 4.302E-06 3.909E-06 3.644E-06 3.409E-06 3.166E-06 2.964E-06 2.656E-06 2.381E-06 1.859E-06 1.513E-06 1.216E-06 9.881E-07 5.458E-07 6.410E-07 8.116E-07 7.439E-07 6.953E-07 5.845E-07 4.881E-07 3.689E-07 2.977E-07 2.142E-07 1.712E-07 2.463E-07 1.986E-07 1.256E-07 9.165E-08 8.879E-08 9.312E-08 9.731E-08 9.158E-08 8.086E-08 7.823E-08 8.001E-08 6.878E-08 4.259E-08 3.700E-08 3.765E-08 3.806E-08 4.261E-08 4.962E-08 5.056E-08 5.053E-08 5.097E-08 5.315E-08 4.490E-08 4.223E-08 3.330E-08 2.882E-08 2.392E-08 1.846E-08 1.293E-08 1.003E-08 5.717E-09 3.718E-09
  1.780E+02  1.198E-05 1.027E-05 8.546E-06 7.303E-06 6.248E-06 5.528E-06 4.981E-06 4.438E-06 4.087E-06 3.778E-06 3.467E-06 3.206E-06 2.836E-06 2.511E-06 1.920E-06 1.547E-06 1.234E-06 9.984E-07 5.485E-07 6.415E-07 8.130E-07 7.458E-07 6.972E-07 5.861E-07 4.892E-07 3.695E-07 2.982E-07 2.145E-07 1.714E-07 2.466E-07 1.989E-07 1.258E-07 9.176E-08 8.890E-08 9.323E-08 9.742E-08 9.169E-08 8.096E-08 7.833E-08 8.011E-08 6.887E-08 4.264E-08 3.704E-08 3.769E-08 3.811E-08 4.266E-08 4.969E-08 5.063E-08 5.060E-08 5.104E-08 5.323E-08 4.496E-08 4.230E-08 3.335E-08 2.887E-08 2.396E-08 1.849E-08 1.295E-08 1.005E-08 5.726E-09 3.724E-09
  1.800E+02  1.397E-05 1.182E-05 9.820E-06 8.223E-06 6.925E-06 6.041E-06 5.394E-06 4.756E-06 4.348E-06 3.990E-06 3.631E-06 3.339E-06 2.931E-06 2.578E-06 1.950E-06 1.562E-06 1.242E-06 1.003E-06 5.495E-07 6.417E-07 8.135E-07 7.464E-07 6.979E-07 5.866E-07 4.896E-07 3.698E-07 2.984E-07 2.146E-07 1.715E-07 2.467E-07 1.990E-07 1.258E-07 9.180E-08 8.893E-08 9.327E-08 9.746E-08 9.173E-08 8.099E-08 7.836E-08 8.014E-08 6.890E-08 4.266E-08 3.706E-08 3.771E-08 3.812E-08 4.268E-08 4.971E-08 5.065E-08 5.062E-08 5.106E-08 5.326E-08 4.499E-08 4.232E-08 3.337E-08 2.888E-08 2.397E-08 1.850E-08 1.296E-08 1.005E-08 5.729E-09 3.726E-09
