# sulfate (98%)       
#
# size distribution: lognormal
# ------------------
#
#   minimum radius, [um]:      1.010E-02
#   maximum radius, [um]:      6.550E+01
#                  sigma:      2.030E+00
#       Rmod (wet), [um]:      1.950E-01
#       Rmod (dry), [um]:      6.950E-02
#
# optical parameters:
# -------------------
#
# wavelength ext.coef  sca.coef  abs.coef  si.sc.alb  asym.par  ext.nor    ref.real  ref.imag
#     [um]     [1/km]    [1/km]    [1/km]
#
#  2.500E-01 8.160E-04 8.160E-04 5.350E-10 1.000E+00 0.778E+00 9.649E-01  1.368E+00 -3.244E-08
#  3.000E-01 8.411E-04 8.411E-04 1.504E-10 1.000E+00 0.783E+00 9.946E-01  1.354E+00 -1.573E-08
#  3.500E-01 8.580E-04 8.580E-04 1.534E-10 1.000E+00 0.786E+00 1.015E+00  1.348E+00 -6.658E-09
#  4.000E-01 8.647E-04 8.647E-04 5.154E-11 1.000E+00 0.791E+00 1.023E+00  1.344E+00 -2.229E-09
#  4.500E-01 8.653E-04 8.653E-04 1.031E-10 1.000E+00 0.793E+00 1.023E+00  1.341E+00 -1.427E-09
#  5.000E-01 8.576E-04 8.576E-04 0.000E+00 1.000E+00 0.796E+00 1.014E+00  1.339E+00 -1.407E-09
#  5.500E-01 8.457E-04 8.457E-04 0.000E+00 1.000E+00 0.798E+00 1.000E+00  1.337E+00 -2.324E-09
#  6.000E-01 8.304E-04 8.304E-04 1.485E-10 1.000E+00 0.798E+00 9.820E-01  1.336E+00 -1.107E-08
#  6.500E-01 8.114E-04 8.114E-04 4.836E-11 1.000E+00 0.799E+00 9.595E-01  1.335E+00 -1.641E-08
#  7.000E-01 7.910E-04 7.910E-04 2.829E-10 1.000E+00 0.799E+00 9.353E-01  1.335E+00 -3.291E-08
#  7.500E-01 7.678E-04 7.678E-04 1.144E-09 1.000E+00 0.799E+00 9.080E-01  1.334E+00 -1.522E-07
#  8.000E-01 7.435E-04 7.435E-04 9.749E-10 1.000E+00 0.799E+00 8.792E-01  1.333E+00 -1.232E-07
#  9.000E-01 6.945E-04 6.945E-04 3.146E-09 1.000E+00 0.797E+00 8.213E-01  1.332E+00 -4.755E-07
#  1.000E+00 6.455E-04 6.455E-04 1.701E-08 1.000E+00 0.795E+00 7.633E-01  1.331E+00 -2.828E-06
#  1.250E+00 5.283E-04 5.282E-04 3.974E-08 9.999E-01 0.788E+00 6.247E-01  1.327E+00 -8.620E-06
#  1.500E+00 4.317E-04 4.310E-04 7.293E-07 9.983E-01 0.778E+00 5.105E-01  1.325E+00 -1.964E-04
#  1.750E+00 3.454E-04 3.450E-04 3.518E-07 9.990E-01 0.770E+00 4.084E-01  1.317E+00 -1.143E-04
#  2.000E+00 2.780E-04 2.751E-04 2.869E-06 9.897E-01 0.760E+00 3.287E-01  1.310E+00 -1.107E-03
#  2.500E+00 1.531E-04 1.496E-04 3.474E-06 9.773E-01 0.750E+00 1.810E-01  1.265E+00 -1.831E-03
#  3.000E+00 3.514E-04 1.119E-04 2.395E-04 3.184E-01 0.648E+00 4.156E-01  1.367E+00 -2.640E-01
#  3.200E+00 2.868E-04 1.700E-04 1.168E-04 5.927E-01 0.646E+00 3.391E-01  1.470E+00 -9.433E-02
#  3.390E+00 1.993E-04 1.596E-04 3.963E-05 8.011E-01 0.649E+00 2.356E-01  1.420E+00 -2.924E-02
#  3.500E+00 1.683E-04 1.467E-04 2.162E-05 8.716E-01 0.649E+00 1.991E-01  1.399E+00 -1.613E-02
#  3.750E+00 1.286E-04 1.171E-04 1.143E-05 9.111E-01 0.645E+00 1.520E-01  1.370E+00 -9.272E-03
#  4.000E+00 1.056E-04 9.427E-05 1.133E-05 8.927E-01 0.638E+00 1.249E-01  1.353E+00 -1.010E-02
#  4.500E+00 8.205E-05 6.484E-05 1.721E-05 7.903E-01 0.618E+00 9.702E-02  1.334E+00 -1.823E-02
#  5.000E+00 6.368E-05 4.930E-05 1.438E-05 7.742E-01 0.595E+00 7.530E-02  1.327E+00 -1.732E-02
#  5.500E+00 4.759E-05 3.343E-05 1.416E-05 7.024E-01 0.576E+00 5.627E-02  1.300E+00 -1.936E-02
#  6.000E+00 8.625E-05 2.019E-05 6.605E-05 2.341E-01 0.528E+00 1.020E-01  1.272E+00 -1.110E-01
#  6.200E+00 8.588E-05 3.168E-05 5.420E-05 3.689E-01 0.522E+00 1.016E-01  1.366E+00 -9.149E-02
#  6.500E+00 5.227E-05 2.682E-05 2.546E-05 5.130E-01 0.524E+00 6.181E-02  1.340E+00 -4.322E-02
#  7.200E+00 3.749E-05 1.726E-05 2.023E-05 4.605E-01 0.500E+00 4.434E-02  1.307E+00 -3.861E-02
#  7.900E+00 3.700E-05 1.165E-05 2.535E-05 3.149E-01 0.470E+00 4.376E-02  1.287E+00 -5.446E-02
#  8.200E+00 3.802E-05 1.016E-05 2.786E-05 2.672E-01 0.457E+00 4.496E-02  1.282E+00 -6.271E-02
#  8.500E+00 3.866E-05 9.213E-06 2.945E-05 2.383E-01 0.445E+00 4.572E-02  1.282E+00 -6.922E-02
#  8.700E+00 3.821E-05 8.745E-06 2.947E-05 2.288E-01 0.438E+00 4.519E-02  1.284E+00 -7.114E-02
#  9.000E+00 3.451E-05 7.786E-06 2.672E-05 2.256E-01 0.430E+00 4.081E-02  1.280E+00 -6.675E-02
#  9.200E+00 3.279E-05 6.903E-06 2.589E-05 2.105E-01 0.424E+00 3.877E-02  1.271E+00 -6.615E-02
#  9.500E+00 3.471E-05 5.970E-06 2.874E-05 1.720E-01 0.411E+00 4.105E-02  1.262E+00 -7.635E-02
#  9.800E+00 3.326E-05 5.389E-06 2.787E-05 1.620E-01 0.403E+00 3.933E-02  1.260E+00 -7.652E-02
#  1.000E+01 2.943E-05 4.681E-06 2.475E-05 1.591E-01 0.398E+00 3.480E-02  1.248E+00 -6.910E-02
#  1.060E+01 2.972E-05 2.801E-06 2.692E-05 9.425E-02 0.376E+00 3.515E-02  1.203E+00 -7.974E-02
#  1.100E+01 3.914E-05 2.212E-06 3.692E-05 5.651E-02 0.353E+00 4.628E-02  1.176E+00 -1.144E-01
#  1.150E+01 4.883E-05 2.060E-06 4.677E-05 4.220E-02 0.331E+00 5.774E-02  1.161E+00 -1.525E-01
#  1.250E+01 7.393E-05 2.654E-06 7.128E-05 3.590E-02 0.287E+00 8.743E-02  1.151E+00 -2.562E-01
#  1.300E+01 8.266E-05 3.104E-06 7.955E-05 3.756E-02 0.272E+00 9.774E-02  1.171E+00 -3.000E-01
#  1.400E+01 9.092E-05 3.743E-06 8.718E-05 4.116E-02 0.250E+00 1.075E-01  1.229E+00 -3.621E-01
#  1.480E+01 9.049E-05 3.858E-06 8.664E-05 4.263E-02 0.239E+00 1.070E-01  1.274E+00 -3.874E-01
#  1.500E+01 9.027E-05 3.873E-06 8.639E-05 4.291E-02 0.236E+00 1.067E-01  1.284E+00 -3.934E-01
#  1.640E+01 8.655E-05 3.814E-06 8.274E-05 4.407E-02 0.219E+00 1.023E-01  1.354E+00 -4.264E-01
#  1.720E+01 8.238E-05 3.751E-06 7.863E-05 4.553E-02 0.213E+00 9.741E-02  1.401E+00 -4.363E-01
#  1.800E+01 7.215E-05 3.432E-06 6.872E-05 4.757E-02 0.211E+00 8.532E-02  1.447E+00 -4.086E-01
#  1.850E+01 6.856E-05 3.262E-06 6.529E-05 4.758E-02 0.208E+00 8.107E-02  1.465E+00 -4.033E-01
#  2.000E+01 5.792E-05 2.643E-06 5.528E-05 4.563E-02 0.200E+00 6.849E-02  1.496E+00 -3.763E-01
#  2.130E+01 5.350E-05 2.212E-06 5.129E-05 4.135E-02 0.190E+00 6.327E-02  1.504E+00 -3.751E-01
#  2.250E+01 4.720E-05 1.885E-06 4.531E-05 3.993E-02 0.184E+00 5.581E-02  1.522E+00 -3.547E-01
#  2.500E+01 4.059E-05 1.413E-06 3.918E-05 3.481E-02 0.170E+00 4.800E-02  1.549E+00 -3.489E-01
#  2.790E+01 3.380E-05 9.963E-07 3.281E-05 2.947E-02 0.155E+00 3.997E-02  1.566E+00 -3.318E-01
#  3.000E+01 3.016E-05 7.711E-07 2.939E-05 2.557E-02 0.145E+00 3.566E-02  1.568E+00 -3.213E-01
#  3.500E+01 2.637E-05 4.349E-07 2.594E-05 1.649E-02 0.121E+00 3.119E-02  1.549E+00 -3.294E-01
#  4.000E+01 2.633E-05 2.819E-07 2.605E-05 1.071E-02 0.100E+00 3.113E-02  1.536E+00 -3.775E-01
#
# volume phase function [1/km]:
# -----------------------------
#
# sca.ang. | wavelengths --->
# ---------|------------------
#          | 2.500E-01 3.000E-01 3.500E-01 4.000E-01 4.500E-01 5.000E-01 5.500E-01 6.000E-01 6.500E-01 7.000E-01 7.500E-01 8.000E-01 9.000E-01 1.000E+00 1.250E+00 1.500E+00 1.750E+00 2.000E+00 2.500E+00 3.000E+00 3.200E+00 3.390E+00 3.500E+00 3.750E+00 4.000E+00 4.500E+00 5.000E+00 5.500E+00 6.000E+00 6.200E+00 6.500E+00 7.200E+00 7.900E+00 8.200E+00 8.500E+00 8.700E+00 9.000E+00 9.200E+00 9.500E+00 9.800E+00 1.000E+01 1.060E+01 1.100E+01 1.150E+01 1.250E+01 1.300E+01 1.400E+01 1.480E+01 1.500E+01 1.640E+01 1.720E+01 1.800E+01 1.850E+01 2.000E+01 2.130E+01 2.250E+01 2.500E+01 2.790E+01 3.000E+01 3.500E+01 4.000E+01
#
  0.000E+00  1.590E-02 1.157E-02 8.884E-03 7.153E-03 5.935E-03 5.003E-03 4.328E-03 3.803E-03 3.369E-03 3.008E-03 2.702E-03 2.448E-03 2.032E-03 1.717E-03 1.170E-03 8.276E-04 5.990E-04 4.380E-04 2.228E-04 1.061E-04 1.413E-04 1.346E-04 1.246E-04 9.893E-05 7.782E-05 4.968E-05 3.488E-05 2.243E-05 1.165E-05 1.693E-05 1.457E-05 8.841E-06 5.473E-06 4.587E-06 4.002E-06 3.712E-06 3.226E-06 2.816E-06 2.349E-06 2.065E-06 1.779E-06 1.008E-06 7.459E-07 6.475E-07 7.284E-07 8.105E-07 9.078E-07 8.976E-07 8.925E-07 8.289E-07 7.944E-07 7.186E-07 6.754E-07 5.321E-07 4.326E-07 3.620E-07 2.600E-07 1.761E-07 1.327E-07 7.048E-08 4.336E-08
  1.000E-01  1.586E-02 1.155E-02 8.873E-03 7.146E-03 5.931E-03 5.000E-03 4.326E-03 3.802E-03 3.368E-03 3.007E-03 2.702E-03 2.447E-03 2.032E-03 1.717E-03 1.170E-03 8.275E-04 5.990E-04 4.380E-04 2.228E-04 1.061E-04 1.413E-04 1.346E-04 1.246E-04 9.893E-05 7.782E-05 4.968E-05 3.488E-05 2.243E-05 1.165E-05 1.693E-05 1.457E-05 8.841E-06 5.473E-06 4.587E-06 4.002E-06 3.712E-06 3.226E-06 2.816E-06 2.349E-06 2.065E-06 1.779E-06 1.008E-06 7.459E-07 6.475E-07 7.284E-07 8.104E-07 9.078E-07 8.976E-07 8.925E-07 8.289E-07 7.944E-07 7.186E-07 6.754E-07 5.321E-07 4.326E-07 3.620E-07 2.600E-07 1.761E-07 1.327E-07 7.048E-08 4.336E-08
  2.000E-01  1.574E-02 1.149E-02 8.841E-03 7.127E-03 5.918E-03 4.992E-03 4.320E-03 3.797E-03 3.364E-03 3.005E-03 2.700E-03 2.446E-03 2.031E-03 1.716E-03 1.170E-03 8.274E-04 5.989E-04 4.379E-04 2.228E-04 1.061E-04 1.413E-04 1.346E-04 1.246E-04 9.892E-05 7.782E-05 4.967E-05 3.488E-05 2.243E-05 1.165E-05 1.692E-05 1.457E-05 8.841E-06 5.473E-06 4.587E-06 4.002E-06 3.712E-06 3.226E-06 2.816E-06 2.349E-06 2.064E-06 1.779E-06 1.007E-06 7.458E-07 6.475E-07 7.284E-07 8.104E-07 9.078E-07 8.976E-07 8.924E-07 8.289E-07 7.944E-07 7.186E-07 6.754E-07 5.321E-07 4.326E-07 3.619E-07 2.600E-07 1.761E-07 1.327E-07 7.048E-08 4.336E-08
  3.000E-01  1.556E-02 1.140E-02 8.788E-03 7.095E-03 5.898E-03 4.978E-03 4.310E-03 3.790E-03 3.359E-03 3.001E-03 2.697E-03 2.444E-03 2.029E-03 1.715E-03 1.169E-03 8.271E-04 5.987E-04 4.378E-04 2.228E-04 1.060E-04 1.413E-04 1.346E-04 1.246E-04 9.891E-05 7.781E-05 4.967E-05 3.488E-05 2.243E-05 1.165E-05 1.692E-05 1.457E-05 8.840E-06 5.473E-06 4.586E-06 4.002E-06 3.712E-06 3.226E-06 2.816E-06 2.349E-06 2.064E-06 1.779E-06 1.007E-06 7.458E-07 6.475E-07 7.283E-07 8.104E-07 9.078E-07 8.976E-07 8.924E-07 8.289E-07 7.944E-07 7.186E-07 6.754E-07 5.321E-07 4.326E-07 3.619E-07 2.600E-07 1.761E-07 1.327E-07 7.048E-08 4.336E-08
  4.000E-01  1.531E-02 1.127E-02 8.718E-03 7.051E-03 5.870E-03 4.959E-03 4.297E-03 3.781E-03 3.352E-03 2.995E-03 2.693E-03 2.440E-03 2.027E-03 1.714E-03 1.169E-03 8.267E-04 5.985E-04 4.377E-04 2.227E-04 1.060E-04 1.413E-04 1.346E-04 1.246E-04 9.890E-05 7.780E-05 4.966E-05 3.488E-05 2.242E-05 1.165E-05 1.692E-05 1.457E-05 8.840E-06 5.472E-06 4.586E-06 4.002E-06 3.711E-06 3.226E-06 2.815E-06 2.349E-06 2.064E-06 1.779E-06 1.007E-06 7.458E-07 6.474E-07 7.283E-07 8.104E-07 9.078E-07 8.976E-07 8.924E-07 8.289E-07 7.943E-07 7.186E-07 6.754E-07 5.321E-07 4.326E-07 3.619E-07 2.599E-07 1.761E-07 1.327E-07 7.048E-08 4.335E-08
  5.000E-01  1.502E-02 1.112E-02 8.631E-03 6.997E-03 5.835E-03 4.935E-03 4.280E-03 3.769E-03 3.343E-03 2.988E-03 2.687E-03 2.436E-03 2.024E-03 1.712E-03 1.168E-03 8.263E-04 5.983E-04 4.375E-04 2.226E-04 1.060E-04 1.413E-04 1.346E-04 1.245E-04 9.888E-05 7.779E-05 4.966E-05 3.487E-05 2.242E-05 1.165E-05 1.692E-05 1.457E-05 8.839E-06 5.472E-06 4.586E-06 4.001E-06 3.711E-06 3.225E-06 2.815E-06 2.349E-06 2.064E-06 1.779E-06 1.007E-06 7.457E-07 6.474E-07 7.283E-07 8.104E-07 9.077E-07 8.975E-07 8.924E-07 8.289E-07 7.943E-07 7.185E-07 6.753E-07 5.320E-07 4.326E-07 3.619E-07 2.599E-07 1.761E-07 1.327E-07 7.048E-08 4.335E-08
  6.000E-01  1.470E-02 1.094E-02 8.530E-03 6.934E-03 5.793E-03 4.907E-03 4.260E-03 3.754E-03 3.332E-03 2.980E-03 2.681E-03 2.431E-03 2.021E-03 1.709E-03 1.167E-03 8.257E-04 5.979E-04 4.373E-04 2.225E-04 1.060E-04 1.412E-04 1.345E-04 1.245E-04 9.886E-05 7.777E-05 4.965E-05 3.487E-05 2.242E-05 1.165E-05 1.692E-05 1.457E-05 8.838E-06 5.471E-06 4.585E-06 4.001E-06 3.711E-06 3.225E-06 2.815E-06 2.349E-06 2.064E-06 1.779E-06 1.007E-06 7.457E-07 6.473E-07 7.282E-07 8.103E-07 9.077E-07 8.975E-07 8.923E-07 8.288E-07 7.943E-07 7.185E-07 6.753E-07 5.320E-07 4.326E-07 3.619E-07 2.599E-07 1.761E-07 1.327E-07 7.048E-08 4.335E-08
  7.000E-01  1.434E-02 1.075E-02 8.417E-03 6.862E-03 5.746E-03 4.875E-03 4.237E-03 3.737E-03 3.319E-03 2.970E-03 2.673E-03 2.425E-03 2.017E-03 1.707E-03 1.166E-03 8.250E-04 5.975E-04 4.371E-04 2.224E-04 1.059E-04 1.412E-04 1.345E-04 1.245E-04 9.884E-05 7.776E-05 4.964E-05 3.486E-05 2.241E-05 1.165E-05 1.692E-05 1.456E-05 8.837E-06 5.471E-06 4.585E-06 4.000E-06 3.710E-06 3.225E-06 2.815E-06 2.348E-06 2.064E-06 1.779E-06 1.007E-06 7.456E-07 6.473E-07 7.282E-07 8.103E-07 9.076E-07 8.974E-07 8.923E-07 8.288E-07 7.943E-07 7.185E-07 6.753E-07 5.320E-07 4.325E-07 3.619E-07 2.599E-07 1.761E-07 1.327E-07 7.048E-08 4.335E-08
  8.000E-01  1.397E-02 1.054E-02 8.294E-03 6.784E-03 5.694E-03 4.839E-03 4.211E-03 3.718E-03 3.305E-03 2.959E-03 2.665E-03 2.418E-03 2.012E-03 1.704E-03 1.164E-03 8.243E-04 5.971E-04 4.368E-04 2.223E-04 1.059E-04 1.411E-04 1.345E-04 1.245E-04 9.881E-05 7.773E-05 4.962E-05 3.485E-05 2.241E-05 1.164E-05 1.691E-05 1.456E-05 8.835E-06 5.470E-06 4.584E-06 4.000E-06 3.710E-06 3.224E-06 2.814E-06 2.348E-06 2.064E-06 1.778E-06 1.007E-06 7.455E-07 6.472E-07 7.281E-07 8.102E-07 9.076E-07 8.974E-07 8.922E-07 8.288E-07 7.942E-07 7.184E-07 6.753E-07 5.320E-07 4.325E-07 3.619E-07 2.599E-07 1.761E-07 1.327E-07 7.047E-08 4.335E-08
  9.000E-01  1.358E-02 1.032E-02 8.163E-03 6.699E-03 5.637E-03 4.800E-03 4.183E-03 3.697E-03 3.289E-03 2.947E-03 2.655E-03 2.410E-03 2.007E-03 1.700E-03 1.163E-03 8.234E-04 5.966E-04 4.365E-04 2.222E-04 1.058E-04 1.411E-04 1.344E-04 1.244E-04 9.878E-05 7.771E-05 4.961E-05 3.484E-05 2.240E-05 1.164E-05 1.691E-05 1.456E-05 8.834E-06 5.469E-06 4.583E-06 3.999E-06 3.709E-06 3.224E-06 2.814E-06 2.348E-06 2.063E-06 1.778E-06 1.007E-06 7.454E-07 6.472E-07 7.281E-07 8.101E-07 9.075E-07 8.973E-07 8.922E-07 8.287E-07 7.942E-07 7.184E-07 6.752E-07 5.320E-07 4.325E-07 3.619E-07 2.599E-07 1.760E-07 1.327E-07 7.047E-08 4.335E-08
  1.000E+00  1.319E-02 1.010E-02 8.026E-03 6.609E-03 5.577E-03 4.758E-03 4.152E-03 3.675E-03 3.272E-03 2.934E-03 2.645E-03 2.402E-03 2.002E-03 1.696E-03 1.161E-03 8.224E-04 5.960E-04 4.361E-04 2.220E-04 1.058E-04 1.410E-04 1.344E-04 1.244E-04 9.874E-05 7.768E-05 4.959E-05 3.483E-05 2.240E-05 1.164E-05 1.691E-05 1.456E-05 8.832E-06 5.468E-06 4.582E-06 3.999E-06 3.709E-06 3.223E-06 2.814E-06 2.347E-06 2.063E-06 1.778E-06 1.007E-06 7.453E-07 6.471E-07 7.280E-07 8.101E-07 9.074E-07 8.973E-07 8.921E-07 8.286E-07 7.941E-07 7.184E-07 6.752E-07 5.319E-07 4.325E-07 3.619E-07 2.599E-07 1.760E-07 1.327E-07 7.047E-08 4.335E-08
  1.100E+00  1.279E-02 9.865E-03 7.883E-03 6.515E-03 5.513E-03 4.713E-03 4.120E-03 3.651E-03 3.253E-03 2.919E-03 2.634E-03 2.393E-03 1.996E-03 1.692E-03 1.159E-03 8.214E-04 5.954E-04 4.357E-04 2.218E-04 1.057E-04 1.410E-04 1.343E-04 1.243E-04 9.871E-05 7.765E-05 4.958E-05 3.482E-05 2.239E-05 1.164E-05 1.690E-05 1.455E-05 8.830E-06 5.467E-06 4.581E-06 3.998E-06 3.708E-06 3.223E-06 2.813E-06 2.347E-06 2.063E-06 1.778E-06 1.007E-06 7.452E-07 6.470E-07 7.279E-07 8.100E-07 9.074E-07 8.972E-07 8.920E-07 8.286E-07 7.941E-07 7.183E-07 6.751E-07 5.319E-07 4.324E-07 3.618E-07 2.599E-07 1.760E-07 1.327E-07 7.047E-08 4.335E-08
  1.200E+00  1.239E-02 9.628E-03 7.737E-03 6.418E-03 5.446E-03 4.666E-03 4.085E-03 3.625E-03 3.233E-03 2.904E-03 2.622E-03 2.383E-03 1.989E-03 1.687E-03 1.157E-03 8.202E-04 5.947E-04 4.353E-04 2.217E-04 1.057E-04 1.409E-04 1.343E-04 1.243E-04 9.866E-05 7.762E-05 4.956E-05 3.481E-05 2.238E-05 1.163E-05 1.690E-05 1.455E-05 8.828E-06 5.466E-06 4.580E-06 3.997E-06 3.707E-06 3.222E-06 2.812E-06 2.347E-06 2.062E-06 1.777E-06 1.006E-06 7.451E-07 6.469E-07 7.278E-07 8.099E-07 9.073E-07 8.971E-07 8.920E-07 8.285E-07 7.940E-07 7.183E-07 6.751E-07 5.319E-07 4.324E-07 3.618E-07 2.599E-07 1.760E-07 1.327E-07 7.046E-08 4.334E-08
  1.300E+00  1.199E-02 9.390E-03 7.588E-03 6.317E-03 5.377E-03 4.617E-03 4.049E-03 3.598E-03 3.212E-03 2.887E-03 2.609E-03 2.373E-03 1.982E-03 1.683E-03 1.154E-03 8.190E-04 5.940E-04 4.348E-04 2.215E-04 1.056E-04 1.408E-04 1.342E-04 1.242E-04 9.862E-05 7.759E-05 4.954E-05 3.479E-05 2.237E-05 1.163E-05 1.689E-05 1.454E-05 8.825E-06 5.464E-06 4.579E-06 3.996E-06 3.706E-06 3.221E-06 2.812E-06 2.346E-06 2.062E-06 1.777E-06 1.006E-06 7.450E-07 6.468E-07 7.277E-07 8.098E-07 9.072E-07 8.970E-07 8.919E-07 8.285E-07 7.939E-07 7.182E-07 6.750E-07 5.318E-07 4.324E-07 3.618E-07 2.598E-07 1.760E-07 1.327E-07 7.046E-08 4.334E-08
  1.400E+00  1.160E-02 9.152E-03 7.437E-03 6.215E-03 5.306E-03 4.567E-03 4.012E-03 3.570E-03 3.191E-03 2.870E-03 2.596E-03 2.362E-03 1.975E-03 1.677E-03 1.152E-03 8.177E-04 5.932E-04 4.343E-04 2.212E-04 1.055E-04 1.408E-04 1.341E-04 1.241E-04 9.857E-05 7.755E-05 4.951E-05 3.478E-05 2.236E-05 1.162E-05 1.689E-05 1.454E-05 8.823E-06 5.463E-06 4.578E-06 3.995E-06 3.706E-06 3.221E-06 2.811E-06 2.346E-06 2.061E-06 1.777E-06 1.006E-06 7.449E-07 6.467E-07 7.276E-07 8.097E-07 9.071E-07 8.969E-07 8.918E-07 8.284E-07 7.939E-07 7.181E-07 6.750E-07 5.318E-07 4.324E-07 3.618E-07 2.598E-07 1.760E-07 1.327E-07 7.045E-08 4.334E-08
  1.500E+00  1.121E-02 8.914E-03 7.285E-03 6.111E-03 5.233E-03 4.515E-03 3.973E-03 3.540E-03 3.168E-03 2.852E-03 2.581E-03 2.350E-03 1.967E-03 1.672E-03 1.149E-03 8.163E-04 5.923E-04 4.338E-04 2.210E-04 1.054E-04 1.407E-04 1.341E-04 1.241E-04 9.851E-05 7.751E-05 4.949E-05 3.476E-05 2.235E-05 1.162E-05 1.688E-05 1.454E-05 8.820E-06 5.461E-06 4.577E-06 3.994E-06 3.705E-06 3.220E-06 2.811E-06 2.345E-06 2.061E-06 1.776E-06 1.006E-06 7.447E-07 6.466E-07 7.275E-07 8.096E-07 9.070E-07 8.968E-07 8.917E-07 8.283E-07 7.938E-07 7.181E-07 6.749E-07 5.317E-07 4.323E-07 3.617E-07 2.598E-07 1.760E-07 1.327E-07 7.045E-08 4.334E-08
  1.600E+00  1.084E-02 8.678E-03 7.132E-03 6.006E-03 5.159E-03 4.461E-03 3.933E-03 3.510E-03 3.144E-03 2.834E-03 2.567E-03 2.338E-03 1.959E-03 1.666E-03 1.146E-03 8.148E-04 5.915E-04 4.333E-04 2.208E-04 1.053E-04 1.406E-04 1.340E-04 1.240E-04 9.846E-05 7.746E-05 4.947E-05 3.475E-05 2.234E-05 1.161E-05 1.688E-05 1.453E-05 8.817E-06 5.460E-06 4.576E-06 3.993E-06 3.704E-06 3.219E-06 2.810E-06 2.345E-06 2.060E-06 1.776E-06 1.006E-06 7.445E-07 6.465E-07 7.274E-07 8.095E-07 9.069E-07 8.967E-07 8.916E-07 8.282E-07 7.937E-07 7.180E-07 6.749E-07 5.317E-07 4.323E-07 3.617E-07 2.598E-07 1.760E-07 1.327E-07 7.044E-08 4.333E-08
  1.700E+00  1.047E-02 8.445E-03 6.980E-03 5.900E-03 5.084E-03 4.407E-03 3.892E-03 3.479E-03 3.120E-03 2.815E-03 2.552E-03 2.326E-03 1.951E-03 1.660E-03 1.144E-03 8.132E-04 5.905E-04 4.327E-04 2.205E-04 1.053E-04 1.405E-04 1.339E-04 1.239E-04 9.840E-05 7.742E-05 4.944E-05 3.473E-05 2.233E-05 1.161E-05 1.687E-05 1.452E-05 8.814E-06 5.458E-06 4.574E-06 3.992E-06 3.703E-06 3.218E-06 2.809E-06 2.344E-06 2.060E-06 1.775E-06 1.005E-06 7.444E-07 6.463E-07 7.273E-07 8.093E-07 9.067E-07 8.966E-07 8.915E-07 8.281E-07 7.936E-07 7.179E-07 6.748E-07 5.316E-07 4.322E-07 3.617E-07 2.598E-07 1.760E-07 1.327E-07 7.044E-08 4.333E-08
  1.800E+00  1.011E-02 8.215E-03 6.829E-03 5.794E-03 5.008E-03 4.352E-03 3.850E-03 3.447E-03 3.095E-03 2.795E-03 2.536E-03 2.313E-03 1.942E-03 1.654E-03 1.141E-03 8.115E-04 5.895E-04 4.320E-04 2.202E-04 1.052E-04 1.404E-04 1.338E-04 1.238E-04 9.833E-05 7.737E-05 4.941E-05 3.471E-05 2.232E-05 1.160E-05 1.686E-05 1.452E-05 8.811E-06 5.456E-06 4.573E-06 3.991E-06 3.701E-06 3.217E-06 2.808E-06 2.343E-06 2.059E-06 1.775E-06 1.005E-06 7.442E-07 6.462E-07 7.272E-07 8.092E-07 9.066E-07 8.965E-07 8.914E-07 8.280E-07 7.935E-07 7.179E-07 6.747E-07 5.316E-07 4.322E-07 3.616E-07 2.597E-07 1.759E-07 1.326E-07 7.043E-08 4.333E-08
  1.900E+00  9.765E-03 7.989E-03 6.679E-03 5.687E-03 4.932E-03 4.296E-03 3.808E-03 3.414E-03 3.069E-03 2.774E-03 2.520E-03 2.299E-03 1.933E-03 1.647E-03 1.137E-03 8.098E-04 5.885E-04 4.314E-04 2.199E-04 1.051E-04 1.403E-04 1.337E-04 1.237E-04 9.827E-05 7.732E-05 4.938E-05 3.469E-05 2.231E-05 1.160E-05 1.686E-05 1.451E-05 8.807E-06 5.454E-06 4.571E-06 3.989E-06 3.700E-06 3.216E-06 2.807E-06 2.343E-06 2.059E-06 1.774E-06 1.005E-06 7.440E-07 6.460E-07 7.270E-07 8.091E-07 9.065E-07 8.964E-07 8.912E-07 8.279E-07 7.934E-07 7.178E-07 6.746E-07 5.315E-07 4.322E-07 3.616E-07 2.597E-07 1.759E-07 1.326E-07 7.043E-08 4.333E-08
  2.000E+00  9.428E-03 7.768E-03 6.531E-03 5.582E-03 4.855E-03 4.240E-03 3.765E-03 3.381E-03 3.043E-03 2.754E-03 2.503E-03 2.286E-03 1.923E-03 1.641E-03 1.134E-03 8.080E-04 5.874E-04 4.307E-04 2.196E-04 1.049E-04 1.402E-04 1.336E-04 1.237E-04 9.819E-05 7.726E-05 4.935E-05 3.467E-05 2.230E-05 1.159E-05 1.685E-05 1.451E-05 8.804E-06 5.452E-06 4.570E-06 3.988E-06 3.699E-06 3.215E-06 2.806E-06 2.342E-06 2.058E-06 1.774E-06 1.005E-06 7.438E-07 6.459E-07 7.269E-07 8.089E-07 9.063E-07 8.962E-07 8.911E-07 8.278E-07 7.933E-07 7.177E-07 6.746E-07 5.315E-07 4.321E-07 3.616E-07 2.597E-07 1.759E-07 1.326E-07 7.042E-08 4.332E-08
  3.000E+00  6.648E-03 5.836E-03 5.178E-03 4.583E-03 4.110E-03 3.677E-03 3.328E-03 3.037E-03 2.766E-03 2.529E-03 2.322E-03 2.134E-03 1.817E-03 1.563E-03 1.095E-03 7.860E-04 5.740E-04 4.222E-04 2.158E-04 1.036E-04 1.388E-04 1.323E-04 1.225E-04 9.730E-05 7.658E-05 4.894E-05 3.441E-05 2.214E-05 1.152E-05 1.676E-05 1.443E-05 8.757E-06 5.425E-06 4.548E-06 3.970E-06 3.683E-06 3.202E-06 2.795E-06 2.333E-06 2.050E-06 1.767E-06 1.001E-06 7.413E-07 6.439E-07 7.250E-07 8.070E-07 9.044E-07 8.945E-07 8.894E-07 8.264E-07 7.920E-07 7.166E-07 6.735E-07 5.307E-07 4.315E-07 3.611E-07 2.594E-07 1.757E-07 1.325E-07 7.035E-08 4.328E-08
  4.000E+00  4.770E-03 4.416E-03 4.102E-03 3.747E-03 3.453E-03 3.162E-03 2.913E-03 2.697E-03 2.486E-03 2.297E-03 2.128E-03 1.971E-03 1.699E-03 1.474E-03 1.047E-03 7.586E-04 5.569E-04 4.111E-04 2.107E-04 1.018E-04 1.369E-04 1.306E-04 1.209E-04 9.608E-05 7.565E-05 4.839E-05 3.406E-05 2.192E-05 1.142E-05 1.663E-05 1.432E-05 8.693E-06 5.389E-06 4.519E-06 3.946E-06 3.661E-06 3.183E-06 2.779E-06 2.320E-06 2.039E-06 1.758E-06 9.957E-07 7.377E-07 6.411E-07 7.225E-07 8.044E-07 9.018E-07 8.921E-07 8.870E-07 8.244E-07 7.902E-07 7.150E-07 6.721E-07 5.296E-07 4.307E-07 3.604E-07 2.589E-07 1.754E-07 1.323E-07 7.024E-08 4.322E-08
  5.000E+00  3.508E-03 3.401E-03 3.275E-03 3.082E-03 2.907E-03 2.718E-03 2.545E-03 2.385E-03 2.224E-03 2.075E-03 1.939E-03 1.808E-03 1.577E-03 1.380E-03 9.951E-04 7.275E-04 5.371E-04 3.981E-04 2.047E-04 9.969E-05 1.346E-04 1.285E-04 1.190E-04 9.458E-05 7.449E-05 4.770E-05 3.361E-05 2.164E-05 1.129E-05 1.647E-05 1.418E-05 8.613E-06 5.343E-06 4.482E-06 3.915E-06 3.633E-06 3.160E-06 2.759E-06 2.303E-06 2.025E-06 1.746E-06 9.892E-07 7.333E-07 6.376E-07 7.192E-07 8.010E-07 8.984E-07 8.890E-07 8.840E-07 8.219E-07 7.879E-07 7.129E-07 6.702E-07 5.282E-07 4.296E-07 3.595E-07 2.583E-07 1.750E-07 1.320E-07 7.011E-08 4.314E-08
  6.000E+00  2.647E-03 2.673E-03 2.646E-03 2.560E-03 2.462E-03 2.345E-03 2.227E-03 2.109E-03 1.987E-03 1.870E-03 1.761E-03 1.654E-03 1.458E-03 1.286E-03 9.404E-04 6.939E-04 5.153E-04 3.835E-04 1.978E-04 9.723E-05 1.319E-04 1.261E-04 1.168E-04 9.282E-05 7.314E-05 4.690E-05 3.309E-05 2.132E-05 1.114E-05 1.628E-05 1.401E-05 8.517E-06 5.288E-06 4.438E-06 3.878E-06 3.600E-06 3.131E-06 2.734E-06 2.284E-06 2.009E-06 1.731E-06 9.814E-07 7.279E-07 6.333E-07 7.152E-07 7.969E-07 8.944E-07 8.852E-07 8.804E-07 8.188E-07 7.851E-07 7.105E-07 6.680E-07 5.265E-07 4.283E-07 3.584E-07 2.576E-07 1.746E-07 1.316E-07 6.994E-08 4.305E-08
  8.000E+00  1.620E-03 1.747E-03 1.800E-03 1.822E-03 1.807E-03 1.772E-03 1.722E-03 1.658E-03 1.592E-03 1.520E-03 1.448E-03 1.376E-03 1.237E-03 1.106E-03 8.304E-04 6.238E-04 4.685E-04 3.517E-04 1.825E-04 9.167E-05 1.258E-04 1.204E-04 1.115E-04 8.868E-05 6.994E-05 4.498E-05 3.184E-05 2.054E-05 1.078E-05 1.582E-05 1.361E-05 8.283E-06 5.154E-06 4.330E-06 3.788E-06 3.518E-06 3.062E-06 2.675E-06 2.236E-06 1.968E-06 1.696E-06 9.622E-07 7.147E-07 6.228E-07 7.054E-07 7.867E-07 8.842E-07 8.759E-07 8.712E-07 8.111E-07 7.781E-07 7.043E-07 6.623E-07 5.223E-07 4.250E-07 3.558E-07 2.558E-07 1.734E-07 1.308E-07 6.953E-08 4.281E-08
  1.000E+01  1.083E-03 1.215E-03 1.293E-03 1.348E-03 1.368E-03 1.369E-03 1.352E-03 1.321E-03 1.285E-03 1.241E-03 1.193E-03 1.144E-03 1.044E-03 9.448E-04 7.256E-04 5.539E-04 4.204E-04 3.182E-04 1.660E-04 8.556E-05 1.188E-04 1.138E-04 1.054E-04 8.391E-05 6.626E-05 4.275E-05 3.037E-05 1.963E-05 1.035E-05 1.527E-05 1.313E-05 8.003E-06 4.993E-06 4.200E-06 3.679E-06 3.420E-06 2.979E-06 2.602E-06 2.178E-06 1.918E-06 1.653E-06 9.389E-07 6.986E-07 6.099E-07 6.932E-07 7.741E-07 8.715E-07 8.641E-07 8.597E-07 8.013E-07 7.692E-07 6.965E-07 6.551E-07 5.169E-07 4.208E-07 3.524E-07 2.535E-07 1.720E-07 1.297E-07 6.900E-08 4.250E-08
  1.200E+01  7.817E-04 8.954E-04 9.735E-04 1.033E-03 1.064E-03 1.078E-03 1.078E-03 1.065E-03 1.046E-03 1.018E-03 9.868E-04 9.525E-04 8.794E-04 8.041E-04 6.296E-04 4.874E-04 3.737E-04 2.851E-04 1.494E-04 7.926E-05 1.114E-04 1.068E-04 9.894E-05 7.876E-05 6.226E-05 4.032E-05 2.876E-05 1.862E-05 9.880E-06 1.466E-05 1.259E-05 7.688E-06 4.811E-06 4.052E-06 3.555E-06 3.307E-06 2.883E-06 2.520E-06 2.111E-06 1.861E-06 1.604E-06 9.122E-07 6.800E-07 5.950E-07 6.790E-07 7.592E-07 8.565E-07 8.502E-07 8.460E-07 7.898E-07 7.586E-07 6.872E-07 6.465E-07 5.104E-07 4.157E-07 3.483E-07 2.507E-07 1.702E-07 1.285E-07 6.836E-08 4.213E-08
  1.400E+01  5.980E-04 6.913E-04 7.609E-04 8.133E-04 8.463E-04 8.648E-04 8.719E-04 8.684E-04 8.576E-04 8.405E-04 8.193E-04 7.948E-04 7.406E-04 6.830E-04 5.435E-04 4.262E-04 3.297E-04 2.534E-04 1.334E-04 7.297E-05 1.038E-04 9.960E-05 9.222E-05 7.343E-05 5.810E-05 3.778E-05 2.706E-05 1.756E-05 9.379E-06 1.399E-05 1.201E-05 7.347E-06 4.612E-06 3.891E-06 3.419E-06 3.184E-06 2.778E-06 2.429E-06 2.038E-06 1.798E-06 1.550E-06 8.827E-07 6.594E-07 5.784E-07 6.629E-07 7.424E-07 8.395E-07 8.343E-07 8.304E-07 7.765E-07 7.464E-07 6.765E-07 6.366E-07 5.030E-07 4.099E-07 3.435E-07 2.476E-07 1.681E-07 1.270E-07 6.762E-08 4.170E-08
  1.600E+01  4.791E-04 5.520E-04 6.109E-04 6.551E-04 6.853E-04 7.037E-04 7.130E-04 7.139E-04 7.082E-04 6.973E-04 6.825E-04 6.649E-04 6.241E-04 5.795E-04 4.675E-04 3.709E-04 2.892E-04 2.238E-04 1.183E-04 6.688E-05 9.629E-05 9.235E-05 8.547E-05 6.806E-05 5.391E-05 3.520E-05 2.533E-05 1.647E-05 8.862E-06 1.330E-05 1.140E-05 6.990E-06 4.404E-06 3.721E-06 3.275E-06 3.054E-06 2.667E-06 2.333E-06 1.960E-06 1.731E-06 1.492E-06 8.511E-07 6.373E-07 5.605E-07 6.453E-07 7.240E-07 8.206E-07 8.166E-07 8.131E-07 7.617E-07 7.327E-07 6.645E-07 6.255E-07 4.946E-07 4.034E-07 3.382E-07 2.439E-07 1.658E-07 1.253E-07 6.678E-08 4.121E-08
  1.800E+01  3.970E-04 4.539E-04 5.008E-04 5.371E-04 5.623E-04 5.798E-04 5.887E-04 5.910E-04 5.881E-04 5.809E-04 5.704E-04 5.576E-04 5.263E-04 4.914E-04 4.011E-04 3.215E-04 2.527E-04 1.969E-04 1.045E-04 6.106E-05 8.893E-05 8.524E-05 7.884E-05 6.278E-05 4.979E-05 3.265E-05 2.360E-05 1.539E-05 8.341E-06 1.258E-05 1.078E-05 6.624E-06 4.189E-06 3.546E-06 3.127E-06 2.918E-06 2.551E-06 2.233E-06 1.878E-06 1.661E-06 1.432E-06 8.181E-07 6.141E-07 5.415E-07 6.265E-07 7.041E-07 8.002E-07 7.975E-07 7.943E-07 7.455E-07 7.178E-07 6.513E-07 6.134E-07 4.854E-07 3.962E-07 3.323E-07 2.400E-07 1.632E-07 1.234E-07 6.585E-08 4.067E-08
  2.000E+01  3.359E-04 3.817E-04 4.169E-04 4.470E-04 4.663E-04 4.824E-04 4.901E-04 4.922E-04 4.906E-04 4.858E-04 4.780E-04 4.686E-04 4.444E-04 4.167E-04 3.436E-04 2.781E-04 2.201E-04 1.725E-04 9.191E-05 5.560E-05 8.185E-05 7.838E-05 7.244E-05 5.768E-05 4.580E-05 3.016E-05 2.191E-05 1.432E-05 7.824E-06 1.187E-05 1.015E-05 6.255E-06 3.972E-06 3.368E-06 2.975E-06 2.780E-06 2.432E-06 2.130E-06 1.794E-06 1.589E-06 1.370E-06 7.841E-07 5.900E-07 5.217E-07 6.067E-07 6.831E-07 7.784E-07 7.770E-07 7.742E-07 7.281E-07 7.017E-07 6.371E-07 6.003E-07 4.755E-07 3.883E-07 3.260E-07 2.356E-07 1.604E-07 1.213E-07 6.482E-08 4.007E-08
  2.200E+01  2.864E-04 3.241E-04 3.510E-04 3.756E-04 3.913E-04 4.038E-04 4.104E-04 4.122E-04 4.113E-04 4.079E-04 4.019E-04 3.944E-04 3.756E-04 3.535E-04 2.941E-04 2.401E-04 1.912E-04 1.508E-04 8.068E-05 5.052E-05 7.512E-05 7.184E-05 6.634E-05 5.282E-05 4.199E-05 2.778E-05 2.027E-05 1.328E-05 7.318E-06 1.116E-05 9.537E-06 5.890E-06 3.755E-06 3.190E-06 2.823E-06 2.641E-06 2.313E-06 2.027E-06 1.710E-06 1.516E-06 1.307E-06 7.496E-07 5.655E-07 5.015E-07 5.862E-07 6.613E-07 7.556E-07 7.555E-07 7.530E-07 7.097E-07 6.847E-07 6.220E-07 5.863E-07 4.649E-07 3.800E-07 3.192E-07 2.310E-07 1.574E-07 1.191E-07 6.372E-08 3.943E-08
  2.400E+01  2.478E-04 2.765E-04 2.991E-04 3.173E-04 3.304E-04 3.395E-04 3.450E-04 3.468E-04 3.461E-04 3.435E-04 3.389E-04 3.328E-04 3.178E-04 3.001E-04 2.517E-04 2.071E-04 1.660E-04 1.317E-04 7.072E-05 4.582E-05 6.879E-05 6.567E-05 6.060E-05 4.824E-05 3.839E-05 2.551E-05 1.870E-05 1.229E-05 6.829E-06 1.047E-05 8.935E-06 5.533E-06 3.541E-06 3.014E-06 2.672E-06 2.502E-06 2.194E-06 1.924E-06 1.626E-06 1.443E-06 1.245E-06 7.151E-07 5.408E-07 4.809E-07 5.651E-07 6.387E-07 7.320E-07 7.331E-07 7.309E-07 6.905E-07 6.668E-07 6.062E-07 5.716E-07 4.537E-07 3.712E-07 3.120E-07 2.260E-07 1.542E-07 1.168E-07 6.254E-08 3.874E-08
  2.600E+01  2.169E-04 2.378E-04 2.561E-04 2.700E-04 2.801E-04 2.871E-04 2.913E-04 2.930E-04 2.922E-04 2.902E-04 2.866E-04 2.815E-04 2.693E-04 2.551E-04 2.154E-04 1.786E-04 1.439E-04 1.149E-04 6.194E-05 4.151E-05 6.287E-05 5.991E-05 5.523E-05 4.396E-05 3.503E-05 2.339E-05 1.722E-05 1.135E-05 6.359E-06 9.799E-06 8.352E-06 5.185E-06 3.332E-06 2.842E-06 2.524E-06 2.366E-06 2.077E-06 1.822E-06 1.542E-06 1.370E-06 1.182E-06 6.807E-07 5.162E-07 4.603E-07 5.438E-07 6.158E-07 7.078E-07 7.100E-07 7.082E-07 6.705E-07 6.483E-07 5.897E-07 5.563E-07 4.421E-07 3.620E-07 3.044E-07 2.208E-07 1.509E-07 1.143E-07 6.130E-08 3.801E-08
  2.800E+01  1.900E-04 2.057E-04 2.207E-04 2.306E-04 2.387E-04 2.440E-04 2.470E-04 2.485E-04 2.475E-04 2.458E-04 2.429E-04 2.387E-04 2.288E-04 2.172E-04 1.845E-04 1.540E-04 1.248E-04 1.001E-04 5.424E-05 3.758E-05 5.738E-05 5.456E-05 5.025E-05 3.999E-05 3.191E-05 2.140E-05 1.583E-05 1.046E-05 5.912E-06 9.153E-06 7.791E-06 4.850E-06 3.130E-06 2.674E-06 2.380E-06 2.233E-06 1.962E-06 1.723E-06 1.460E-06 1.299E-06 1.121E-06 6.468E-07 4.917E-07 4.397E-07 5.222E-07 5.926E-07 6.832E-07 6.864E-07 6.850E-07 6.500E-07 6.292E-07 5.727E-07 5.406E-07 4.300E-07 3.524E-07 2.966E-07 2.154E-07 1.473E-07 1.117E-07 5.999E-08 3.724E-08
  3.000E+01  1.677E-04 1.800E-04 1.910E-04 1.982E-04 2.041E-04 2.086E-04 2.104E-04 2.111E-04 2.102E-04 2.088E-04 2.063E-04 2.029E-04 1.948E-04 1.853E-04 1.582E-04 1.330E-04 1.083E-04 8.733E-05 4.752E-05 3.399E-05 5.231E-05 4.962E-05 4.565E-05 3.633E-05 2.903E-05 1.955E-05 1.453E-05 9.633E-06 5.488E-06 8.536E-06 7.257E-06 4.530E-06 2.935E-06 2.513E-06 2.240E-06 2.104E-06 1.851E-06 1.626E-06 1.381E-06 1.229E-06 1.061E-06 6.135E-07 4.676E-07 4.194E-07 5.007E-07 5.693E-07 6.583E-07 6.626E-07 6.614E-07 6.292E-07 6.096E-07 5.554E-07 5.244E-07 4.176E-07 3.426E-07 2.885E-07 2.099E-07 1.437E-07 1.090E-07 5.864E-08 3.644E-08
  3.200E+01  1.475E-04 1.576E-04 1.650E-04 1.713E-04 1.754E-04 1.788E-04 1.800E-04 1.799E-04 1.792E-04 1.780E-04 1.757E-04 1.730E-04 1.662E-04 1.583E-04 1.359E-04 1.149E-04 9.403E-05 7.620E-05 4.165E-05 3.074E-05 4.764E-05 4.508E-05 4.144E-05 3.297E-05 2.638E-05 1.785E-05 1.333E-05 8.858E-06 5.088E-06 7.948E-06 6.749E-06 4.224E-06 2.749E-06 2.357E-06 2.105E-06 1.980E-06 1.743E-06 1.533E-06 1.303E-06 1.162E-06 1.003E-06 5.812E-07 4.441E-07 3.994E-07 4.794E-07 5.461E-07 6.333E-07 6.386E-07 6.377E-07 6.081E-07 5.899E-07 5.377E-07 5.080E-07 4.050E-07 3.326E-07 2.802E-07 2.041E-07 1.400E-07 1.063E-07 5.724E-08 3.562E-08
  3.400E+01  1.293E-04 1.371E-04 1.432E-04 1.481E-04 1.514E-04 1.534E-04 1.542E-04 1.541E-04 1.534E-04 1.523E-04 1.503E-04 1.478E-04 1.422E-04 1.356E-04 1.169E-04 9.940E-05 8.173E-05 6.654E-05 3.653E-05 2.780E-05 4.336E-05 4.093E-05 3.758E-05 2.990E-05 2.396E-05 1.628E-05 1.221E-05 8.139E-06 4.713E-06 7.392E-06 6.270E-06 3.935E-06 2.571E-06 2.209E-06 1.976E-06 1.860E-06 1.640E-06 1.443E-06 1.228E-06 1.096E-06 9.471E-07 5.498E-07 4.212E-07 3.798E-07 4.583E-07 5.231E-07 6.085E-07 6.146E-07 6.140E-07 5.869E-07 5.699E-07 5.199E-07 4.914E-07 3.922E-07 3.224E-07 2.718E-07 1.983E-07 1.361E-07 1.034E-07 5.580E-08 3.477E-08
  3.600E+01  1.141E-04 1.202E-04 1.251E-04 1.285E-04 1.310E-04 1.322E-04 1.326E-04 1.325E-04 1.317E-04 1.307E-04 1.289E-04 1.266E-04 1.219E-04 1.164E-04 1.008E-04 8.614E-05 7.113E-05 5.818E-05 3.209E-05 2.514E-05 3.945E-05 3.714E-05 3.407E-05 2.711E-05 2.175E-05 1.484E-05 1.118E-05 7.474E-06 4.361E-06 6.868E-06 5.819E-06 3.662E-06 2.402E-06 2.067E-06 1.853E-06 1.746E-06 1.541E-06 1.356E-06 1.157E-06 1.034E-06 8.931E-07 5.195E-07 3.990E-07 3.608E-07 4.375E-07 5.004E-07 5.838E-07 5.907E-07 5.904E-07 5.656E-07 5.499E-07 5.020E-07 4.747E-07 3.793E-07 3.121E-07 2.634E-07 1.924E-07 1.323E-07 1.006E-07 5.434E-08 3.390E-08
  3.800E+01  1.016E-04 1.054E-04 1.099E-04 1.115E-04 1.136E-04 1.143E-04 1.143E-04 1.143E-04 1.133E-04 1.124E-04 1.109E-04 1.089E-04 1.048E-04 1.002E-04 8.709E-05 7.478E-05 6.201E-05 5.093E-05 2.821E-05 2.274E-05 3.588E-05 3.369E-05 3.088E-05 2.457E-05 1.973E-05 1.353E-05 1.023E-05 6.859E-06 4.034E-06 6.376E-06 5.396E-06 3.405E-06 2.242E-06 1.933E-06 1.735E-06 1.637E-06 1.446E-06 1.274E-06 1.088E-06 9.733E-07 8.412E-07 4.904E-07 3.775E-07 3.423E-07 4.173E-07 4.782E-07 5.595E-07 5.671E-07 5.670E-07 5.445E-07 5.300E-07 4.841E-07 4.580E-07 3.664E-07 3.018E-07 2.548E-07 1.864E-07 1.283E-07 9.766E-08 5.285E-08 3.302E-08
  4.000E+01  9.028E-05 9.295E-05 9.622E-05 9.732E-05 9.867E-05 9.924E-05 9.897E-05 9.869E-05 9.777E-05 9.694E-05 9.559E-05 9.394E-05 9.045E-05 8.656E-05 7.542E-05 6.505E-05 5.414E-05 4.465E-05 2.484E-05 2.057E-05 3.263E-05 3.055E-05 2.798E-05 2.227E-05 1.791E-05 1.233E-05 9.358E-06 6.293E-06 3.729E-06 5.914E-06 5.000E-06 3.164E-06 2.092E-06 1.806E-06 1.624E-06 1.534E-06 1.356E-06 1.195E-06 1.022E-06 9.158E-07 7.917E-07 4.625E-07 3.569E-07 3.245E-07 3.975E-07 4.564E-07 5.356E-07 5.438E-07 5.439E-07 5.236E-07 5.102E-07 4.663E-07 4.414E-07 3.535E-07 2.915E-07 2.463E-07 1.805E-07 1.244E-07 9.473E-08 5.135E-08 3.213E-08
  4.200E+01  7.978E-05 8.242E-05 8.408E-05 8.542E-05 8.612E-05 8.642E-05 8.605E-05 8.548E-05 8.477E-05 8.399E-05 8.269E-05 8.129E-05 7.828E-05 7.493E-05 6.547E-05 5.671E-05 4.737E-05 3.922E-05 2.191E-05 1.862E-05 2.967E-05 2.771E-05 2.536E-05 2.018E-05 1.625E-05 1.123E-05 8.561E-06 5.773E-06 3.446E-06 5.483E-06 4.632E-06 2.939E-06 1.950E-06 1.687E-06 1.519E-06 1.436E-06 1.271E-06 1.121E-06 9.602E-07 8.609E-07 7.445E-07 4.358E-07 3.372E-07 3.073E-07 3.784E-07 4.353E-07 5.123E-07 5.210E-07 5.213E-07 5.030E-07 4.906E-07 4.488E-07 4.250E-07 3.408E-07 2.812E-07 2.378E-07 1.745E-07 1.204E-07 9.179E-08 4.985E-08 3.123E-08
  4.400E+01  7.064E-05 7.286E-05 7.390E-05 7.491E-05 7.544E-05 7.546E-05 7.498E-05 7.440E-05 7.371E-05 7.299E-05 7.180E-05 7.050E-05 6.794E-05 6.505E-05 5.699E-05 4.955E-05 4.152E-05 3.450E-05 1.935E-05 1.687E-05 2.699E-05 2.514E-05 2.299E-05 1.830E-05 1.475E-05 1.024E-05 7.831E-06 5.296E-06 3.183E-06 5.082E-06 4.288E-06 2.728E-06 1.817E-06 1.574E-06 1.420E-06 1.344E-06 1.190E-06 1.051E-06 9.012E-07 8.089E-07 6.997E-07 4.105E-07 3.183E-07 2.909E-07 3.599E-07 4.148E-07 4.896E-07 4.987E-07 4.992E-07 4.828E-07 4.714E-07 4.314E-07 4.088E-07 3.281E-07 2.710E-07 2.294E-07 1.686E-07 1.165E-07 8.886E-08 4.834E-08 3.034E-08
  4.600E+01  6.267E-05 6.397E-05 6.549E-05 6.573E-05 6.625E-05 6.591E-05 6.542E-05 6.505E-05 6.426E-05 6.359E-05 6.257E-05 6.136E-05 5.912E-05 5.665E-05 4.975E-05 4.340E-05 3.648E-05 3.041E-05 1.713E-05 1.529E-05 2.456E-05 2.282E-05 2.085E-05 1.659E-05 1.340E-05 9.331E-06 7.165E-06 4.858E-06 2.941E-06 4.708E-06 3.969E-06 2.532E-06 1.692E-06 1.469E-06 1.327E-06 1.257E-06 1.114E-06 9.841E-07 8.454E-07 7.595E-07 6.573E-07 3.864E-07 3.003E-07 2.751E-07 3.421E-07 3.950E-07 4.675E-07 4.770E-07 4.776E-07 4.630E-07 4.526E-07 4.144E-07 3.928E-07 3.157E-07 2.610E-07 2.210E-07 1.627E-07 1.126E-07 8.595E-08 4.684E-08 2.944E-08
  4.800E+01  5.634E-05 5.668E-05 5.810E-05 5.782E-05 5.816E-05 5.779E-05 5.728E-05 5.697E-05 5.620E-05 5.559E-05 5.468E-05 5.362E-05 5.162E-05 4.951E-05 4.354E-05 3.810E-05 3.212E-05 2.686E-05 1.518E-05 1.387E-05 2.236E-05 2.072E-05 1.892E-05 1.506E-05 1.217E-05 8.508E-06 6.556E-06 4.457E-06 2.716E-06 4.361E-06 3.673E-06 2.349E-06 1.576E-06 1.370E-06 1.240E-06 1.175E-06 1.043E-06 9.215E-07 7.927E-07 7.130E-07 6.172E-07 3.636E-07 2.832E-07 2.601E-07 3.250E-07 3.759E-07 4.462E-07 4.559E-07 4.567E-07 4.437E-07 4.342E-07 3.978E-07 3.772E-07 3.035E-07 2.512E-07 2.129E-07 1.569E-07 1.087E-07 8.308E-08 4.536E-08 2.855E-08
  5.000E+01  4.986E-05 5.073E-05 5.121E-05 5.119E-05 5.132E-05 5.102E-05 5.042E-05 4.997E-05 4.933E-05 4.877E-05 4.790E-05 4.699E-05 4.525E-05 4.338E-05 3.821E-05 3.354E-05 2.834E-05 2.377E-05 1.348E-05 1.259E-05 2.036E-05 1.882E-05 1.717E-05 1.367E-05 1.106E-05 7.761E-06 6.001E-06 4.091E-06 2.510E-06 4.039E-06 3.400E-06 2.180E-06 1.467E-06 1.278E-06 1.158E-06 1.098E-06 9.757E-07 8.627E-07 7.431E-07 6.691E-07 5.793E-07 3.420E-07 2.671E-07 2.459E-07 3.087E-07 3.576E-07 4.256E-07 4.356E-07 4.365E-07 4.250E-07 4.163E-07 3.817E-07 3.621E-07 2.916E-07 2.416E-07 2.048E-07 1.512E-07 1.049E-07 8.024E-08 4.389E-08 2.767E-08
  5.200E+01  4.440E-05 4.520E-05 4.523E-05 4.552E-05 4.546E-05 4.509E-05 4.455E-05 4.399E-05 4.346E-05 4.294E-05 4.212E-05 4.129E-05 3.978E-05 3.812E-05 3.363E-05 2.959E-05 2.506E-05 2.108E-05 1.199E-05 1.145E-05 1.856E-05 1.711E-05 1.560E-05 1.242E-05 1.006E-05 7.084E-06 5.496E-06 3.756E-06 2.319E-06 3.742E-06 3.146E-06 2.022E-06 1.366E-06 1.191E-06 1.081E-06 1.026E-06 9.128E-07 8.076E-07 6.966E-07 6.278E-07 5.438E-07 3.217E-07 2.518E-07 2.324E-07 2.931E-07 3.402E-07 4.059E-07 4.160E-07 4.171E-07 4.069E-07 3.990E-07 3.660E-07 3.473E-07 2.800E-07 2.322E-07 1.970E-07 1.457E-07 1.012E-07 7.746E-08 4.245E-08 2.681E-08
  5.400E+01  3.947E-05 4.011E-05 4.032E-05 4.046E-05 4.041E-05 3.979E-05 3.938E-05 3.894E-05 3.843E-05 3.795E-05 3.720E-05 3.640E-05 3.506E-05 3.361E-05 2.969E-05 2.618E-05 2.222E-05 1.873E-05 1.069E-05 1.042E-05 1.692E-05 1.557E-05 1.419E-05 1.130E-05 9.161E-06 6.471E-06 5.036E-06 3.450E-06 2.144E-06 3.466E-06 2.913E-06 1.877E-06 1.272E-06 1.111E-06 1.010E-06 9.594E-07 8.540E-07 7.560E-07 6.529E-07 5.890E-07 5.104E-07 3.026E-07 2.373E-07 2.196E-07 2.782E-07 3.235E-07 3.870E-07 3.972E-07 3.984E-07 3.895E-07 3.823E-07 3.508E-07 3.331E-07 2.688E-07 2.231E-07 1.894E-07 1.403E-07 9.757E-08 7.475E-08 4.104E-08 2.596E-08
  5.600E+01  3.552E-05 3.568E-05 3.619E-05 3.581E-05 3.588E-05 3.533E-05 3.485E-05 3.456E-05 3.402E-05 3.358E-05 3.293E-05 3.222E-05 3.101E-05 2.974E-05 2.629E-05 2.322E-05 1.975E-05 1.669E-05 9.546E-06 9.490E-06 1.545E-05 1.418E-05 1.291E-05 1.028E-05 8.347E-06 5.914E-06 4.618E-06 3.171E-06 1.983E-06 3.212E-06 2.697E-06 1.742E-06 1.185E-06 1.036E-06 9.431E-07 8.969E-07 7.991E-07 7.078E-07 6.121E-07 5.527E-07 4.791E-07 2.846E-07 2.238E-07 2.075E-07 2.642E-07 3.077E-07 3.690E-07 3.793E-07 3.805E-07 3.728E-07 3.662E-07 3.362E-07 3.193E-07 2.579E-07 2.143E-07 1.821E-07 1.350E-07 9.404E-08 7.211E-08 3.967E-08 2.513E-08
  5.800E+01  3.227E-05 3.196E-05 3.231E-05 3.189E-05 3.188E-05 3.156E-05 3.103E-05 3.071E-05 3.018E-05 2.979E-05 2.922E-05 2.863E-05 2.753E-05 2.641E-05 2.334E-05 2.066E-05 1.759E-05 1.490E-05 8.543E-06 8.657E-06 1.411E-05 1.293E-05 1.176E-05 9.370E-06 7.613E-06 5.411E-06 4.237E-06 2.917E-06 1.835E-06 2.978E-06 2.499E-06 1.618E-06 1.104E-06 9.671E-07 8.813E-07 8.388E-07 7.479E-07 6.629E-07 5.740E-07 5.188E-07 4.499E-07 2.679E-07 2.111E-07 1.962E-07 2.509E-07 2.927E-07 3.518E-07 3.622E-07 3.634E-07 3.568E-07 3.508E-07 3.221E-07 3.061E-07 2.475E-07 2.058E-07 1.750E-07 1.299E-07 9.062E-08 6.955E-08 3.834E-08 2.433E-08
  6.000E+01  2.873E-05 2.892E-05 2.886E-05 2.877E-05 2.850E-05 2.819E-05 2.778E-05 2.737E-05 2.694E-05 2.658E-05 2.603E-05 2.550E-05 2.452E-05 2.350E-05 2.079E-05 1.843E-05 1.571E-05 1.333E-05 7.661E-06 7.908E-06 1.291E-05 1.180E-05 1.073E-05 8.547E-06 6.951E-06 4.955E-06 3.892E-06 2.685E-06 1.700E-06 2.763E-06 2.316E-06 1.504E-06 1.029E-06 9.029E-07 8.239E-07 7.847E-07 7.003E-07 6.211E-07 5.385E-07 4.872E-07 4.226E-07 2.522E-07 1.991E-07 1.855E-07 2.383E-07 2.785E-07 3.356E-07 3.459E-07 3.472E-07 3.415E-07 3.361E-07 3.087E-07 2.934E-07 2.375E-07 1.977E-07 1.681E-07 1.250E-07 8.733E-08 6.708E-08 3.705E-08 2.355E-08
  6.200E+01  2.553E-05 2.579E-05 2.579E-05 2.583E-05 2.576E-05 2.519E-05 2.485E-05 2.451E-05 2.419E-05 2.384E-05 2.329E-05 2.276E-05 2.189E-05 2.098E-05 1.857E-05 1.648E-05 1.407E-05 1.195E-05 6.885E-06 7.236E-06 1.182E-05 1.078E-05 9.797E-06 7.806E-06 6.354E-06 4.542E-06 3.578E-06 2.474E-06 1.576E-06 2.564E-06 2.149E-06 1.398E-06 9.604E-07 8.435E-07 7.707E-07 7.346E-07 6.561E-07 5.823E-07 5.055E-07 4.577E-07 3.972E-07 2.375E-07 1.880E-07 1.756E-07 2.266E-07 2.651E-07 3.203E-07 3.305E-07 3.319E-07 3.270E-07 3.221E-07 2.959E-07 2.814E-07 2.279E-07 1.899E-07 1.616E-07 1.203E-07 8.417E-08 6.470E-08 3.581E-08 2.281E-08
  6.400E+01  2.292E-05 2.315E-05 2.327E-05 2.313E-05 2.318E-05 2.264E-05 2.229E-05 2.204E-05 2.169E-05 2.137E-05 2.092E-05 2.040E-05 1.962E-05 1.880E-05 1.664E-05 1.478E-05 1.263E-05 1.075E-05 6.202E-06 6.631E-06 1.083E-05 9.859E-06 8.957E-06 7.138E-06 5.816E-06 4.169E-06 3.293E-06 2.283E-06 1.462E-06 2.382E-06 1.995E-06 1.301E-06 8.967E-07 7.886E-07 7.215E-07 6.882E-07 6.152E-07 5.463E-07 4.749E-07 4.304E-07 3.736E-07 2.239E-07 1.776E-07 1.663E-07 2.155E-07 2.526E-07 3.058E-07 3.160E-07 3.174E-07 3.133E-07 3.088E-07 2.838E-07 2.699E-07 2.188E-07 1.825E-07 1.554E-07 1.159E-07 8.114E-08 6.243E-08 3.462E-08 2.209E-08
  6.600E+01  2.120E-05 2.096E-05 2.115E-05 2.084E-05 2.073E-05 2.044E-05 2.010E-05 1.985E-05 1.947E-05 1.920E-05 1.881E-05 1.837E-05 1.765E-05 1.691E-05 1.496E-05 1.330E-05 1.137E-05 9.689E-06 5.599E-06 6.088E-06 9.943E-06 9.031E-06 8.202E-06 6.537E-06 5.331E-06 3.831E-06 3.034E-06 2.108E-06 1.358E-06 2.215E-06 1.854E-06 1.212E-06 8.381E-07 7.381E-07 6.760E-07 6.454E-07 5.774E-07 5.130E-07 4.465E-07 4.050E-07 3.517E-07 2.113E-07 1.680E-07 1.576E-07 2.052E-07 2.409E-07 2.922E-07 3.024E-07 3.038E-07 3.004E-07 2.962E-07 2.723E-07 2.591E-07 2.101E-07 1.755E-07 1.495E-07 1.116E-07 7.826E-08 6.027E-08 3.349E-08 2.141E-08
  6.800E+01  1.903E-05 1.899E-05 1.901E-05 1.894E-05 1.879E-05 1.848E-05 1.817E-05 1.791E-05 1.762E-05 1.737E-05 1.696E-05 1.659E-05 1.593E-05 1.525E-05 1.349E-05 1.200E-05 1.027E-05 8.756E-06 5.067E-06 5.599E-06 9.139E-06 8.285E-06 7.521E-06 5.996E-06 4.893E-06 3.526E-06 2.800E-06 1.950E-06 1.264E-06 2.062E-06 1.725E-06 1.131E-06 7.841E-07 6.915E-07 6.342E-07 6.058E-07 5.424E-07 4.823E-07 4.203E-07 3.816E-07 3.315E-07 1.996E-07 1.591E-07 1.496E-07 1.956E-07 2.300E-07 2.796E-07 2.896E-07 2.910E-07 2.882E-07 2.844E-07 2.615E-07 2.488E-07 2.020E-07 1.688E-07 1.439E-07 1.076E-07 7.553E-08 5.822E-08 3.242E-08 2.076E-08
  7.000E+01  1.708E-05 1.721E-05 1.721E-05 1.716E-05 1.715E-05 1.675E-05 1.649E-05 1.623E-05 1.601E-05 1.576E-05 1.538E-05 1.502E-05 1.442E-05 1.380E-05 1.220E-05 1.086E-05 9.295E-06 7.933E-06 4.597E-06 5.160E-06 8.412E-06 7.613E-06 6.909E-06 5.508E-06 4.499E-06 3.250E-06 2.587E-06 1.806E-06 1.177E-06 1.922E-06 1.607E-06 1.056E-06 7.347E-07 6.488E-07 5.957E-07 5.695E-07 5.103E-07 4.540E-07 3.962E-07 3.600E-07 3.129E-07 1.889E-07 1.509E-07 1.422E-07 1.867E-07 2.198E-07 2.678E-07 2.776E-07 2.791E-07 2.768E-07 2.734E-07 2.513E-07 2.392E-07 1.943E-07 1.625E-07 1.386E-07 1.038E-07 7.296E-08 5.629E-08 3.141E-08 2.016E-08
  7.200E+01  1.562E-05 1.563E-05 1.577E-05 1.559E-05 1.554E-05 1.522E-05 1.499E-05 1.482E-05 1.452E-05 1.430E-05 1.401E-05 1.365E-05 1.309E-05 1.254E-05 1.108E-05 9.852E-06 8.439E-06 7.208E-06 4.181E-06 4.766E-06 7.756E-06 7.007E-06 6.357E-06 5.070E-06 4.144E-06 3.001E-06 2.395E-06 1.676E-06 1.099E-06 1.794E-06 1.499E-06 9.877E-07 6.893E-07 6.095E-07 5.604E-07 5.361E-07 4.807E-07 4.280E-07 3.739E-07 3.401E-07 2.957E-07 1.789E-07 1.433E-07 1.353E-07 1.785E-07 2.104E-07 2.568E-07 2.666E-07 2.680E-07 2.662E-07 2.630E-07 2.418E-07 2.303E-07 1.872E-07 1.567E-07 1.337E-07 1.002E-07 7.055E-08 5.447E-08 3.047E-08 1.959E-08
  7.400E+01  1.443E-05 1.419E-05 1.442E-05 1.420E-05 1.415E-05 1.390E-05 1.367E-05 1.353E-05 1.324E-05 1.304E-05 1.277E-05 1.246E-05 1.194E-05 1.143E-05 1.009E-05 8.970E-06 7.685E-06 6.567E-06 3.813E-06 4.411E-06 7.163E-06 6.461E-06 5.860E-06 4.675E-06 3.825E-06 2.777E-06 2.221E-06 1.557E-06 1.027E-06 1.678E-06 1.401E-06 9.254E-07 6.479E-07 5.737E-07 5.280E-07 5.055E-07 4.536E-07 4.042E-07 3.536E-07 3.218E-07 2.799E-07 1.698E-07 1.363E-07 1.290E-07 1.709E-07 2.018E-07 2.467E-07 2.563E-07 2.578E-07 2.564E-07 2.535E-07 2.330E-07 2.219E-07 1.805E-07 1.512E-07 1.291E-07 9.691E-08 6.830E-08 5.278E-08 2.959E-08 1.906E-08
  7.600E+01  1.308E-05 1.307E-05 1.308E-05 1.302E-05 1.303E-05 1.276E-05 1.255E-05 1.236E-05 1.216E-05 1.197E-05 1.168E-05 1.140E-05 1.092E-05 1.044E-05 9.212E-06 8.194E-06 7.019E-06 6.001E-06 3.487E-06 4.092E-06 6.628E-06 5.969E-06 5.413E-06 4.320E-06 3.537E-06 2.574E-06 2.064E-06 1.451E-06 9.626E-07 1.571E-06 1.311E-06 8.686E-07 6.101E-07 5.409E-07 4.985E-07 4.775E-07 4.289E-07 3.823E-07 3.349E-07 3.051E-07 2.655E-07 1.615E-07 1.299E-07 1.233E-07 1.639E-07 1.938E-07 2.374E-07 2.469E-07 2.483E-07 2.474E-07 2.446E-07 2.249E-07 2.142E-07 1.743E-07 1.462E-07 1.248E-07 9.383E-08 6.621E-08 5.122E-08 2.878E-08 1.857E-08
  7.800E+01  1.177E-05 1.203E-05 1.200E-05 1.206E-05 1.203E-05 1.171E-05 1.156E-05 1.137E-05 1.120E-05 1.102E-05 1.074E-05 1.046E-05 1.003E-05 9.581E-06 8.445E-06 7.509E-06 6.431E-06 5.500E-06 3.198E-06 3.806E-06 6.144E-06 5.526E-06 5.011E-06 4.000E-06 3.278E-06 2.391E-06 1.922E-06 1.354E-06 9.040E-07 1.474E-06 1.230E-06 8.170E-07 5.757E-07 5.111E-07 4.715E-07 4.520E-07 4.063E-07 3.625E-07 3.179E-07 2.898E-07 2.524E-07 1.539E-07 1.241E-07 1.180E-07 1.576E-07 1.866E-07 2.289E-07 2.382E-07 2.397E-07 2.390E-07 2.365E-07 2.174E-07 2.071E-07 1.686E-07 1.415E-07 1.209E-07 9.100E-08 6.430E-08 4.978E-08 2.803E-08 1.813E-08
  8.000E+01  1.090E-05 1.102E-05 1.113E-05 1.108E-05 1.106E-05 1.079E-05 1.065E-05 1.051E-05 1.031E-05 1.015E-05 9.915E-06 9.647E-06 9.237E-06 8.831E-06 7.771E-06 6.903E-06 5.912E-06 5.056E-06 2.942E-06 3.549E-06 5.707E-06 5.127E-06 4.649E-06 3.713E-06 3.045E-06 2.227E-06 1.794E-06 1.267E-06 8.509E-07 1.387E-06 1.156E-06 7.702E-07 5.445E-07 4.840E-07 4.471E-07 4.288E-07 3.858E-07 3.444E-07 3.024E-07 2.760E-07 2.404E-07 1.470E-07 1.188E-07 1.132E-07 1.518E-07 1.800E-07 2.212E-07 2.304E-07 2.318E-07 2.315E-07 2.291E-07 2.105E-07 2.006E-07 1.634E-07 1.373E-07 1.173E-07 8.841E-08 6.254E-08 4.847E-08 2.736E-08 1.773E-08
  8.200E+01  1.039E-05 1.021E-05 1.036E-05 1.018E-05 1.017E-05 1.001E-05 9.854E-06 9.740E-06 9.519E-06 9.371E-06 9.173E-06 8.949E-06 8.546E-06 8.168E-06 7.174E-06 6.367E-06 5.452E-06 4.663E-06 2.715E-06 3.318E-06 5.313E-06 4.768E-06 4.323E-06 3.454E-06 2.836E-06 2.078E-06 1.678E-06 1.188E-06 8.030E-07 1.307E-06 1.090E-06 7.278E-07 5.162E-07 4.595E-07 4.249E-07 4.078E-07 3.671E-07 3.280E-07 2.884E-07 2.634E-07 2.296E-07 1.407E-07 1.140E-07 1.089E-07 1.466E-07 1.740E-07 2.142E-07 2.233E-07 2.247E-07 2.246E-07 2.224E-07 2.043E-07 1.947E-07 1.587E-07 1.334E-07 1.141E-07 8.606E-08 6.096E-08 4.728E-08 2.675E-08 1.737E-08
  8.400E+01  9.513E-06 9.525E-06 9.564E-06 9.487E-06 9.441E-06 9.334E-06 9.176E-06 9.058E-06 8.850E-06 8.711E-06 8.522E-06 8.312E-06 7.938E-06 7.577E-06 6.646E-06 5.894E-06 5.044E-06 4.314E-06 2.514E-06 3.111E-06 4.957E-06 4.445E-06 4.030E-06 3.223E-06 2.648E-06 1.945E-06 1.575E-06 1.118E-06 7.598E-07 1.235E-06 1.029E-06 6.896E-07 4.907E-07 4.374E-07 4.049E-07 3.888E-07 3.503E-07 3.132E-07 2.758E-07 2.520E-07 2.198E-07 1.351E-07 1.097E-07 1.050E-07 1.420E-07 1.687E-07 2.079E-07 2.169E-07 2.183E-07 2.185E-07 2.164E-07 1.987E-07 1.894E-07 1.544E-07 1.300E-07 1.111E-07 8.396E-08 5.954E-08 4.623E-08 2.622E-08 1.706E-08
  8.600E+01  8.689E-06 8.821E-06 8.883E-06 8.895E-06 8.898E-06 8.689E-06 8.566E-06 8.453E-06 8.293E-06 8.156E-06 7.952E-06 7.742E-06 7.394E-06 7.054E-06 6.180E-06 5.476E-06 4.683E-06 4.005E-06 2.336E-06 2.925E-06 4.636E-06 4.154E-06 3.768E-06 3.015E-06 2.479E-06 1.826E-06 1.481E-06 1.054E-06 7.211E-07 1.170E-06 9.750E-07 6.551E-07 4.677E-07 4.174E-07 3.869E-07 3.717E-07 3.352E-07 2.999E-07 2.644E-07 2.418E-07 2.110E-07 1.301E-07 1.058E-07 1.016E-07 1.378E-07 1.640E-07 2.024E-07 2.112E-07 2.127E-07 2.130E-07 2.110E-07 1.937E-07 1.847E-07 1.506E-07 1.269E-07 1.085E-07 8.209E-08 5.829E-08 4.530E-08 2.575E-08 1.679E-08
  8.800E+01  8.192E-06 8.263E-06 8.373E-06 8.315E-06 8.332E-06 8.133E-06 8.027E-06 7.925E-06 7.765E-06 7.636E-06 7.454E-06 7.251E-06 6.915E-06 6.597E-06 5.768E-06 5.105E-06 4.364E-06 3.731E-06 2.177E-06 2.758E-06 4.347E-06 3.893E-06 3.532E-06 2.828E-06 2.328E-06 1.719E-06 1.398E-06 9.976E-07 6.864E-07 1.111E-06 9.262E-07 6.242E-07 4.471E-07 3.996E-07 3.707E-07 3.564E-07 3.217E-07 2.880E-07 2.542E-07 2.327E-07 2.032E-07 1.256E-07 1.024E-07 9.848E-08 1.341E-07 1.598E-07 1.975E-07 2.062E-07 2.077E-07 2.082E-07 2.063E-07 1.893E-07 1.805E-07 1.473E-07 1.242E-07 1.062E-07 8.045E-08 5.720E-08 4.449E-08 2.535E-08 1.657E-08
  9.000E+01  7.861E-06 7.760E-06 7.874E-06 7.824E-06 7.770E-06 7.671E-06 7.559E-06 7.476E-06 7.284E-06 7.165E-06 7.010E-06 6.822E-06 6.498E-06 6.192E-06 5.405E-06 4.777E-06 4.081E-06 3.488E-06 2.037E-06 2.609E-06 4.086E-06 3.659E-06 3.320E-06 2.661E-06 2.193E-06 1.623E-06 1.323E-06 9.469E-07 6.553E-07 1.059E-06 8.825E-07 5.966E-07 4.288E-07 3.837E-07 3.563E-07 3.428E-07 3.096E-07 2.774E-07 2.452E-07 2.246E-07 1.962E-07 1.216E-07 9.939E-08 9.578E-08 1.309E-07 1.561E-07 1.932E-07 2.019E-07 2.033E-07 2.040E-07 2.022E-07 1.855E-07 1.769E-07 1.444E-07 1.218E-07 1.043E-07 7.905E-08 5.627E-08 4.380E-08 2.502E-08 1.638E-08
  9.200E+01  7.304E-06 7.331E-06 7.414E-06 7.423E-06 7.387E-06 7.263E-06 7.157E-06 7.059E-06 6.903E-06 6.785E-06 6.616E-06 6.435E-06 6.131E-06 5.832E-06 5.082E-06 4.488E-06 3.830E-06 3.273E-06 1.913E-06 2.475E-06 3.851E-06 3.448E-06 3.131E-06 2.512E-06 2.073E-06 1.538E-06 1.256E-06 9.017E-07 6.277E-07 1.012E-06 8.434E-07 5.720E-07 4.124E-07 3.695E-07 3.435E-07 3.307E-07 2.989E-07 2.680E-07 2.372E-07 2.174E-07 1.900E-07 1.181E-07 9.675E-08 9.341E-08 1.282E-07 1.530E-07 1.895E-07 1.982E-07 1.996E-07 2.004E-07 1.987E-07 1.822E-07 1.738E-07 1.419E-07 1.198E-07 1.026E-07 7.787E-08 5.549E-08 4.324E-08 2.476E-08 1.624E-08
  9.400E+01  6.813E-06 6.969E-06 7.015E-06 7.063E-06 7.063E-06 6.906E-06 6.804E-06 6.686E-06 6.567E-06 6.449E-06 6.270E-06 6.097E-06 5.808E-06 5.517E-06 4.798E-06 4.231E-06 3.608E-06 3.082E-06 1.803E-06 2.356E-06 3.640E-06 3.260E-06 2.961E-06 2.379E-06 1.965E-06 1.461E-06 1.197E-06 8.615E-07 6.033E-07 9.700E-07 8.087E-07 5.502E-07 3.980E-07 3.571E-07 3.323E-07 3.200E-07 2.895E-07 2.597E-07 2.301E-07 2.112E-07 1.847E-07 1.150E-07 9.446E-08 9.138E-08 1.258E-07 1.503E-07 1.864E-07 1.951E-07 1.965E-07 1.975E-07 1.958E-07 1.795E-07 1.711E-07 1.398E-07 1.182E-07 1.012E-07 7.690E-08 5.487E-08 4.279E-08 2.456E-08 1.615E-08
  9.600E+01  6.590E-06 6.674E-06 6.698E-06 6.732E-06 6.656E-06 6.618E-06 6.494E-06 6.375E-06 6.228E-06 6.118E-06 5.964E-06 5.816E-06 5.526E-06 5.244E-06 4.547E-06 4.004E-06 3.413E-06 2.914E-06 1.706E-06 2.249E-06 3.450E-06 3.091E-06 2.810E-06 2.260E-06 1.869E-06 1.394E-06 1.144E-06 8.260E-07 5.817E-07 9.329E-07 7.779E-07 5.310E-07 3.853E-07 3.461E-07 3.224E-07 3.107E-07 2.813E-07 2.526E-07 2.240E-07 2.057E-07 1.800E-07 1.124E-07 9.250E-08 8.965E-08 1.238E-07 1.481E-07 1.839E-07 1.925E-07 1.939E-07 1.950E-07 1.934E-07 1.773E-07 1.690E-07 1.381E-07 1.168E-07 1.001E-07 7.615E-08 5.440E-08 4.246E-08 2.442E-08 1.609E-08
  9.800E+01  6.499E-06 6.366E-06 6.462E-06 6.454E-06 6.351E-06 6.347E-06 6.216E-06 6.102E-06 5.951E-06 5.845E-06 5.697E-06 5.571E-06 5.277E-06 5.006E-06 4.328E-06 3.805E-06 3.240E-06 2.765E-06 1.620E-06 2.154E-06 3.280E-06 2.941E-06 2.675E-06 2.155E-06 1.785E-06 1.334E-06 1.098E-06 7.947E-07 5.627E-07 9.000E-07 7.508E-07 5.142E-07 3.743E-07 3.366E-07 3.139E-07 3.026E-07 2.741E-07 2.463E-07 2.188E-07 2.010E-07 1.760E-07 1.102E-07 9.085E-08 8.821E-08 1.222E-07 1.463E-07 1.819E-07 1.905E-07 1.919E-07 1.932E-07 1.916E-07 1.755E-07 1.674E-07 1.368E-07 1.158E-07 9.926E-08 7.560E-08 5.407E-08 4.224E-08 2.435E-08 1.607E-08
  1.000E+02  6.071E-06 6.118E-06 6.229E-06 6.208E-06 6.186E-06 6.089E-06 5.982E-06 5.880E-06 5.751E-06 5.640E-06 5.483E-06 5.333E-06 5.056E-06 4.792E-06 4.137E-06 3.630E-06 3.088E-06 2.634E-06 1.545E-06 2.069E-06 3.127E-06 2.807E-06 2.556E-06 2.062E-06 1.710E-06 1.281E-06 1.057E-06 7.673E-07 5.461E-07 8.712E-07 7.271E-07 4.995E-07 3.648E-07 3.284E-07 3.065E-07 2.957E-07 2.681E-07 2.410E-07 2.143E-07 1.971E-07 1.726E-07 1.084E-07 8.948E-08 8.703E-08 1.210E-07 1.449E-07 1.803E-07 1.890E-07 1.904E-07 1.918E-07 1.902E-07 1.742E-07 1.662E-07 1.359E-07 1.151E-07 9.869E-08 7.524E-08 5.387E-08 4.213E-08 2.434E-08 1.610E-08
  1.020E+02  5.720E-06 5.937E-06 5.982E-06 6.028E-06 6.031E-06 5.887E-06 5.801E-06 5.691E-06 5.576E-06 5.462E-06 5.301E-06 5.129E-06 4.869E-06 4.604E-06 3.969E-06 3.477E-06 2.954E-06 2.519E-06 1.479E-06 1.993E-06 2.991E-06 2.688E-06 2.450E-06 1.979E-06 1.644E-06 1.235E-06 1.021E-06 7.434E-07 5.318E-07 8.460E-07 7.065E-07 4.869E-07 3.566E-07 3.214E-07 3.003E-07 2.898E-07 2.629E-07 2.366E-07 2.106E-07 1.938E-07 1.698E-07 1.068E-07 8.839E-08 8.611E-08 1.200E-07 1.439E-07 1.793E-07 1.879E-07 1.894E-07 1.909E-07 1.894E-07 1.734E-07 1.654E-07 1.353E-07 1.147E-07 9.836E-08 7.507E-08 5.381E-08 4.212E-08 2.439E-08 1.616E-08
  1.040E+02  5.573E-06 5.811E-06 5.787E-06 5.905E-06 5.842E-06 5.754E-06 5.650E-06 5.510E-06 5.404E-06 5.291E-06 5.127E-06 4.977E-06 4.715E-06 4.447E-06 3.822E-06 3.344E-06 2.838E-06 2.418E-06 1.421E-06 1.927E-06 2.869E-06 2.583E-06 2.357E-06 1.907E-06 1.586E-06 1.194E-06 9.900E-07 7.227E-07 5.194E-07 8.242E-07 6.887E-07 4.762E-07 3.498E-07 3.156E-07 2.951E-07 2.849E-07 2.587E-07 2.329E-07 2.075E-07 1.911E-07 1.675E-07 1.056E-07 8.754E-08 8.541E-08 1.194E-07 1.432E-07 1.786E-07 1.873E-07 1.888E-07 1.904E-07 1.890E-07 1.730E-07 1.650E-07 1.350E-07 1.146E-07 9.828E-08 7.509E-08 5.388E-08 4.220E-08 2.449E-08 1.625E-08
  1.060E+02  5.500E-06 5.679E-06 5.662E-06 5.762E-06 5.679E-06 5.631E-06 5.513E-06 5.369E-06 5.257E-06 5.145E-06 4.987E-06 4.850E-06 4.582E-06 4.318E-06 3.698E-06 3.229E-06 2.737E-06 2.331E-06 1.371E-06 1.867E-06 2.760E-06 2.490E-06 2.275E-06 1.844E-06 1.535E-06 1.159E-06 9.631E-07 7.050E-07 5.090E-07 8.055E-07 6.736E-07 4.671E-07 3.441E-07 3.108E-07 2.908E-07 2.809E-07 2.552E-07 2.299E-07 2.050E-07 1.889E-07 1.658E-07 1.047E-07 8.692E-08 8.493E-08 1.190E-07 1.429E-07 1.784E-07 1.872E-07 1.887E-07 1.904E-07 1.890E-07 1.730E-07 1.650E-07 1.351E-07 1.147E-07 9.841E-08 7.527E-08 5.407E-08 4.238E-08 2.464E-08 1.638E-08
  1.080E+02  5.330E-06 5.573E-06 5.597E-06 5.632E-06 5.607E-06 5.503E-06 5.411E-06 5.280E-06 5.159E-06 5.043E-06 4.889E-06 4.734E-06 4.468E-06 4.207E-06 3.593E-06 3.130E-06 2.651E-06 2.255E-06 1.328E-06 1.815E-06 2.663E-06 2.408E-06 2.203E-06 1.790E-06 1.492E-06 1.129E-06 9.401E-07 6.901E-07 5.001E-07 7.896E-07 6.609E-07 4.597E-07 3.395E-07 3.069E-07 2.874E-07 2.777E-07 2.525E-07 2.276E-07 2.032E-07 1.873E-07 1.644E-07 1.041E-07 8.652E-08 8.464E-08 1.189E-07 1.429E-07 1.785E-07 1.874E-07 1.889E-07 1.908E-07 1.894E-07 1.733E-07 1.653E-07 1.354E-07 1.151E-07 9.876E-08 7.561E-08 5.437E-08 4.265E-08 2.485E-08 1.655E-08
  1.100E+02  5.187E-06 5.443E-06 5.531E-06 5.573E-06 5.597E-06 5.414E-06 5.330E-06 5.204E-06 5.103E-06 4.979E-06 4.806E-06 4.639E-06 4.378E-06 4.115E-06 3.506E-06 3.048E-06 2.577E-06 2.191E-06 1.291E-06 1.769E-06 2.578E-06 2.337E-06 2.142E-06 1.743E-06 1.455E-06 1.103E-06 9.207E-07 6.776E-07 4.929E-07 7.764E-07 6.504E-07 4.537E-07 3.358E-07 3.039E-07 2.848E-07 2.753E-07 2.505E-07 2.259E-07 2.018E-07 1.862E-07 1.635E-07 1.037E-07 8.630E-08 8.454E-08 1.190E-07 1.431E-07 1.790E-07 1.880E-07 1.896E-07 1.916E-07 1.902E-07 1.740E-07 1.660E-07 1.360E-07 1.157E-07 9.930E-08 7.610E-08 5.478E-08 4.301E-08 2.510E-08 1.674E-08
  1.120E+02  5.101E-06 5.415E-06 5.442E-06 5.583E-06 5.530E-06 5.385E-06 5.293E-06 5.150E-06 5.047E-06 4.920E-06 4.739E-06 4.580E-06 4.314E-06 4.043E-06 3.435E-06 2.979E-06 2.516E-06 2.137E-06 1.260E-06 1.729E-06 2.503E-06 2.276E-06 2.088E-06 1.703E-06 1.423E-06 1.082E-06 9.046E-07 6.673E-07 4.870E-07 7.655E-07 6.418E-07 4.489E-07 3.331E-07 3.017E-07 2.829E-07 2.736E-07 2.491E-07 2.248E-07 2.010E-07 1.855E-07 1.630E-07 1.035E-07 8.627E-08 8.460E-08 1.194E-07 1.436E-07 1.798E-07 1.889E-07 1.905E-07 1.927E-07 1.913E-07 1.750E-07 1.670E-07 1.369E-07 1.165E-07 1.000E-07 7.673E-08 5.529E-08 4.344E-08 2.539E-08 1.696E-08
  1.140E+02  5.123E-06 5.422E-06 5.445E-06 5.540E-06 5.473E-06 5.382E-06 5.278E-06 5.139E-06 4.995E-06 4.867E-06 4.707E-06 4.545E-06 4.268E-06 3.996E-06 3.381E-06 2.924E-06 2.466E-06 2.092E-06 1.233E-06 1.694E-06 2.437E-06 2.224E-06 2.044E-06 1.669E-06 1.397E-06 1.064E-06 8.914E-07 6.591E-07 4.824E-07 7.567E-07 6.352E-07 4.454E-07 3.312E-07 3.002E-07 2.817E-07 2.725E-07 2.482E-07 2.242E-07 2.005E-07 1.852E-07 1.628E-07 1.036E-07 8.639E-08 8.481E-08 1.199E-07 1.444E-07 1.809E-07 1.901E-07 1.918E-07 1.941E-07 1.927E-07 1.763E-07 1.683E-07 1.380E-07 1.175E-07 1.009E-07 7.749E-08 5.589E-08 4.394E-08 2.573E-08 1.721E-08
  1.160E+02  5.086E-06 5.280E-06 5.548E-06 5.470E-06 5.523E-06 5.364E-06 5.240E-06 5.156E-06 4.994E-06 4.858E-06 4.703E-06 4.527E-06 4.234E-06 3.968E-06 3.343E-06 2.880E-06 2.426E-06 2.055E-06 1.212E-06 1.664E-06 2.379E-06 2.179E-06 2.006E-06 1.642E-06 1.375E-06 1.049E-06 8.809E-07 6.527E-07 4.789E-07 7.500E-07 6.302E-07 4.430E-07 3.300E-07 2.994E-07 2.811E-07 2.721E-07 2.479E-07 2.240E-07 2.005E-07 1.853E-07 1.629E-07 1.038E-07 8.666E-08 8.516E-08 1.206E-07 1.453E-07 1.822E-07 1.917E-07 1.933E-07 1.958E-07 1.945E-07 1.779E-07 1.698E-07 1.393E-07 1.187E-07 1.020E-07 7.837E-08 5.658E-08 4.451E-08 2.611E-08 1.749E-08
  1.180E+02  5.185E-06 5.271E-06 5.634E-06 5.513E-06 5.573E-06 5.381E-06 5.260E-06 5.196E-06 5.026E-06 4.882E-06 4.715E-06 4.531E-06 4.223E-06 3.954E-06 3.319E-06 2.849E-06 2.396E-06 2.027E-06 1.195E-06 1.638E-06 2.330E-06 2.142E-06 1.975E-06 1.620E-06 1.358E-06 1.038E-06 8.729E-07 6.481E-07 4.765E-07 7.450E-07 6.267E-07 4.416E-07 3.296E-07 2.991E-07 2.810E-07 2.721E-07 2.481E-07 2.242E-07 2.008E-07 1.857E-07 1.633E-07 1.042E-07 8.706E-08 8.563E-08 1.215E-07 1.465E-07 1.838E-07 1.934E-07 1.951E-07 1.977E-07 1.965E-07 1.797E-07 1.716E-07 1.408E-07 1.200E-07 1.032E-07 7.937E-08 5.735E-08 4.515E-08 2.652E-08 1.778E-08
  1.200E+02  5.209E-06 5.454E-06 5.685E-06 5.638E-06 5.650E-06 5.489E-06 5.361E-06 5.252E-06 5.072E-06 4.920E-06 4.746E-06 4.555E-06 4.242E-06 3.956E-06 3.307E-06 2.831E-06 2.375E-06 2.006E-06 1.181E-06 1.615E-06 2.287E-06 2.112E-06 1.951E-06 1.603E-06 1.345E-06 1.030E-06 8.672E-07 6.450E-07 4.750E-07 7.417E-07 6.246E-07 4.410E-07 3.297E-07 2.994E-07 2.815E-07 2.726E-07 2.487E-07 2.248E-07 2.015E-07 1.864E-07 1.640E-07 1.047E-07 8.757E-08 8.621E-08 1.225E-07 1.478E-07 1.856E-07 1.954E-07 1.971E-07 1.999E-07 1.987E-07 1.818E-07 1.736E-07 1.425E-07 1.215E-07 1.045E-07 8.046E-08 5.819E-08 4.583E-08 2.696E-08 1.810E-08
  1.220E+02  5.251E-06 5.552E-06 5.819E-06 5.777E-06 5.784E-06 5.618E-06 5.464E-06 5.334E-06 5.149E-06 4.986E-06 4.801E-06 4.603E-06 4.279E-06 3.979E-06 3.309E-06 2.824E-06 2.363E-06 1.992E-06 1.172E-06 1.597E-06 2.251E-06 2.088E-06 1.933E-06 1.590E-06 1.336E-06 1.024E-06 8.635E-07 6.433E-07 4.743E-07 7.398E-07 6.238E-07 4.413E-07 3.304E-07 3.002E-07 2.823E-07 2.735E-07 2.496E-07 2.258E-07 2.024E-07 1.873E-07 1.648E-07 1.054E-07 8.819E-08 8.688E-08 1.236E-07 1.492E-07 1.876E-07 1.976E-07 1.994E-07 2.023E-07 2.011E-07 1.840E-07 1.757E-07 1.444E-07 1.232E-07 1.060E-07 8.164E-08 5.909E-08 4.657E-08 2.743E-08 1.844E-08
  1.240E+02  5.342E-06 5.765E-06 6.054E-06 5.968E-06 5.928E-06 5.764E-06 5.601E-06 5.453E-06 5.257E-06 5.081E-06 4.882E-06 4.682E-06 4.332E-06 4.023E-06 3.327E-06 2.826E-06 2.360E-06 1.985E-06 1.165E-06 1.581E-06 2.220E-06 2.070E-06 1.920E-06 1.582E-06 1.330E-06 1.020E-06 8.617E-07 6.428E-07 4.744E-07 7.393E-07 6.241E-07 4.423E-07 3.315E-07 3.014E-07 2.836E-07 2.748E-07 2.509E-07 2.270E-07 2.036E-07 1.885E-07 1.659E-07 1.062E-07 8.890E-08 8.764E-08 1.249E-07 1.508E-07 1.897E-07 1.999E-07 2.018E-07 2.049E-07 2.038E-07 1.864E-07 1.781E-07 1.464E-07 1.250E-07 1.075E-07 8.290E-08 6.005E-08 4.735E-08 2.793E-08 1.879E-08
  1.260E+02  5.507E-06 6.082E-06 6.239E-06 6.196E-06 6.114E-06 5.998E-06 5.790E-06 5.615E-06 5.378E-06 5.191E-06 4.992E-06 4.789E-06 4.413E-06 4.083E-06 3.357E-06 2.840E-06 2.365E-06 1.984E-06 1.162E-06 1.568E-06 2.195E-06 2.058E-06 1.912E-06 1.578E-06 1.328E-06 1.019E-06 8.617E-07 6.435E-07 4.751E-07 7.400E-07 6.255E-07 4.440E-07 3.331E-07 3.030E-07 2.852E-07 2.764E-07 2.525E-07 2.285E-07 2.051E-07 1.899E-07 1.672E-07 1.071E-07 8.969E-08 8.847E-08 1.262E-07 1.525E-07 1.920E-07 2.025E-07 2.043E-07 2.077E-07 2.066E-07 1.890E-07 1.805E-07 1.485E-07 1.268E-07 1.092E-07 8.422E-08 6.105E-08 4.817E-08 2.844E-08 1.915E-08
  1.280E+02  5.843E-06 6.371E-06 6.535E-06 6.486E-06 6.378E-06 6.264E-06 6.004E-06 5.804E-06 5.542E-06 5.337E-06 5.126E-06 4.919E-06 4.515E-06 4.165E-06 3.400E-06 2.863E-06 2.378E-06 1.990E-06 1.162E-06 1.558E-06 2.175E-06 2.051E-06 1.909E-06 1.578E-06 1.328E-06 1.019E-06 8.631E-07 6.453E-07 4.765E-07 7.417E-07 6.277E-07 4.462E-07 3.351E-07 3.049E-07 2.871E-07 2.783E-07 2.543E-07 2.302E-07 2.067E-07 1.914E-07 1.686E-07 1.080E-07 9.054E-08 8.936E-08 1.276E-07 1.543E-07 1.944E-07 2.051E-07 2.070E-07 2.105E-07 2.095E-07 1.917E-07 1.832E-07 1.507E-07 1.288E-07 1.109E-07 8.561E-08 6.210E-08 4.902E-08 2.898E-08 1.953E-08
  1.300E+02  6.276E-06 6.743E-06 7.002E-06 6.850E-06 6.723E-06 6.522E-06 6.264E-06 6.034E-06 5.770E-06 5.540E-06 5.290E-06 5.072E-06 4.631E-06 4.265E-06 3.456E-06 2.898E-06 2.398E-06 2.001E-06 1.164E-06 1.550E-06 2.159E-06 2.048E-06 1.910E-06 1.581E-06 1.331E-06 1.022E-06 8.660E-07 6.480E-07 4.783E-07 7.444E-07 6.307E-07 4.489E-07 3.374E-07 3.071E-07 2.893E-07 2.805E-07 2.564E-07 2.321E-07 2.085E-07 1.931E-07 1.701E-07 1.091E-07 9.145E-08 9.031E-08 1.291E-07 1.562E-07 1.969E-07 2.078E-07 2.098E-07 2.135E-07 2.125E-07 1.945E-07 1.859E-07 1.530E-07 1.308E-07 1.127E-07 8.704E-08 6.318E-08 4.990E-08 2.953E-08 1.992E-08
  1.320E+02  6.709E-06 7.181E-06 7.488E-06 7.292E-06 7.152E-06 6.867E-06 6.576E-06 6.310E-06 6.035E-06 5.776E-06 5.492E-06 5.243E-06 4.773E-06 4.378E-06 3.525E-06 2.942E-06 2.425E-06 2.018E-06 1.169E-06 1.544E-06 2.147E-06 2.049E-06 1.916E-06 1.588E-06 1.337E-06 1.026E-06 8.702E-07 6.514E-07 4.806E-07 7.479E-07 6.345E-07 4.521E-07 3.400E-07 3.096E-07 2.917E-07 2.829E-07 2.587E-07 2.342E-07 2.104E-07 1.950E-07 1.718E-07 1.102E-07 9.241E-08 9.129E-08 1.307E-07 1.581E-07 1.995E-07 2.107E-07 2.127E-07 2.166E-07 2.156E-07 1.974E-07 1.887E-07 1.554E-07 1.329E-07 1.145E-07 8.851E-08 6.429E-08 5.079E-08 3.008E-08 2.031E-08
  1.340E+02  7.192E-06 7.857E-06 7.964E-06 7.836E-06 7.682E-06 7.308E-06 6.953E-06 6.633E-06 6.342E-06 6.049E-06 5.729E-06 5.438E-06 4.943E-06 4.506E-06 3.607E-06 2.995E-06 2.459E-06 2.039E-06 1.175E-06 1.541E-06 2.139E-06 2.055E-06 1.925E-06 1.597E-06 1.344E-06 1.032E-06 8.755E-07 6.557E-07 4.832E-07 7.522E-07 6.389E-07 4.556E-07 3.429E-07 3.122E-07 2.942E-07 2.854E-07 2.611E-07 2.365E-07 2.124E-07 1.969E-07 1.735E-07 1.113E-07 9.339E-08 9.231E-08 1.322E-07 1.601E-07 2.021E-07 2.135E-07 2.156E-07 2.197E-07 2.188E-07 2.004E-07 1.915E-07 1.578E-07 1.350E-07 1.163E-07 9.000E-08 6.541E-08 5.170E-08 3.065E-08 2.071E-08
  1.360E+02  8.104E-06 8.664E-06 8.626E-06 8.469E-06 8.183E-06 7.784E-06 7.366E-06 7.004E-06 6.657E-06 6.331E-06 5.981E-06 5.677E-06 5.130E-06 4.659E-06 3.701E-06 3.057E-06 2.499E-06 2.066E-06 1.184E-06 1.538E-06 2.134E-06 2.064E-06 1.937E-06 1.609E-06 1.354E-06 1.039E-06 8.818E-07 6.605E-07 4.862E-07 7.570E-07 6.438E-07 4.595E-07 3.459E-07 3.151E-07 2.970E-07 2.881E-07 2.636E-07 2.388E-07 2.146E-07 1.989E-07 1.753E-07 1.125E-07 9.441E-08 9.334E-08 1.338E-07 1.621E-07 2.048E-07 2.165E-07 2.186E-07 2.229E-07 2.220E-07 2.034E-07 1.944E-07 1.602E-07 1.371E-07 1.182E-07 9.151E-08 6.655E-08 5.262E-08 3.122E-08 2.111E-08
  1.380E+02  9.199E-06 9.534E-06 9.532E-06 9.076E-06 8.731E-06 8.311E-06 7.806E-06 7.406E-06 6.983E-06 6.627E-06 6.255E-06 5.941E-06 5.334E-06 4.835E-06 3.808E-06 3.127E-06 2.546E-06 2.097E-06 1.195E-06 1.538E-06 2.132E-06 2.076E-06 1.953E-06 1.624E-06 1.366E-06 1.047E-06 8.890E-07 6.659E-07 4.895E-07 7.624E-07 6.492E-07 4.636E-07 3.491E-07 3.180E-07 2.998E-07 2.909E-07 2.662E-07 2.412E-07 2.168E-07 2.010E-07 1.772E-07 1.137E-07 9.544E-08 9.439E-08 1.354E-07 1.641E-07 2.075E-07 2.194E-07 2.216E-07 2.261E-07 2.253E-07 2.064E-07 1.973E-07 1.627E-07 1.393E-07 1.201E-07 9.303E-08 6.769E-08 5.355E-08 3.180E-08 2.151E-08
  1.400E+02  1.028E-05 1.060E-05 1.051E-05 9.824E-06 9.393E-06 8.868E-06 8.285E-06 7.833E-06 7.379E-06 6.980E-06 6.562E-06 6.206E-06 5.553E-06 5.020E-06 3.922E-06 3.204E-06 2.598E-06 2.132E-06 1.208E-06 1.538E-06 2.132E-06 2.091E-06 1.972E-06 1.641E-06 1.380E-06 1.056E-06 8.970E-07 6.718E-07 4.930E-07 7.682E-07 6.550E-07 4.680E-07 3.525E-07 3.211E-07 3.027E-07 2.938E-07 2.689E-07 2.437E-07 2.190E-07 2.031E-07 1.791E-07 1.149E-07 9.648E-08 9.545E-08 1.371E-07 1.661E-07 2.102E-07 2.223E-07 2.246E-07 2.293E-07 2.285E-07 2.094E-07 2.002E-07 1.651E-07 1.415E-07 1.220E-07 9.455E-08 6.883E-08 5.447E-08 3.237E-08 2.191E-08
  1.420E+02  1.165E-05 1.169E-05 1.132E-05 1.062E-05 1.018E-05 9.399E-06 8.776E-06 8.289E-06 7.811E-06 7.365E-06 6.898E-06 6.477E-06 5.777E-06 5.204E-06 4.044E-06 3.289E-06 2.654E-06 2.170E-06 1.222E-06 1.540E-06 2.134E-06 2.109E-06 1.993E-06 1.660E-06 1.395E-06 1.066E-06 9.057E-07 6.781E-07 4.966E-07 7.744E-07 6.611E-07 4.725E-07 3.559E-07 3.242E-07 3.057E-07 2.967E-07 2.717E-07 2.462E-07 2.213E-07 2.053E-07 1.810E-07 1.162E-07 9.751E-08 9.650E-08 1.387E-07 1.681E-07 2.129E-07 2.253E-07 2.275E-07 2.324E-07 2.318E-07 2.124E-07 2.031E-07 1.676E-07 1.436E-07 1.239E-07 9.606E-08 6.997E-08 5.538E-08 3.293E-08 2.230E-08
  1.440E+02  1.325E-05 1.275E-05 1.218E-05 1.138E-05 1.088E-05 9.947E-06 9.271E-06 8.757E-06 8.201E-06 7.723E-06 7.226E-06 6.753E-06 6.014E-06 5.391E-06 4.172E-06 3.379E-06 2.713E-06 2.212E-06 1.237E-06 1.543E-06 2.138E-06 2.129E-06 2.017E-06 1.680E-06 1.411E-06 1.077E-06 9.149E-07 6.848E-07 5.004E-07 7.809E-07 6.674E-07 4.771E-07 3.593E-07 3.274E-07 3.088E-07 2.997E-07 2.744E-07 2.487E-07 2.235E-07 2.074E-07 1.829E-07 1.174E-07 9.854E-08 9.754E-08 1.402E-07 1.701E-07 2.155E-07 2.281E-07 2.305E-07 2.356E-07 2.349E-07 2.153E-07 2.060E-07 1.700E-07 1.457E-07 1.258E-07 9.754E-08 7.108E-08 5.628E-08 3.349E-08 2.269E-08
  1.460E+02  1.458E-05 1.405E-05 1.317E-05 1.214E-05 1.138E-05 1.051E-05 9.777E-06 9.173E-06 8.574E-06 8.066E-06 7.534E-06 7.023E-06 6.257E-06 5.595E-06 4.306E-06 3.473E-06 2.777E-06 2.256E-06 1.254E-06 1.546E-06 2.143E-06 2.151E-06 2.042E-06 1.703E-06 1.429E-06 1.089E-06 9.247E-07 6.917E-07 5.042E-07 7.875E-07 6.739E-07 4.819E-07 3.628E-07 3.306E-07 3.118E-07 3.027E-07 2.772E-07 2.512E-07 2.258E-07 2.095E-07 1.848E-07 1.186E-07 9.956E-08 9.856E-08 1.418E-07 1.720E-07 2.181E-07 2.310E-07 2.333E-07 2.386E-07 2.381E-07 2.183E-07 2.088E-07 1.724E-07 1.478E-07 1.276E-07 9.900E-08 7.218E-08 5.716E-08 3.403E-08 2.307E-08
  1.480E+02  1.614E-05 1.472E-05 1.401E-05 1.265E-05 1.191E-05 1.093E-05 1.015E-05 9.580E-06 8.919E-06 8.388E-06 7.828E-06 7.312E-06 6.481E-06 5.811E-06 4.443E-06 3.567E-06 2.845E-06 2.303E-06 1.272E-06 1.551E-06 2.149E-06 2.174E-06 2.069E-06 1.726E-06 1.448E-06 1.101E-06 9.348E-07 6.988E-07 5.081E-07 7.943E-07 6.805E-07 4.866E-07 3.663E-07 3.337E-07 3.148E-07 3.056E-07 2.799E-07 2.537E-07 2.280E-07 2.116E-07 1.866E-07 1.198E-07 1.005E-07 9.956E-08 1.433E-07 1.739E-07 2.206E-07 2.337E-07 2.361E-07 2.416E-07 2.411E-07 2.211E-07 2.115E-07 1.747E-07 1.498E-07 1.294E-07 1.004E-07 7.324E-08 5.802E-08 3.456E-08 2.344E-08
  1.500E+02  1.755E-05 1.516E-05 1.454E-05 1.307E-05 1.225E-05 1.128E-05 1.047E-05 9.944E-06 9.193E-06 8.655E-06 8.110E-06 7.599E-06 6.697E-06 6.017E-06 4.579E-06 3.663E-06 2.913E-06 2.351E-06 1.291E-06 1.556E-06 2.156E-06 2.198E-06 2.097E-06 1.751E-06 1.467E-06 1.114E-06 9.451E-07 7.060E-07 5.119E-07 8.011E-07 6.871E-07 4.913E-07 3.697E-07 3.368E-07 3.177E-07 3.085E-07 2.826E-07 2.561E-07 2.302E-07 2.137E-07 1.884E-07 1.209E-07 1.015E-07 1.005E-07 1.448E-07 1.758E-07 2.230E-07 2.364E-07 2.388E-07 2.445E-07 2.440E-07 2.238E-07 2.142E-07 1.770E-07 1.518E-07 1.311E-07 1.018E-07 7.427E-08 5.885E-08 3.507E-08 2.380E-08
  1.520E+02  1.810E-05 1.582E-05 1.481E-05 1.340E-05 1.250E-05 1.171E-05 1.083E-05 1.023E-05 9.477E-06 8.933E-06 8.365E-06 7.852E-06 6.928E-06 6.199E-06 4.711E-06 3.762E-06 2.982E-06 2.401E-06 1.311E-06 1.561E-06 2.164E-06 2.222E-06 2.125E-06 1.776E-06 1.487E-06 1.127E-06 9.556E-07 7.132E-07 5.158E-07 8.079E-07 6.937E-07 4.960E-07 3.731E-07 3.399E-07 3.206E-07 3.113E-07 2.852E-07 2.585E-07 2.323E-07 2.156E-07 1.902E-07 1.220E-07 1.024E-07 1.015E-07 1.462E-07 1.775E-07 2.254E-07 2.389E-07 2.414E-07 2.473E-07 2.469E-07 2.265E-07 2.167E-07 1.791E-07 1.537E-07 1.327E-07 1.031E-07 7.527E-08 5.965E-08 3.556E-08 2.414E-08
  1.540E+02  1.789E-05 1.624E-05 1.509E-05 1.382E-05 1.295E-05 1.207E-05 1.118E-05 1.051E-05 9.809E-06 9.247E-06 8.626E-06 8.057E-06 7.154E-06 6.372E-06 4.840E-06 3.861E-06 3.051E-06 2.452E-06 1.331E-06 1.567E-06 2.172E-06 2.246E-06 2.154E-06 1.801E-06 1.507E-06 1.140E-06 9.662E-07 7.204E-07 5.195E-07 8.146E-07 7.002E-07 5.006E-07 3.764E-07 3.428E-07 3.234E-07 3.140E-07 2.878E-07 2.608E-07 2.344E-07 2.176E-07 1.919E-07 1.231E-07 1.033E-07 1.024E-07 1.475E-07 1.792E-07 2.276E-07 2.414E-07 2.439E-07 2.499E-07 2.496E-07 2.290E-07 2.192E-07 1.812E-07 1.555E-07 1.343E-07 1.044E-07 7.621E-08 6.042E-08 3.603E-08 2.447E-08
  1.560E+02  1.808E-05 1.631E-05 1.546E-05 1.414E-05 1.337E-05 1.231E-05 1.148E-05 1.084E-05 1.012E-05 9.542E-06 8.908E-06 8.281E-06 7.356E-06 6.555E-06 4.968E-06 3.958E-06 3.119E-06 2.502E-06 1.352E-06 1.573E-06 2.180E-06 2.270E-06 2.182E-06 1.826E-06 1.526E-06 1.153E-06 9.767E-07 7.276E-07 5.231E-07 8.211E-07 7.066E-07 5.050E-07 3.796E-07 3.457E-07 3.261E-07 3.167E-07 2.902E-07 2.630E-07 2.363E-07 2.194E-07 1.935E-07 1.241E-07 1.042E-07 1.032E-07 1.488E-07 1.808E-07 2.297E-07 2.437E-07 2.463E-07 2.525E-07 2.522E-07 2.314E-07 2.215E-07 1.832E-07 1.572E-07 1.358E-07 1.056E-07 7.711E-08 6.114E-08 3.648E-08 2.478E-08
  1.580E+02  1.848E-05 1.670E-05 1.570E-05 1.461E-05 1.378E-05 1.260E-05 1.183E-05 1.118E-05 1.044E-05 9.847E-06 9.199E-06 8.532E-06 7.555E-06 6.734E-06 5.094E-06 4.049E-06 3.186E-06 2.552E-06 1.374E-06 1.579E-06 2.189E-06 2.293E-06 2.209E-06 1.850E-06 1.546E-06 1.166E-06 9.870E-07 7.346E-07 5.266E-07 8.274E-07 7.128E-07 5.093E-07 3.826E-07 3.484E-07 3.286E-07 3.191E-07 2.925E-07 2.650E-07 2.382E-07 2.211E-07 1.950E-07 1.251E-07 1.050E-07 1.040E-07 1.500E-07 1.823E-07 2.317E-07 2.459E-07 2.485E-07 2.548E-07 2.546E-07 2.337E-07 2.237E-07 1.850E-07 1.588E-07 1.373E-07 1.067E-07 7.796E-08 6.182E-08 3.690E-08 2.507E-08
  1.600E+02  1.886E-05 1.729E-05 1.610E-05 1.519E-05 1.437E-05 1.313E-05 1.228E-05 1.155E-05 1.082E-05 1.018E-05 9.482E-06 8.786E-06 7.774E-06 6.903E-06 5.209E-06 4.133E-06 3.248E-06 2.599E-06 1.395E-06 1.586E-06 2.198E-06 2.314E-06 2.234E-06 1.874E-06 1.565E-06 1.178E-06 9.970E-07 7.413E-07 5.299E-07 8.335E-07 7.187E-07 5.134E-07 3.854E-07 3.510E-07 3.310E-07 3.215E-07 2.946E-07 2.670E-07 2.399E-07 2.227E-07 1.964E-07 1.260E-07 1.057E-07 1.047E-07 1.511E-07 1.837E-07 2.336E-07 2.479E-07 2.506E-07 2.570E-07 2.568E-07 2.358E-07 2.257E-07 1.867E-07 1.603E-07 1.386E-07 1.078E-07 7.874E-08 6.245E-08 3.729E-08 2.534E-08
  1.620E+02  2.000E-05 1.838E-05 1.703E-05 1.600E-05 1.502E-05 1.383E-05 1.284E-05 1.194E-05 1.118E-05 1.050E-05 9.742E-06 9.056E-06 7.988E-06 7.064E-06 5.301E-06 4.203E-06 3.302E-06 2.641E-06 1.416E-06 1.592E-06 2.207E-06 2.334E-06 2.257E-06 1.895E-06 1.583E-06 1.190E-06 1.007E-06 7.478E-07 5.330E-07 8.392E-07 7.243E-07 5.172E-07 3.881E-07 3.533E-07 3.333E-07 3.237E-07 2.966E-07 2.688E-07 2.415E-07 2.242E-07 1.978E-07 1.268E-07 1.064E-07 1.054E-07 1.521E-07 1.849E-07 2.353E-07 2.497E-07 2.524E-07 2.591E-07 2.589E-07 2.377E-07 2.276E-07 1.883E-07 1.617E-07 1.398E-07 1.087E-07 7.947E-08 6.303E-08 3.764E-08 2.559E-08
  1.640E+02  2.151E-05 1.981E-05 1.815E-05 1.694E-05 1.568E-05 1.454E-05 1.339E-05 1.235E-05 1.153E-05 1.078E-05 9.956E-06 9.294E-06 8.137E-06 7.176E-06 5.358E-06 4.249E-06 3.343E-06 2.676E-06 1.436E-06 1.598E-06 2.217E-06 2.354E-06 2.279E-06 1.916E-06 1.600E-06 1.201E-06 1.016E-06 7.539E-07 5.359E-07 8.445E-07 7.295E-07 5.208E-07 3.906E-07 3.555E-07 3.353E-07 3.257E-07 2.985E-07 2.705E-07 2.430E-07 2.256E-07 1.990E-07 1.275E-07 1.070E-07 1.060E-07 1.531E-07 1.861E-07 2.368E-07 2.514E-07 2.542E-07 2.609E-07 2.608E-07 2.395E-07 2.293E-07 1.897E-07 1.630E-07 1.409E-07 1.096E-07 8.013E-08 6.356E-08 3.797E-08 2.581E-08
  1.660E+02  2.301E-05 2.105E-05 1.940E-05 1.780E-05 1.644E-05 1.499E-05 1.377E-05 1.277E-05 1.176E-05 1.094E-05 1.009E-05 9.349E-06 8.143E-06 7.174E-06 5.363E-06 4.257E-06 3.364E-06 2.701E-06 1.454E-06 1.604E-06 2.228E-06 2.374E-06 2.301E-06 1.935E-06 1.616E-06 1.212E-06 1.024E-06 7.596E-07 5.385E-07 8.494E-07 7.343E-07 5.240E-07 3.928E-07 3.575E-07 3.372E-07 3.275E-07 3.001E-07 2.719E-07 2.443E-07 2.268E-07 2.001E-07 1.282E-07 1.076E-07 1.066E-07 1.539E-07 1.871E-07 2.382E-07 2.529E-07 2.557E-07 2.625E-07 2.624E-07 2.410E-07 2.308E-07 1.910E-07 1.641E-07 1.419E-07 1.104E-07 8.071E-08 6.404E-08 3.826E-08 2.602E-08
  1.680E+02  2.449E-05 2.191E-05 2.037E-05 1.821E-05 1.691E-05 1.497E-05 1.373E-05 1.277E-05 1.165E-05 1.079E-05 9.958E-06 9.103E-06 7.934E-06 7.009E-06 5.288E-06 4.220E-06 3.362E-06 2.713E-06 1.469E-06 1.609E-06 2.240E-06 2.394E-06 2.322E-06 1.953E-06 1.631E-06 1.222E-06 1.032E-06 7.647E-07 5.408E-07 8.537E-07 7.387E-07 5.269E-07 3.948E-07 3.593E-07 3.388E-07 3.290E-07 3.016E-07 2.733E-07 2.455E-07 2.279E-07 2.010E-07 1.288E-07 1.081E-07 1.071E-07 1.546E-07 1.880E-07 2.394E-07 2.543E-07 2.571E-07 2.640E-07 2.639E-07 2.424E-07 2.321E-07 1.922E-07 1.651E-07 1.427E-07 1.111E-07 8.123E-08 6.445E-08 3.851E-08 2.619E-08
  1.700E+02  2.435E-05 2.152E-05 1.999E-05 1.772E-05 1.636E-05 1.411E-05 1.291E-05 1.204E-05 1.103E-05 1.019E-05 9.393E-06 8.538E-06 7.482E-06 6.667E-06 5.127E-06 4.147E-06 3.341E-06 2.715E-06 1.482E-06 1.614E-06 2.252E-06 2.416E-06 2.344E-06 1.971E-06 1.645E-06 1.231E-06 1.039E-06 7.694E-07 5.428E-07 8.576E-07 7.425E-07 5.295E-07 3.965E-07 3.608E-07 3.402E-07 3.304E-07 3.029E-07 2.744E-07 2.465E-07 2.288E-07 2.018E-07 1.293E-07 1.085E-07 1.075E-07 1.553E-07 1.888E-07 2.404E-07 2.554E-07 2.582E-07 2.652E-07 2.652E-07 2.436E-07 2.333E-07 1.931E-07 1.659E-07 1.435E-07 1.117E-07 8.167E-08 6.481E-08 3.873E-08 2.634E-08
  1.720E+02  2.276E-05 1.999E-05 1.798E-05 1.620E-05 1.474E-05 1.253E-05 1.156E-05 1.082E-05 9.974E-06 9.259E-06 8.546E-06 7.811E-06 6.932E-06 6.261E-06 4.949E-06 4.078E-06 3.322E-06 2.720E-06 1.493E-06 1.618E-06 2.264E-06 2.440E-06 2.367E-06 1.989E-06 1.659E-06 1.240E-06 1.046E-06 7.734E-07 5.445E-07 8.608E-07 7.458E-07 5.316E-07 3.979E-07 3.620E-07 3.414E-07 3.315E-07 3.039E-07 2.753E-07 2.473E-07 2.296E-07 2.025E-07 1.297E-07 1.088E-07 1.078E-07 1.558E-07 1.895E-07 2.413E-07 2.563E-07 2.592E-07 2.662E-07 2.662E-07 2.446E-07 2.342E-07 1.939E-07 1.666E-07 1.441E-07 1.122E-07 8.203E-08 6.510E-08 3.891E-08 2.647E-08
  1.740E+02  2.306E-05 1.895E-05 1.665E-05 1.475E-05 1.316E-05 1.148E-05 1.064E-05 9.936E-06 9.149E-06 8.574E-06 8.004E-06 7.467E-06 6.679E-06 6.099E-06 4.898E-06 4.083E-06 3.343E-06 2.744E-06 1.506E-06 1.621E-06 2.275E-06 2.463E-06 2.392E-06 2.008E-06 1.672E-06 1.247E-06 1.051E-06 7.768E-07 5.458E-07 8.634E-07 7.484E-07 5.334E-07 3.990E-07 3.630E-07 3.423E-07 3.324E-07 3.047E-07 2.761E-07 2.479E-07 2.302E-07 2.030E-07 1.300E-07 1.091E-07 1.081E-07 1.562E-07 1.900E-07 2.420E-07 2.571E-07 2.599E-07 2.670E-07 2.670E-07 2.453E-07 2.349E-07 1.945E-07 1.672E-07 1.446E-07 1.125E-07 8.232E-08 6.533E-08 3.905E-08 2.657E-08
  1.760E+02  2.500E-05 2.024E-05 1.802E-05 1.542E-05 1.374E-05 1.243E-05 1.134E-05 1.054E-05 9.646E-06 9.044E-06 8.446E-06 8.012E-06 7.090E-06 6.455E-06 5.095E-06 4.210E-06 3.430E-06 2.796E-06 1.521E-06 1.623E-06 2.285E-06 2.484E-06 2.414E-06 2.025E-06 1.684E-06 1.253E-06 1.056E-06 7.793E-07 5.468E-07 8.653E-07 7.504E-07 5.346E-07 3.999E-07 3.637E-07 3.430E-07 3.331E-07 3.053E-07 2.766E-07 2.484E-07 2.307E-07 2.034E-07 1.303E-07 1.093E-07 1.083E-07 1.565E-07 1.903E-07 2.424E-07 2.576E-07 2.604E-07 2.676E-07 2.676E-07 2.459E-07 2.355E-07 1.950E-07 1.676E-07 1.449E-07 1.128E-07 8.252E-08 6.549E-08 3.915E-08 2.664E-08
  1.780E+02  2.924E-05 2.574E-05 2.249E-05 1.935E-05 1.725E-05 1.550E-05 1.393E-05 1.269E-05 1.160E-05 1.072E-05 9.732E-06 9.295E-06 8.002E-06 7.186E-06 5.458E-06 4.408E-06 3.548E-06 2.859E-06 1.537E-06 1.625E-06 2.290E-06 2.499E-06 2.430E-06 2.037E-06 1.692E-06 1.257E-06 1.059E-06 7.809E-07 5.473E-07 8.664E-07 7.516E-07 5.354E-07 4.004E-07 3.642E-07 3.434E-07 3.335E-07 3.057E-07 2.769E-07 2.487E-07 2.309E-07 2.037E-07 1.304E-07 1.094E-07 1.084E-07 1.566E-07 1.905E-07 2.427E-07 2.579E-07 2.608E-07 2.680E-07 2.680E-07 2.462E-07 2.358E-07 1.953E-07 1.678E-07 1.451E-07 1.130E-07 8.265E-08 6.559E-08 3.921E-08 2.668E-08
  1.800E+02  3.641E-05 3.169E-05 2.641E-05 2.293E-05 2.021E-05 1.779E-05 1.587E-05 1.424E-05 1.295E-05 1.185E-05 1.055E-05 1.011E-05 8.541E-06 7.605E-06 5.656E-06 4.510E-06 3.606E-06 2.888E-06 1.544E-06 1.625E-06 2.293E-06 2.504E-06 2.436E-06 2.041E-06 1.695E-06 1.258E-06 1.060E-06 7.815E-07 5.475E-07 8.668E-07 7.520E-07 5.356E-07 4.005E-07 3.643E-07 3.435E-07 3.336E-07 3.058E-07 2.770E-07 2.488E-07 2.310E-07 2.037E-07 1.305E-07 1.094E-07 1.085E-07 1.567E-07 1.906E-07 2.428E-07 2.580E-07 2.609E-07 2.681E-07 2.681E-07 2.463E-07 2.359E-07 1.953E-07 1.679E-07 1.452E-07 1.130E-07 8.269E-08 6.562E-08 3.923E-08 2.669E-08
