# sulfate (99%)       
#
# size distribution: lognormal
# ------------------
#
#   minimum radius, [um]:      1.030E-02
#   maximum radius, [um]:      8.180E+01
#                  sigma:      2.030E+00
#       Rmod (wet), [um]:      2.310E-01
#       Rmod (dry), [um]:      6.950E-02
#
# optical parameters:
# -------------------
#
# wavelength ext.coef  sca.coef  abs.coef  si.sc.alb  asym.par  ext.nor    ref.real  ref.imag
#     [um]     [1/km]    [1/km]    [1/km]
#
#  2.500E-01 1.116E-03 1.116E-03 1.397E-09 1.000E+00 0.782E+00 9.232E-01  1.365E+00 -3.286E-08
#  3.000E-01 1.151E-03 1.151E-03 1.372E-10 1.000E+00 0.786E+00 9.524E-01  1.352E+00 -1.584E-08
#  3.500E-01 1.180E-03 1.180E-03 2.110E-10 1.000E+00 0.788E+00 9.764E-01  1.346E+00 -6.595E-09
#  4.000E-01 1.199E-03 1.199E-03 0.000E+00 1.000E+00 0.791E+00 9.920E-01  1.342E+00 -2.082E-09
#  4.500E-01 1.209E-03 1.209E-03 0.000E+00 1.000E+00 0.793E+00 1.001E+00  1.340E+00 -1.265E-09
#  5.000E-01 1.213E-03 1.213E-03-1.446E-10 1.000E+00 0.795E+00 1.004E+00  1.338E+00 -1.245E-09
#  5.500E-01 1.209E-03 1.209E-03 0.000E+00 1.000E+00 0.797E+00 1.000E+00  1.336E+00 -2.179E-09
#  6.000E-01 1.200E-03 1.200E-03 1.430E-10 1.000E+00 0.798E+00 9.924E-01  1.335E+00 -1.100E-08
#  6.500E-01 1.184E-03 1.184E-03 2.116E-10 1.000E+00 0.800E+00 9.792E-01  1.334E+00 -1.641E-08
#  7.000E-01 1.166E-03 1.166E-03 5.558E-10 1.000E+00 0.801E+00 9.644E-01  1.334E+00 -3.315E-08
#  7.500E-01 1.144E-03 1.144E-03 1.841E-09 1.000E+00 0.801E+00 9.463E-01  1.333E+00 -1.537E-07
#  8.000E-01 1.119E-03 1.119E-03 1.734E-09 1.000E+00 0.802E+00 9.258E-01  1.332E+00 -1.239E-07
#  9.000E-01 1.065E-03 1.065E-03 5.205E-09 1.000E+00 0.801E+00 8.810E-01  1.331E+00 -4.797E-07
#  1.000E+00 1.007E-03 1.007E-03 2.875E-08 1.000E+00 0.801E+00 8.331E-01  1.330E+00 -2.853E-06
#  1.250E+00 8.571E-04 8.570E-04 6.779E-08 9.999E-01 0.797E+00 7.091E-01  1.325E+00 -8.652E-06
#  1.500E+00 7.235E-04 7.222E-04 1.248E-06 9.983E-01 0.790E+00 5.986E-01  1.323E+00 -1.978E-04
#  1.750E+00 5.961E-04 5.956E-04 5.701E-07 9.990E-01 0.785E+00 4.932E-01  1.315E+00 -1.086E-04
#  2.000E+00 4.917E-04 4.868E-04 4.883E-06 9.901E-01 0.778E+00 4.068E-01  1.308E+00 -1.104E-03
#  2.500E+00 2.843E-04 2.785E-04 5.811E-06 9.796E-01 0.775E+00 2.352E-01  1.263E+00 -1.795E-03
#  3.000E+00 5.716E-04 1.962E-04 3.754E-04 3.432E-01 0.683E+00 4.729E-01  1.369E+00 -2.672E-01
#  3.200E+00 4.998E-04 3.073E-04 1.925E-04 6.148E-01 0.673E+00 4.135E-01  1.473E+00 -9.356E-02
#  3.390E+00 3.645E-04 3.017E-04 6.283E-05 8.276E-01 0.675E+00 3.016E-01  1.421E+00 -2.681E-02
#  3.500E+00 3.129E-04 2.815E-04 3.144E-05 8.995E-01 0.675E+00 2.589E-01  1.399E+00 -1.345E-02
#  3.750E+00 2.435E-04 2.285E-04 1.499E-05 9.384E-01 0.674E+00 2.015E-01  1.370E+00 -6.972E-03
#  4.000E+00 2.017E-04 1.863E-04 1.544E-05 9.235E-01 0.669E+00 1.669E-01  1.352E+00 -7.906E-03
#  4.500E+00 1.566E-04 1.300E-04 2.657E-05 8.303E-01 0.653E+00 1.295E-01  1.333E+00 -1.630E-02
#  5.000E+00 1.228E-04 1.008E-04 2.202E-05 8.207E-01 0.634E+00 1.016E-01  1.326E+00 -1.536E-02
#  5.500E+00 9.022E-05 6.971E-05 2.050E-05 7.727E-01 0.618E+00 7.464E-02  1.299E+00 -1.627E-02
#  6.000E+00 1.487E-04 4.043E-05 1.083E-04 2.718E-01 0.574E+00 1.230E-01  1.269E+00 -1.094E-01
#  6.200E+00 1.547E-04 6.443E-05 9.023E-05 4.166E-01 0.564E+00 1.280E-01  1.365E+00 -9.010E-02
#  6.500E+00 9.814E-05 5.617E-05 4.197E-05 5.723E-01 0.567E+00 8.120E-02  1.340E+00 -4.162E-02
#  7.200E+00 6.977E-05 3.750E-05 3.227E-05 5.375E-01 0.545E+00 5.772E-02  1.309E+00 -3.602E-02
#  7.900E+00 6.266E-05 2.589E-05 3.677E-05 4.131E-01 0.519E+00 5.184E-02  1.290E+00 -4.627E-02
#  8.200E+00 6.167E-05 2.247E-05 3.920E-05 3.643E-01 0.508E+00 5.102E-02  1.284E+00 -5.171E-02
#  8.500E+00 6.080E-05 1.998E-05 4.082E-05 3.287E-01 0.496E+00 5.031E-02  1.281E+00 -5.626E-02
#  8.700E+00 5.951E-05 1.862E-05 4.088E-05 3.130E-01 0.489E+00 4.923E-02  1.279E+00 -5.789E-02
#  9.000E+00 5.455E-05 1.637E-05 3.818E-05 3.000E-01 0.481E+00 4.513E-02  1.273E+00 -5.605E-02
#  9.200E+00 5.203E-05 1.459E-05 3.744E-05 2.804E-01 0.474E+00 4.305E-02  1.264E+00 -5.633E-02
#  9.500E+00 5.309E-05 1.245E-05 4.064E-05 2.345E-01 0.463E+00 4.392E-02  1.255E+00 -6.362E-02
#  9.800E+00 5.108E-05 1.088E-05 4.019E-05 2.130E-01 0.453E+00 4.226E-02  1.248E+00 -6.511E-02
#  1.000E+01 4.688E-05 9.460E-06 3.742E-05 2.018E-01 0.448E+00 3.879E-02  1.236E+00 -6.181E-02
#  1.060E+01 4.809E-05 5.689E-06 4.240E-05 1.183E-01 0.425E+00 3.979E-02  1.194E+00 -7.482E-02
#  1.100E+01 6.229E-05 4.430E-06 5.786E-05 7.111E-02 0.402E+00 5.154E-02  1.167E+00 -1.074E-01
#  1.150E+01 7.959E-05 4.068E-06 7.552E-05 5.111E-02 0.376E+00 6.585E-02  1.147E+00 -1.483E-01
#  1.250E+01 1.235E-04 5.643E-06 1.179E-04 4.569E-02 0.327E+00 1.022E-01  1.140E+00 -2.573E-01
#  1.300E+01 1.384E-04 6.681E-06 1.318E-04 4.826E-02 0.310E+00 1.145E-01  1.161E+00 -3.020E-01
#  1.400E+01 1.532E-04 8.173E-06 1.450E-04 5.336E-02 0.286E+00 1.267E-01  1.222E+00 -3.652E-01
#  1.480E+01 1.530E-04 8.506E-06 1.445E-04 5.560E-02 0.273E+00 1.266E-01  1.268E+00 -3.908E-01
#  1.500E+01 1.527E-04 8.563E-06 1.441E-04 5.608E-02 0.270E+00 1.263E-01  1.279E+00 -3.968E-01
#  1.640E+01 1.460E-04 8.512E-06 1.375E-04 5.830E-02 0.252E+00 1.208E-01  1.351E+00 -4.266E-01
#  1.720E+01 1.387E-04 8.330E-06 1.304E-04 6.005E-02 0.244E+00 1.148E-01  1.395E+00 -4.334E-01
#  1.800E+01 1.250E-04 7.778E-06 1.172E-04 6.222E-02 0.241E+00 1.034E-01  1.437E+00 -4.155E-01
#  1.850E+01 1.190E-04 7.439E-06 1.116E-04 6.251E-02 0.238E+00 9.845E-02  1.456E+00 -4.104E-01
#  2.000E+01 1.008E-04 6.141E-06 9.465E-05 6.092E-02 0.230E+00 8.339E-02  1.489E+00 -3.829E-01
#  2.130E+01 9.189E-05 5.165E-06 8.672E-05 5.621E-02 0.220E+00 7.602E-02  1.499E+00 -3.766E-01
#  2.250E+01 8.221E-05 4.457E-06 7.775E-05 5.422E-02 0.213E+00 6.801E-02  1.516E+00 -3.608E-01
#  2.500E+01 7.012E-05 3.378E-06 6.674E-05 4.817E-02 0.197E+00 5.801E-02  1.542E+00 -3.518E-01
#  2.790E+01 5.834E-05 2.425E-06 5.591E-05 4.156E-02 0.182E+00 4.826E-02  1.559E+00 -3.347E-01
#  3.000E+01 5.194E-05 1.896E-06 5.004E-05 3.650E-02 0.171E+00 4.297E-02  1.561E+00 -3.240E-01
#  3.500E+01 4.515E-05 1.089E-06 4.406E-05 2.411E-02 0.145E+00 3.736E-02  1.542E+00 -3.320E-01
#  4.000E+01 4.488E-05 7.154E-07 4.416E-05 1.594E-02 0.121E+00 3.713E-02  1.529E+00 -3.805E-01
#
# volume phase function [1/km]:
# -----------------------------
#
# sca.ang. | wavelengths --->
# ---------|------------------
#          | 2.500E-01 3.000E-01 3.500E-01 4.000E-01 4.500E-01 5.000E-01 5.500E-01 6.000E-01 6.500E-01 7.000E-01 7.500E-01 8.000E-01 9.000E-01 1.000E+00 1.250E+00 1.500E+00 1.750E+00 2.000E+00 2.500E+00 3.000E+00 3.200E+00 3.390E+00 3.500E+00 3.750E+00 4.000E+00 4.500E+00 5.000E+00 5.500E+00 6.000E+00 6.200E+00 6.500E+00 7.200E+00 7.900E+00 8.200E+00 8.500E+00 8.700E+00 9.000E+00 9.200E+00 9.500E+00 9.800E+00 1.000E+01 1.060E+01 1.100E+01 1.150E+01 1.250E+01 1.300E+01 1.400E+01 1.480E+01 1.500E+01 1.640E+01 1.720E+01 1.800E+01 1.850E+01 2.000E+01 2.130E+01 2.250E+01 2.500E+01 2.790E+01 3.000E+01 3.500E+01 4.000E+01
#
  0.000E+00  3.028E-02 2.193E-02 1.665E-02 1.334E-02 1.093E-02 9.229E-03 7.934E-03 6.943E-03 6.102E-03 5.447E-03 4.924E-03 4.469E-03 3.730E-03 3.166E-03 2.208E-03 1.599E-03 1.189E-03 8.920E-04 4.833E-04 2.224E-04 2.937E-04 2.892E-04 2.718E-04 2.207E-04 1.768E-04 1.154E-04 8.280E-05 5.479E-05 2.757E-05 3.989E-05 3.541E-05 2.238E-05 1.429E-05 1.197E-05 1.027E-05 9.359E-06 8.017E-06 7.033E-06 5.805E-06 4.936E-06 4.245E-06 2.409E-06 1.753E-06 1.484E-06 1.761E-06 1.970E-06 2.216E-06 2.199E-06 2.190E-06 2.038E-06 1.938E-06 1.778E-06 1.679E-06 1.343E-06 1.096E-06 9.258E-07 6.695E-07 4.599E-07 3.493E-07 1.876E-07 1.161E-07
  1.000E-01  3.017E-02 2.187E-02 1.662E-02 1.332E-02 1.091E-02 9.221E-03 7.928E-03 6.939E-03 6.099E-03 5.445E-03 4.923E-03 4.468E-03 3.729E-03 3.165E-03 2.207E-03 1.599E-03 1.189E-03 8.920E-04 4.832E-04 2.224E-04 2.937E-04 2.891E-04 2.718E-04 2.207E-04 1.768E-04 1.154E-04 8.279E-05 5.479E-05 2.757E-05 3.989E-05 3.541E-05 2.238E-05 1.429E-05 1.197E-05 1.027E-05 9.359E-06 8.017E-06 7.033E-06 5.805E-06 4.936E-06 4.245E-06 2.409E-06 1.753E-06 1.484E-06 1.761E-06 1.970E-06 2.216E-06 2.199E-06 2.190E-06 2.038E-06 1.938E-06 1.778E-06 1.679E-06 1.343E-06 1.096E-06 9.258E-07 6.695E-07 4.599E-07 3.493E-07 1.876E-07 1.161E-07
  2.000E-01  2.986E-02 2.172E-02 1.653E-02 1.327E-02 1.088E-02 9.199E-03 7.913E-03 6.928E-03 6.091E-03 5.439E-03 4.918E-03 4.464E-03 3.726E-03 3.163E-03 2.207E-03 1.599E-03 1.189E-03 8.918E-04 4.832E-04 2.224E-04 2.937E-04 2.891E-04 2.718E-04 2.207E-04 1.767E-04 1.154E-04 8.279E-05 5.479E-05 2.757E-05 3.989E-05 3.540E-05 2.238E-05 1.429E-05 1.197E-05 1.027E-05 9.359E-06 8.017E-06 7.032E-06 5.805E-06 4.936E-06 4.245E-06 2.409E-06 1.753E-06 1.484E-06 1.760E-06 1.970E-06 2.216E-06 2.199E-06 2.189E-06 2.038E-06 1.938E-06 1.778E-06 1.679E-06 1.343E-06 1.096E-06 9.258E-07 6.695E-07 4.599E-07 3.493E-07 1.876E-07 1.161E-07
  3.000E-01  2.937E-02 2.147E-02 1.639E-02 1.318E-02 1.083E-02 9.162E-03 7.887E-03 6.909E-03 6.077E-03 5.428E-03 4.910E-03 4.458E-03 3.722E-03 3.161E-03 2.205E-03 1.598E-03 1.189E-03 8.916E-04 4.831E-04 2.224E-04 2.937E-04 2.891E-04 2.717E-04 2.206E-04 1.767E-04 1.154E-04 8.278E-05 5.479E-05 2.757E-05 3.988E-05 3.540E-05 2.238E-05 1.429E-05 1.197E-05 1.027E-05 9.358E-06 8.016E-06 7.032E-06 5.804E-06 4.935E-06 4.245E-06 2.409E-06 1.753E-06 1.484E-06 1.760E-06 1.970E-06 2.216E-06 2.199E-06 2.189E-06 2.038E-06 1.938E-06 1.778E-06 1.679E-06 1.343E-06 1.096E-06 9.258E-07 6.695E-07 4.599E-07 3.493E-07 1.876E-07 1.161E-07
  4.000E-01  2.874E-02 2.114E-02 1.621E-02 1.307E-02 1.075E-02 9.112E-03 7.852E-03 6.884E-03 6.058E-03 5.414E-03 4.898E-03 4.449E-03 3.716E-03 3.157E-03 2.204E-03 1.597E-03 1.188E-03 8.913E-04 4.829E-04 2.223E-04 2.936E-04 2.890E-04 2.717E-04 2.206E-04 1.767E-04 1.154E-04 8.277E-05 5.478E-05 2.757E-05 3.988E-05 3.540E-05 2.237E-05 1.429E-05 1.196E-05 1.027E-05 9.357E-06 8.016E-06 7.032E-06 5.804E-06 4.935E-06 4.244E-06 2.408E-06 1.752E-06 1.484E-06 1.760E-06 1.970E-06 2.215E-06 2.199E-06 2.189E-06 2.038E-06 1.938E-06 1.778E-06 1.679E-06 1.343E-06 1.096E-06 9.258E-07 6.695E-07 4.598E-07 3.493E-07 1.876E-07 1.161E-07
  5.000E-01  2.801E-02 2.075E-02 1.598E-02 1.293E-02 1.066E-02 9.050E-03 7.808E-03 6.852E-03 6.035E-03 5.396E-03 4.884E-03 4.438E-03 3.709E-03 3.152E-03 2.201E-03 1.596E-03 1.188E-03 8.908E-04 4.827E-04 2.222E-04 2.936E-04 2.890E-04 2.716E-04 2.206E-04 1.767E-04 1.154E-04 8.276E-05 5.477E-05 2.756E-05 3.988E-05 3.539E-05 2.237E-05 1.429E-05 1.196E-05 1.027E-05 9.356E-06 8.015E-06 7.031E-06 5.803E-06 4.935E-06 4.244E-06 2.408E-06 1.752E-06 1.484E-06 1.760E-06 1.970E-06 2.215E-06 2.199E-06 2.189E-06 2.038E-06 1.938E-06 1.778E-06 1.679E-06 1.343E-06 1.096E-06 9.257E-07 6.695E-07 4.598E-07 3.493E-07 1.876E-07 1.161E-07
  6.000E-01  2.720E-02 2.031E-02 1.573E-02 1.277E-02 1.055E-02 8.977E-03 7.756E-03 6.814E-03 6.007E-03 5.375E-03 4.867E-03 4.425E-03 3.700E-03 3.146E-03 2.199E-03 1.595E-03 1.187E-03 8.903E-04 4.825E-04 2.221E-04 2.935E-04 2.889E-04 2.716E-04 2.205E-04 1.766E-04 1.153E-04 8.274E-05 5.476E-05 2.756E-05 3.987E-05 3.539E-05 2.237E-05 1.428E-05 1.196E-05 1.027E-05 9.355E-06 8.014E-06 7.030E-06 5.803E-06 4.934E-06 4.243E-06 2.408E-06 1.752E-06 1.483E-06 1.760E-06 1.969E-06 2.215E-06 2.199E-06 2.189E-06 2.038E-06 1.938E-06 1.777E-06 1.679E-06 1.343E-06 1.096E-06 9.257E-07 6.695E-07 4.598E-07 3.493E-07 1.876E-07 1.161E-07
  7.000E-01  2.634E-02 1.983E-02 1.545E-02 1.259E-02 1.043E-02 8.894E-03 7.697E-03 6.770E-03 5.974E-03 5.350E-03 4.848E-03 4.409E-03 3.690E-03 3.139E-03 2.195E-03 1.593E-03 1.186E-03 8.897E-04 4.822E-04 2.220E-04 2.934E-04 2.888E-04 2.715E-04 2.204E-04 1.766E-04 1.153E-04 8.272E-05 5.475E-05 2.755E-05 3.986E-05 3.538E-05 2.237E-05 1.428E-05 1.196E-05 1.026E-05 9.354E-06 8.013E-06 7.029E-06 5.802E-06 4.933E-06 4.243E-06 2.408E-06 1.752E-06 1.483E-06 1.760E-06 1.969E-06 2.215E-06 2.199E-06 2.189E-06 2.038E-06 1.938E-06 1.777E-06 1.678E-06 1.343E-06 1.096E-06 9.257E-07 6.694E-07 4.598E-07 3.493E-07 1.876E-07 1.161E-07
  8.000E-01  2.545E-02 1.932E-02 1.514E-02 1.239E-02 1.030E-02 8.802E-03 7.631E-03 6.722E-03 5.938E-03 5.322E-03 4.826E-03 4.392E-03 3.679E-03 3.131E-03 2.192E-03 1.591E-03 1.185E-03 8.890E-04 4.819E-04 2.219E-04 2.933E-04 2.887E-04 2.714E-04 2.204E-04 1.765E-04 1.153E-04 8.270E-05 5.473E-05 2.754E-05 3.986E-05 3.538E-05 2.236E-05 1.428E-05 1.196E-05 1.026E-05 9.352E-06 8.012E-06 7.028E-06 5.801E-06 4.933E-06 4.242E-06 2.407E-06 1.752E-06 1.483E-06 1.760E-06 1.969E-06 2.215E-06 2.198E-06 2.189E-06 2.038E-06 1.937E-06 1.777E-06 1.678E-06 1.343E-06 1.096E-06 9.256E-07 6.694E-07 4.598E-07 3.493E-07 1.876E-07 1.161E-07
  9.000E-01  2.455E-02 1.880E-02 1.483E-02 1.218E-02 1.016E-02 8.704E-03 7.560E-03 6.669E-03 5.898E-03 5.291E-03 4.801E-03 4.372E-03 3.666E-03 3.122E-03 2.188E-03 1.589E-03 1.183E-03 8.882E-04 4.815E-04 2.218E-04 2.931E-04 2.886E-04 2.713E-04 2.203E-04 1.764E-04 1.152E-04 8.267E-05 5.472E-05 2.754E-05 3.985E-05 3.537E-05 2.236E-05 1.428E-05 1.196E-05 1.026E-05 9.351E-06 8.010E-06 7.027E-06 5.800E-06 4.932E-06 4.242E-06 2.407E-06 1.751E-06 1.483E-06 1.760E-06 1.969E-06 2.215E-06 2.198E-06 2.189E-06 2.038E-06 1.937E-06 1.777E-06 1.678E-06 1.343E-06 1.096E-06 9.256E-07 6.694E-07 4.598E-07 3.493E-07 1.876E-07 1.161E-07
  1.000E+00  2.364E-02 1.826E-02 1.450E-02 1.196E-02 1.001E-02 8.599E-03 7.483E-03 6.611E-03 5.855E-03 5.258E-03 4.775E-03 4.351E-03 3.652E-03 3.113E-03 2.183E-03 1.586E-03 1.182E-03 8.873E-04 4.811E-04 2.217E-04 2.930E-04 2.885E-04 2.712E-04 2.202E-04 1.764E-04 1.152E-04 8.264E-05 5.470E-05 2.753E-05 3.984E-05 3.536E-05 2.235E-05 1.427E-05 1.195E-05 1.026E-05 9.349E-06 8.009E-06 7.025E-06 5.799E-06 4.931E-06 4.241E-06 2.407E-06 1.751E-06 1.483E-06 1.759E-06 1.969E-06 2.215E-06 2.198E-06 2.189E-06 2.038E-06 1.937E-06 1.777E-06 1.678E-06 1.343E-06 1.096E-06 9.255E-07 6.693E-07 4.597E-07 3.492E-07 1.876E-07 1.161E-07
  1.100E+00  2.274E-02 1.772E-02 1.416E-02 1.174E-02 9.856E-03 8.488E-03 7.403E-03 6.551E-03 5.809E-03 5.222E-03 4.746E-03 4.329E-03 3.636E-03 3.102E-03 2.178E-03 1.584E-03 1.180E-03 8.863E-04 4.807E-04 2.215E-04 2.928E-04 2.883E-04 2.710E-04 2.201E-04 1.763E-04 1.151E-04 8.261E-05 5.468E-05 2.752E-05 3.982E-05 3.535E-05 2.234E-05 1.427E-05 1.195E-05 1.026E-05 9.347E-06 8.007E-06 7.024E-06 5.798E-06 4.930E-06 4.240E-06 2.406E-06 1.751E-06 1.482E-06 1.759E-06 1.968E-06 2.214E-06 2.198E-06 2.188E-06 2.037E-06 1.937E-06 1.777E-06 1.678E-06 1.343E-06 1.096E-06 9.255E-07 6.693E-07 4.597E-07 3.492E-07 1.876E-07 1.161E-07
  1.200E+00  2.186E-02 1.718E-02 1.382E-02 1.150E-02 9.695E-03 8.373E-03 7.318E-03 6.487E-03 5.761E-03 5.184E-03 4.716E-03 4.304E-03 3.620E-03 3.091E-03 2.173E-03 1.581E-03 1.179E-03 8.852E-04 4.802E-04 2.213E-04 2.927E-04 2.882E-04 2.709E-04 2.200E-04 1.762E-04 1.151E-04 8.258E-05 5.466E-05 2.751E-05 3.981E-05 3.534E-05 2.234E-05 1.426E-05 1.195E-05 1.025E-05 9.344E-06 8.005E-06 7.022E-06 5.796E-06 4.929E-06 4.239E-06 2.406E-06 1.750E-06 1.482E-06 1.759E-06 1.968E-06 2.214E-06 2.198E-06 2.188E-06 2.037E-06 1.937E-06 1.777E-06 1.678E-06 1.343E-06 1.096E-06 9.254E-07 6.693E-07 4.597E-07 3.492E-07 1.876E-07 1.161E-07
  1.300E+00  2.099E-02 1.664E-02 1.347E-02 1.127E-02 9.530E-03 8.255E-03 7.230E-03 6.421E-03 5.710E-03 5.144E-03 4.684E-03 4.279E-03 3.603E-03 3.079E-03 2.167E-03 1.578E-03 1.177E-03 8.840E-04 4.796E-04 2.211E-04 2.925E-04 2.880E-04 2.707E-04 2.198E-04 1.761E-04 1.150E-04 8.254E-05 5.463E-05 2.750E-05 3.980E-05 3.533E-05 2.233E-05 1.426E-05 1.194E-05 1.025E-05 9.342E-06 8.003E-06 7.020E-06 5.795E-06 4.928E-06 4.238E-06 2.405E-06 1.750E-06 1.482E-06 1.759E-06 1.968E-06 2.214E-06 2.197E-06 2.188E-06 2.037E-06 1.937E-06 1.777E-06 1.678E-06 1.343E-06 1.096E-06 9.253E-07 6.692E-07 4.597E-07 3.492E-07 1.876E-07 1.161E-07
  1.400E+00  2.015E-02 1.610E-02 1.313E-02 1.103E-02 9.362E-03 8.133E-03 7.139E-03 6.352E-03 5.657E-03 5.103E-03 4.651E-03 4.252E-03 3.585E-03 3.066E-03 2.161E-03 1.574E-03 1.175E-03 8.828E-04 4.791E-04 2.209E-04 2.923E-04 2.878E-04 2.706E-04 2.197E-04 1.760E-04 1.150E-04 8.250E-05 5.461E-05 2.749E-05 3.978E-05 3.531E-05 2.232E-05 1.426E-05 1.194E-05 1.025E-05 9.339E-06 8.001E-06 7.018E-06 5.793E-06 4.926E-06 4.237E-06 2.404E-06 1.750E-06 1.482E-06 1.758E-06 1.968E-06 2.213E-06 2.197E-06 2.188E-06 2.037E-06 1.936E-06 1.776E-06 1.678E-06 1.342E-06 1.096E-06 9.252E-07 6.692E-07 4.596E-07 3.492E-07 1.876E-07 1.161E-07
  1.500E+00  1.933E-02 1.558E-02 1.278E-02 1.079E-02 9.192E-03 8.009E-03 7.047E-03 6.281E-03 5.603E-03 5.060E-03 4.616E-03 4.224E-03 3.565E-03 3.053E-03 2.154E-03 1.571E-03 1.173E-03 8.814E-04 4.785E-04 2.207E-04 2.921E-04 2.876E-04 2.704E-04 2.196E-04 1.759E-04 1.149E-04 8.246E-05 5.458E-05 2.747E-05 3.977E-05 3.530E-05 2.232E-05 1.425E-05 1.194E-05 1.024E-05 9.336E-06 7.998E-06 7.016E-06 5.792E-06 4.925E-06 4.236E-06 2.404E-06 1.749E-06 1.481E-06 1.758E-06 1.967E-06 2.213E-06 2.197E-06 2.187E-06 2.037E-06 1.936E-06 1.776E-06 1.677E-06 1.342E-06 1.095E-06 9.252E-07 6.691E-07 4.596E-07 3.491E-07 1.875E-07 1.161E-07
  1.600E+00  1.854E-02 1.507E-02 1.244E-02 1.055E-02 9.021E-03 7.884E-03 6.952E-03 6.208E-03 5.547E-03 5.016E-03 4.580E-03 4.195E-03 3.546E-03 3.039E-03 2.148E-03 1.567E-03 1.170E-03 8.800E-04 4.778E-04 2.205E-04 2.918E-04 2.874E-04 2.702E-04 2.194E-04 1.758E-04 1.148E-04 8.241E-05 5.455E-05 2.746E-05 3.975E-05 3.529E-05 2.231E-05 1.425E-05 1.193E-05 1.024E-05 9.333E-06 7.996E-06 7.014E-06 5.790E-06 4.924E-06 4.234E-06 2.403E-06 1.749E-06 1.481E-06 1.758E-06 1.967E-06 2.213E-06 2.197E-06 2.187E-06 2.036E-06 1.936E-06 1.776E-06 1.677E-06 1.342E-06 1.095E-06 9.251E-07 6.691E-07 4.596E-07 3.491E-07 1.875E-07 1.161E-07
  1.700E+00  1.778E-02 1.456E-02 1.211E-02 1.031E-02 8.849E-03 7.757E-03 6.856E-03 6.134E-03 5.489E-03 4.970E-03 4.543E-03 4.165E-03 3.525E-03 3.024E-03 2.140E-03 1.563E-03 1.168E-03 8.785E-04 4.771E-04 2.202E-04 2.916E-04 2.872E-04 2.700E-04 2.193E-04 1.757E-04 1.147E-04 8.236E-05 5.452E-05 2.745E-05 3.974E-05 3.527E-05 2.230E-05 1.424E-05 1.193E-05 1.024E-05 9.330E-06 7.993E-06 7.012E-06 5.788E-06 4.922E-06 4.233E-06 2.402E-06 1.748E-06 1.481E-06 1.757E-06 1.967E-06 2.212E-06 2.196E-06 2.187E-06 2.036E-06 1.936E-06 1.776E-06 1.677E-06 1.342E-06 1.095E-06 9.250E-07 6.690E-07 4.595E-07 3.491E-07 1.875E-07 1.161E-07
  1.800E+00  1.704E-02 1.407E-02 1.178E-02 1.007E-02 8.677E-03 7.630E-03 6.759E-03 6.059E-03 5.431E-03 4.923E-03 4.505E-03 4.134E-03 3.503E-03 3.009E-03 2.133E-03 1.559E-03 1.166E-03 8.770E-04 4.764E-04 2.200E-04 2.913E-04 2.870E-04 2.698E-04 2.191E-04 1.755E-04 1.147E-04 8.231E-05 5.449E-05 2.743E-05 3.972E-05 3.525E-05 2.229E-05 1.423E-05 1.192E-05 1.023E-05 9.326E-06 7.990E-06 7.009E-06 5.786E-06 4.920E-06 4.232E-06 2.402E-06 1.748E-06 1.480E-06 1.757E-06 1.966E-06 2.212E-06 2.196E-06 2.186E-06 2.036E-06 1.936E-06 1.776E-06 1.677E-06 1.342E-06 1.095E-06 9.249E-07 6.689E-07 4.595E-07 3.490E-07 1.875E-07 1.161E-07
  1.900E+00  1.634E-02 1.360E-02 1.145E-02 9.836E-03 8.506E-03 7.503E-03 6.661E-03 5.983E-03 5.372E-03 4.876E-03 4.466E-03 4.102E-03 3.481E-03 2.993E-03 2.125E-03 1.555E-03 1.163E-03 8.753E-04 4.756E-04 2.197E-04 2.910E-04 2.867E-04 2.695E-04 2.189E-04 1.754E-04 1.146E-04 8.225E-05 5.445E-05 2.741E-05 3.970E-05 3.524E-05 2.228E-05 1.423E-05 1.192E-05 1.023E-05 9.323E-06 7.987E-06 7.007E-06 5.784E-06 4.919E-06 4.230E-06 2.401E-06 1.747E-06 1.480E-06 1.757E-06 1.966E-06 2.212E-06 2.195E-06 2.186E-06 2.035E-06 1.935E-06 1.775E-06 1.677E-06 1.342E-06 1.095E-06 9.248E-07 6.689E-07 4.594E-07 3.490E-07 1.875E-07 1.161E-07
  2.000E+00  1.567E-02 1.314E-02 1.113E-02 9.604E-03 8.336E-03 7.375E-03 6.563E-03 5.906E-03 5.311E-03 4.827E-03 4.427E-03 4.069E-03 3.459E-03 2.977E-03 2.117E-03 1.550E-03 1.160E-03 8.736E-04 4.748E-04 2.194E-04 2.908E-04 2.864E-04 2.693E-04 2.187E-04 1.752E-04 1.145E-04 8.220E-05 5.441E-05 2.740E-05 3.968E-05 3.522E-05 2.227E-05 1.422E-05 1.191E-05 1.022E-05 9.319E-06 7.984E-06 7.004E-06 5.782E-06 4.917E-06 4.229E-06 2.400E-06 1.747E-06 1.479E-06 1.756E-06 1.965E-06 2.211E-06 2.195E-06 2.186E-06 2.035E-06 1.935E-06 1.775E-06 1.676E-06 1.342E-06 1.095E-06 9.247E-07 6.688E-07 4.594E-07 3.490E-07 1.875E-07 1.160E-07
  3.000E+00  1.039E-02 9.308E-03 8.368E-03 7.504E-03 6.753E-03 6.153E-03 5.599E-03 5.136E-03 4.696E-03 4.325E-03 4.009E-03 3.722E-03 3.211E-03 2.796E-03 2.024E-03 1.498E-03 1.128E-03 8.525E-04 4.650E-04 2.159E-04 2.872E-04 2.832E-04 2.663E-04 2.164E-04 1.734E-04 1.134E-04 8.147E-05 5.395E-05 2.718E-05 3.942E-05 3.498E-05 2.213E-05 1.414E-05 1.184E-05 1.017E-05 9.269E-06 7.942E-06 6.968E-06 5.753E-06 4.893E-06 4.208E-06 2.389E-06 1.739E-06 1.474E-06 1.751E-06 1.960E-06 2.206E-06 2.190E-06 2.181E-06 2.031E-06 1.931E-06 1.772E-06 1.673E-06 1.339E-06 1.093E-06 9.233E-07 6.678E-07 4.588E-07 3.485E-07 1.873E-07 1.159E-07
  4.000E+00  7.088E-03 6.711E-03 6.329E-03 5.873E-03 5.460E-03 5.103E-03 4.741E-03 4.425E-03 4.111E-03 3.835E-03 3.591E-03 3.365E-03 2.948E-03 2.597E-03 1.915E-03 1.434E-03 1.087E-03 8.257E-04 4.521E-04 2.113E-04 2.824E-04 2.788E-04 2.623E-04 2.132E-04 1.709E-04 1.119E-04 8.047E-05 5.331E-05 2.689E-05 3.906E-05 3.467E-05 2.193E-05 1.402E-05 1.175E-05 1.009E-05 9.201E-06 7.886E-06 6.919E-06 5.714E-06 4.860E-06 4.180E-06 2.373E-06 1.729E-06 1.466E-06 1.743E-06 1.952E-06 2.198E-06 2.183E-06 2.174E-06 2.025E-06 1.926E-06 1.767E-06 1.669E-06 1.336E-06 1.091E-06 9.213E-07 6.665E-07 4.579E-07 3.479E-07 1.869E-07 1.157E-07
  5.000E+00  4.995E-03 4.961E-03 4.860E-03 4.654E-03 4.449E-03 4.246E-03 4.020E-03 3.809E-03 3.592E-03 3.389E-03 3.202E-03 3.026E-03 2.689E-03 2.396E-03 1.800E-03 1.363E-03 1.041E-03 7.947E-04 4.369E-04 2.058E-04 2.767E-04 2.735E-04 2.573E-04 2.093E-04 1.679E-04 1.100E-04 7.924E-05 5.252E-05 2.652E-05 3.861E-05 3.427E-05 2.169E-05 1.388E-05 1.164E-05 9.996E-06 9.116E-06 7.814E-06 6.857E-06 5.664E-06 4.819E-06 4.145E-06 2.354E-06 1.716E-06 1.456E-06 1.734E-06 1.942E-06 2.189E-06 2.174E-06 2.165E-06 2.018E-06 1.920E-06 1.762E-06 1.664E-06 1.332E-06 1.088E-06 9.188E-07 6.648E-07 4.569E-07 3.471E-07 1.866E-07 1.155E-07
  6.000E+00  3.628E-03 3.762E-03 3.800E-03 3.747E-03 3.665E-03 3.558E-03 3.427E-03 3.289E-03 3.143E-03 2.995E-03 2.853E-03 2.716E-03 2.446E-03 2.201E-03 1.683E-03 1.289E-03 9.916E-04 7.609E-04 4.199E-04 1.996E-04 2.701E-04 2.674E-04 2.517E-04 2.047E-04 1.643E-04 1.078E-04 7.779E-05 5.159E-05 2.610E-05 3.808E-05 3.379E-05 2.140E-05 1.371E-05 1.150E-05 9.881E-06 9.014E-06 7.729E-06 6.783E-06 5.605E-06 4.770E-06 4.103E-06 2.331E-06 1.700E-06 1.444E-06 1.722E-06 1.930E-06 2.177E-06 2.164E-06 2.155E-06 2.009E-06 1.912E-06 1.755E-06 1.658E-06 1.327E-06 1.084E-06 9.157E-07 6.628E-07 4.555E-07 3.462E-07 1.861E-07 1.152E-07
  8.000E+00  2.108E-03 2.326E-03 2.461E-03 2.543E-03 2.574E-03 2.567E-03 2.541E-03 2.491E-03 2.429E-03 2.354E-03 2.273E-03 2.189E-03 2.017E-03 1.846E-03 1.457E-03 1.140E-03 8.884E-04 6.886E-04 3.827E-04 1.858E-04 2.552E-04 2.534E-04 2.386E-04 1.942E-04 1.560E-04 1.027E-04 7.437E-05 4.939E-05 2.508E-05 3.681E-05 3.266E-05 2.071E-05 1.330E-05 1.116E-05 9.603E-06 8.766E-06 7.521E-06 6.603E-06 5.460E-06 4.651E-06 4.001E-06 2.275E-06 1.662E-06 1.415E-06 1.694E-06 1.901E-06 2.148E-06 2.137E-06 2.129E-06 1.988E-06 1.892E-06 1.737E-06 1.642E-06 1.315E-06 1.074E-06 9.081E-07 6.576E-07 4.522E-07 3.438E-07 1.849E-07 1.146E-07
  1.000E+01  1.384E-03 1.568E-03 1.715E-03 1.818E-03 1.886E-03 1.919E-03 1.936E-03 1.929E-03 1.907E-03 1.871E-03 1.827E-03 1.776E-03 1.665E-03 1.544E-03 1.251E-03 9.964E-04 7.862E-04 6.150E-04 3.438E-04 1.712E-04 2.388E-04 2.377E-04 2.238E-04 1.823E-04 1.466E-04 9.686E-05 7.042E-05 4.684E-05 2.391E-05 3.532E-05 3.131E-05 1.990E-05 1.280E-05 1.076E-05 9.271E-06 8.470E-06 7.273E-06 6.388E-06 5.288E-06 4.507E-06 3.878E-06 2.208E-06 1.616E-06 1.379E-06 1.659E-06 1.865E-06 2.112E-06 2.104E-06 2.096E-06 1.960E-06 1.867E-06 1.716E-06 1.621E-06 1.300E-06 1.063E-06 8.984E-07 6.511E-07 4.480E-07 3.407E-07 1.834E-07 1.137E-07
  1.200E+01  9.892E-04 1.136E-03 1.267E-03 1.362E-03 1.435E-03 1.479E-03 1.510E-03 1.523E-03 1.520E-03 1.505E-03 1.482E-03 1.451E-03 1.377E-03 1.292E-03 1.069E-03 8.646E-04 6.896E-04 5.440E-04 3.055E-04 1.565E-04 2.217E-04 2.211E-04 2.083E-04 1.697E-04 1.366E-04 9.058E-05 6.615E-05 4.407E-05 2.262E-05 3.366E-05 2.982E-05 1.899E-05 1.225E-05 1.031E-05 8.898E-06 8.137E-06 6.993E-06 6.145E-06 5.092E-06 4.345E-06 3.739E-06 2.132E-06 1.564E-06 1.339E-06 1.619E-06 1.823E-06 2.069E-06 2.064E-06 2.058E-06 1.928E-06 1.838E-06 1.690E-06 1.597E-06 1.282E-06 1.048E-06 8.868E-07 6.433E-07 4.430E-07 3.370E-07 1.815E-07 1.126E-07
  1.400E+01  7.565E-04 8.728E-04 9.782E-04 1.059E-03 1.125E-03 1.171E-03 1.204E-03 1.223E-03 1.228E-03 1.224E-03 1.212E-03 1.194E-03 1.144E-03 1.082E-03 9.103E-04 7.462E-04 6.009E-04 4.776E-04 2.691E-04 1.422E-04 2.046E-04 2.044E-04 1.925E-04 1.568E-04 1.264E-04 8.411E-05 6.171E-05 4.120E-05 2.129E-05 3.190E-05 2.824E-05 1.801E-05 1.167E-05 9.834E-06 8.497E-06 7.777E-06 6.691E-06 5.882E-06 4.881E-06 4.169E-06 3.588E-06 2.050E-06 1.508E-06 1.294E-06 1.574E-06 1.776E-06 2.022E-06 2.020E-06 2.014E-06 1.891E-06 1.804E-06 1.660E-06 1.570E-06 1.261E-06 1.032E-06 8.734E-07 6.342E-07 4.371E-07 3.327E-07 1.794E-07 1.114E-07
  1.600E+01  6.082E-04 7.005E-04 7.824E-04 8.501E-04 9.042E-04 9.466E-04 9.766E-04 9.951E-04 1.004E-03 1.004E-03 9.990E-04 9.878E-04 9.531E-04 9.077E-04 7.738E-04 6.417E-04 5.209E-04 4.169E-04 2.357E-04 1.287E-04 1.879E-04 1.879E-04 1.769E-04 1.441E-04 1.162E-04 7.765E-05 5.725E-05 3.829E-05 1.993E-05 3.009E-05 2.661E-05 1.701E-05 1.105E-05 9.332E-06 8.078E-06 7.401E-06 6.374E-06 5.607E-06 4.658E-06 3.983E-06 3.429E-06 1.963E-06 1.448E-06 1.247E-06 1.525E-06 1.725E-06 1.969E-06 1.971E-06 1.966E-06 1.850E-06 1.767E-06 1.627E-06 1.539E-06 1.238E-06 1.014E-06 8.584E-07 6.240E-07 4.305E-07 3.279E-07 1.770E-07 1.100E-07
  1.800E+01  5.039E-04 5.800E-04 6.407E-04 6.985E-04 7.409E-04 7.769E-04 8.030E-04 8.183E-04 8.280E-04 8.305E-04 8.281E-04 8.209E-04 7.966E-04 7.621E-04 6.569E-04 5.505E-04 4.501E-04 3.625E-04 2.054E-04 1.161E-04 1.719E-04 1.719E-04 1.617E-04 1.317E-04 1.063E-04 7.135E-05 5.285E-05 3.543E-05 1.858E-05 2.826E-05 2.496E-05 1.599E-05 1.043E-05 8.822E-06 7.649E-06 7.016E-06 6.049E-06 5.324E-06 4.430E-06 3.792E-06 3.266E-06 1.873E-06 1.385E-06 1.197E-06 1.474E-06 1.670E-06 1.913E-06 1.918E-06 1.914E-06 1.805E-06 1.727E-06 1.591E-06 1.506E-06 1.212E-06 9.935E-07 8.419E-07 6.128E-07 4.232E-07 3.225E-07 1.743E-07 1.084E-07
  2.000E+01  4.244E-04 4.899E-04 5.331E-04 5.829E-04 6.168E-04 6.453E-04 6.670E-04 6.786E-04 6.886E-04 6.917E-04 6.899E-04 6.851E-04 6.675E-04 6.408E-04 5.575E-04 4.714E-04 3.878E-04 3.143E-04 1.785E-04 1.044E-04 1.568E-04 1.568E-04 1.473E-04 1.199E-04 9.692E-05 6.530E-05 4.861E-05 3.265E-05 1.727E-05 2.644E-05 2.333E-05 1.498E-05 9.811E-06 8.312E-06 7.220E-06 6.629E-06 5.722E-06 5.040E-06 4.199E-06 3.599E-06 3.101E-06 1.782E-06 1.322E-06 1.146E-06 1.420E-06 1.613E-06 1.854E-06 1.862E-06 1.859E-06 1.758E-06 1.683E-06 1.552E-06 1.470E-06 1.184E-06 9.718E-07 8.241E-07 6.006E-07 4.153E-07 3.167E-07 1.714E-07 1.067E-07
  2.200E+01  3.671E-04 4.154E-04 4.526E-04 4.899E-04 5.184E-04 5.395E-04 5.570E-04 5.676E-04 5.757E-04 5.787E-04 5.776E-04 5.740E-04 5.605E-04 5.399E-04 4.731E-04 4.032E-04 3.337E-04 2.719E-04 1.548E-04 9.378E-05 1.427E-04 1.425E-04 1.338E-04 1.089E-04 8.804E-05 5.958E-05 4.456E-05 3.001E-05 1.601E-05 2.467E-05 2.174E-05 1.400E-05 9.200E-06 7.808E-06 6.794E-06 6.245E-06 5.397E-06 4.757E-06 3.970E-06 3.407E-06 2.936E-06 1.691E-06 1.258E-06 1.094E-06 1.365E-06 1.554E-06 1.792E-06 1.804E-06 1.802E-06 1.708E-06 1.637E-06 1.511E-06 1.432E-06 1.155E-06 9.487E-07 8.052E-07 5.877E-07 4.068E-07 3.104E-07 1.683E-07 1.049E-07
  2.400E+01  3.221E-04 3.578E-04 3.883E-04 4.154E-04 4.377E-04 4.554E-04 4.684E-04 4.773E-04 4.832E-04 4.858E-04 4.854E-04 4.826E-04 4.720E-04 4.558E-04 4.018E-04 3.448E-04 2.869E-04 2.350E-04 1.341E-04 8.413E-05 1.295E-04 1.292E-04 1.212E-04 9.854E-05 7.978E-05 5.422E-05 4.075E-05 2.751E-05 1.480E-05 2.296E-05 2.020E-05 1.304E-05 8.606E-06 7.317E-06 6.379E-06 5.870E-06 5.079E-06 4.479E-06 3.744E-06 3.217E-06 2.773E-06 1.601E-06 1.194E-06 1.043E-06 1.309E-06 1.494E-06 1.729E-06 1.744E-06 1.743E-06 1.656E-06 1.590E-06 1.468E-06 1.392E-06 1.125E-06 9.245E-07 7.852E-07 5.739E-07 3.978E-07 3.038E-07 1.649E-07 1.030E-07
  2.600E+01  2.840E-04 3.113E-04 3.346E-04 3.551E-04 3.724E-04 3.867E-04 3.966E-04 4.033E-04 4.075E-04 4.096E-04 4.093E-04 4.072E-04 3.986E-04 3.856E-04 3.416E-04 2.950E-04 2.466E-04 2.030E-04 1.162E-04 7.542E-05 1.174E-04 1.170E-04 1.096E-04 8.903E-05 7.215E-05 4.924E-05 3.719E-05 2.516E-05 1.366E-05 2.132E-05 1.873E-05 1.212E-05 8.033E-06 6.842E-06 5.975E-06 5.505E-06 4.769E-06 4.209E-06 3.523E-06 3.031E-06 2.614E-06 1.512E-06 1.132E-06 9.917E-07 1.253E-06 1.433E-06 1.665E-06 1.682E-06 1.682E-06 1.603E-06 1.541E-06 1.424E-06 1.351E-06 1.093E-06 8.993E-07 7.644E-07 5.596E-07 3.884E-07 2.969E-07 1.614E-07 1.009E-07
  2.800E+01  2.503E-04 2.706E-04 2.897E-04 3.056E-04 3.184E-04 3.296E-04 3.371E-04 3.421E-04 3.452E-04 3.468E-04 3.462E-04 3.446E-04 3.374E-04 3.268E-04 2.907E-04 2.525E-04 2.121E-04 1.754E-04 1.006E-04 6.758E-05 1.063E-04 1.057E-04 9.891E-05 8.031E-05 6.515E-05 4.466E-05 3.388E-05 2.299E-05 1.258E-05 1.976E-05 1.734E-05 1.125E-05 7.484E-06 6.387E-06 5.588E-06 5.153E-06 4.469E-06 3.948E-06 3.309E-06 2.851E-06 2.459E-06 1.427E-06 1.071E-06 9.413E-07 1.197E-06 1.373E-06 1.600E-06 1.620E-06 1.620E-06 1.549E-06 1.490E-06 1.379E-06 1.309E-06 1.060E-06 8.733E-07 7.430E-07 5.447E-07 3.786E-07 2.896E-07 1.577E-07 9.874E-08
  3.000E+01  2.184E-04 2.379E-04 2.499E-04 2.646E-04 2.742E-04 2.824E-04 2.879E-04 2.911E-04 2.939E-04 2.950E-04 2.939E-04 2.924E-04 2.865E-04 2.776E-04 2.478E-04 2.164E-04 1.825E-04 1.516E-04 8.724E-05 6.055E-05 9.620E-05 9.541E-05 8.918E-05 7.236E-05 5.876E-05 4.045E-05 3.083E-05 2.097E-05 1.158E-05 1.829E-05 1.602E-05 1.043E-05 6.963E-06 5.952E-06 5.217E-06 4.817E-06 4.182E-06 3.697E-06 3.104E-06 2.677E-06 2.311E-06 1.343E-06 1.011E-06 8.921E-07 1.142E-06 1.312E-06 1.535E-06 1.558E-06 1.559E-06 1.494E-06 1.439E-06 1.333E-06 1.266E-06 1.027E-06 8.468E-07 7.209E-07 5.295E-07 3.685E-07 2.821E-07 1.539E-07 9.650E-08
  3.200E+01  1.917E-04 2.087E-04 2.180E-04 2.287E-04 2.370E-04 2.428E-04 2.468E-04 2.490E-04 2.511E-04 2.517E-04 2.505E-04 2.487E-04 2.439E-04 2.364E-04 2.117E-04 1.858E-04 1.573E-04 1.312E-04 7.571E-05 5.426E-05 8.698E-05 8.606E-05 8.034E-05 6.515E-05 5.296E-05 3.661E-05 2.803E-05 1.912E-05 1.065E-05 1.690E-05 1.479E-05 9.649E-06 6.469E-06 5.540E-06 4.864E-06 4.496E-06 3.909E-06 3.457E-06 2.907E-06 2.510E-06 2.168E-06 1.263E-06 9.537E-07 8.442E-07 1.087E-06 1.253E-06 1.471E-06 1.495E-06 1.497E-06 1.439E-06 1.388E-06 1.287E-06 1.223E-06 9.930E-07 8.198E-07 6.985E-07 5.139E-07 3.582E-07 2.745E-07 1.500E-07 9.418E-08
  3.400E+01  1.725E-04 1.824E-04 1.915E-04 1.986E-04 2.047E-04 2.091E-04 2.121E-04 2.138E-04 2.148E-04 2.152E-04 2.142E-04 2.125E-04 2.082E-04 2.019E-04 1.813E-04 1.598E-04 1.357E-04 1.137E-04 6.579E-05 4.863E-05 7.862E-05 7.759E-05 7.234E-05 5.863E-05 4.770E-05 3.312E-05 2.547E-05 1.742E-05 9.779E-06 1.560E-05 1.363E-05 8.920E-06 6.005E-06 5.151E-06 4.530E-06 4.192E-06 3.648E-06 3.229E-06 2.720E-06 2.351E-06 2.031E-06 1.187E-06 8.984E-07 7.978E-07 1.034E-06 1.194E-06 1.407E-06 1.433E-06 1.435E-06 1.384E-06 1.336E-06 1.240E-06 1.179E-06 9.589E-07 7.925E-07 6.759E-07 4.980E-07 3.477E-07 2.666E-07 1.460E-07 9.181E-08
  3.600E+01  1.530E-04 1.596E-04 1.679E-04 1.726E-04 1.774E-04 1.803E-04 1.825E-04 1.842E-04 1.844E-04 1.846E-04 1.836E-04 1.822E-04 1.782E-04 1.731E-04 1.556E-04 1.376E-04 1.173E-04 9.865E-05 5.726E-05 4.361E-05 7.105E-05 6.993E-05 6.512E-05 5.275E-05 4.296E-05 2.995E-05 2.313E-05 1.586E-05 8.978E-06 1.439E-05 1.256E-05 8.240E-06 5.568E-06 4.785E-06 4.215E-06 3.904E-06 3.402E-06 3.014E-06 2.542E-06 2.200E-06 1.902E-06 1.114E-06 8.454E-07 7.531E-07 9.822E-07 1.137E-06 1.344E-06 1.372E-06 1.375E-06 1.329E-06 1.285E-06 1.194E-06 1.136E-06 9.247E-07 7.651E-07 6.531E-07 4.820E-07 3.370E-07 2.587E-07 1.419E-07 8.939E-08
  3.800E+01  1.358E-04 1.411E-04 1.471E-04 1.502E-04 1.540E-04 1.567E-04 1.578E-04 1.590E-04 1.589E-04 1.589E-04 1.579E-04 1.567E-04 1.531E-04 1.487E-04 1.339E-04 1.189E-04 1.016E-04 8.575E-05 4.992E-05 3.913E-05 6.421E-05 6.302E-05 5.862E-05 4.747E-05 3.870E-05 2.709E-05 2.101E-05 1.444E-05 8.239E-06 1.327E-05 1.156E-05 7.607E-06 5.160E-06 4.441E-06 3.919E-06 3.633E-06 3.170E-06 2.810E-06 2.373E-06 2.057E-06 1.779E-06 1.044E-06 7.947E-07 7.103E-07 9.320E-07 1.081E-06 1.282E-06 1.312E-06 1.315E-06 1.275E-06 1.234E-06 1.147E-06 1.092E-06 8.907E-07 7.377E-07 6.303E-07 4.660E-07 3.263E-07 2.507E-07 1.378E-07 8.693E-08
  4.000E+01  1.194E-04 1.252E-04 1.289E-04 1.322E-04 1.346E-04 1.367E-04 1.373E-04 1.375E-04 1.375E-04 1.373E-04 1.362E-04 1.351E-04 1.320E-04 1.281E-04 1.155E-04 1.029E-04 8.822E-05 7.469E-05 4.360E-05 3.513E-05 5.804E-05 5.681E-05 5.278E-05 4.272E-05 3.486E-05 2.449E-05 1.907E-05 1.314E-05 7.559E-06 1.223E-05 1.064E-05 7.019E-06 4.778E-06 4.120E-06 3.641E-06 3.379E-06 2.951E-06 2.618E-06 2.215E-06 1.922E-06 1.662E-06 9.782E-07 7.465E-07 6.693E-07 8.834E-07 1.027E-06 1.223E-06 1.253E-06 1.257E-06 1.221E-06 1.184E-06 1.102E-06 1.050E-06 8.569E-07 7.105E-07 6.075E-07 4.499E-07 3.156E-07 2.427E-07 1.336E-07 8.445E-08
  4.200E+01  1.059E-04 1.103E-04 1.135E-04 1.161E-04 1.179E-04 1.190E-04 1.196E-04 1.196E-04 1.194E-04 1.191E-04 1.181E-04 1.167E-04 1.141E-04 1.107E-04 9.999E-05 8.930E-05 7.675E-05 6.518E-05 3.815E-05 3.157E-05 5.248E-05 5.122E-05 4.753E-05 3.845E-05 3.141E-05 2.216E-05 1.732E-05 1.197E-05 6.934E-06 1.126E-05 9.790E-06 6.474E-06 4.424E-06 3.820E-06 3.382E-06 3.141E-06 2.747E-06 2.438E-06 2.065E-06 1.794E-06 1.553E-06 9.159E-07 7.008E-07 6.302E-07 8.367E-07 9.748E-07 1.164E-06 1.196E-06 1.200E-06 1.169E-06 1.135E-06 1.057E-06 1.007E-06 8.235E-07 6.836E-07 5.850E-07 4.340E-07 3.048E-07 2.346E-07 1.295E-07 8.197E-08
  4.400E+01  9.447E-05 9.723E-05 1.002E-04 1.019E-04 1.034E-04 1.039E-04 1.042E-04 1.044E-04 1.039E-04 1.036E-04 1.026E-04 1.014E-04 9.893E-05 9.599E-05 8.678E-05 7.770E-05 6.693E-05 5.701E-05 3.345E-05 2.840E-05 4.747E-05 4.620E-05 4.283E-05 3.464E-05 2.832E-05 2.005E-05 1.573E-05 1.090E-05 6.360E-06 1.037E-05 9.004E-06 5.970E-06 4.094E-06 3.540E-06 3.139E-06 2.919E-06 2.555E-06 2.270E-06 1.925E-06 1.674E-06 1.450E-06 8.571E-07 6.575E-07 5.931E-07 7.920E-07 9.246E-07 1.108E-06 1.140E-06 1.144E-06 1.118E-06 1.087E-06 1.013E-06 9.659E-07 7.907E-07 6.571E-07 5.628E-07 4.182E-07 2.942E-07 2.267E-07 1.253E-07 7.948E-08
  4.600E+01  8.498E-05 8.567E-05 8.887E-05 8.932E-05 9.061E-05 9.115E-05 9.101E-05 9.120E-05 9.060E-05 9.024E-05 8.940E-05 8.841E-05 8.609E-05 8.355E-05 7.555E-05 6.778E-05 5.852E-05 4.997E-05 2.940E-05 2.557E-05 4.297E-05 4.170E-05 3.862E-05 3.122E-05 2.555E-05 1.815E-05 1.430E-05 9.927E-06 5.835E-06 9.546E-06 8.281E-06 5.504E-06 3.788E-06 3.281E-06 2.913E-06 2.711E-06 2.376E-06 2.112E-06 1.794E-06 1.562E-06 1.353E-06 8.019E-07 6.167E-07 5.579E-07 7.492E-07 8.765E-07 1.054E-06 1.086E-06 1.091E-06 1.069E-06 1.040E-06 9.701E-07 9.255E-07 7.585E-07 6.311E-07 5.409E-07 4.027E-07 2.837E-07 2.188E-07 1.212E-07 7.701E-08
  4.800E+01  7.554E-05 7.686E-05 7.857E-05 7.908E-05 7.963E-05 8.037E-05 8.008E-05 7.993E-05 7.925E-05 7.889E-05 7.813E-05 7.726E-05 7.520E-05 7.292E-05 6.596E-05 5.930E-05 5.129E-05 4.390E-05 2.589E-05 2.305E-05 3.892E-05 3.767E-05 3.485E-05 2.816E-05 2.307E-05 1.645E-05 1.300E-05 9.046E-06 5.354E-06 8.789E-06 7.617E-06 5.075E-06 3.504E-06 3.040E-06 2.703E-06 2.518E-06 2.209E-06 1.965E-06 1.671E-06 1.457E-06 1.262E-06 7.500E-07 5.782E-07 5.246E-07 7.085E-07 8.306E-07 1.002E-06 1.034E-06 1.039E-06 1.021E-06 9.945E-07 9.283E-07 8.861E-07 7.271E-07 6.056E-07 5.195E-07 3.874E-07 2.733E-07 2.110E-07 1.171E-07 7.456E-08
  5.000E+01  6.696E-05 6.798E-05 6.939E-05 7.037E-05 7.056E-05 7.084E-05 7.058E-05 7.033E-05 6.975E-05 6.936E-05 6.855E-05 6.766E-05 6.587E-05 6.382E-05 5.777E-05 5.203E-05 4.507E-05 3.867E-05 2.285E-05 2.081E-05 3.528E-05 3.405E-05 3.147E-05 2.542E-05 2.085E-05 1.491E-05 1.182E-05 8.248E-06 4.915E-06 8.093E-06 7.006E-06 4.680E-06 3.242E-06 2.817E-06 2.508E-06 2.339E-06 2.054E-06 1.828E-06 1.557E-06 1.358E-06 1.178E-06 7.013E-07 5.421E-07 4.932E-07 6.698E-07 7.868E-07 9.518E-07 9.846E-07 9.897E-07 9.744E-07 9.505E-07 8.879E-07 8.479E-07 6.966E-07 5.808E-07 4.987E-07 3.724E-07 2.632E-07 2.033E-07 1.131E-07 7.214E-08
  5.200E+01  5.950E-05 6.032E-05 6.163E-05 6.219E-05 6.270E-05 6.256E-05 6.221E-05 6.209E-05 6.154E-05 6.115E-05 6.042E-05 5.947E-05 5.786E-05 5.606E-05 5.076E-05 4.578E-05 3.971E-05 3.414E-05 2.021E-05 1.881E-05 3.201E-05 3.081E-05 2.845E-05 2.298E-05 1.885E-05 1.353E-05 1.076E-05 7.524E-06 4.513E-06 7.454E-06 6.447E-06 4.317E-06 3.000E-06 2.610E-06 2.328E-06 2.172E-06 1.909E-06 1.701E-06 1.450E-06 1.267E-06 1.099E-06 6.559E-07 5.082E-07 4.637E-07 6.331E-07 7.452E-07 9.042E-07 9.370E-07 9.422E-07 9.299E-07 9.080E-07 8.488E-07 8.110E-07 6.671E-07 5.567E-07 4.784E-07 3.578E-07 2.533E-07 1.959E-07 1.092E-07 6.976E-08
  5.400E+01  5.394E-05 5.356E-05 5.527E-05 5.495E-05 5.544E-05 5.522E-05 5.496E-05 5.505E-05 5.427E-05 5.392E-05 5.340E-05 5.253E-05 5.098E-05 4.944E-05 4.474E-05 4.039E-05 3.509E-05 3.021E-05 1.791E-05 1.702E-05 2.906E-05 2.791E-05 2.575E-05 2.079E-05 1.707E-05 1.228E-05 9.803E-06 6.870E-06 4.147E-06 6.868E-06 5.934E-06 3.983E-06 2.777E-06 2.420E-06 2.161E-06 2.018E-06 1.775E-06 1.582E-06 1.351E-06 1.182E-06 1.025E-06 6.134E-07 4.764E-07 4.360E-07 5.984E-07 7.057E-07 8.589E-07 8.915E-07 8.968E-07 8.871E-07 8.672E-07 8.112E-07 7.754E-07 6.385E-07 5.334E-07 4.587E-07 3.437E-07 2.436E-07 1.886E-07 1.054E-07 6.744E-08
  5.600E+01  4.838E-05 4.797E-05 4.918E-05 4.922E-05 4.915E-05 4.929E-05 4.891E-05 4.880E-05 4.808E-05 4.775E-05 4.721E-05 4.654E-05 4.513E-05 4.373E-05 3.955E-05 3.575E-05 3.109E-05 2.681E-05 1.592E-05 1.543E-05 2.642E-05 2.531E-05 2.333E-05 1.883E-05 1.547E-05 1.117E-05 8.937E-06 6.277E-06 3.813E-06 6.331E-06 5.465E-06 3.677E-06 2.572E-06 2.244E-06 2.006E-06 1.875E-06 1.651E-06 1.473E-06 1.259E-06 1.102E-06 9.571E-07 5.739E-07 4.468E-07 4.100E-07 5.657E-07 6.685E-07 8.158E-07 8.482E-07 8.536E-07 8.463E-07 8.281E-07 7.751E-07 7.413E-07 6.110E-07 5.110E-07 4.397E-07 3.300E-07 2.343E-07 1.815E-07 1.016E-07 6.518E-08
  5.800E+01  4.289E-05 4.334E-05 4.371E-05 4.411E-05 4.394E-05 4.420E-05 4.367E-05 4.328E-05 4.284E-05 4.251E-05 4.189E-05 4.133E-05 4.012E-05 3.878E-05 3.507E-05 3.174E-05 2.762E-05 2.385E-05 1.418E-05 1.401E-05 2.405E-05 2.297E-05 2.116E-05 1.707E-05 1.404E-05 1.016E-05 8.156E-06 5.741E-06 3.509E-06 5.839E-06 5.036E-06 3.396E-06 2.383E-06 2.081E-06 1.864E-06 1.743E-06 1.537E-06 1.372E-06 1.174E-06 1.029E-06 8.938E-07 5.372E-07 4.192E-07 3.857E-07 5.350E-07 6.334E-07 7.752E-07 8.072E-07 8.126E-07 8.074E-07 7.908E-07 7.406E-07 7.086E-07 5.847E-07 4.894E-07 4.215E-07 3.168E-07 2.252E-07 1.747E-07 9.802E-08 6.299E-08
  6.000E+01  3.835E-05 3.879E-05 3.891E-05 3.943E-05 3.945E-05 3.933E-05 3.899E-05 3.869E-05 3.824E-05 3.793E-05 3.744E-05 3.680E-05 3.570E-05 3.451E-05 3.120E-05 2.825E-05 2.460E-05 2.127E-05 1.266E-05 1.274E-05 2.191E-05 2.089E-05 1.922E-05 1.550E-05 1.276E-05 9.256E-06 7.452E-06 5.255E-06 3.232E-06 5.389E-06 4.644E-06 3.139E-06 2.209E-06 1.932E-06 1.732E-06 1.622E-06 1.431E-06 1.278E-06 1.095E-06 9.607E-07 8.350E-07 5.031E-07 3.935E-07 3.631E-07 5.062E-07 6.004E-07 7.368E-07 7.683E-07 7.738E-07 7.704E-07 7.553E-07 7.077E-07 6.774E-07 5.595E-07 4.688E-07 4.040E-07 3.041E-07 2.165E-07 1.681E-07 9.454E-08 6.087E-08
  6.200E+01  3.479E-05 3.446E-05 3.530E-05 3.527E-05 3.525E-05 3.504E-05 3.482E-05 3.486E-05 3.417E-05 3.389E-05 3.356E-05 3.289E-05 3.184E-05 3.084E-05 2.787E-05 2.523E-05 2.198E-05 1.903E-05 1.133E-05 1.160E-05 1.999E-05 1.901E-05 1.748E-05 1.410E-05 1.161E-05 8.444E-06 6.816E-06 4.817E-06 2.979E-06 4.977E-06 4.286E-06 2.903E-06 2.050E-06 1.795E-06 1.611E-06 1.510E-06 1.333E-06 1.192E-06 1.023E-06 8.978E-07 7.807E-07 4.715E-07 3.697E-07 3.420E-07 4.793E-07 5.695E-07 7.006E-07 7.317E-07 7.371E-07 7.355E-07 7.217E-07 6.765E-07 6.477E-07 5.355E-07 4.491E-07 3.873E-07 2.920E-07 2.082E-07 1.618E-07 9.119E-08 5.883E-08
  6.400E+01  3.155E-05 3.075E-05 3.197E-05 3.153E-05 3.168E-05 3.156E-05 3.120E-05 3.127E-05 3.067E-05 3.042E-05 3.005E-05 2.953E-05 2.855E-05 2.766E-05 2.497E-05 2.260E-05 1.970E-05 1.706E-05 1.017E-05 1.059E-05 1.827E-05 1.733E-05 1.593E-05 1.284E-05 1.058E-05 7.714E-06 6.242E-06 4.420E-06 2.750E-06 4.602E-06 3.959E-06 2.688E-06 1.903E-06 1.669E-06 1.500E-06 1.407E-06 1.244E-06 1.112E-06 9.554E-07 8.397E-07 7.306E-07 4.423E-07 3.476E-07 3.225E-07 4.542E-07 5.406E-07 6.668E-07 6.973E-07 7.027E-07 7.025E-07 6.898E-07 6.469E-07 6.197E-07 5.127E-07 4.304E-07 3.714E-07 2.804E-07 2.002E-07 1.557E-07 8.799E-08 5.688E-08
  6.600E+01  2.806E-05 2.837E-05 2.853E-05 2.863E-05 2.857E-05 2.862E-05 2.823E-05 2.802E-05 2.765E-05 2.741E-05 2.702E-05 2.659E-05 2.572E-05 2.486E-05 2.242E-05 2.031E-05 1.771E-05 1.534E-05 9.146E-06 9.683E-06 1.671E-05 1.583E-05 1.453E-05 1.172E-05 9.659E-06 7.057E-06 5.725E-06 4.062E-06 2.542E-06 4.259E-06 3.662E-06 2.492E-06 1.770E-06 1.554E-06 1.398E-06 1.312E-06 1.161E-06 1.039E-06 8.936E-07 7.862E-07 6.844E-07 4.153E-07 3.273E-07 3.044E-07 4.308E-07 5.137E-07 6.351E-07 6.651E-07 6.704E-07 6.714E-07 6.599E-07 6.191E-07 5.932E-07 4.912E-07 4.127E-07 3.564E-07 2.695E-07 1.927E-07 1.500E-07 8.494E-08 5.503E-08
  6.800E+01  2.547E-05 2.558E-05 2.553E-05 2.601E-05 2.584E-05 2.583E-05 2.562E-05 2.540E-05 2.498E-05 2.476E-05 2.446E-05 2.398E-05 2.321E-05 2.241E-05 2.021E-05 1.831E-05 1.596E-05 1.384E-05 8.249E-06 8.873E-06 1.532E-05 1.447E-05 1.329E-05 1.071E-05 8.832E-06 6.466E-06 5.259E-06 3.738E-06 2.353E-06 3.947E-06 3.391E-06 2.313E-06 1.647E-06 1.448E-06 1.305E-06 1.225E-06 1.085E-06 9.717E-07 8.369E-07 7.370E-07 6.419E-07 3.905E-07 3.084E-07 2.877E-07 4.092E-07 4.887E-07 6.056E-07 6.350E-07 6.403E-07 6.424E-07 6.318E-07 5.929E-07 5.682E-07 4.709E-07 3.961E-07 3.422E-07 2.591E-07 1.855E-07 1.446E-07 8.205E-08 5.327E-08
  7.000E+01  2.273E-05 2.291E-05 2.336E-05 2.345E-05 2.346E-05 2.334E-05 2.312E-05 2.312E-05 2.265E-05 2.245E-05 2.218E-05 2.172E-05 2.101E-05 2.029E-05 1.829E-05 1.656E-05 1.443E-05 1.252E-05 7.461E-06 8.149E-06 1.406E-05 1.326E-05 1.217E-05 9.802E-06 8.090E-06 5.936E-06 4.838E-06 3.446E-06 2.182E-06 3.663E-06 3.144E-06 2.150E-06 1.535E-06 1.352E-06 1.219E-06 1.146E-06 1.016E-06 9.101E-07 7.848E-07 6.918E-07 6.029E-07 3.677E-07 2.911E-07 2.723E-07 3.892E-07 4.655E-07 5.783E-07 6.070E-07 6.122E-07 6.152E-07 6.055E-07 5.683E-07 5.449E-07 4.518E-07 3.804E-07 3.288E-07 2.493E-07 1.788E-07 1.394E-07 7.933E-08 5.162E-08
  7.200E+01  2.110E-05 2.077E-05 2.144E-05 2.120E-05 2.129E-05 2.124E-05 2.099E-05 2.095E-05 2.057E-05 2.039E-05 2.013E-05 1.979E-05 1.909E-05 1.846E-05 1.660E-05 1.502E-05 1.309E-05 1.135E-05 6.767E-06 7.501E-06 1.293E-05 1.217E-05 1.116E-05 8.992E-06 7.425E-06 5.459E-06 4.460E-06 3.183E-06 2.027E-06 3.404E-06 2.920E-06 2.001E-06 1.434E-06 1.264E-06 1.141E-06 1.073E-06 9.521E-07 8.537E-07 7.371E-07 6.504E-07 5.671E-07 3.468E-07 2.753E-07 2.581E-07 3.707E-07 4.442E-07 5.529E-07 5.811E-07 5.862E-07 5.900E-07 5.810E-07 5.455E-07 5.231E-07 4.340E-07 3.657E-07 3.163E-07 2.402E-07 1.724E-07 1.346E-07 7.678E-08 5.007E-08
  7.400E+01  1.917E-05 1.917E-05 1.934E-05 1.939E-05 1.938E-05 1.952E-05 1.924E-05 1.908E-05 1.878E-05 1.861E-05 1.836E-05 1.806E-05 1.743E-05 1.683E-05 1.511E-05 1.367E-05 1.191E-05 1.033E-05 6.156E-06 6.921E-06 1.191E-05 1.120E-05 1.026E-05 8.266E-06 6.829E-06 5.030E-06 4.119E-06 2.945E-06 1.887E-06 3.169E-06 2.717E-06 1.866E-06 1.341E-06 1.183E-06 1.070E-06 1.007E-06 8.941E-07 8.023E-07 6.935E-07 6.126E-07 5.344E-07 3.277E-07 2.607E-07 2.451E-07 3.538E-07 4.245E-07 5.296E-07 5.571E-07 5.622E-07 5.667E-07 5.583E-07 5.242E-07 5.028E-07 4.175E-07 3.521E-07 3.047E-07 2.317E-07 1.665E-07 1.301E-07 7.440E-08 4.863E-08
  7.600E+01  1.727E-05 1.748E-05 1.761E-05 1.791E-05 1.782E-05 1.778E-05 1.764E-05 1.756E-05 1.722E-05 1.707E-05 1.684E-05 1.650E-05 1.595E-05 1.538E-05 1.382E-05 1.249E-05 1.087E-05 9.430E-06 5.616E-06 6.401E-06 1.099E-05 1.032E-05 9.455E-06 7.615E-06 6.294E-06 4.645E-06 3.812E-06 2.731E-06 1.760E-06 2.956E-06 2.532E-06 1.744E-06 1.256E-06 1.110E-06 1.005E-06 9.464E-07 8.412E-07 7.554E-07 6.538E-07 5.780E-07 5.046E-07 3.103E-07 2.475E-07 2.333E-07 3.383E-07 4.066E-07 5.081E-07 5.351E-07 5.401E-07 5.451E-07 5.374E-07 5.046E-07 4.841E-07 4.021E-07 3.394E-07 2.939E-07 2.237E-07 1.611E-07 1.260E-07 7.220E-08 4.730E-08
  7.800E+01  1.574E-05 1.571E-05 1.634E-05 1.621E-05 1.638E-05 1.623E-05 1.612E-05 1.619E-05 1.582E-05 1.568E-05 1.552E-05 1.517E-05 1.463E-05 1.413E-05 1.268E-05 1.144E-05 9.959E-06 8.634E-06 5.140E-06 5.936E-06 1.017E-05 9.531E-06 8.731E-06 7.032E-06 5.815E-06 4.299E-06 3.535E-06 2.538E-06 1.645E-06 2.762E-06 2.365E-06 1.633E-06 1.180E-06 1.044E-06 9.461E-07 8.915E-07 7.932E-07 7.127E-07 6.177E-07 5.467E-07 4.775E-07 2.944E-07 2.354E-07 2.225E-07 3.242E-07 3.902E-07 4.885E-07 5.150E-07 5.199E-07 5.254E-07 5.182E-07 4.865E-07 4.668E-07 3.880E-07 3.278E-07 2.839E-07 2.165E-07 1.560E-07 1.222E-07 7.018E-08 4.608E-08
  8.000E+01  1.468E-05 1.439E-05 1.506E-05 1.485E-05 1.505E-05 1.508E-05 1.485E-05 1.488E-05 1.458E-05 1.445E-05 1.429E-05 1.402E-05 1.351E-05 1.303E-05 1.166E-05 1.052E-05 9.152E-06 7.931E-06 4.719E-06 5.520E-06 9.425E-06 8.823E-06 8.081E-06 6.509E-06 5.385E-06 3.989E-06 3.287E-06 2.365E-06 1.542E-06 2.587E-06 2.214E-06 1.532E-06 1.111E-06 9.839E-07 8.927E-07 8.417E-07 7.496E-07 6.741E-07 5.849E-07 5.182E-07 4.529E-07 2.800E-07 2.245E-07 2.127E-07 3.114E-07 3.753E-07 4.707E-07 4.966E-07 5.015E-07 5.074E-07 5.006E-07 4.700E-07 4.511E-07 3.751E-07 3.171E-07 2.748E-07 2.098E-07 1.514E-07 1.187E-07 6.834E-08 4.497E-08
  8.200E+01  1.336E-05 1.375E-05 1.372E-05 1.398E-05 1.392E-05 1.404E-05 1.389E-05 1.371E-05 1.351E-05 1.339E-05 1.318E-05 1.298E-05 1.252E-05 1.205E-05 1.077E-05 9.715E-06 8.439E-06 7.311E-06 4.347E-06 5.147E-06 8.755E-06 8.187E-06 7.498E-06 6.040E-06 5.000E-06 3.710E-06 3.064E-06 2.209E-06 1.449E-06 2.428E-06 2.078E-06 1.442E-06 1.048E-06 9.296E-07 8.444E-07 7.967E-07 7.102E-07 6.391E-07 5.553E-07 4.924E-07 4.307E-07 2.670E-07 2.146E-07 2.039E-07 2.998E-07 3.618E-07 4.546E-07 4.800E-07 4.848E-07 4.911E-07 4.847E-07 4.550E-07 4.367E-07 3.633E-07 3.074E-07 2.665E-07 2.037E-07 1.472E-07 1.155E-07 6.668E-08 4.398E-08
  8.400E+01  1.232E-05 1.258E-05 1.273E-05 1.296E-05 1.298E-05 1.300E-05 1.290E-05 1.274E-05 1.258E-05 1.247E-05 1.226E-05 1.206E-05 1.163E-05 1.119E-05 9.985E-06 8.999E-06 7.809E-06 6.761E-06 4.018E-06 4.813E-06 8.152E-06 7.617E-06 6.975E-06 5.621E-06 4.655E-06 3.460E-06 2.864E-06 2.069E-06 1.365E-06 2.285E-06 1.955E-06 1.360E-06 9.915E-07 8.806E-07 8.008E-07 7.562E-07 6.747E-07 6.076E-07 5.286E-07 4.692E-07 4.106E-07 2.553E-07 2.057E-07 1.959E-07 2.894E-07 3.497E-07 4.401E-07 4.651E-07 4.698E-07 4.764E-07 4.703E-07 4.415E-07 4.238E-07 3.527E-07 2.986E-07 2.590E-07 1.982E-07 1.434E-07 1.126E-07 6.520E-08 4.311E-08
  8.600E+01  1.161E-05 1.147E-05 1.195E-05 1.194E-05 1.207E-05 1.209E-05 1.196E-05 1.197E-05 1.173E-05 1.163E-05 1.149E-05 1.126E-05 1.084E-05 1.043E-05 9.300E-06 8.363E-06 7.252E-06 6.275E-06 3.727E-06 4.514E-06 7.608E-06 7.104E-06 6.507E-06 5.245E-06 4.346E-06 3.237E-06 2.684E-06 1.944E-06 1.290E-06 2.156E-06 1.844E-06 1.286E-06 9.408E-07 8.366E-07 7.617E-07 7.197E-07 6.427E-07 5.792E-07 5.046E-07 4.483E-07 3.926E-07 2.449E-07 1.977E-07 1.888E-07 2.801E-07 3.389E-07 4.272E-07 4.518E-07 4.564E-07 4.632E-07 4.575E-07 4.294E-07 4.122E-07 3.431E-07 2.908E-07 2.523E-07 1.933E-07 1.401E-07 1.101E-07 6.390E-08 4.235E-08
  8.800E+01  1.077E-05 1.081E-05 1.123E-05 1.117E-05 1.129E-05 1.137E-05 1.124E-05 1.121E-05 1.098E-05 1.089E-05 1.075E-05 1.055E-05 1.016E-05 9.768E-06 8.691E-06 7.803E-06 6.761E-06 5.844E-06 3.469E-06 4.246E-06 7.118E-06 6.644E-06 6.087E-06 4.908E-06 4.070E-06 3.037E-06 2.523E-06 1.832E-06 1.223E-06 2.040E-06 1.744E-06 1.220E-06 8.953E-07 7.972E-07 7.266E-07 6.870E-07 6.141E-07 5.539E-07 4.831E-07 4.296E-07 3.765E-07 2.355E-07 1.906E-07 1.825E-07 2.719E-07 3.294E-07 4.158E-07 4.400E-07 4.446E-07 4.516E-07 4.461E-07 4.186E-07 4.019E-07 3.347E-07 2.838E-07 2.464E-07 1.890E-07 1.371E-07 1.079E-07 6.277E-08 4.170E-08
  9.000E+01  9.989E-06 1.034E-05 1.040E-05 1.062E-05 1.063E-05 1.074E-05 1.062E-05 1.048E-05 1.035E-05 1.026E-05 1.010E-05 9.940E-06 9.556E-06 9.182E-06 8.147E-06 7.310E-06 6.325E-06 5.463E-06 3.241E-06 4.006E-06 6.678E-06 6.232E-06 5.711E-06 4.608E-06 3.823E-06 2.858E-06 2.380E-06 1.732E-06 1.163E-06 1.936E-06 1.655E-06 1.161E-06 8.546E-07 7.619E-07 6.952E-07 6.578E-07 5.885E-07 5.312E-07 4.639E-07 4.130E-07 3.622E-07 2.272E-07 1.844E-07 1.769E-07 2.646E-07 3.210E-07 4.058E-07 4.296E-07 4.342E-07 4.414E-07 4.361E-07 4.092E-07 3.929E-07 3.272E-07 2.778E-07 2.412E-07 1.852E-07 1.346E-07 1.060E-07 6.182E-08 4.116E-08
  9.200E+01  9.487E-06 9.623E-06 9.834E-06 9.972E-06 1.007E-05 1.010E-05 1.002E-05 9.963E-06 9.800E-06 9.710E-06 9.570E-06 9.387E-06 9.015E-06 8.658E-06 7.674E-06 6.873E-06 5.940E-06 5.126E-06 3.039E-06 3.791E-06 6.281E-06 5.862E-06 5.375E-06 4.339E-06 3.603E-06 2.698E-06 2.252E-06 1.643E-06 1.110E-06 1.843E-06 1.576E-06 1.109E-06 8.184E-07 7.306E-07 6.674E-07 6.318E-07 5.658E-07 5.111E-07 4.470E-07 3.983E-07 3.496E-07 2.199E-07 1.788E-07 1.720E-07 2.583E-07 3.137E-07 3.971E-07 4.207E-07 4.252E-07 4.327E-07 4.275E-07 4.010E-07 3.851E-07 3.208E-07 2.725E-07 2.367E-07 1.820E-07 1.324E-07 1.043E-07 6.104E-08 4.073E-08
  9.400E+01  9.025E-06 8.968E-06 9.409E-06 9.394E-06 9.571E-06 9.571E-06 9.486E-06 9.509E-06 9.318E-06 9.229E-06 9.100E-06 8.894E-06 8.545E-06 8.198E-06 7.259E-06 6.489E-06 5.599E-06 4.828E-06 2.861E-06 3.600E-06 5.924E-06 5.531E-06 5.074E-06 4.100E-06 3.407E-06 2.556E-06 2.138E-06 1.563E-06 1.062E-06 1.760E-06 1.505E-06 1.062E-06 7.864E-07 7.028E-07 6.427E-07 6.089E-07 5.458E-07 4.934E-07 4.320E-07 3.853E-07 3.384E-07 2.135E-07 1.740E-07 1.678E-07 2.529E-07 3.074E-07 3.897E-07 4.130E-07 4.175E-07 4.252E-07 4.202E-07 3.941E-07 3.784E-07 3.154E-07 2.681E-07 2.330E-07 1.793E-07 1.306E-07 1.030E-07 6.042E-08 4.041E-08
  9.600E+01  8.409E-06 8.696E-06 8.855E-06 9.119E-06 9.163E-06 9.193E-06 9.127E-06 8.990E-06 8.910E-06 8.820E-06 8.653E-06 8.475E-06 8.154E-06 7.796E-06 6.883E-06 6.153E-06 5.299E-06 4.566E-06 2.704E-06 3.428E-06 5.603E-06 5.235E-06 4.806E-06 3.887E-06 3.233E-06 2.430E-06 2.036E-06 1.493E-06 1.021E-06 1.686E-06 1.442E-06 1.021E-06 7.581E-07 6.784E-07 6.210E-07 5.887E-07 5.282E-07 4.779E-07 4.189E-07 3.740E-07 3.287E-07 2.079E-07 1.699E-07 1.641E-07 2.483E-07 3.022E-07 3.834E-07 4.067E-07 4.111E-07 4.190E-07 4.141E-07 3.883E-07 3.729E-07 3.108E-07 2.644E-07 2.299E-07 1.772E-07 1.291E-07 1.020E-07 5.996E-08 4.020E-08
  9.800E+01  7.856E-06 8.638E-06 8.318E-06 8.839E-06 8.772E-06 8.871E-06 8.828E-06 8.590E-06 8.540E-06 8.450E-06 8.276E-06 8.117E-06 7.813E-06 7.444E-06 6.560E-06 5.855E-06 5.035E-06 4.334E-06 2.566E-06 3.275E-06 5.315E-06 4.971E-06 4.567E-06 3.698E-06 3.078E-06 2.318E-06 1.947E-06 1.431E-06 9.835E-07 1.621E-06 1.386E-06 9.844E-07 7.333E-07 6.570E-07 6.020E-07 5.711E-07 5.129E-07 4.643E-07 4.075E-07 3.642E-07 3.203E-07 2.031E-07 1.663E-07 1.610E-07 2.445E-07 2.978E-07 3.783E-07 4.014E-07 4.059E-07 4.139E-07 4.092E-07 3.836E-07 3.684E-07 3.072E-07 2.615E-07 2.274E-07 1.755E-07 1.281E-07 1.012E-07 5.966E-08 4.008E-08
  1.000E+02  7.679E-06 7.998E-06 8.168E-06 8.359E-06 8.444E-06 8.516E-06 8.409E-06 8.346E-06 8.208E-06 8.119E-06 7.981E-06 7.813E-06 7.491E-06 7.152E-06 6.287E-06 5.591E-06 4.805E-06 4.130E-06 2.444E-06 3.138E-06 5.056E-06 4.735E-06 4.355E-06 3.530E-06 2.941E-06 2.219E-06 1.868E-06 1.377E-06 9.511E-07 1.563E-06 1.337E-06 9.526E-07 7.117E-07 6.384E-07 5.856E-07 5.558E-07 4.996E-07 4.527E-07 3.977E-07 3.558E-07 3.131E-07 1.991E-07 1.633E-07 1.584E-07 2.413E-07 2.943E-07 3.742E-07 3.973E-07 4.018E-07 4.100E-07 4.054E-07 3.799E-07 3.649E-07 3.044E-07 2.593E-07 2.256E-07 1.742E-07 1.273E-07 1.007E-07 5.951E-08 4.007E-08
  1.020E+02  7.553E-06 7.573E-06 8.053E-06 8.001E-06 8.213E-06 8.156E-06 8.075E-06 8.130E-06 7.946E-06 7.854E-06 7.738E-06 7.546E-06 7.207E-06 6.901E-06 6.050E-06 5.361E-06 4.604E-06 3.951E-06 2.337E-06 3.016E-06 4.824E-06 4.526E-06 4.166E-06 3.382E-06 2.820E-06 2.132E-06 1.798E-06 1.329E-06 9.228E-07 1.512E-06 1.294E-06 9.249E-07 6.931E-07 6.224E-07 5.715E-07 5.427E-07 4.883E-07 4.427E-07 3.894E-07 3.486E-07 3.070E-07 1.957E-07 1.608E-07 1.563E-07 2.389E-07 2.915E-07 3.712E-07 3.943E-07 3.988E-07 4.072E-07 4.026E-07 3.773E-07 3.624E-07 3.023E-07 2.578E-07 2.243E-07 1.734E-07 1.269E-07 1.005E-07 5.951E-08 4.015E-08
  1.040E+02  7.297E-06 7.475E-06 7.708E-06 7.908E-06 8.050E-06 7.953E-06 7.922E-06 7.881E-06 7.756E-06 7.656E-06 7.525E-06 7.307E-06 6.992E-06 6.671E-06 5.838E-06 5.167E-06 4.427E-06 3.796E-06 2.244E-06 2.908E-06 4.617E-06 4.340E-06 4.000E-06 3.251E-06 2.714E-06 2.056E-06 1.738E-06 1.288E-06 8.983E-07 1.467E-06 1.257E-06 9.011E-07 6.771E-07 6.087E-07 5.594E-07 5.316E-07 4.787E-07 4.343E-07 3.824E-07 3.427E-07 3.019E-07 1.929E-07 1.588E-07 1.546E-07 2.370E-07 2.895E-07 3.690E-07 3.922E-07 3.967E-07 4.053E-07 4.009E-07 3.756E-07 3.607E-07 3.011E-07 2.569E-07 2.236E-07 1.731E-07 1.268E-07 1.005E-07 5.964E-08 4.032E-08
  1.060E+02  7.003E-06 7.435E-06 7.485E-06 7.835E-06 7.867E-06 7.845E-06 7.806E-06 7.670E-06 7.582E-06 7.479E-06 7.330E-06 7.119E-06 6.824E-06 6.483E-06 5.658E-06 5.000E-06 4.275E-06 3.661E-06 2.163E-06 2.812E-06 4.431E-06 4.177E-06 3.855E-06 3.138E-06 2.622E-06 1.990E-06 1.685E-06 1.252E-06 8.772E-07 1.429E-06 1.225E-06 8.808E-07 6.636E-07 5.972E-07 5.494E-07 5.223E-07 4.707E-07 4.274E-07 3.767E-07 3.378E-07 2.978E-07 1.907E-07 1.573E-07 1.534E-07 2.358E-07 2.882E-07 3.677E-07 3.910E-07 3.955E-07 4.044E-07 4.000E-07 3.747E-07 3.600E-07 3.005E-07 2.566E-07 2.234E-07 1.731E-07 1.269E-07 1.007E-07 5.990E-08 4.057E-08
  1.080E+02  6.995E-06 7.155E-06 7.526E-06 7.600E-06 7.716E-06 7.717E-06 7.605E-06 7.567E-06 7.423E-06 7.319E-06 7.175E-06 6.988E-06 6.671E-06 6.344E-06 5.515E-06 4.855E-06 4.147E-06 3.545E-06 2.094E-06 2.726E-06 4.266E-06 4.033E-06 3.727E-06 3.039E-06 2.542E-06 1.932E-06 1.640E-06 1.221E-06 8.592E-07 1.396E-06 1.198E-06 8.637E-07 6.524E-07 5.877E-07 5.411E-07 5.147E-07 4.642E-07 4.217E-07 3.721E-07 3.339E-07 2.946E-07 1.890E-07 1.561E-07 1.525E-07 2.350E-07 2.875E-07 3.672E-07 3.906E-07 3.952E-07 4.043E-07 4.000E-07 3.747E-07 3.600E-07 3.006E-07 2.568E-07 2.238E-07 1.735E-07 1.274E-07 1.011E-07 6.029E-08 4.091E-08
  1.100E+02  6.864E-06 6.992E-06 7.507E-06 7.414E-06 7.613E-06 7.581E-06 7.469E-06 7.536E-06 7.313E-06 7.207E-06 7.094E-06 6.880E-06 6.544E-06 6.226E-06 5.400E-06 4.735E-06 4.039E-06 3.446E-06 2.034E-06 2.651E-06 4.119E-06 3.907E-06 3.617E-06 2.953E-06 2.473E-06 1.883E-06 1.601E-06 1.195E-06 8.440E-07 1.368E-06 1.175E-06 8.495E-07 6.433E-07 5.800E-07 5.345E-07 5.086E-07 4.591E-07 4.173E-07 3.685E-07 3.310E-07 2.921E-07 1.878E-07 1.553E-07 1.519E-07 2.347E-07 2.874E-07 3.674E-07 3.910E-07 3.957E-07 4.051E-07 4.008E-07 3.754E-07 3.607E-07 3.014E-07 2.576E-07 2.245E-07 1.743E-07 1.281E-07 1.018E-07 6.080E-08 4.133E-08
  1.120E+02  6.870E-06 6.972E-06 7.355E-06 7.457E-06 7.597E-06 7.509E-06 7.459E-06 7.471E-06 7.273E-06 7.157E-06 7.046E-06 6.801E-06 6.460E-06 6.134E-06 5.303E-06 4.640E-06 3.948E-06 3.364E-06 1.983E-06 2.584E-06 3.989E-06 3.797E-06 3.521E-06 2.880E-06 2.414E-06 1.841E-06 1.568E-06 1.174E-06 8.314E-07 1.344E-06 1.155E-06 8.380E-07 6.360E-07 5.740E-07 5.293E-07 5.040E-07 4.552E-07 4.140E-07 3.659E-07 3.288E-07 2.904E-07 1.870E-07 1.549E-07 1.517E-07 2.349E-07 2.878E-07 3.683E-07 3.921E-07 3.968E-07 4.066E-07 4.024E-07 3.769E-07 3.621E-07 3.027E-07 2.589E-07 2.257E-07 1.754E-07 1.290E-07 1.026E-07 6.142E-08 4.182E-08
  1.140E+02  6.797E-06 7.066E-06 7.378E-06 7.509E-06 7.617E-06 7.546E-06 7.471E-06 7.400E-06 7.261E-06 7.136E-06 6.975E-06 6.773E-06 6.422E-06 6.083E-06 5.230E-06 4.566E-06 3.877E-06 3.297E-06 1.941E-06 2.526E-06 3.874E-06 3.704E-06 3.441E-06 2.819E-06 2.365E-06 1.806E-06 1.541E-06 1.156E-06 8.211E-07 1.324E-06 1.140E-06 8.289E-07 6.305E-07 5.694E-07 5.255E-07 5.006E-07 4.524E-07 4.117E-07 3.642E-07 3.275E-07 2.893E-07 1.866E-07 1.547E-07 1.517E-07 2.355E-07 2.887E-07 3.698E-07 3.939E-07 3.987E-07 4.087E-07 4.046E-07 3.790E-07 3.642E-07 3.045E-07 2.607E-07 2.273E-07 1.768E-07 1.302E-07 1.036E-07 6.213E-08 4.237E-08
  1.160E+02  6.828E-06 7.037E-06 7.483E-06 7.517E-06 7.548E-06 7.673E-06 7.506E-06 7.446E-06 7.236E-06 7.108E-06 6.947E-06 6.787E-06 6.417E-06 6.063E-06 5.188E-06 4.510E-06 3.823E-06 3.243E-06 1.907E-06 2.474E-06 3.774E-06 3.624E-06 3.373E-06 2.768E-06 2.324E-06 1.777E-06 1.519E-06 1.142E-06 8.129E-07 1.309E-06 1.128E-06 8.220E-07 6.265E-07 5.662E-07 5.229E-07 4.983E-07 4.507E-07 4.103E-07 3.632E-07 3.268E-07 2.888E-07 1.866E-07 1.548E-07 1.520E-07 2.364E-07 2.900E-07 3.718E-07 3.963E-07 4.011E-07 4.115E-07 4.075E-07 3.817E-07 3.668E-07 3.068E-07 2.628E-07 2.293E-07 1.785E-07 1.316E-07 1.048E-07 6.294E-08 4.299E-08
  1.180E+02  6.842E-06 7.269E-06 7.556E-06 7.649E-06 7.569E-06 7.739E-06 7.598E-06 7.536E-06 7.264E-06 7.131E-06 6.995E-06 6.830E-06 6.425E-06 6.067E-06 5.169E-06 4.473E-06 3.785E-06 3.203E-06 1.879E-06 2.430E-06 3.686E-06 3.557E-06 3.318E-06 2.728E-06 2.291E-06 1.754E-06 1.502E-06 1.131E-06 8.066E-07 1.296E-06 1.118E-06 8.172E-07 6.239E-07 5.643E-07 5.215E-07 4.971E-07 4.499E-07 4.098E-07 3.629E-07 3.267E-07 2.889E-07 1.869E-07 1.552E-07 1.525E-07 2.376E-07 2.917E-07 3.743E-07 3.992E-07 4.041E-07 4.149E-07 4.109E-07 3.849E-07 3.700E-07 3.096E-07 2.653E-07 2.316E-07 1.805E-07 1.332E-07 1.061E-07 6.384E-08 4.366E-08
  1.200E+02  6.755E-06 7.322E-06 7.650E-06 7.748E-06 7.820E-06 7.838E-06 7.710E-06 7.633E-06 7.403E-06 7.250E-06 7.083E-06 6.891E-06 6.466E-06 6.095E-06 5.169E-06 4.457E-06 3.761E-06 3.175E-06 1.858E-06 2.391E-06 3.609E-06 3.503E-06 3.274E-06 2.696E-06 2.266E-06 1.736E-06 1.489E-06 1.123E-06 8.021E-07 1.287E-06 1.112E-06 8.141E-07 6.226E-07 5.635E-07 5.210E-07 4.968E-07 4.499E-07 4.100E-07 3.633E-07 3.272E-07 2.894E-07 1.874E-07 1.558E-07 1.532E-07 2.391E-07 2.938E-07 3.773E-07 4.026E-07 4.076E-07 4.187E-07 4.149E-07 3.886E-07 3.736E-07 3.128E-07 2.682E-07 2.342E-07 1.827E-07 1.349E-07 1.076E-07 6.482E-08 4.439E-08
  1.220E+02  6.809E-06 7.415E-06 7.851E-06 7.996E-06 8.029E-06 8.058E-06 7.884E-06 7.804E-06 7.566E-06 7.394E-06 7.200E-06 6.988E-06 6.550E-06 6.152E-06 5.193E-06 4.459E-06 3.751E-06 3.158E-06 1.843E-06 2.358E-06 3.544E-06 3.459E-06 3.240E-06 2.673E-06 2.248E-06 1.723E-06 1.480E-06 1.118E-06 7.990E-07 1.280E-06 1.108E-06 8.127E-07 6.225E-07 5.637E-07 5.214E-07 4.974E-07 4.507E-07 4.108E-07 3.642E-07 3.282E-07 2.904E-07 1.883E-07 1.566E-07 1.541E-07 2.409E-07 2.962E-07 3.807E-07 4.064E-07 4.115E-07 4.230E-07 4.193E-07 3.928E-07 3.777E-07 3.163E-07 2.714E-07 2.371E-07 1.851E-07 1.368E-07 1.091E-07 6.586E-08 4.516E-08
  1.240E+02  6.838E-06 7.691E-06 8.044E-06 8.312E-06 8.295E-06 8.320E-06 8.155E-06 8.017E-06 7.754E-06 7.564E-06 7.355E-06 7.135E-06 6.670E-06 6.240E-06 5.237E-06 4.481E-06 3.756E-06 3.154E-06 1.833E-06 2.330E-06 3.488E-06 3.426E-06 3.217E-06 2.658E-06 2.236E-06 1.714E-06 1.474E-06 1.115E-06 7.974E-07 1.276E-06 1.106E-06 8.129E-07 6.234E-07 5.648E-07 5.227E-07 4.988E-07 4.521E-07 4.122E-07 3.656E-07 3.296E-07 2.918E-07 1.893E-07 1.575E-07 1.552E-07 2.429E-07 2.988E-07 3.844E-07 4.106E-07 4.158E-07 4.277E-07 4.240E-07 3.974E-07 3.821E-07 3.202E-07 2.749E-07 2.402E-07 1.876E-07 1.388E-07 1.108E-07 6.697E-08 4.597E-08
  1.260E+02  7.080E-06 8.052E-06 8.403E-06 8.703E-06 8.719E-06 8.640E-06 8.489E-06 8.235E-06 8.039E-06 7.819E-06 7.541E-06 7.325E-06 6.831E-06 6.362E-06 5.303E-06 4.520E-06 3.775E-06 3.160E-06 1.829E-06 2.306E-06 3.440E-06 3.403E-06 3.203E-06 2.650E-06 2.230E-06 1.709E-06 1.471E-06 1.114E-06 7.969E-07 1.274E-06 1.106E-06 8.143E-07 6.252E-07 5.667E-07 5.246E-07 5.008E-07 4.541E-07 4.142E-07 3.675E-07 3.314E-07 2.935E-07 1.905E-07 1.586E-07 1.564E-07 2.451E-07 3.017E-07 3.884E-07 4.151E-07 4.204E-07 4.328E-07 4.292E-07 4.022E-07 3.869E-07 3.243E-07 2.786E-07 2.435E-07 1.904E-07 1.409E-07 1.126E-07 6.813E-08 4.682E-08
  1.280E+02  7.389E-06 8.546E-06 8.847E-06 9.267E-06 9.142E-06 9.112E-06 8.893E-06 8.558E-06 8.364E-06 8.115E-06 7.783E-06 7.549E-06 7.031E-06 6.513E-06 5.394E-06 4.578E-06 3.806E-06 3.176E-06 1.829E-06 2.286E-06 3.401E-06 3.389E-06 3.197E-06 2.649E-06 2.229E-06 1.708E-06 1.472E-06 1.116E-06 7.976E-07 1.275E-06 1.108E-06 8.169E-07 6.278E-07 5.693E-07 5.272E-07 5.034E-07 4.566E-07 4.166E-07 3.698E-07 3.336E-07 2.954E-07 1.919E-07 1.599E-07 1.577E-07 2.475E-07 3.047E-07 3.927E-07 4.198E-07 4.253E-07 4.381E-07 4.346E-07 4.074E-07 3.919E-07 3.287E-07 2.824E-07 2.470E-07 1.932E-07 1.432E-07 1.144E-07 6.933E-08 4.770E-08
  1.300E+02  7.873E-06 9.191E-06 9.444E-06 9.756E-06 9.621E-06 9.636E-06 9.343E-06 9.010E-06 8.702E-06 8.425E-06 8.105E-06 7.821E-06 7.266E-06 6.694E-06 5.510E-06 4.650E-06 3.850E-06 3.201E-06 1.834E-06 2.270E-06 3.370E-06 3.383E-06 3.200E-06 2.655E-06 2.234E-06 1.711E-06 1.475E-06 1.119E-06 7.992E-07 1.277E-06 1.111E-06 8.206E-07 6.312E-07 5.725E-07 5.304E-07 5.065E-07 4.596E-07 4.194E-07 3.724E-07 3.360E-07 2.977E-07 1.935E-07 1.612E-07 1.591E-07 2.500E-07 3.079E-07 3.971E-07 4.248E-07 4.304E-07 4.437E-07 4.403E-07 4.128E-07 3.971E-07 3.333E-07 2.865E-07 2.506E-07 1.962E-07 1.455E-07 1.163E-07 7.057E-08 4.859E-08
  1.320E+02  8.558E-06 9.861E-06 1.028E-05 1.043E-05 1.026E-05 1.019E-05 9.855E-06 9.517E-06 9.135E-06 8.816E-06 8.485E-06 8.141E-06 7.523E-06 6.916E-06 5.653E-06 4.739E-06 3.907E-06 3.236E-06 1.842E-06 2.257E-06 3.344E-06 3.386E-06 3.211E-06 2.667E-06 2.243E-06 1.717E-06 1.481E-06 1.124E-06 8.017E-07 1.281E-06 1.116E-06 8.253E-07 6.351E-07 5.762E-07 5.340E-07 5.100E-07 4.630E-07 4.226E-07 3.753E-07 3.387E-07 3.001E-07 1.951E-07 1.626E-07 1.606E-07 2.526E-07 3.113E-07 4.018E-07 4.300E-07 4.357E-07 4.495E-07 4.461E-07 4.184E-07 4.026E-07 3.380E-07 2.907E-07 2.544E-07 1.993E-07 1.479E-07 1.183E-07 7.184E-08 4.951E-08
  1.340E+02  9.489E-06 1.063E-05 1.136E-05 1.122E-05 1.107E-05 1.079E-05 1.042E-05 1.014E-05 9.671E-06 9.299E-06 8.906E-06 8.505E-06 7.810E-06 7.174E-06 5.817E-06 4.844E-06 3.977E-06 3.279E-06 1.854E-06 2.247E-06 3.325E-06 3.396E-06 3.229E-06 2.684E-06 2.257E-06 1.725E-06 1.489E-06 1.130E-06 8.049E-07 1.286E-06 1.123E-06 8.308E-07 6.397E-07 5.805E-07 5.380E-07 5.140E-07 4.667E-07 4.260E-07 3.784E-07 3.416E-07 3.027E-07 1.969E-07 1.641E-07 1.621E-07 2.552E-07 3.147E-07 4.065E-07 4.353E-07 4.411E-07 4.554E-07 4.522E-07 4.242E-07 4.082E-07 3.428E-07 2.950E-07 2.582E-07 2.024E-07 1.503E-07 1.203E-07 7.312E-08 5.044E-08
  1.360E+02  1.074E-05 1.208E-05 1.230E-05 1.236E-05 1.198E-05 1.163E-05 1.121E-05 1.076E-05 1.024E-05 9.815E-06 9.355E-06 8.929E-06 8.165E-06 7.454E-06 5.996E-06 4.967E-06 4.056E-06 3.331E-06 1.869E-06 2.240E-06 3.311E-06 3.412E-06 3.254E-06 2.707E-06 2.274E-06 1.736E-06 1.499E-06 1.138E-06 8.087E-07 1.292E-06 1.130E-06 8.370E-07 6.446E-07 5.851E-07 5.424E-07 5.182E-07 4.707E-07 4.297E-07 3.817E-07 3.447E-07 3.055E-07 1.987E-07 1.657E-07 1.637E-07 2.580E-07 3.182E-07 4.114E-07 4.407E-07 4.466E-07 4.614E-07 4.583E-07 4.300E-07 4.139E-07 3.478E-07 2.994E-07 2.621E-07 2.056E-07 1.528E-07 1.223E-07 7.442E-08 5.137E-08
  1.380E+02  1.219E-05 1.367E-05 1.348E-05 1.355E-05 1.296E-05 1.259E-05 1.205E-05 1.136E-05 1.086E-05 1.037E-05 9.836E-06 9.390E-06 8.558E-06 7.759E-06 6.188E-06 5.103E-06 4.144E-06 3.389E-06 1.888E-06 2.235E-06 3.302E-06 3.435E-06 3.285E-06 2.735E-06 2.296E-06 1.750E-06 1.511E-06 1.147E-06 8.131E-07 1.300E-06 1.139E-06 8.437E-07 6.500E-07 5.900E-07 5.471E-07 5.227E-07 4.749E-07 4.336E-07 3.852E-07 3.479E-07 3.083E-07 2.006E-07 1.673E-07 1.653E-07 2.607E-07 3.218E-07 4.162E-07 4.461E-07 4.522E-07 4.675E-07 4.645E-07 4.359E-07 4.196E-07 3.527E-07 3.038E-07 2.660E-07 2.088E-07 1.552E-07 1.244E-07 7.572E-08 5.231E-08
  1.400E+02  1.406E-05 1.522E-05 1.500E-05 1.472E-05 1.399E-05 1.355E-05 1.281E-05 1.214E-05 1.150E-05 1.096E-05 1.037E-05 9.868E-06 8.950E-06 8.092E-06 6.402E-06 5.247E-06 4.242E-06 3.454E-06 1.909E-06 2.232E-06 3.296E-06 3.463E-06 3.322E-06 2.768E-06 2.321E-06 1.766E-06 1.525E-06 1.157E-06 8.179E-07 1.308E-06 1.148E-06 8.511E-07 6.557E-07 5.952E-07 5.519E-07 5.275E-07 4.792E-07 4.376E-07 3.888E-07 3.512E-07 3.113E-07 2.025E-07 1.689E-07 1.669E-07 2.635E-07 3.253E-07 4.211E-07 4.516E-07 4.577E-07 4.736E-07 4.706E-07 4.418E-07 4.254E-07 3.577E-07 3.082E-07 2.700E-07 2.121E-07 1.577E-07 1.264E-07 7.702E-08 5.324E-08
  1.420E+02  1.636E-05 1.697E-05 1.672E-05 1.590E-05 1.504E-05 1.445E-05 1.360E-05 1.301E-05 1.212E-05 1.153E-05 1.093E-05 1.036E-05 9.346E-06 8.450E-06 6.643E-06 5.401E-06 4.349E-06 3.524E-06 1.932E-06 2.232E-06 3.294E-06 3.496E-06 3.364E-06 2.805E-06 2.350E-06 1.783E-06 1.540E-06 1.168E-06 8.231E-07 1.317E-06 1.158E-06 8.588E-07 6.616E-07 6.006E-07 5.570E-07 5.323E-07 4.837E-07 4.417E-07 3.925E-07 3.545E-07 3.143E-07 2.044E-07 1.705E-07 1.686E-07 2.663E-07 3.289E-07 4.260E-07 4.570E-07 4.633E-07 4.796E-07 4.768E-07 4.477E-07 4.311E-07 3.627E-07 3.126E-07 2.739E-07 2.153E-07 1.602E-07 1.284E-07 7.831E-08 5.417E-08
  1.440E+02  1.921E-05 1.881E-05 1.815E-05 1.711E-05 1.606E-05 1.527E-05 1.438E-05 1.371E-05 1.276E-05 1.211E-05 1.150E-05 1.087E-05 9.729E-06 8.806E-06 6.879E-06 5.563E-06 4.460E-06 3.599E-06 1.958E-06 2.233E-06 3.295E-06 3.534E-06 3.411E-06 2.845E-06 2.381E-06 1.803E-06 1.556E-06 1.179E-06 8.286E-07 1.327E-06 1.168E-06 8.668E-07 6.677E-07 6.061E-07 5.621E-07 5.373E-07 4.883E-07 4.459E-07 3.962E-07 3.579E-07 3.173E-07 2.064E-07 1.721E-07 1.702E-07 2.690E-07 3.324E-07 4.308E-07 4.624E-07 4.688E-07 4.856E-07 4.829E-07 4.535E-07 4.368E-07 3.676E-07 3.169E-07 2.778E-07 2.184E-07 1.626E-07 1.304E-07 7.958E-08 5.507E-08
  1.460E+02  2.121E-05 2.001E-05 1.933E-05 1.795E-05 1.707E-05 1.601E-05 1.497E-05 1.434E-05 1.339E-05 1.270E-05 1.203E-05 1.134E-05 1.011E-05 9.147E-06 7.100E-06 5.729E-06 4.575E-06 3.679E-06 1.986E-06 2.235E-06 3.297E-06 3.575E-06 3.461E-06 2.889E-06 2.414E-06 1.824E-06 1.573E-06 1.191E-06 8.343E-07 1.337E-06 1.179E-06 8.751E-07 6.739E-07 6.117E-07 5.673E-07 5.423E-07 4.929E-07 4.501E-07 3.999E-07 3.613E-07 3.203E-07 2.083E-07 1.737E-07 1.718E-07 2.717E-07 3.358E-07 4.356E-07 4.677E-07 4.742E-07 4.915E-07 4.889E-07 4.593E-07 4.424E-07 3.725E-07 3.212E-07 2.816E-07 2.215E-07 1.650E-07 1.323E-07 8.082E-08 5.596E-08
  1.480E+02  2.302E-05 2.148E-05 2.006E-05 1.869E-05 1.765E-05 1.691E-05 1.567E-05 1.491E-05 1.387E-05 1.316E-05 1.245E-05 1.179E-05 1.053E-05 9.477E-06 7.327E-06 5.899E-06 4.691E-06 3.762E-06 2.016E-06 2.239E-06 3.301E-06 3.618E-06 3.515E-06 2.936E-06 2.450E-06 1.846E-06 1.592E-06 1.204E-06 8.401E-07 1.348E-06 1.191E-06 8.836E-07 6.802E-07 6.173E-07 5.725E-07 5.473E-07 4.975E-07 4.543E-07 4.036E-07 3.646E-07 3.232E-07 2.102E-07 1.753E-07 1.734E-07 2.743E-07 3.392E-07 4.402E-07 4.728E-07 4.795E-07 4.972E-07 4.947E-07 4.649E-07 4.478E-07 3.772E-07 3.254E-07 2.853E-07 2.245E-07 1.673E-07 1.343E-07 8.203E-08 5.683E-08
  1.500E+02  2.431E-05 2.257E-05 2.053E-05 1.952E-05 1.807E-05 1.768E-05 1.626E-05 1.526E-05 1.426E-05 1.355E-05 1.284E-05 1.221E-05 1.095E-05 9.797E-06 7.547E-06 6.073E-06 4.811E-06 3.847E-06 2.048E-06 2.244E-06 3.306E-06 3.663E-06 3.571E-06 2.984E-06 2.487E-06 1.869E-06 1.611E-06 1.217E-06 8.460E-07 1.359E-06 1.202E-06 8.921E-07 6.864E-07 6.229E-07 5.777E-07 5.522E-07 5.020E-07 4.584E-07 4.072E-07 3.679E-07 3.261E-07 2.120E-07 1.768E-07 1.749E-07 2.769E-07 3.424E-07 4.447E-07 4.778E-07 4.846E-07 5.028E-07 5.004E-07 4.703E-07 4.531E-07 3.818E-07 3.294E-07 2.889E-07 2.275E-07 1.696E-07 1.361E-07 8.320E-08 5.767E-08
  1.520E+02  2.469E-05 2.303E-05 2.072E-05 2.003E-05 1.854E-05 1.794E-05 1.674E-05 1.561E-05 1.472E-05 1.401E-05 1.325E-05 1.257E-05 1.126E-05 1.009E-05 7.762E-06 6.247E-06 4.931E-06 3.935E-06 2.081E-06 2.250E-06 3.311E-06 3.708E-06 3.627E-06 3.034E-06 2.525E-06 1.892E-06 1.630E-06 1.231E-06 8.518E-07 1.370E-06 1.214E-06 9.006E-07 6.926E-07 6.285E-07 5.828E-07 5.571E-07 5.064E-07 4.624E-07 4.108E-07 3.711E-07 3.290E-07 2.138E-07 1.782E-07 1.764E-07 2.793E-07 3.456E-07 4.490E-07 4.826E-07 4.895E-07 5.082E-07 5.059E-07 4.756E-07 4.582E-07 3.862E-07 3.333E-07 2.924E-07 2.303E-07 1.718E-07 1.379E-07 8.433E-08 5.847E-08
  1.540E+02  2.458E-05 2.229E-05 2.109E-05 2.023E-05 1.901E-05 1.796E-05 1.694E-05 1.612E-05 1.517E-05 1.445E-05 1.364E-05 1.289E-05 1.152E-05 1.039E-05 7.994E-06 6.415E-06 5.052E-06 4.023E-06 2.116E-06 2.256E-06 3.317E-06 3.752E-06 3.683E-06 3.083E-06 2.564E-06 1.916E-06 1.650E-06 1.244E-06 8.576E-07 1.381E-06 1.225E-06 9.090E-07 6.987E-07 6.339E-07 5.878E-07 5.618E-07 5.108E-07 4.664E-07 4.142E-07 3.742E-07 3.317E-07 2.155E-07 1.797E-07 1.778E-07 2.817E-07 3.486E-07 4.531E-07 4.872E-07 4.942E-07 5.133E-07 5.111E-07 4.806E-07 4.631E-07 3.904E-07 3.370E-07 2.957E-07 2.330E-07 1.738E-07 1.396E-07 8.541E-08 5.924E-08
  1.560E+02  2.550E-05 2.226E-05 2.165E-05 2.020E-05 1.933E-05 1.839E-05 1.718E-05 1.658E-05 1.551E-05 1.480E-05 1.404E-05 1.326E-05 1.184E-05 1.070E-05 8.225E-06 6.576E-06 5.174E-06 4.111E-06 2.153E-06 2.264E-06 3.322E-06 3.794E-06 3.737E-06 3.132E-06 2.602E-06 1.940E-06 1.669E-06 1.257E-06 8.633E-07 1.392E-06 1.237E-06 9.172E-07 7.046E-07 6.391E-07 5.926E-07 5.664E-07 5.150E-07 4.702E-07 4.175E-07 3.772E-07 3.344E-07 2.172E-07 1.810E-07 1.791E-07 2.839E-07 3.514E-07 4.570E-07 4.916E-07 4.986E-07 5.181E-07 5.161E-07 4.853E-07 4.678E-07 3.945E-07 3.406E-07 2.989E-07 2.356E-07 1.758E-07 1.412E-07 8.642E-08 5.996E-08
  1.580E+02  2.581E-05 2.280E-05 2.225E-05 2.056E-05 1.977E-05 1.887E-05 1.777E-05 1.708E-05 1.591E-05 1.519E-05 1.452E-05 1.367E-05 1.220E-05 1.103E-05 8.447E-06 6.735E-06 5.293E-06 4.198E-06 2.190E-06 2.271E-06 3.328E-06 3.833E-06 3.788E-06 3.179E-06 2.639E-06 1.964E-06 1.689E-06 1.271E-06 8.688E-07 1.402E-06 1.248E-06 9.253E-07 7.103E-07 6.442E-07 5.972E-07 5.708E-07 5.189E-07 4.738E-07 4.206E-07 3.800E-07 3.368E-07 2.187E-07 1.823E-07 1.804E-07 2.860E-07 3.541E-07 4.607E-07 4.957E-07 5.028E-07 5.227E-07 5.207E-07 4.898E-07 4.721E-07 3.982E-07 3.439E-07 3.019E-07 2.380E-07 1.777E-07 1.427E-07 8.738E-08 6.065E-08
  1.600E+02  2.625E-05 2.337E-05 2.296E-05 2.169E-05 2.060E-05 1.944E-05 1.846E-05 1.778E-05 1.655E-05 1.578E-05 1.501E-05 1.411E-05 1.256E-05 1.134E-05 8.663E-06 6.890E-06 5.405E-06 4.281E-06 2.228E-06 2.279E-06 3.335E-06 3.867E-06 3.833E-06 3.222E-06 2.675E-06 1.987E-06 1.707E-06 1.284E-06 8.741E-07 1.412E-06 1.258E-06 9.329E-07 7.157E-07 6.489E-07 6.016E-07 5.750E-07 5.227E-07 4.772E-07 4.236E-07 3.827E-07 3.392E-07 2.202E-07 1.835E-07 1.815E-07 2.879E-07 3.565E-07 4.641E-07 4.995E-07 5.067E-07 5.270E-07 5.251E-07 4.940E-07 4.762E-07 4.018E-07 3.470E-07 3.046E-07 2.402E-07 1.794E-07 1.441E-07 8.827E-08 6.128E-08
  1.620E+02  2.712E-05 2.485E-05 2.413E-05 2.282E-05 2.184E-05 2.065E-05 1.939E-05 1.855E-05 1.736E-05 1.649E-05 1.556E-05 1.455E-05 1.299E-05 1.163E-05 8.849E-06 7.024E-06 5.499E-06 4.356E-06 2.264E-06 2.287E-06 3.342E-06 3.897E-06 3.873E-06 3.262E-06 2.708E-06 2.010E-06 1.726E-06 1.296E-06 8.791E-07 1.422E-06 1.269E-06 9.402E-07 7.209E-07 6.534E-07 6.057E-07 5.789E-07 5.262E-07 4.804E-07 4.263E-07 3.852E-07 3.414E-07 2.215E-07 1.845E-07 1.826E-07 2.897E-07 3.588E-07 4.673E-07 5.030E-07 5.103E-07 5.309E-07 5.291E-07 4.978E-07 4.799E-07 4.050E-07 3.499E-07 3.072E-07 2.423E-07 1.810E-07 1.454E-07 8.909E-08 6.187E-08
  1.640E+02  2.892E-05 2.739E-05 2.563E-05 2.489E-05 2.335E-05 2.209E-05 2.075E-05 1.940E-05 1.818E-05 1.718E-05 1.615E-05 1.500E-05 1.337E-05 1.185E-05 8.972E-06 7.116E-06 5.566E-06 4.415E-06 2.298E-06 2.295E-06 3.352E-06 3.925E-06 3.907E-06 3.297E-06 2.738E-06 2.031E-06 1.743E-06 1.308E-06 8.837E-07 1.431E-06 1.278E-06 9.471E-07 7.256E-07 6.576E-07 6.095E-07 5.825E-07 5.295E-07 4.833E-07 4.289E-07 3.874E-07 3.433E-07 2.228E-07 1.855E-07 1.836E-07 2.914E-07 3.609E-07 4.701E-07 5.062E-07 5.136E-07 5.345E-07 5.327E-07 5.013E-07 4.833E-07 4.080E-07 3.525E-07 3.095E-07 2.442E-07 1.824E-07 1.466E-07 8.984E-08 6.240E-08
  1.660E+02  3.234E-05 2.960E-05 2.804E-05 2.666E-05 2.472E-05 2.321E-05 2.168E-05 2.022E-05 1.871E-05 1.758E-05 1.651E-05 1.537E-05 1.351E-05 1.197E-05 8.990E-06 7.122E-06 5.596E-06 4.448E-06 2.328E-06 2.303E-06 3.365E-06 3.953E-06 3.938E-06 3.328E-06 2.766E-06 2.050E-06 1.759E-06 1.319E-06 8.880E-07 1.440E-06 1.287E-06 9.534E-07 7.299E-07 6.614E-07 6.129E-07 5.857E-07 5.324E-07 4.859E-07 4.312E-07 3.895E-07 3.451E-07 2.238E-07 1.864E-07 1.845E-07 2.928E-07 3.628E-07 4.727E-07 5.090E-07 5.165E-07 5.376E-07 5.360E-07 5.044E-07 4.864E-07 4.106E-07 3.548E-07 3.116E-07 2.459E-07 1.837E-07 1.476E-07 9.050E-08 6.287E-08
  1.680E+02  3.511E-05 3.176E-05 3.022E-05 2.736E-05 2.560E-05 2.390E-05 2.180E-05 2.057E-05 1.867E-05 1.743E-05 1.635E-05 1.529E-05 1.325E-05 1.180E-05 8.844E-06 7.012E-06 5.570E-06 4.447E-06 2.352E-06 2.310E-06 3.381E-06 3.984E-06 3.970E-06 3.357E-06 2.792E-06 2.069E-06 1.774E-06 1.329E-06 8.918E-07 1.447E-06 1.296E-06 9.591E-07 7.338E-07 6.648E-07 6.159E-07 5.886E-07 5.350E-07 4.883E-07 4.332E-07 3.913E-07 3.467E-07 2.248E-07 1.872E-07 1.852E-07 2.941E-07 3.644E-07 4.749E-07 5.116E-07 5.191E-07 5.404E-07 5.388E-07 5.072E-07 4.891E-07 4.129E-07 3.568E-07 3.134E-07 2.474E-07 1.848E-07 1.486E-07 9.109E-08 6.329E-08
  1.700E+02  3.669E-05 3.204E-05 3.088E-05 2.698E-05 2.478E-05 2.297E-05 2.074E-05 1.979E-05 1.759E-05 1.637E-05 1.553E-05 1.444E-05 1.244E-05 1.118E-05 8.495E-06 6.798E-06 5.485E-06 4.417E-06 2.369E-06 2.317E-06 3.400E-06 4.022E-06 4.006E-06 3.387E-06 2.817E-06 2.086E-06 1.788E-06 1.338E-06 8.951E-07 1.454E-06 1.303E-06 9.641E-07 7.372E-07 6.677E-07 6.186E-07 5.911E-07 5.373E-07 4.903E-07 4.349E-07 3.928E-07 3.481E-07 2.256E-07 1.879E-07 1.859E-07 2.952E-07 3.658E-07 4.768E-07 5.137E-07 5.212E-07 5.428E-07 5.412E-07 5.095E-07 4.913E-07 4.149E-07 3.586E-07 3.150E-07 2.486E-07 1.858E-07 1.493E-07 9.159E-08 6.364E-08
  1.720E+02  3.616E-05 3.019E-05 2.886E-05 2.451E-05 2.244E-05 2.062E-05 1.856E-05 1.780E-05 1.566E-05 1.461E-05 1.409E-05 1.305E-05 1.132E-05 1.030E-05 8.048E-06 6.572E-06 5.387E-06 4.387E-06 2.381E-06 2.323E-06 3.421E-06 4.067E-06 4.051E-06 3.421E-06 2.844E-06 2.103E-06 1.801E-06 1.347E-06 8.979E-07 1.460E-06 1.309E-06 9.684E-07 7.401E-07 6.702E-07 6.208E-07 5.932E-07 5.392E-07 4.920E-07 4.364E-07 3.941E-07 3.492E-07 2.263E-07 1.884E-07 1.864E-07 2.961E-07 3.669E-07 4.784E-07 5.155E-07 5.230E-07 5.448E-07 5.433E-07 5.115E-07 4.932E-07 4.166E-07 3.600E-07 3.162E-07 2.497E-07 1.866E-07 1.500E-07 9.200E-08 6.394E-08
  1.740E+02  3.576E-05 3.042E-05 2.608E-05 2.358E-05 2.051E-05 1.900E-05 1.731E-05 1.589E-05 1.432E-05 1.345E-05 1.291E-05 1.208E-05 1.073E-05 9.777E-06 7.817E-06 6.526E-06 5.374E-06 4.407E-06 2.398E-06 2.327E-06 3.441E-06 4.118E-06 4.104E-06 3.460E-06 2.871E-06 2.118E-06 1.813E-06 1.354E-06 9.001E-07 1.464E-06 1.315E-06 9.719E-07 7.424E-07 6.722E-07 6.226E-07 5.949E-07 5.407E-07 4.933E-07 4.375E-07 3.951E-07 3.501E-07 2.269E-07 1.888E-07 1.869E-07 2.968E-07 3.678E-07 4.797E-07 5.168E-07 5.245E-07 5.464E-07 5.448E-07 5.130E-07 4.947E-07 4.178E-07 3.611E-07 3.172E-07 2.505E-07 1.872E-07 1.505E-07 9.232E-08 6.417E-08
  1.760E+02  3.737E-05 3.245E-05 2.674E-05 2.510E-05 2.183E-05 2.052E-05 1.866E-05 1.662E-05 1.541E-05 1.447E-05 1.356E-05 1.279E-05 1.151E-05 1.027E-05 8.143E-06 6.796E-06 5.529E-06 4.516E-06 2.427E-06 2.331E-06 3.459E-06 4.167E-06 4.157E-06 3.500E-06 2.898E-06 2.131E-06 1.822E-06 1.359E-06 9.017E-07 1.468E-06 1.319E-06 9.745E-07 7.440E-07 6.736E-07 6.239E-07 5.961E-07 5.417E-07 4.943E-07 4.383E-07 3.959E-07 3.507E-07 2.272E-07 1.892E-07 1.872E-07 2.973E-07 3.685E-07 4.806E-07 5.178E-07 5.255E-07 5.475E-07 5.460E-07 5.141E-07 4.958E-07 4.188E-07 3.619E-07 3.180E-07 2.511E-07 1.877E-07 1.509E-07 9.255E-08 6.433E-08
  1.780E+02  4.113E-05 3.855E-05 3.176E-05 3.083E-05 2.757E-05 2.614E-05 2.325E-05 2.081E-05 1.896E-05 1.760E-05 1.631E-05 1.517E-05 1.355E-05 1.162E-05 8.930E-06 7.262E-06 5.790E-06 4.669E-06 2.464E-06 2.333E-06 3.470E-06 4.202E-06 4.197E-06 3.531E-06 2.919E-06 2.140E-06 1.829E-06 1.363E-06 9.027E-07 1.470E-06 1.321E-06 9.761E-07 7.451E-07 6.745E-07 6.246E-07 5.968E-07 5.424E-07 4.949E-07 4.388E-07 3.963E-07 3.511E-07 2.275E-07 1.893E-07 1.874E-07 2.976E-07 3.689E-07 4.811E-07 5.184E-07 5.261E-07 5.481E-07 5.467E-07 5.147E-07 4.964E-07 4.193E-07 3.624E-07 3.184E-07 2.514E-07 1.880E-07 1.511E-07 9.269E-08 6.443E-08
  1.800E+02  5.037E-05 4.861E-05 3.757E-05 3.712E-05 3.310E-05 3.094E-05 2.713E-05 2.409E-05 2.152E-05 1.978E-05 1.825E-05 1.679E-05 1.486E-05 1.246E-05 9.399E-06 7.515E-06 5.929E-06 4.745E-06 2.482E-06 2.334E-06 3.474E-06 4.215E-06 4.212E-06 3.543E-06 2.927E-06 2.144E-06 1.831E-06 1.364E-06 9.030E-07 1.471E-06 1.322E-06 9.767E-07 7.454E-07 6.748E-07 6.249E-07 5.971E-07 5.426E-07 4.951E-07 4.390E-07 3.965E-07 3.513E-07 2.276E-07 1.894E-07 1.874E-07 2.977E-07 3.690E-07 4.813E-07 5.186E-07 5.263E-07 5.483E-07 5.469E-07 5.149E-07 4.966E-07 4.195E-07 3.626E-07 3.185E-07 2.515E-07 1.881E-07 1.512E-07 9.274E-08 6.446E-08
