# water soluble (50%) 
#
# size distribution: lognormal
# ------------------
#
#   minimum radius, [um]:      6.000E-03
#   maximum radius, [um]:      2.500E+01
#                  sigma:      2.240E+00
#       Rmod (wet), [um]:      2.620E-02
#       Rmod (dry), [um]:      2.120E-02
#
# optical parameters:
# -------------------
#
# wavelength ext.coef  sca.coef  abs.coef  si.sc.alb  asym.par  ext.nor    ref.real  ref.imag
#     [um]     [1/km]    [1/km]    [1/km]
#
#  2.500E-01 1.511E-05 1.347E-05 1.635E-06 8.918E-01 0.729E+00 2.373E+00  1.451E+00 -1.589E-02
#  3.000E-01 1.301E-05 1.261E-05 4.072E-07 9.687E-01 0.711E+00 2.044E+00  1.445E+00 -4.238E-03
#  3.500E-01 1.119E-05 1.098E-05 2.166E-07 9.806E-01 0.702E+00 1.758E+00  1.442E+00 -2.649E-03
#  4.000E-01 9.654E-06 9.469E-06 1.851E-07 9.808E-01 0.695E+00 1.516E+00  1.440E+00 -2.649E-03
#  4.500E-01 8.369E-06 8.208E-06 1.604E-07 9.808E-01 0.687E+00 1.314E+00  1.439E+00 -2.649E-03
#  5.000E-01 7.281E-06 7.141E-06 1.408E-07 9.807E-01 0.679E+00 1.144E+00  1.438E+00 -2.649E-03
#  5.500E-01 6.366E-06 6.217E-06 1.495E-07 9.765E-01 0.672E+00 1.000E+00  1.437E+00 -3.179E-03
#  6.000E-01 5.593E-06 5.459E-06 1.339E-07 9.761E-01 0.663E+00 8.785E-01  1.437E+00 -3.179E-03
#  6.500E-01 4.940E-06 4.799E-06 1.407E-07 9.715E-01 0.656E+00 7.759E-01  1.436E+00 -3.709E-03
#  7.000E-01 4.382E-06 4.254E-06 1.280E-07 9.708E-01 0.647E+00 6.882E-01  1.436E+00 -3.709E-03
#  7.500E-01 3.906E-06 3.764E-06 1.418E-07 9.637E-01 0.640E+00 6.135E-01  1.436E+00 -4.503E-03
#  8.000E-01 3.435E-06 3.282E-06 1.524E-07 9.556E-01 0.634E+00 5.395E-01  1.430E+00 -5.298E-03
#  9.000E-01 2.789E-06 2.619E-06 1.693E-07 9.393E-01 0.619E+00 4.380E-01  1.430E+00 -6.887E-03
#  1.000E+00 2.295E-06 2.120E-06 1.755E-07 9.235E-01 0.604E+00 3.605E-01  1.429E+00 -8.213E-03
#  1.250E+00 1.446E-06 1.285E-06 1.604E-07 8.891E-01 0.571E+00 2.271E-01  1.422E+00 -1.007E-02
#  1.500E+00 9.935E-07 8.424E-07 1.511E-07 8.479E-01 0.538E+00 1.560E-01  1.421E+00 -1.201E-02
#  1.750E+00 6.211E-07 5.244E-07 9.662E-08 8.444E-01 0.513E+00 9.755E-02  1.396E+00 -9.318E-03
#  2.000E+00 3.688E-07 3.268E-07 4.203E-08 8.860E-01 0.490E+00 5.793E-02  1.366E+00 -4.756E-03
#  2.500E+00 2.073E-07 1.586E-07 4.867E-08 7.652E-01 0.442E+00 3.256E-02  1.345E+00 -7.176E-03
#  3.000E+00 8.332E-07 1.105E-07 7.226E-07 1.327E-01 0.365E+00 1.309E-01  1.397E+00 -1.396E-01
#  3.200E+00 3.548E-07 1.234E-07 2.314E-07 3.478E-01 0.376E+00 5.573E-02  1.453E+00 -4.769E-02
#  3.390E+00 1.657E-07 9.798E-08 6.771E-08 5.913E-01 0.371E+00 2.602E-02  1.427E+00 -1.462E-02
#  3.500E+00 1.218E-07 9.020E-08 3.163E-08 7.404E-01 0.366E+00 1.914E-02  1.426E+00 -7.069E-03
#  3.750E+00 8.482E-08 6.916E-08 1.565E-08 8.154E-01 0.351E+00 1.332E-02  1.413E+00 -3.765E-03
#  4.000E+00 7.341E-08 5.477E-08 1.864E-08 7.461E-01 0.337E+00 1.153E-02  1.406E+00 -4.812E-03
#  4.500E+00 8.107E-08 3.626E-08 4.481E-08 4.472E-01 0.309E+00 1.273E-02  1.400E+00 -1.319E-02
#  5.000E+00 6.186E-08 2.482E-08 3.704E-08 4.013E-01 0.287E+00 9.717E-03  1.391E+00 -1.219E-02
#  5.500E+00 5.798E-08 1.653E-08 4.145E-08 2.852E-01 0.265E+00 9.108E-03  1.373E+00 -1.499E-02
#  6.000E+00 1.698E-07 1.025E-08 1.596E-07 6.034E-02 0.235E+00 2.668E-02  1.342E+00 -6.250E-02
#  6.200E+00 1.454E-07 1.230E-08 1.331E-07 8.464E-02 0.235E+00 2.284E-02  1.398E+00 -5.568E-02
#  6.500E+00 9.232E-08 1.082E-08 8.150E-08 1.172E-01 0.230E+00 1.450E-02  1.403E+00 -3.592E-02
#  7.200E+00 1.151E-07 6.088E-09 1.090E-07 5.289E-02 0.204E+00 1.808E-02  1.359E+00 -5.218E-02
#  7.900E+00 1.040E-07 2.130E-09 1.019E-07 2.048E-02 0.178E+00 1.634E-02  1.244E+00 -5.038E-02
#  8.200E+00 1.430E-07 7.303E-10 1.423E-07 5.106E-03 0.160E+00 2.246E-02  1.140E+00 -6.948E-02
#  8.500E+00 2.423E-07 2.551E-09 2.398E-07 1.053E-02 0.159E+00 3.806E-02  1.290E+00 -1.312E-01
#  8.700E+00 2.195E-07 1.503E-08 2.045E-07 6.848E-02 0.197E+00 3.448E-02  1.870E+00 -1.715E-01
#  9.000E+00 2.469E-07 1.525E-08 2.317E-07 6.175E-02 0.192E+00 3.878E-02  1.950E+00 -2.148E-01
#  9.200E+00 3.046E-07 1.000E-08 2.946E-07 3.284E-02 0.171E+00 4.785E-02  1.756E+00 -2.420E-01
#  9.500E+00 1.448E-07 6.252E-09 1.386E-07 4.317E-02 0.171E+00 2.275E-02  1.618E+00 -1.056E-01
#  9.800E+00 1.007E-07 4.844E-09 9.588E-08 4.809E-02 0.166E+00 1.582E-02  1.569E+00 -7.285E-02
#  1.000E+01 9.839E-08 4.064E-09 9.432E-08 4.131E-02 0.161E+00 1.545E-02  1.537E+00 -7.157E-02
#  1.060E+01 9.112E-08 2.757E-09 8.836E-08 3.026E-02 0.148E+00 1.431E-02  1.487E+00 -6.878E-02
#  1.100E+01 9.322E-08 2.119E-09 9.110E-08 2.273E-02 0.140E+00 1.464E-02  1.453E+00 -7.201E-02
#  1.150E+01 1.153E-07 1.543E-09 1.137E-07 1.338E-02 0.129E+00 1.811E-02  1.414E+00 -9.167E-02
#  1.250E+01 1.750E-07 1.074E-09 1.739E-07 6.137E-03 0.111E+00 2.748E-02  1.386E+00 -1.499E-01
#  1.300E+01 1.920E-07 1.007E-09 1.909E-07 5.244E-03 0.106E+00 3.015E-02  1.397E+00 -1.726E-01
#  1.400E+01 2.193E-07 8.184E-10 2.184E-07 3.733E-03 0.946E-01 3.444E-02  1.395E+00 -2.127E-01
#  1.480E+01 2.394E-07 6.111E-10 2.388E-07 2.553E-03 0.853E-01 3.761E-02  1.354E+00 -2.392E-01
#  1.500E+01 2.922E-07 6.621E-10 2.916E-07 2.266E-03 0.810E-01 4.590E-02  1.349E+00 -2.950E-01
#  1.640E+01 2.220E-07 8.274E-10 2.212E-07 3.727E-03 0.835E-01 3.487E-02  1.560E+00 -2.855E-01
#  1.720E+01 2.095E-07 1.076E-09 2.084E-07 5.135E-03 0.867E-01 3.291E-02  1.754E+00 -3.299E-01
#  1.800E+01 1.847E-07 8.250E-10 1.838E-07 4.468E-03 0.821E-01 2.901E-02  1.718E+00 -2.957E-01
#  1.850E+01 1.833E-07 6.563E-10 1.827E-07 3.580E-03 0.768E-01 2.880E-02  1.659E+00 -2.880E-01
#  2.000E+01 1.556E-07 6.615E-10 1.550E-07 4.250E-03 0.768E-01 2.445E-02  1.819E+00 -3.013E-01
#  2.130E+01 1.484E-07 4.960E-10 1.479E-07 3.342E-03 0.699E-01 2.331E-02  1.792E+00 -3.001E-01
#  2.250E+01 1.437E-07 3.850E-10 1.433E-07 2.680E-03 0.641E-01 2.256E-02  1.768E+00 -3.011E-01
#  2.500E+01 1.410E-07 2.364E-10 1.407E-07 1.677E-03 0.534E-01 2.214E-02  1.716E+00 -3.157E-01
#  2.790E+01 1.263E-07 1.501E-10 1.262E-07 1.188E-03 0.456E-01 1.984E-02  1.703E+00 -3.130E-01
#  3.000E+01 1.184E-07 1.110E-10 1.183E-07 9.375E-04 0.408E-01 1.859E-02  1.694E+00 -3.132E-01
#  3.500E+01 1.150E-07 6.920E-11 1.150E-07 6.015E-04 0.326E-01 1.807E-02  1.738E+00 -3.699E-01
#  4.000E+01 1.244E-07 4.223E-11 1.244E-07 3.394E-04 0.251E-01 1.954E-02  1.700E+00 -4.459E-01
#
# volume phase function [1/km]:
# -----------------------------
#
# sca.ang. | wavelengths --->
# ---------|------------------
#          | 2.500E-01 3.000E-01 3.500E-01 4.000E-01 4.500E-01 5.000E-01 5.500E-01 6.000E-01 6.500E-01 7.000E-01 7.500E-01 8.000E-01 9.000E-01 1.000E+00 1.250E+00 1.500E+00 1.750E+00 2.000E+00 2.500E+00 3.000E+00 3.200E+00 3.390E+00 3.500E+00 3.750E+00 4.000E+00 4.500E+00 5.000E+00 5.500E+00 6.000E+00 6.200E+00 6.500E+00 7.200E+00 7.900E+00 8.200E+00 8.500E+00 8.700E+00 9.000E+00 9.200E+00 9.500E+00 9.800E+00 1.000E+01 1.060E+01 1.100E+01 1.150E+01 1.250E+01 1.300E+01 1.400E+01 1.480E+01 1.500E+01 1.640E+01 1.720E+01 1.800E+01 1.850E+01 2.000E+01 2.130E+01 2.250E+01 2.500E+01 2.790E+01 3.000E+01 3.500E+01 4.000E+01
#
  0.000E+00  2.692E-05 2.064E-05 1.590E-05 1.249E-05 9.988E-06 8.102E-06 6.644E-06 5.515E-06 4.614E-06 3.901E-06 3.309E-06 2.801E-06 2.077E-06 1.574E-06 8.359E-07 4.869E-07 2.825E-07 1.664E-07 7.001E-08 3.740E-08 4.181E-08 3.316E-08 3.008E-08 2.227E-08 1.696E-08 1.038E-08 6.673E-09 4.196E-09 2.396E-09 2.832E-09 2.453E-09 1.294E-09 4.277E-10 1.403E-10 4.785E-10 2.849E-09 2.833E-09 1.816E-09 1.156E-09 8.909E-10 7.401E-10 4.888E-10 3.685E-10 2.613E-10 1.733E-10 1.597E-10 1.259E-10 9.178E-11 9.825E-11 1.224E-10 1.589E-10 1.207E-10 9.499E-11 9.512E-11 7.020E-11 5.375E-11 3.219E-11 2.005E-11 1.465E-11 8.944E-12 5.360E-12
  1.000E-01  2.692E-05 2.064E-05 1.590E-05 1.249E-05 9.987E-06 8.101E-06 6.643E-06 5.515E-06 4.613E-06 3.901E-06 3.309E-06 2.801E-06 2.077E-06 1.574E-06 8.358E-07 4.869E-07 2.825E-07 1.664E-07 7.001E-08 3.740E-08 4.181E-08 3.316E-08 3.008E-08 2.227E-08 1.696E-08 1.038E-08 6.673E-09 4.196E-09 2.396E-09 2.832E-09 2.453E-09 1.294E-09 4.277E-10 1.403E-10 4.785E-10 2.849E-09 2.833E-09 1.816E-09 1.156E-09 8.909E-10 7.401E-10 4.888E-10 3.685E-10 2.613E-10 1.733E-10 1.597E-10 1.259E-10 9.178E-11 9.825E-11 1.224E-10 1.589E-10 1.207E-10 9.499E-11 9.512E-11 7.020E-11 5.375E-11 3.219E-11 2.005E-11 1.465E-11 8.944E-12 5.360E-12
  2.000E-01  2.690E-05 2.063E-05 1.589E-05 1.249E-05 9.985E-06 8.100E-06 6.642E-06 5.515E-06 4.613E-06 3.900E-06 3.309E-06 2.801E-06 2.077E-06 1.574E-06 8.358E-07 4.869E-07 2.824E-07 1.664E-07 7.001E-08 3.740E-08 4.181E-08 3.316E-08 3.008E-08 2.227E-08 1.696E-08 1.038E-08 6.673E-09 4.195E-09 2.396E-09 2.832E-09 2.453E-09 1.294E-09 4.277E-10 1.403E-10 4.785E-10 2.849E-09 2.833E-09 1.816E-09 1.156E-09 8.909E-10 7.401E-10 4.888E-10 3.685E-10 2.613E-10 1.733E-10 1.597E-10 1.259E-10 9.178E-11 9.825E-11 1.224E-10 1.589E-10 1.207E-10 9.499E-11 9.512E-11 7.020E-11 5.375E-11 3.219E-11 2.005E-11 1.465E-11 8.944E-12 5.360E-12
  3.000E-01  2.688E-05 2.062E-05 1.589E-05 1.248E-05 9.983E-06 8.099E-06 6.641E-06 5.514E-06 4.612E-06 3.900E-06 3.308E-06 2.800E-06 2.077E-06 1.573E-06 8.357E-07 4.868E-07 2.824E-07 1.664E-07 7.000E-08 3.740E-08 4.181E-08 3.316E-08 3.008E-08 2.227E-08 1.696E-08 1.038E-08 6.672E-09 4.195E-09 2.396E-09 2.832E-09 2.453E-09 1.294E-09 4.277E-10 1.403E-10 4.785E-10 2.849E-09 2.832E-09 1.816E-09 1.156E-09 8.909E-10 7.401E-10 4.888E-10 3.685E-10 2.613E-10 1.733E-10 1.597E-10 1.259E-10 9.178E-11 9.825E-11 1.224E-10 1.589E-10 1.207E-10 9.499E-11 9.512E-11 7.020E-11 5.375E-11 3.219E-11 2.005E-11 1.465E-11 8.944E-12 5.360E-12
  4.000E-01  2.685E-05 2.060E-05 1.588E-05 1.248E-05 9.979E-06 8.096E-06 6.639E-06 5.512E-06 4.611E-06 3.899E-06 3.308E-06 2.800E-06 2.076E-06 1.573E-06 8.356E-07 4.868E-07 2.824E-07 1.664E-07 7.000E-08 3.740E-08 4.181E-08 3.316E-08 3.008E-08 2.227E-08 1.696E-08 1.038E-08 6.672E-09 4.195E-09 2.396E-09 2.832E-09 2.453E-09 1.294E-09 4.277E-10 1.403E-10 4.785E-10 2.849E-09 2.832E-09 1.816E-09 1.156E-09 8.909E-10 7.401E-10 4.887E-10 3.685E-10 2.613E-10 1.733E-10 1.597E-10 1.259E-10 9.177E-11 9.825E-11 1.224E-10 1.589E-10 1.207E-10 9.499E-11 9.512E-11 7.020E-11 5.375E-11 3.219E-11 2.005E-11 1.465E-11 8.944E-12 5.360E-12
  5.000E-01  2.681E-05 2.058E-05 1.587E-05 1.247E-05 9.975E-06 8.093E-06 6.637E-06 5.511E-06 4.610E-06 3.898E-06 3.307E-06 2.799E-06 2.076E-06 1.573E-06 8.355E-07 4.867E-07 2.824E-07 1.664E-07 6.999E-08 3.739E-08 4.181E-08 3.316E-08 3.008E-08 2.227E-08 1.696E-08 1.038E-08 6.672E-09 4.195E-09 2.396E-09 2.832E-09 2.453E-09 1.294E-09 4.277E-10 1.403E-10 4.785E-10 2.849E-09 2.832E-09 1.816E-09 1.156E-09 8.909E-10 7.401E-10 4.887E-10 3.685E-10 2.613E-10 1.733E-10 1.597E-10 1.259E-10 9.177E-11 9.825E-11 1.224E-10 1.589E-10 1.207E-10 9.499E-11 9.512E-11 7.020E-11 5.375E-11 3.219E-11 2.005E-11 1.465E-11 8.944E-12 5.360E-12
  6.000E-01  2.677E-05 2.056E-05 1.585E-05 1.246E-05 9.969E-06 8.089E-06 6.634E-06 5.509E-06 4.608E-06 3.897E-06 3.306E-06 2.799E-06 2.076E-06 1.573E-06 8.354E-07 4.867E-07 2.823E-07 1.663E-07 6.998E-08 3.739E-08 4.180E-08 3.315E-08 3.008E-08 2.227E-08 1.696E-08 1.038E-08 6.672E-09 4.195E-09 2.396E-09 2.832E-09 2.453E-09 1.293E-09 4.276E-10 1.403E-10 4.785E-10 2.849E-09 2.832E-09 1.816E-09 1.156E-09 8.908E-10 7.400E-10 4.887E-10 3.685E-10 2.613E-10 1.733E-10 1.597E-10 1.259E-10 9.177E-11 9.825E-11 1.224E-10 1.589E-10 1.207E-10 9.499E-11 9.512E-11 7.020E-11 5.375E-11 3.219E-11 2.005E-11 1.464E-11 8.944E-12 5.360E-12
  7.000E-01  2.672E-05 2.053E-05 1.584E-05 1.245E-05 9.962E-06 8.084E-06 6.631E-06 5.506E-06 4.607E-06 3.896E-06 3.305E-06 2.798E-06 2.075E-06 1.572E-06 8.352E-07 4.866E-07 2.823E-07 1.663E-07 6.998E-08 3.739E-08 4.180E-08 3.315E-08 3.008E-08 2.227E-08 1.696E-08 1.038E-08 6.671E-09 4.195E-09 2.396E-09 2.832E-09 2.453E-09 1.293E-09 4.276E-10 1.403E-10 4.784E-10 2.848E-09 2.832E-09 1.816E-09 1.156E-09 8.908E-10 7.400E-10 4.887E-10 3.685E-10 2.613E-10 1.733E-10 1.597E-10 1.259E-10 9.177E-11 9.824E-11 1.224E-10 1.589E-10 1.207E-10 9.499E-11 9.511E-11 7.020E-11 5.375E-11 3.219E-11 2.005E-11 1.464E-11 8.943E-12 5.359E-12
  8.000E-01  2.666E-05 2.050E-05 1.582E-05 1.244E-05 9.955E-06 8.079E-06 6.627E-06 5.504E-06 4.605E-06 3.894E-06 3.303E-06 2.797E-06 2.074E-06 1.572E-06 8.350E-07 4.865E-07 2.822E-07 1.663E-07 6.997E-08 3.738E-08 4.179E-08 3.315E-08 3.007E-08 2.226E-08 1.695E-08 1.037E-08 6.671E-09 4.194E-09 2.396E-09 2.831E-09 2.453E-09 1.293E-09 4.276E-10 1.403E-10 4.784E-10 2.848E-09 2.832E-09 1.816E-09 1.156E-09 8.908E-10 7.400E-10 4.887E-10 3.685E-10 2.613E-10 1.733E-10 1.597E-10 1.259E-10 9.177E-11 9.824E-11 1.224E-10 1.589E-10 1.207E-10 9.498E-11 9.511E-11 7.020E-11 5.375E-11 3.219E-11 2.005E-11 1.464E-11 8.943E-12 5.359E-12
  9.000E-01  2.659E-05 2.047E-05 1.580E-05 1.243E-05 9.946E-06 8.073E-06 6.623E-06 5.500E-06 4.602E-06 3.892E-06 3.302E-06 2.796E-06 2.074E-06 1.571E-06 8.348E-07 4.864E-07 2.822E-07 1.663E-07 6.995E-08 3.738E-08 4.179E-08 3.314E-08 3.007E-08 2.226E-08 1.695E-08 1.037E-08 6.670E-09 4.194E-09 2.396E-09 2.831E-09 2.452E-09 1.293E-09 4.276E-10 1.403E-10 4.784E-10 2.848E-09 2.832E-09 1.816E-09 1.156E-09 8.907E-10 7.399E-10 4.887E-10 3.685E-10 2.612E-10 1.733E-10 1.597E-10 1.259E-10 9.176E-11 9.824E-11 1.224E-10 1.589E-10 1.207E-10 9.498E-11 9.511E-11 7.019E-11 5.375E-11 3.219E-11 2.005E-11 1.464E-11 8.943E-12 5.359E-12
  1.000E+00  2.652E-05 2.043E-05 1.578E-05 1.241E-05 9.937E-06 8.067E-06 6.618E-06 5.497E-06 4.600E-06 3.890E-06 3.300E-06 2.794E-06 2.073E-06 1.571E-06 8.346E-07 4.863E-07 2.821E-07 1.662E-07 6.994E-08 3.737E-08 4.178E-08 3.314E-08 3.007E-08 2.226E-08 1.695E-08 1.037E-08 6.670E-09 4.194E-09 2.395E-09 2.831E-09 2.452E-09 1.293E-09 4.276E-10 1.403E-10 4.784E-10 2.848E-09 2.832E-09 1.816E-09 1.156E-09 8.907E-10 7.399E-10 4.886E-10 3.684E-10 2.612E-10 1.733E-10 1.597E-10 1.259E-10 9.176E-11 9.823E-11 1.224E-10 1.589E-10 1.207E-10 9.498E-11 9.510E-11 7.019E-11 5.374E-11 3.219E-11 2.004E-11 1.464E-11 8.943E-12 5.359E-12
  1.100E+00  2.644E-05 2.039E-05 1.575E-05 1.240E-05 9.926E-06 8.059E-06 6.613E-06 5.493E-06 4.597E-06 3.888E-06 3.299E-06 2.793E-06 2.072E-06 1.570E-06 8.343E-07 4.861E-07 2.820E-07 1.662E-07 6.993E-08 3.737E-08 4.178E-08 3.314E-08 3.006E-08 2.226E-08 1.695E-08 1.037E-08 6.669E-09 4.193E-09 2.395E-09 2.831E-09 2.452E-09 1.293E-09 4.275E-10 1.403E-10 4.783E-10 2.848E-09 2.832E-09 1.816E-09 1.156E-09 8.906E-10 7.399E-10 4.886E-10 3.684E-10 2.612E-10 1.733E-10 1.597E-10 1.259E-10 9.175E-11 9.823E-11 1.224E-10 1.589E-10 1.207E-10 9.497E-11 9.510E-11 7.019E-11 5.374E-11 3.218E-11 2.004E-11 1.464E-11 8.942E-12 5.359E-12
  1.200E+00  2.636E-05 2.034E-05 1.573E-05 1.238E-05 9.915E-06 8.052E-06 6.607E-06 5.489E-06 4.593E-06 3.885E-06 3.297E-06 2.791E-06 2.071E-06 1.569E-06 8.340E-07 4.860E-07 2.820E-07 1.661E-07 6.991E-08 3.736E-08 4.177E-08 3.313E-08 3.006E-08 2.225E-08 1.695E-08 1.037E-08 6.668E-09 4.193E-09 2.395E-09 2.831E-09 2.452E-09 1.293E-09 4.275E-10 1.403E-10 4.783E-10 2.848E-09 2.832E-09 1.816E-09 1.155E-09 8.906E-10 7.398E-10 4.886E-10 3.684E-10 2.612E-10 1.733E-10 1.597E-10 1.259E-10 9.175E-11 9.823E-11 1.223E-10 1.589E-10 1.207E-10 9.497E-11 9.510E-11 7.019E-11 5.374E-11 3.218E-11 2.004E-11 1.464E-11 8.942E-12 5.359E-12
  1.300E+00  2.627E-05 2.029E-05 1.570E-05 1.236E-05 9.903E-06 8.043E-06 6.601E-06 5.484E-06 4.590E-06 3.883E-06 3.295E-06 2.790E-06 2.070E-06 1.569E-06 8.337E-07 4.858E-07 2.819E-07 1.661E-07 6.989E-08 3.736E-08 4.177E-08 3.313E-08 3.005E-08 2.225E-08 1.694E-08 1.037E-08 6.667E-09 4.192E-09 2.395E-09 2.830E-09 2.452E-09 1.293E-09 4.275E-10 1.403E-10 4.783E-10 2.848E-09 2.831E-09 1.816E-09 1.155E-09 8.905E-10 7.398E-10 4.886E-10 3.684E-10 2.612E-10 1.732E-10 1.597E-10 1.259E-10 9.175E-11 9.822E-11 1.223E-10 1.589E-10 1.206E-10 9.496E-11 9.509E-11 7.018E-11 5.374E-11 3.218E-11 2.004E-11 1.464E-11 8.942E-12 5.358E-12
  1.400E+00  2.617E-05 2.024E-05 1.567E-05 1.234E-05 9.889E-06 8.034E-06 6.595E-06 5.480E-06 4.586E-06 3.880E-06 3.292E-06 2.788E-06 2.069E-06 1.568E-06 8.333E-07 4.856E-07 2.818E-07 1.660E-07 6.988E-08 3.735E-08 4.176E-08 3.312E-08 3.005E-08 2.225E-08 1.694E-08 1.037E-08 6.666E-09 4.192E-09 2.394E-09 2.830E-09 2.451E-09 1.293E-09 4.274E-10 1.403E-10 4.782E-10 2.847E-09 2.831E-09 1.815E-09 1.155E-09 8.905E-10 7.397E-10 4.885E-10 3.684E-10 2.612E-10 1.732E-10 1.597E-10 1.259E-10 9.174E-11 9.822E-11 1.223E-10 1.589E-10 1.206E-10 9.496E-11 9.509E-11 7.018E-11 5.374E-11 3.218E-11 2.004E-11 1.464E-11 8.941E-12 5.358E-12
  1.500E+00  2.608E-05 2.019E-05 1.563E-05 1.232E-05 9.876E-06 8.024E-06 6.588E-06 5.474E-06 4.582E-06 3.877E-06 3.290E-06 2.786E-06 2.067E-06 1.567E-06 8.330E-07 4.855E-07 2.817E-07 1.660E-07 6.986E-08 3.734E-08 4.175E-08 3.311E-08 3.004E-08 2.224E-08 1.694E-08 1.037E-08 6.665E-09 4.191E-09 2.394E-09 2.830E-09 2.451E-09 1.293E-09 4.274E-10 1.402E-10 4.782E-10 2.847E-09 2.831E-09 1.815E-09 1.155E-09 8.904E-10 7.397E-10 4.885E-10 3.683E-10 2.612E-10 1.732E-10 1.597E-10 1.259E-10 9.174E-11 9.821E-11 1.223E-10 1.589E-10 1.206E-10 9.495E-11 9.508E-11 7.017E-11 5.373E-11 3.218E-11 2.004E-11 1.464E-11 8.941E-12 5.358E-12
  1.600E+00  2.597E-05 2.013E-05 1.560E-05 1.230E-05 9.861E-06 8.014E-06 6.580E-06 5.469E-06 4.578E-06 3.874E-06 3.288E-06 2.784E-06 2.066E-06 1.566E-06 8.326E-07 4.853E-07 2.816E-07 1.659E-07 6.984E-08 3.733E-08 4.174E-08 3.311E-08 3.004E-08 2.224E-08 1.694E-08 1.036E-08 6.664E-09 4.191E-09 2.394E-09 2.829E-09 2.451E-09 1.292E-09 4.273E-10 1.402E-10 4.782E-10 2.847E-09 2.831E-09 1.815E-09 1.155E-09 8.903E-10 7.396E-10 4.884E-10 3.683E-10 2.611E-10 1.732E-10 1.597E-10 1.259E-10 9.173E-11 9.820E-11 1.223E-10 1.589E-10 1.206E-10 9.495E-11 9.508E-11 7.017E-11 5.373E-11 3.218E-11 2.004E-11 1.464E-11 8.940E-12 5.358E-12
  1.700E+00  2.587E-05 2.007E-05 1.557E-05 1.228E-05 9.845E-06 8.003E-06 6.572E-06 5.463E-06 4.574E-06 3.870E-06 3.285E-06 2.782E-06 2.065E-06 1.565E-06 8.322E-07 4.851E-07 2.815E-07 1.659E-07 6.981E-08 3.733E-08 4.173E-08 3.310E-08 3.003E-08 2.223E-08 1.693E-08 1.036E-08 6.663E-09 4.190E-09 2.394E-09 2.829E-09 2.451E-09 1.292E-09 4.273E-10 1.402E-10 4.781E-10 2.847E-09 2.831E-09 1.815E-09 1.155E-09 8.903E-10 7.395E-10 4.884E-10 3.683E-10 2.611E-10 1.732E-10 1.596E-10 1.259E-10 9.172E-11 9.820E-11 1.223E-10 1.589E-10 1.206E-10 9.494E-11 9.507E-11 7.017E-11 5.373E-11 3.218E-11 2.004E-11 1.464E-11 8.940E-12 5.357E-12
  1.800E+00  2.576E-05 2.001E-05 1.553E-05 1.225E-05 9.829E-06 7.992E-06 6.564E-06 5.457E-06 4.569E-06 3.866E-06 3.282E-06 2.780E-06 2.063E-06 1.564E-06 8.317E-07 4.848E-07 2.814E-07 1.658E-07 6.979E-08 3.732E-08 4.173E-08 3.309E-08 3.002E-08 2.223E-08 1.693E-08 1.036E-08 6.662E-09 4.189E-09 2.393E-09 2.829E-09 2.450E-09 1.292E-09 4.272E-10 1.402E-10 4.781E-10 2.847E-09 2.830E-09 1.815E-09 1.155E-09 8.902E-10 7.395E-10 4.884E-10 3.682E-10 2.611E-10 1.732E-10 1.596E-10 1.258E-10 9.172E-11 9.819E-11 1.223E-10 1.588E-10 1.206E-10 9.494E-11 9.507E-11 7.016E-11 5.372E-11 3.217E-11 2.004E-11 1.464E-11 8.939E-12 5.357E-12
  1.900E+00  2.565E-05 1.995E-05 1.549E-05 1.223E-05 9.812E-06 7.980E-06 6.555E-06 5.451E-06 4.564E-06 3.863E-06 3.279E-06 2.777E-06 2.062E-06 1.563E-06 8.312E-07 4.846E-07 2.812E-07 1.657E-07 6.977E-08 3.731E-08 4.172E-08 3.308E-08 3.002E-08 2.222E-08 1.692E-08 1.036E-08 6.661E-09 4.189E-09 2.393E-09 2.828E-09 2.450E-09 1.292E-09 4.272E-10 1.402E-10 4.780E-10 2.846E-09 2.830E-09 1.815E-09 1.155E-09 8.901E-10 7.394E-10 4.883E-10 3.682E-10 2.611E-10 1.732E-10 1.596E-10 1.258E-10 9.171E-11 9.818E-11 1.223E-10 1.588E-10 1.206E-10 9.493E-11 9.506E-11 7.016E-11 5.372E-11 3.217E-11 2.004E-11 1.464E-11 8.939E-12 5.357E-12
  2.000E+00  2.553E-05 1.988E-05 1.545E-05 1.220E-05 9.795E-06 7.968E-06 6.546E-06 5.444E-06 4.559E-06 3.859E-06 3.276E-06 2.775E-06 2.060E-06 1.562E-06 8.308E-07 4.844E-07 2.811E-07 1.657E-07 6.974E-08 3.730E-08 4.170E-08 3.308E-08 3.001E-08 2.222E-08 1.692E-08 1.036E-08 6.660E-09 4.188E-09 2.392E-09 2.828E-09 2.450E-09 1.292E-09 4.271E-10 1.402E-10 4.780E-10 2.846E-09 2.830E-09 1.814E-09 1.155E-09 8.900E-10 7.393E-10 4.883E-10 3.682E-10 2.610E-10 1.732E-10 1.596E-10 1.258E-10 9.170E-11 9.818E-11 1.223E-10 1.588E-10 1.206E-10 9.492E-11 9.505E-11 7.015E-11 5.372E-11 3.217E-11 2.003E-11 1.464E-11 8.938E-12 5.356E-12
  3.000E+00  2.424E-05 1.914E-05 1.499E-05 1.190E-05 9.583E-06 7.818E-06 6.436E-06 5.361E-06 4.496E-06 3.809E-06 3.237E-06 2.744E-06 2.039E-06 1.548E-06 8.245E-07 4.813E-07 2.795E-07 1.647E-07 6.941E-08 3.717E-08 4.157E-08 3.297E-08 2.992E-08 2.215E-08 1.687E-08 1.033E-08 6.644E-09 4.178E-09 2.388E-09 2.822E-09 2.445E-09 1.290E-09 4.264E-10 1.399E-10 4.772E-10 2.843E-09 2.827E-09 1.812E-09 1.153E-09 8.888E-10 7.384E-10 4.876E-10 3.677E-10 2.607E-10 1.730E-10 1.594E-10 1.257E-10 9.161E-11 9.808E-11 1.222E-10 1.587E-10 1.205E-10 9.484E-11 9.497E-11 7.009E-11 5.367E-11 3.214E-11 2.002E-11 1.462E-11 8.931E-12 5.352E-12
  4.000E+00  2.283E-05 1.828E-05 1.444E-05 1.152E-05 9.321E-06 7.629E-06 6.296E-06 5.256E-06 4.414E-06 3.745E-06 3.186E-06 2.703E-06 2.012E-06 1.529E-06 8.161E-07 4.771E-07 2.772E-07 1.635E-07 6.895E-08 3.699E-08 4.139E-08 3.282E-08 2.979E-08 2.206E-08 1.680E-08 1.029E-08 6.621E-09 4.165E-09 2.381E-09 2.815E-09 2.438E-09 1.286E-09 4.254E-10 1.396E-10 4.763E-10 2.838E-09 2.822E-09 1.809E-09 1.151E-09 8.872E-10 7.370E-10 4.868E-10 3.671E-10 2.603E-10 1.727E-10 1.592E-10 1.255E-10 9.148E-11 9.794E-11 1.220E-10 1.585E-10 1.203E-10 9.471E-11 9.485E-11 7.000E-11 5.360E-11 3.210E-11 1.999E-11 1.461E-11 8.921E-12 5.346E-12
  5.000E+00  2.140E-05 1.738E-05 1.384E-05 1.111E-05 9.025E-06 7.413E-06 6.132E-06 5.131E-06 4.316E-06 3.668E-06 3.124E-06 2.653E-06 1.978E-06 1.506E-06 8.057E-07 4.718E-07 2.744E-07 1.619E-07 6.838E-08 3.677E-08 4.116E-08 3.264E-08 2.962E-08 2.194E-08 1.672E-08 1.024E-08 6.593E-09 4.148E-09 2.372E-09 2.805E-09 2.430E-09 1.282E-09 4.241E-10 1.392E-10 4.750E-10 2.831E-09 2.816E-09 1.805E-09 1.148E-09 8.852E-10 7.353E-10 4.857E-10 3.662E-10 2.597E-10 1.723E-10 1.589E-10 1.253E-10 9.131E-11 9.776E-11 1.218E-10 1.582E-10 1.201E-10 9.455E-11 9.469E-11 6.989E-11 5.352E-11 3.205E-11 1.996E-11 1.458E-11 8.908E-12 5.338E-12
  6.000E+00  2.001E-05 1.647E-05 1.322E-05 1.067E-05 8.707E-06 7.176E-06 5.953E-06 4.992E-06 4.207E-06 3.581E-06 3.055E-06 2.596E-06 1.940E-06 1.479E-06 7.935E-07 4.656E-07 2.711E-07 1.600E-07 6.769E-08 3.651E-08 4.088E-08 3.241E-08 2.942E-08 2.180E-08 1.661E-08 1.019E-08 6.558E-09 4.128E-09 2.361E-09 2.793E-09 2.420E-09 1.277E-09 4.225E-10 1.387E-10 4.735E-10 2.824E-09 2.809E-09 1.800E-09 1.145E-09 8.827E-10 7.333E-10 4.843E-10 3.652E-10 2.590E-10 1.719E-10 1.585E-10 1.250E-10 9.111E-11 9.755E-11 1.215E-10 1.579E-10 1.199E-10 9.436E-11 9.450E-11 6.975E-11 5.341E-11 3.199E-11 1.993E-11 1.456E-11 8.892E-12 5.329E-12
  8.000E+00  1.742E-05 1.470E-05 1.198E-05 9.767E-06 8.038E-06 6.669E-06 5.562E-06 4.686E-06 3.965E-06 3.386E-06 2.897E-06 2.467E-06 1.851E-06 1.416E-06 7.646E-07 4.508E-07 2.630E-07 1.555E-07 6.602E-08 3.585E-08 4.018E-08 3.186E-08 2.893E-08 2.145E-08 1.636E-08 1.004E-08 6.473E-09 4.077E-09 2.335E-09 2.764E-09 2.395E-09 1.265E-09 4.185E-10 1.374E-10 4.696E-10 2.805E-09 2.790E-09 1.788E-09 1.137E-09 8.763E-10 7.280E-10 4.809E-10 3.627E-10 2.573E-10 1.708E-10 1.575E-10 1.242E-10 9.059E-11 9.700E-11 1.209E-10 1.570E-10 1.193E-10 9.387E-11 9.403E-11 6.941E-11 5.315E-11 3.184E-11 1.983E-11 1.449E-11 8.851E-12 5.305E-12
  1.000E+01  1.514E-05 1.305E-05 1.078E-05 8.876E-06 7.361E-06 6.146E-06 5.152E-06 4.360E-06 3.703E-06 3.173E-06 2.722E-06 2.323E-06 1.752E-06 1.345E-06 7.312E-07 4.333E-07 2.535E-07 1.501E-07 6.402E-08 3.506E-08 3.933E-08 3.118E-08 2.832E-08 2.101E-08 1.604E-08 9.864E-09 6.366E-09 4.014E-09 2.302E-09 2.727E-09 2.364E-09 1.250E-09 4.136E-10 1.359E-10 4.647E-10 2.780E-09 2.767E-09 1.773E-09 1.127E-09 8.683E-10 7.214E-10 4.766E-10 3.595E-10 2.551E-10 1.694E-10 1.563E-10 1.233E-10 8.993E-11 9.631E-11 1.200E-10 1.560E-10 1.185E-10 9.325E-11 9.342E-11 6.896E-11 5.282E-11 3.164E-11 1.971E-11 1.440E-11 8.799E-12 5.275E-12
  1.200E+01  1.317E-05 1.157E-05 9.659E-06 8.024E-06 6.702E-06 5.627E-06 4.740E-06 4.028E-06 3.434E-06 2.953E-06 2.541E-06 2.173E-06 1.646E-06 1.268E-06 6.946E-07 4.140E-07 2.428E-07 1.440E-07 6.175E-08 3.414E-08 3.835E-08 3.040E-08 2.762E-08 2.051E-08 1.567E-08 9.656E-09 6.241E-09 3.940E-09 2.264E-09 2.683E-09 2.327E-09 1.231E-09 4.077E-10 1.340E-10 4.589E-10 2.751E-09 2.739E-09 1.755E-09 1.114E-09 8.587E-10 7.134E-10 4.714E-10 3.557E-10 2.524E-10 1.678E-10 1.548E-10 1.222E-10 8.913E-11 9.547E-11 1.190E-10 1.547E-10 1.175E-10 9.249E-11 9.268E-11 6.843E-11 5.241E-11 3.140E-11 1.957E-11 1.430E-11 8.737E-12 5.238E-12
  1.400E+01  1.147E-05 1.024E-05 8.632E-06 7.227E-06 6.073E-06 5.127E-06 4.338E-06 3.702E-06 3.167E-06 2.732E-06 2.357E-06 2.020E-06 1.537E-06 1.189E-06 6.561E-07 3.934E-07 2.314E-07 1.375E-07 5.928E-08 3.312E-08 3.725E-08 2.952E-08 2.684E-08 1.994E-08 1.526E-08 9.422E-09 6.100E-09 3.856E-09 2.220E-09 2.633E-09 2.285E-09 1.210E-09 4.010E-10 1.319E-10 4.522E-10 2.717E-09 2.706E-09 1.733E-09 1.100E-09 8.475E-10 7.041E-10 4.655E-10 3.512E-10 2.493E-10 1.659E-10 1.531E-10 1.209E-10 8.821E-11 9.450E-11 1.179E-10 1.532E-10 1.164E-10 9.161E-11 9.182E-11 6.780E-11 5.194E-11 3.113E-11 1.940E-11 1.418E-11 8.663E-12 5.194E-12
  1.600E+01  1.001E-05 9.054E-06 7.699E-06 6.489E-06 5.484E-06 4.653E-06 3.954E-06 3.386E-06 2.907E-06 2.516E-06 2.176E-06 1.869E-06 1.428E-06 1.110E-06 6.167E-07 3.721E-07 2.196E-07 1.307E-07 5.669E-08 3.203E-08 3.607E-08 2.857E-08 2.599E-08 1.933E-08 1.481E-08 9.167E-09 5.945E-09 3.764E-09 2.171E-09 2.578E-09 2.238E-09 1.187E-09 3.935E-10 1.295E-10 4.448E-10 2.678E-09 2.670E-09 1.709E-09 1.084E-09 8.350E-10 6.937E-10 4.587E-10 3.462E-10 2.459E-10 1.637E-10 1.511E-10 1.194E-10 8.716E-11 9.339E-11 1.165E-10 1.515E-10 1.151E-10 9.061E-11 9.085E-11 6.709E-11 5.140E-11 3.081E-11 1.920E-11 1.404E-11 8.580E-12 5.145E-12
  1.800E+01  8.745E-06 8.006E-06 6.857E-06 5.813E-06 4.938E-06 4.209E-06 3.590E-06 3.086E-06 2.658E-06 2.307E-06 2.002E-06 1.722E-06 1.322E-06 1.031E-06 5.774E-07 3.506E-07 2.075E-07 1.238E-07 5.401E-08 3.088E-08 3.481E-08 2.757E-08 2.509E-08 1.868E-08 1.433E-08 8.893E-09 5.779E-09 3.665E-09 2.118E-09 2.519E-09 2.187E-09 1.162E-09 3.854E-10 1.269E-10 4.366E-10 2.636E-09 2.629E-09 1.682E-09 1.066E-09 8.211E-10 6.822E-10 4.513E-10 3.407E-10 2.420E-10 1.613E-10 1.490E-10 1.178E-10 8.599E-11 9.216E-11 1.150E-10 1.496E-10 1.137E-10 8.950E-11 8.976E-11 6.629E-11 5.080E-11 3.046E-11 1.899E-11 1.388E-11 8.487E-12 5.090E-12
  2.000E+01  7.652E-06 7.077E-06 6.100E-06 5.198E-06 4.437E-06 3.798E-06 3.252E-06 2.805E-06 2.423E-06 2.109E-06 1.835E-06 1.581E-06 1.219E-06 9.549E-07 5.386E-07 3.292E-07 1.954E-07 1.168E-07 5.130E-08 2.969E-08 3.350E-08 2.653E-08 2.415E-08 1.801E-08 1.383E-08 8.606E-09 5.604E-09 3.560E-09 2.063E-09 2.455E-09 2.133E-09 1.135E-09 3.767E-10 1.242E-10 4.277E-10 2.590E-09 2.584E-09 1.653E-09 1.047E-09 8.061E-10 6.698E-10 4.432E-10 3.347E-10 2.379E-10 1.587E-10 1.466E-10 1.160E-10 8.472E-11 9.082E-11 1.134E-10 1.476E-10 1.121E-10 8.828E-11 8.856E-11 6.542E-11 5.014E-11 3.007E-11 1.875E-11 1.371E-11 8.384E-12 5.030E-12
  2.200E+01  6.704E-06 6.255E-06 5.422E-06 4.642E-06 3.980E-06 3.420E-06 2.938E-06 2.543E-06 2.203E-06 1.924E-06 1.677E-06 1.448E-06 1.121E-06 8.816E-07 5.010E-07 3.081E-07 1.835E-07 1.100E-07 4.860E-08 2.848E-08 3.217E-08 2.546E-08 2.320E-08 1.731E-08 1.331E-08 8.309E-09 5.422E-09 3.450E-09 2.004E-09 2.388E-09 2.075E-09 1.106E-09 3.675E-10 1.213E-10 4.184E-10 2.540E-09 2.536E-09 1.621E-09 1.026E-09 7.899E-10 6.564E-10 4.345E-10 3.282E-10 2.334E-10 1.559E-10 1.441E-10 1.140E-10 8.334E-11 8.936E-11 1.116E-10 1.453E-10 1.104E-10 8.695E-11 8.726E-11 6.447E-11 4.942E-11 2.965E-11 1.849E-11 1.352E-11 8.272E-12 4.964E-12
  2.400E+01  5.882E-06 5.528E-06 4.817E-06 4.142E-06 3.565E-06 3.074E-06 2.650E-06 2.301E-06 1.999E-06 1.750E-06 1.530E-06 1.323E-06 1.029E-06 8.120E-07 4.648E-07 2.877E-07 1.719E-07 1.032E-07 4.593E-08 2.725E-08 3.081E-08 2.438E-08 2.222E-08 1.660E-08 1.279E-08 8.005E-09 5.235E-09 3.338E-09 1.944E-09 2.318E-09 2.016E-09 1.076E-09 3.580E-10 1.182E-10 4.085E-10 2.487E-09 2.485E-09 1.588E-09 1.004E-09 7.729E-10 6.423E-10 4.253E-10 3.214E-10 2.287E-10 1.529E-10 1.414E-10 1.120E-10 8.187E-11 8.781E-11 1.098E-10 1.429E-10 1.086E-10 8.553E-11 8.587E-11 6.346E-11 4.865E-11 2.920E-11 1.822E-11 1.332E-11 8.153E-12 4.893E-12
  2.600E+01  5.167E-06 4.888E-06 4.278E-06 3.693E-06 3.191E-06 2.761E-06 2.387E-06 2.079E-06 1.811E-06 1.590E-06 1.393E-06 1.206E-06 9.423E-07 7.464E-07 4.304E-07 2.681E-07 1.607E-07 9.673E-08 4.332E-08 2.603E-08 2.945E-08 2.329E-08 2.125E-08 1.589E-08 1.226E-08 7.698E-09 5.045E-09 3.223E-09 1.882E-09 2.247E-09 1.955E-09 1.045E-09 3.481E-10 1.151E-10 3.982E-10 2.432E-09 2.432E-09 1.553E-09 9.807E-10 7.550E-10 6.275E-10 4.157E-10 3.142E-10 2.237E-10 1.497E-10 1.385E-10 1.098E-10 8.032E-11 8.617E-11 1.078E-10 1.404E-10 1.067E-10 8.403E-11 8.439E-11 6.238E-11 4.783E-11 2.872E-11 1.792E-11 1.311E-11 8.025E-12 4.818E-12
  2.800E+01  4.544E-06 4.325E-06 3.800E-06 3.291E-06 2.854E-06 2.477E-06 2.148E-06 1.876E-06 1.639E-06 1.442E-06 1.267E-06 1.098E-06 8.616E-07 6.849E-07 3.978E-07 2.493E-07 1.500E-07 9.047E-08 4.079E-08 2.482E-08 2.810E-08 2.222E-08 2.028E-08 1.519E-08 1.173E-08 7.388E-09 4.853E-09 3.106E-09 1.819E-09 2.174E-09 1.892E-09 1.014E-09 3.380E-10 1.118E-10 3.876E-10 2.374E-09 2.376E-09 1.517E-09 9.567E-10 7.364E-10 6.121E-10 4.057E-10 3.067E-10 2.185E-10 1.464E-10 1.355E-10 1.075E-10 7.869E-11 8.445E-11 1.057E-10 1.377E-10 1.047E-10 8.244E-11 8.283E-11 6.125E-11 4.697E-11 2.821E-11 1.761E-11 1.289E-11 7.891E-12 4.738E-12
  3.000E+01  4.002E-06 3.828E-06 3.375E-06 2.933E-06 2.551E-06 2.222E-06 1.932E-06 1.692E-06 1.482E-06 1.307E-06 1.150E-06 9.990E-07 7.868E-07 6.278E-07 3.671E-07 2.315E-07 1.397E-07 8.449E-08 3.834E-08 2.363E-08 2.676E-08 2.115E-08 1.932E-08 1.449E-08 1.121E-08 7.080E-09 4.661E-09 2.989E-09 1.755E-09 2.100E-09 1.829E-09 9.816E-10 3.277E-10 1.085E-10 3.767E-10 2.314E-09 2.318E-09 1.479E-09 9.319E-10 7.172E-10 5.962E-10 3.953E-10 2.990E-10 2.131E-10 1.430E-10 1.324E-10 1.052E-10 7.700E-11 8.266E-11 1.035E-10 1.349E-10 1.026E-10 8.079E-11 8.121E-11 6.006E-11 4.607E-11 2.768E-11 1.729E-11 1.265E-11 7.750E-12 4.655E-12
  3.200E+01  3.529E-06 3.390E-06 2.998E-06 2.614E-06 2.281E-06 1.992E-06 1.737E-06 1.525E-06 1.339E-06 1.184E-06 1.044E-06 9.080E-07 7.179E-07 5.748E-07 3.384E-07 2.147E-07 1.300E-07 7.881E-08 3.600E-08 2.246E-08 2.545E-08 2.011E-08 1.837E-08 1.380E-08 1.069E-08 6.774E-09 4.470E-09 2.872E-09 1.691E-09 2.025E-09 1.765E-09 9.492E-10 3.172E-10 1.052E-10 3.657E-10 2.252E-09 2.258E-09 1.440E-09 9.065E-10 6.976E-10 5.799E-10 3.847E-10 2.911E-10 2.076E-10 1.395E-10 1.292E-10 1.027E-10 7.526E-11 8.081E-11 1.012E-10 1.320E-10 1.004E-10 7.908E-11 7.952E-11 5.883E-11 4.514E-11 2.713E-11 1.695E-11 1.241E-11 7.604E-12 4.569E-12
  3.400E+01  3.117E-06 3.004E-06 2.665E-06 2.331E-06 2.039E-06 1.786E-06 1.561E-06 1.374E-06 1.209E-06 1.071E-06 9.471E-07 8.248E-07 6.546E-07 5.258E-07 3.117E-07 1.989E-07 1.208E-07 7.343E-08 3.377E-08 2.132E-08 2.417E-08 1.909E-08 1.745E-08 1.312E-08 1.018E-08 6.472E-09 4.281E-09 2.756E-09 1.628E-09 1.951E-09 1.701E-09 9.166E-10 3.068E-10 1.018E-10 3.545E-10 2.190E-09 2.197E-09 1.401E-09 8.806E-10 6.776E-10 5.633E-10 3.739E-10 2.831E-10 2.020E-10 1.359E-10 1.260E-10 1.002E-10 7.346E-11 7.891E-11 9.887E-11 1.290E-10 9.812E-11 7.731E-11 7.778E-11 5.756E-11 4.417E-11 2.656E-11 1.660E-11 1.216E-11 7.453E-12 4.479E-12
  3.600E+01  2.756E-06 2.665E-06 2.371E-06 2.079E-06 1.824E-06 1.601E-06 1.403E-06 1.238E-06 1.092E-06 9.697E-07 8.589E-07 7.489E-07 5.965E-07 4.808E-07 2.869E-07 1.842E-07 1.122E-07 6.837E-08 3.164E-08 2.021E-08 2.292E-08 1.810E-08 1.656E-08 1.247E-08 9.687E-09 6.177E-09 4.095E-09 2.642E-09 1.565E-09 1.877E-09 1.637E-09 8.840E-10 2.963E-10 9.847E-11 3.432E-10 2.126E-09 2.135E-09 1.360E-09 8.543E-10 6.573E-10 5.466E-10 3.630E-10 2.749E-10 1.963E-10 1.323E-10 1.227E-10 9.766E-11 7.163E-11 7.697E-11 9.649E-11 1.260E-10 9.581E-11 7.551E-11 7.600E-11 5.625E-11 4.318E-11 2.598E-11 1.624E-11 1.190E-11 7.297E-12 4.387E-12
  3.800E+01  2.441E-06 2.367E-06 2.111E-06 1.855E-06 1.632E-06 1.436E-06 1.262E-06 1.116E-06 9.861E-07 8.776E-07 7.788E-07 6.800E-07 5.435E-07 4.395E-07 2.639E-07 1.704E-07 1.041E-07 6.361E-08 2.962E-08 1.914E-08 2.172E-08 1.714E-08 1.569E-08 1.183E-08 9.206E-09 5.888E-09 3.913E-09 2.529E-09 1.502E-09 1.803E-09 1.574E-09 8.516E-10 2.858E-10 9.511E-11 3.320E-10 2.061E-09 2.072E-09 1.320E-09 8.279E-10 6.369E-10 5.297E-10 3.520E-10 2.667E-10 1.906E-10 1.286E-10 1.193E-10 9.507E-11 6.978E-11 7.500E-11 9.407E-11 1.229E-10 9.346E-11 7.367E-11 7.418E-11 5.492E-11 4.217E-11 2.539E-11 1.588E-11 1.163E-11 7.138E-12 4.293E-12
  4.000E+01  2.165E-06 2.105E-06 1.882E-06 1.657E-06 1.461E-06 1.289E-06 1.135E-06 1.006E-06 8.907E-07 7.943E-07 7.062E-07 6.174E-07 4.952E-07 4.017E-07 2.427E-07 1.575E-07 9.659E-08 5.914E-08 2.772E-08 1.811E-08 2.055E-08 1.622E-08 1.486E-08 1.121E-08 8.740E-09 5.607E-09 3.734E-09 2.419E-09 1.441E-09 1.731E-09 1.512E-09 8.195E-10 2.755E-10 9.178E-11 3.207E-10 1.996E-09 2.008E-09 1.279E-09 8.014E-10 6.164E-10 5.127E-10 3.409E-10 2.584E-10 1.848E-10 1.248E-10 1.159E-10 9.246E-11 6.790E-11 7.300E-11 9.162E-11 1.197E-10 9.108E-11 7.180E-11 7.233E-11 5.357E-11 4.115E-11 2.478E-11 1.551E-11 1.136E-11 6.977E-12 4.198E-12
  4.200E+01  1.924E-06 1.875E-06 1.679E-06 1.482E-06 1.310E-06 1.158E-06 1.021E-06 9.070E-07 8.049E-07 7.192E-07 6.406E-07 5.607E-07 4.512E-07 3.671E-07 2.231E-07 1.456E-07 8.956E-08 5.497E-08 2.592E-08 1.713E-08 1.944E-08 1.534E-08 1.405E-08 1.062E-08 8.291E-09 5.334E-09 3.561E-09 2.311E-09 1.380E-09 1.660E-09 1.450E-09 7.879E-10 2.653E-10 8.848E-11 3.096E-10 1.931E-09 1.945E-09 1.238E-09 7.749E-10 5.960E-10 4.958E-10 3.299E-10 2.502E-10 1.791E-10 1.211E-10 1.125E-10 8.983E-11 6.602E-11 7.100E-11 8.915E-11 1.165E-10 8.867E-11 6.992E-11 7.046E-11 5.221E-11 4.011E-11 2.417E-11 1.513E-11 1.109E-11 6.813E-12 4.101E-12
  4.400E+01  1.712E-06 1.672E-06 1.500E-06 1.326E-06 1.175E-06 1.040E-06 9.199E-07 8.186E-07 7.278E-07 6.515E-07 5.813E-07 5.094E-07 4.112E-07 3.355E-07 2.051E-07 1.346E-07 8.301E-08 5.108E-08 2.423E-08 1.618E-08 1.837E-08 1.449E-08 1.328E-08 1.005E-08 7.858E-09 5.071E-09 3.393E-09 2.206E-09 1.321E-09 1.590E-09 1.390E-09 7.569E-10 2.552E-10 8.524E-11 2.986E-10 1.867E-09 1.881E-09 1.197E-09 7.486E-10 5.758E-10 4.791E-10 3.190E-10 2.420E-10 1.733E-10 1.174E-10 1.091E-10 8.721E-11 6.413E-11 6.900E-11 8.667E-11 1.133E-10 8.626E-11 6.803E-11 6.859E-11 5.084E-11 3.907E-11 2.356E-11 1.476E-11 1.082E-11 6.649E-12 4.004E-12
  4.600E+01  1.526E-06 1.493E-06 1.342E-06 1.189E-06 1.055E-06 9.362E-07 8.292E-07 7.393E-07 6.585E-07 5.905E-07 5.277E-07 4.630E-07 3.749E-07 3.067E-07 1.886E-07 1.243E-07 7.694E-08 4.745E-08 2.264E-08 1.528E-08 1.734E-08 1.368E-08 1.255E-08 9.509E-09 7.444E-09 4.817E-09 3.230E-09 2.105E-09 1.264E-09 1.523E-09 1.332E-09 7.265E-10 2.454E-10 8.206E-11 2.878E-10 1.802E-09 1.818E-09 1.157E-09 7.225E-10 5.557E-10 4.624E-10 3.081E-10 2.339E-10 1.676E-10 1.137E-10 1.058E-10 8.460E-11 6.225E-11 6.700E-11 8.420E-11 1.101E-10 8.385E-11 6.614E-11 6.671E-11 4.947E-11 3.803E-11 2.294E-11 1.438E-11 1.054E-11 6.484E-12 3.906E-12
  4.800E+01  1.363E-06 1.335E-06 1.202E-06 1.067E-06 9.484E-07 8.432E-07 7.483E-07 6.682E-07 5.962E-07 5.356E-07 4.794E-07 4.211E-07 3.419E-07 2.805E-07 1.734E-07 1.149E-07 7.130E-08 4.408E-08 2.116E-08 1.442E-08 1.637E-08 1.291E-08 1.185E-08 8.989E-09 7.047E-09 4.573E-09 3.074E-09 2.007E-09 1.209E-09 1.457E-09 1.275E-09 6.969E-10 2.358E-10 7.896E-11 2.771E-10 1.739E-09 1.756E-09 1.117E-09 6.968E-10 5.359E-10 4.461E-10 2.974E-10 2.259E-10 1.620E-10 1.101E-10 1.024E-10 8.201E-11 6.039E-11 6.502E-11 8.174E-11 1.070E-10 8.145E-11 6.426E-11 6.484E-11 4.810E-11 3.699E-11 2.233E-11 1.400E-11 1.027E-11 6.319E-12 3.809E-12
  5.000E+01  1.220E-06 1.196E-06 1.078E-06 9.586E-07 8.537E-07 7.604E-07 6.759E-07 6.046E-07 5.404E-07 4.861E-07 4.358E-07 3.832E-07 3.121E-07 2.567E-07 1.595E-07 1.062E-07 6.608E-08 4.095E-08 1.976E-08 1.361E-08 1.544E-08 1.218E-08 1.118E-08 8.495E-09 6.669E-09 4.340E-09 2.923E-09 1.913E-09 1.155E-09 1.393E-09 1.220E-09 6.681E-10 2.265E-10 7.594E-11 2.668E-10 1.676E-09 1.694E-09 1.077E-09 6.716E-10 5.165E-10 4.300E-10 2.869E-10 2.180E-10 1.565E-10 1.065E-10 9.915E-11 7.946E-11 5.856E-11 6.307E-11 7.932E-11 1.038E-10 7.908E-11 6.240E-11 6.299E-11 4.674E-11 3.596E-11 2.172E-11 1.363E-11 9.998E-12 6.156E-12 3.712E-12
  5.200E+01  1.094E-06 1.074E-06 9.687E-07 8.628E-07 7.696E-07 6.866E-07 6.113E-07 5.476E-07 4.902E-07 4.417E-07 3.965E-07 3.490E-07 2.850E-07 2.350E-07 1.468E-07 9.813E-08 6.125E-08 3.804E-08 1.846E-08 1.284E-08 1.456E-08 1.148E-08 1.055E-08 8.024E-09 6.308E-09 4.117E-09 2.779E-09 1.822E-09 1.103E-09 1.331E-09 1.166E-09 6.402E-10 2.174E-10 7.301E-11 2.567E-10 1.615E-09 1.633E-09 1.039E-09 6.469E-10 4.975E-10 4.143E-10 2.766E-10 2.103E-10 1.511E-10 1.030E-10 9.593E-11 7.696E-11 5.675E-11 6.115E-11 7.693E-11 1.007E-10 7.673E-11 6.056E-11 6.116E-11 4.541E-11 3.494E-11 2.112E-11 1.326E-11 9.731E-12 5.995E-12 3.616E-12
  5.400E+01  9.826E-07 9.655E-07 8.722E-07 7.777E-07 6.948E-07 6.207E-07 5.535E-07 4.966E-07 4.452E-07 4.017E-07 3.611E-07 3.181E-07 2.604E-07 2.152E-07 1.351E-07 9.073E-08 5.678E-08 3.535E-08 1.725E-08 1.211E-08 1.373E-08 1.083E-08 9.952E-09 7.579E-09 5.967E-09 3.905E-09 2.642E-09 1.735E-09 1.054E-09 1.272E-09 1.115E-09 6.134E-10 2.087E-10 7.018E-11 2.469E-10 1.555E-09 1.574E-09 1.001E-09 6.228E-10 4.790E-10 3.990E-10 2.666E-10 2.029E-10 1.459E-10 9.955E-11 9.279E-11 7.451E-11 5.499E-11 5.927E-11 7.458E-11 9.767E-11 7.443E-11 5.876E-11 5.936E-11 4.409E-11 3.394E-11 2.053E-11 1.289E-11 9.467E-12 5.836E-12 3.522E-12
  5.600E+01  8.845E-07 8.698E-07 7.868E-07 7.020E-07 6.281E-07 5.619E-07 5.018E-07 4.509E-07 4.048E-07 3.657E-07 3.292E-07 2.903E-07 2.382E-07 1.973E-07 1.244E-07 8.392E-08 5.267E-08 3.286E-08 1.612E-08 1.142E-08 1.294E-08 1.021E-08 9.387E-09 7.158E-09 5.643E-09 3.703E-09 2.510E-09 1.652E-09 1.006E-09 1.215E-09 1.066E-09 5.875E-10 2.003E-10 6.745E-11 2.375E-10 1.496E-09 1.516E-09 9.643E-10 5.994E-10 4.611E-10 3.842E-10 2.569E-10 1.956E-10 1.408E-10 9.622E-11 8.973E-11 7.213E-11 5.327E-11 5.744E-11 7.229E-11 9.469E-11 7.218E-11 5.700E-11 5.760E-11 4.280E-11 3.296E-11 1.995E-11 1.254E-11 9.210E-12 5.681E-12 3.431E-12
  5.800E+01  7.978E-07 7.852E-07 7.109E-07 6.348E-07 5.688E-07 5.095E-07 4.555E-07 4.100E-07 3.685E-07 3.334E-07 3.005E-07 2.651E-07 2.181E-07 1.810E-07 1.147E-07 7.767E-08 4.887E-08 3.057E-08 1.507E-08 1.077E-08 1.220E-08 9.624E-09 8.854E-09 6.760E-09 5.337E-09 3.511E-09 2.386E-09 1.573E-09 9.608E-10 1.161E-09 1.018E-09 5.627E-10 1.922E-10 6.484E-11 2.284E-10 1.439E-09 1.459E-09 9.287E-10 5.768E-10 4.437E-10 3.698E-10 2.476E-10 1.886E-10 1.358E-10 9.299E-11 8.677E-11 6.982E-11 5.160E-11 5.566E-11 7.007E-11 9.179E-11 6.999E-11 5.529E-11 5.589E-11 4.155E-11 3.201E-11 1.939E-11 1.219E-11 8.959E-12 5.530E-12 3.341E-12
  6.000E+01  7.211E-07 7.103E-07 6.434E-07 5.753E-07 5.160E-07 4.628E-07 4.142E-07 3.732E-07 3.359E-07 3.042E-07 2.745E-07 2.424E-07 1.999E-07 1.663E-07 1.058E-07 7.192E-08 4.538E-08 2.844E-08 1.410E-08 1.017E-08 1.151E-08 9.075E-09 8.354E-09 6.386E-09 5.048E-09 3.331E-09 2.268E-09 1.498E-09 9.176E-10 1.109E-09 9.734E-10 5.391E-10 1.846E-10 6.234E-11 2.197E-10 1.385E-09 1.405E-09 8.943E-10 5.550E-10 4.270E-10 3.560E-10 2.385E-10 1.818E-10 1.311E-10 8.988E-11 8.391E-11 6.759E-11 4.999E-11 5.395E-11 6.792E-11 8.899E-11 6.787E-11 5.363E-11 5.423E-11 4.033E-11 3.109E-11 1.885E-11 1.186E-11 8.716E-12 5.384E-12 3.255E-12
  6.200E+01  6.532E-07 6.438E-07 5.834E-07 5.224E-07 4.689E-07 4.210E-07 3.773E-07 3.403E-07 3.066E-07 2.780E-07 2.512E-07 2.220E-07 1.834E-07 1.529E-07 9.765E-08 6.665E-08 4.216E-08 2.649E-08 1.320E-08 9.598E-09 1.085E-08 8.561E-09 7.884E-09 6.035E-09 4.777E-09 3.160E-09 2.156E-09 1.428E-09 8.766E-10 1.060E-09 9.306E-10 5.166E-10 1.772E-10 5.997E-11 2.114E-10 1.332E-09 1.352E-09 8.613E-10 5.341E-10 4.110E-10 3.428E-10 2.299E-10 1.753E-10 1.265E-10 8.689E-11 8.117E-11 6.544E-11 4.845E-11 5.231E-11 6.585E-11 8.628E-11 6.583E-11 5.204E-11 5.263E-11 3.916E-11 3.020E-11 1.832E-11 1.153E-11 8.482E-12 5.243E-12 3.171E-12
  6.400E+01  5.929E-07 5.848E-07 5.301E-07 4.752E-07 4.269E-07 3.837E-07 3.442E-07 3.107E-07 2.803E-07 2.545E-07 2.301E-07 2.035E-07 1.685E-07 1.407E-07 9.024E-08 6.182E-08 3.921E-08 2.469E-08 1.236E-08 9.066E-09 1.024E-08 8.080E-09 7.445E-09 5.706E-09 4.523E-09 3.000E-09 2.051E-09 1.361E-09 8.379E-10 1.013E-09 8.901E-10 4.952E-10 1.703E-10 5.772E-11 2.035E-10 1.281E-09 1.302E-09 8.296E-10 5.141E-10 3.957E-10 3.301E-10 2.216E-10 1.691E-10 1.222E-10 8.404E-11 7.855E-11 6.340E-11 4.697E-11 5.073E-11 6.387E-11 8.368E-11 6.387E-11 5.051E-11 5.109E-11 3.804E-11 2.935E-11 1.782E-11 1.123E-11 8.258E-12 5.108E-12 3.092E-12
  6.600E+01  5.395E-07 5.323E-07 4.829E-07 4.330E-07 3.894E-07 3.503E-07 3.146E-07 2.842E-07 2.566E-07 2.332E-07 2.111E-07 1.868E-07 1.550E-07 1.296E-07 8.348E-08 5.740E-08 3.649E-08 2.303E-08 1.159E-08 8.570E-09 9.673E-09 7.632E-09 7.035E-09 5.398E-09 4.285E-09 2.849E-09 1.952E-09 1.298E-09 8.015E-10 9.692E-10 8.518E-10 4.751E-10 1.638E-10 5.560E-11 1.961E-10 1.232E-09 1.253E-09 7.993E-10 4.950E-10 3.811E-10 3.181E-10 2.137E-10 1.632E-10 1.180E-10 8.134E-11 7.606E-11 6.145E-11 4.557E-11 4.924E-11 6.199E-11 8.121E-11 6.200E-11 4.905E-11 4.962E-11 3.697E-11 2.853E-11 1.734E-11 1.093E-11 8.045E-12 4.980E-12 3.016E-12
  6.800E+01  4.920E-07 4.857E-07 4.408E-07 3.954E-07 3.559E-07 3.204E-07 2.880E-07 2.605E-07 2.354E-07 2.141E-07 1.940E-07 1.718E-07 1.427E-07 1.196E-07 7.732E-08 5.336E-08 3.401E-08 2.151E-08 1.088E-08 8.109E-09 9.141E-09 7.213E-09 6.652E-09 5.111E-09 4.062E-09 2.709E-09 1.860E-09 1.239E-09 7.672E-10 9.279E-10 8.159E-10 4.561E-10 1.576E-10 5.361E-11 1.891E-10 1.186E-09 1.207E-09 7.706E-10 4.770E-10 3.673E-10 3.067E-10 2.063E-10 1.577E-10 1.141E-10 7.878E-11 7.371E-11 5.962E-11 4.425E-11 4.783E-11 6.020E-11 7.886E-11 6.023E-11 4.767E-11 4.823E-11 3.595E-11 2.776E-11 1.689E-11 1.065E-11 7.844E-12 4.859E-12 2.945E-12
  7.000E+01  4.497E-07 4.442E-07 4.033E-07 3.618E-07 3.259E-07 2.936E-07 2.641E-07 2.391E-07 2.163E-07 1.969E-07 1.786E-07 1.582E-07 1.317E-07 1.106E-07 7.172E-08 4.966E-08 3.173E-08 2.012E-08 1.022E-08 7.680E-09 8.647E-09 6.825E-09 6.297E-09 4.845E-09 3.856E-09 2.577E-09 1.773E-09 1.184E-09 7.352E-10 8.892E-10 7.822E-10 4.383E-10 1.518E-10 5.174E-11 1.825E-10 1.142E-09 1.163E-09 7.434E-10 4.599E-10 3.543E-10 2.960E-10 1.993E-10 1.525E-10 1.105E-10 7.638E-11 7.150E-11 5.789E-11 4.301E-11 4.651E-11 5.852E-11 7.664E-11 5.856E-11 4.636E-11 4.691E-11 3.499E-11 2.704E-11 1.646E-11 1.039E-11 7.655E-12 4.746E-12 2.878E-12
  7.200E+01  4.120E-07 4.071E-07 3.698E-07 3.319E-07 2.991E-07 2.697E-07 2.427E-07 2.200E-07 1.991E-07 1.814E-07 1.647E-07 1.460E-07 1.217E-07 1.023E-07 6.662E-08 4.628E-08 2.964E-08 1.884E-08 9.619E-09 7.284E-09 8.189E-09 6.465E-09 5.967E-09 4.597E-09 3.664E-09 2.456E-09 1.693E-09 1.132E-09 7.054E-10 8.531E-10 7.507E-10 4.217E-10 1.465E-10 5.001E-11 1.764E-10 1.100E-09 1.121E-09 7.178E-10 4.439E-10 3.421E-10 2.859E-10 1.928E-10 1.476E-10 1.070E-10 7.413E-11 6.944E-11 5.628E-11 4.185E-11 4.528E-11 5.695E-11 7.457E-11 5.699E-11 4.515E-11 4.568E-11 3.410E-11 2.636E-11 1.607E-11 1.015E-11 7.480E-12 4.640E-12 2.816E-12
  7.400E+01  3.784E-07 3.741E-07 3.399E-07 3.052E-07 2.751E-07 2.482E-07 2.236E-07 2.027E-07 1.836E-07 1.675E-07 1.521E-07 1.349E-07 1.127E-07 9.488E-08 6.198E-08 4.320E-08 2.774E-08 1.767E-08 9.067E-09 6.918E-09 7.765E-09 6.132E-09 5.663E-09 4.369E-09 3.486E-09 2.343E-09 1.619E-09 1.085E-09 6.778E-10 8.196E-10 7.216E-10 4.064E-10 1.415E-10 4.842E-11 1.707E-10 1.061E-09 1.082E-09 6.938E-10 4.290E-10 3.307E-10 2.766E-10 1.867E-10 1.430E-10 1.039E-10 7.206E-11 6.753E-11 5.479E-11 4.078E-11 4.414E-11 5.550E-11 7.264E-11 5.554E-11 4.402E-11 4.454E-11 3.327E-11 2.573E-11 1.570E-11 9.926E-12 7.318E-12 4.544E-12 2.760E-12
  7.600E+01  3.483E-07 3.446E-07 3.130E-07 2.813E-07 2.537E-07 2.290E-07 2.064E-07 1.872E-07 1.697E-07 1.549E-07 1.408E-07 1.250E-07 1.045E-07 8.813E-08 5.777E-08 4.039E-08 2.600E-08 1.661E-08 8.561E-09 6.581E-09 7.374E-09 5.826E-09 5.382E-09 4.158E-09 3.323E-09 2.239E-09 1.550E-09 1.041E-09 6.523E-10 7.886E-10 6.946E-10 3.922E-10 1.370E-10 4.695E-11 1.654E-10 1.024E-09 1.045E-09 6.715E-10 4.151E-10 3.201E-10 2.679E-10 1.810E-10 1.388E-10 1.009E-10 7.014E-11 6.577E-11 5.342E-11 3.980E-11 4.310E-11 5.416E-11 7.086E-11 5.421E-11 4.299E-11 4.349E-11 3.250E-11 2.516E-11 1.537E-11 9.722E-12 7.171E-12 4.456E-12 2.708E-12
  7.800E+01  3.215E-07 3.183E-07 2.891E-07 2.599E-07 2.344E-07 2.118E-07 1.909E-07 1.733E-07 1.572E-07 1.436E-07 1.306E-07 1.160E-07 9.713E-08 8.203E-08 5.394E-08 3.784E-08 2.442E-08 1.564E-08 8.100E-09 6.272E-09 7.015E-09 5.545E-09 5.124E-09 3.964E-09 3.172E-09 2.143E-09 1.487E-09 1.001E-09 6.290E-10 7.602E-10 6.698E-10 3.792E-10 1.328E-10 4.562E-11 1.607E-10 9.904E-10 1.011E-09 6.509E-10 4.023E-10 3.104E-10 2.599E-10 1.759E-10 1.350E-10 9.825E-11 6.840E-11 6.417E-11 5.218E-11 3.891E-11 4.215E-11 5.295E-11 6.924E-11 5.299E-11 4.205E-11 4.253E-11 3.181E-11 2.463E-11 1.506E-11 9.538E-12 7.039E-12 4.377E-12 2.663E-12
  8.000E+01  2.975E-07 2.947E-07 2.678E-07 2.406E-07 2.172E-07 1.963E-07 1.770E-07 1.608E-07 1.460E-07 1.334E-07 1.214E-07 1.079E-07 9.047E-08 7.651E-08 5.048E-08 3.552E-08 2.299E-08 1.475E-08 7.681E-09 5.990E-09 6.686E-09 5.287E-09 4.889E-09 3.787E-09 3.035E-09 2.055E-09 1.429E-09 9.640E-10 6.077E-10 7.342E-10 6.472E-10 3.673E-10 1.291E-10 4.442E-11 1.563E-10 9.589E-10 9.791E-10 6.319E-10 3.905E-10 3.015E-10 2.526E-10 1.712E-10 1.315E-10 9.582E-11 6.683E-11 6.273E-11 5.106E-11 3.811E-11 4.131E-11 5.186E-11 6.778E-11 5.190E-11 4.120E-11 4.167E-11 3.119E-11 2.417E-11 1.479E-11 9.375E-12 6.922E-12 4.308E-12 2.623E-12
  8.200E+01  2.761E-07 2.735E-07 2.488E-07 2.234E-07 2.017E-07 1.823E-07 1.646E-07 1.496E-07 1.359E-07 1.243E-07 1.132E-07 1.006E-07 8.446E-08 7.153E-08 4.734E-08 3.341E-08 2.169E-08 1.395E-08 7.300E-09 5.733E-09 6.385E-09 5.052E-09 4.673E-09 3.626E-09 2.910E-09 1.976E-09 1.377E-09 9.306E-10 5.884E-10 7.106E-10 6.266E-10 3.566E-10 1.257E-10 4.334E-11 1.525E-10 9.300E-10 9.499E-10 6.146E-10 3.799E-10 2.935E-10 2.460E-10 1.670E-10 1.284E-10 9.365E-11 6.544E-11 6.145E-11 5.007E-11 3.741E-11 4.057E-11 5.089E-11 6.647E-11 5.093E-11 4.045E-11 4.091E-11 3.064E-11 2.376E-11 1.456E-11 9.234E-12 6.821E-12 4.249E-12 2.589E-12
  8.400E+01  2.569E-07 2.547E-07 2.316E-07 2.080E-07 1.879E-07 1.698E-07 1.534E-07 1.395E-07 1.268E-07 1.160E-07 1.057E-07 9.400E-08 7.904E-08 6.703E-08 4.451E-08 3.151E-08 2.051E-08 1.323E-08 6.956E-09 5.500E-09 6.112E-09 4.839E-09 4.478E-09 3.480E-09 2.796E-09 1.904E-09 1.329E-09 9.005E-10 5.711E-10 6.894E-10 6.081E-10 3.470E-10 1.227E-10 4.240E-11 1.490E-10 9.036E-10 9.232E-10 5.990E-10 3.703E-10 2.863E-10 2.401E-10 1.632E-10 1.256E-10 9.174E-11 6.421E-11 6.033E-11 4.921E-11 3.681E-11 3.993E-11 5.005E-11 6.533E-11 5.008E-11 3.981E-11 4.024E-11 3.016E-11 2.340E-11 1.436E-11 9.115E-12 6.736E-12 4.199E-12 2.561E-12
  8.600E+01  2.396E-07 2.378E-07 2.162E-07 1.942E-07 1.755E-07 1.587E-07 1.433E-07 1.305E-07 1.186E-07 1.086E-07 9.901E-08 8.809E-08 7.416E-08 6.298E-08 4.195E-08 2.979E-08 1.944E-08 1.258E-08 6.646E-09 5.290E-09 5.865E-09 4.646E-09 4.302E-09 3.348E-09 2.694E-09 1.839E-09 1.287E-09 8.736E-10 5.557E-10 6.704E-10 5.916E-10 3.385E-10 1.200E-10 4.157E-11 1.460E-10 8.797E-10 8.990E-10 5.850E-10 3.618E-10 2.798E-10 2.349E-10 1.599E-10 1.232E-10 9.007E-11 6.316E-11 5.937E-11 4.848E-11 3.629E-11 3.939E-11 4.934E-11 6.436E-11 4.936E-11 3.926E-11 3.968E-11 2.976E-11 2.310E-11 1.419E-11 9.017E-12 6.667E-12 4.160E-12 2.539E-12
  8.800E+01  2.242E-07 2.227E-07 2.023E-07 1.819E-07 1.643E-07 1.487E-07 1.343E-07 1.223E-07 1.113E-07 1.019E-07 9.298E-08 8.277E-08 6.978E-08 5.933E-08 3.965E-08 2.824E-08 1.848E-08 1.199E-08 6.368E-09 5.101E-09 5.642E-09 4.473E-09 4.143E-09 3.229E-09 2.602E-09 1.781E-09 1.249E-09 8.497E-10 5.421E-10 6.537E-10 5.771E-10 3.311E-10 1.178E-10 4.087E-11 1.434E-10 8.582E-10 8.773E-10 5.727E-10 3.543E-10 2.743E-10 2.304E-10 1.570E-10 1.211E-10 8.866E-11 6.227E-11 5.857E-11 4.787E-11 3.588E-11 3.895E-11 4.876E-11 6.355E-11 4.876E-11 3.881E-11 3.921E-11 2.943E-11 2.287E-11 1.406E-11 8.942E-12 6.615E-12 4.131E-12 2.523E-12
  9.000E+01  2.103E-07 2.091E-07 1.900E-07 1.708E-07 1.544E-07 1.397E-07 1.263E-07 1.150E-07 1.047E-07 9.595E-08 8.757E-08 7.800E-08 6.584E-08 5.605E-08 3.758E-08 2.685E-08 1.762E-08 1.147E-08 6.119E-09 4.933E-09 5.443E-09 4.318E-09 4.002E-09 3.124E-09 2.521E-09 1.730E-09 1.216E-09 8.288E-10 5.303E-10 6.391E-10 5.644E-10 3.247E-10 1.158E-10 4.029E-11 1.413E-10 8.393E-10 8.581E-10 5.620E-10 3.478E-10 2.694E-10 2.265E-10 1.546E-10 1.193E-10 8.749E-11 6.156E-11 5.792E-11 4.739E-11 3.555E-11 3.861E-11 4.830E-11 6.290E-11 4.829E-11 3.846E-11 3.884E-11 2.918E-11 2.268E-11 1.397E-11 8.889E-12 6.579E-12 4.112E-12 2.513E-12
  9.200E+01  1.979E-07 1.970E-07 1.790E-07 1.609E-07 1.454E-07 1.317E-07 1.190E-07 1.085E-07 9.876E-08 9.059E-08 8.272E-08 7.372E-08 6.230E-08 5.311E-08 3.572E-08 2.560E-08 1.686E-08 1.100E-08 5.899E-09 4.785E-09 5.265E-09 4.181E-09 3.876E-09 3.030E-09 2.449E-09 1.685E-09 1.187E-09 8.107E-10 5.202E-10 6.265E-10 5.535E-10 3.192E-10 1.143E-10 3.982E-11 1.395E-10 8.227E-10 8.413E-10 5.528E-10 3.423E-10 2.654E-10 2.233E-10 1.526E-10 1.179E-10 8.656E-11 6.101E-11 5.743E-11 4.704E-11 3.532E-11 3.838E-11 4.796E-11 6.241E-11 4.794E-11 3.821E-11 3.857E-11 2.900E-11 2.256E-11 1.391E-11 8.858E-12 6.559E-12 4.103E-12 2.510E-12
  9.400E+01  1.868E-07 1.861E-07 1.692E-07 1.520E-07 1.374E-07 1.245E-07 1.126E-07 1.026E-07 9.348E-08 8.579E-08 7.839E-08 6.989E-08 5.914E-08 5.048E-08 3.406E-08 2.448E-08 1.617E-08 1.059E-08 5.705E-09 4.654E-09 5.109E-09 4.060E-09 3.766E-09 2.949E-09 2.386E-09 1.646E-09 1.162E-09 7.953E-10 5.117E-10 6.160E-10 5.444E-10 3.148E-10 1.130E-10 3.946E-11 1.381E-10 8.085E-10 8.268E-10 5.453E-10 3.379E-10 2.621E-10 2.207E-10 1.511E-10 1.168E-10 8.587E-11 6.062E-11 5.709E-11 4.680E-11 3.518E-11 3.824E-11 4.775E-11 6.209E-11 4.771E-11 3.805E-11 3.840E-11 2.890E-11 2.249E-11 1.388E-11 8.849E-12 6.556E-12 4.104E-12 2.513E-12
  9.600E+01  1.769E-07 1.765E-07 1.605E-07 1.441E-07 1.303E-07 1.180E-07 1.068E-07 9.742E-08 8.876E-08 8.150E-08 7.452E-08 6.647E-08 5.631E-08 4.813E-08 3.258E-08 2.349E-08 1.557E-08 1.022E-08 5.535E-09 4.541E-09 4.972E-09 3.955E-09 3.670E-09 2.878E-09 2.333E-09 1.612E-09 1.141E-09 7.825E-10 5.049E-10 6.073E-10 5.370E-10 3.113E-10 1.121E-10 3.921E-11 1.371E-10 7.965E-10 8.147E-10 5.392E-10 3.343E-10 2.596E-10 2.187E-10 1.500E-10 1.161E-10 8.541E-11 6.039E-11 5.690E-11 4.669E-11 3.512E-11 3.819E-11 4.766E-11 6.192E-11 4.761E-11 3.799E-11 3.833E-11 2.886E-11 2.248E-11 1.389E-11 8.861E-12 6.569E-12 4.115E-12 2.521E-12
  9.800E+01  1.680E-07 1.679E-07 1.527E-07 1.370E-07 1.239E-07 1.123E-07 1.016E-07 9.277E-08 8.455E-08 7.768E-08 7.106E-08 6.342E-08 5.380E-08 4.604E-08 3.127E-08 2.261E-08 1.503E-08 9.904E-09 5.388E-09 4.444E-09 4.853E-09 3.865E-09 3.588E-09 2.818E-09 2.287E-09 1.585E-09 1.123E-09 7.721E-10 4.995E-10 6.005E-10 5.311E-10 3.087E-10 1.115E-10 3.906E-11 1.365E-10 7.868E-10 8.047E-10 5.346E-10 3.317E-10 2.578E-10 2.174E-10 1.492E-10 1.156E-10 8.516E-11 6.031E-11 5.685E-11 4.669E-11 3.515E-11 3.824E-11 4.768E-11 6.190E-11 4.762E-11 3.803E-11 3.835E-11 2.890E-11 2.252E-11 1.393E-11 8.895E-12 6.597E-12 4.136E-12 2.536E-12
  1.000E+02  1.601E-07 1.602E-07 1.456E-07 1.308E-07 1.183E-07 1.072E-07 9.705E-08 8.862E-08 8.082E-08 7.429E-08 6.799E-08 6.072E-08 5.157E-08 4.418E-08 3.011E-08 2.184E-08 1.456E-08 9.627E-09 5.262E-09 4.362E-09 4.752E-09 3.788E-09 3.518E-09 2.768E-09 2.249E-09 1.562E-09 1.109E-09 7.640E-10 4.955E-10 5.954E-10 5.268E-10 3.069E-10 1.111E-10 3.901E-11 1.362E-10 7.792E-10 7.970E-10 5.314E-10 3.300E-10 2.567E-10 2.166E-10 1.489E-10 1.155E-10 8.514E-11 6.038E-11 5.694E-11 4.681E-11 3.527E-11 3.838E-11 4.783E-11 6.204E-11 4.775E-11 3.815E-11 3.847E-11 2.901E-11 2.262E-11 1.401E-11 8.950E-12 6.641E-12 4.166E-12 2.557E-12
  1.020E+02  1.531E-07 1.534E-07 1.394E-07 1.253E-07 1.133E-07 1.027E-07 9.301E-08 8.494E-08 7.751E-08 7.129E-08 6.528E-08 5.833E-08 4.960E-08 4.255E-08 2.909E-08 2.116E-08 1.416E-08 9.388E-09 5.156E-09 4.294E-09 4.667E-09 3.724E-09 3.461E-09 2.726E-09 2.218E-09 1.544E-09 1.099E-09 7.582E-10 4.929E-10 5.919E-10 5.239E-10 3.059E-10 1.111E-10 3.905E-11 1.363E-10 7.737E-10 7.913E-10 5.296E-10 3.291E-10 2.562E-10 2.163E-10 1.489E-10 1.156E-10 8.532E-11 6.059E-11 5.716E-11 4.703E-11 3.547E-11 3.861E-11 4.808E-11 6.232E-11 4.799E-11 3.837E-11 3.867E-11 2.918E-11 2.277E-11 1.412E-11 9.025E-12 6.699E-12 4.206E-12 2.583E-12
  1.040E+02  1.469E-07 1.474E-07 1.339E-07 1.204E-07 1.089E-07 9.876E-08 8.945E-08 8.171E-08 7.460E-08 6.865E-08 6.288E-08 5.623E-08 4.786E-08 4.111E-08 2.820E-08 2.057E-08 1.381E-08 9.186E-09 5.067E-09 4.239E-09 4.598E-09 3.672E-09 3.414E-09 2.694E-09 2.194E-09 1.531E-09 1.091E-09 7.544E-10 4.916E-10 5.900E-10 5.224E-10 3.057E-10 1.113E-10 3.918E-11 1.367E-10 7.702E-10 7.877E-10 5.290E-10 3.291E-10 2.563E-10 2.166E-10 1.493E-10 1.160E-10 8.569E-11 6.094E-11 5.751E-11 4.736E-11 3.574E-11 3.892E-11 4.844E-11 6.274E-11 4.834E-11 3.867E-11 3.896E-11 2.942E-11 2.297E-11 1.425E-11 9.120E-12 6.773E-12 4.255E-12 2.615E-12
  1.060E+02  1.414E-07 1.421E-07 1.292E-07 1.161E-07 1.050E-07 9.528E-08 8.631E-08 7.888E-08 7.204E-08 6.633E-08 6.079E-08 5.439E-08 4.635E-08 3.986E-08 2.743E-08 2.007E-08 1.352E-08 9.017E-09 4.996E-09 4.196E-09 4.542E-09 3.632E-09 3.378E-09 2.669E-09 2.177E-09 1.522E-09 1.087E-09 7.526E-10 4.915E-10 5.896E-10 5.222E-10 3.063E-10 1.117E-10 3.940E-11 1.373E-10 7.686E-10 7.859E-10 5.298E-10 3.298E-10 2.571E-10 2.174E-10 1.500E-10 1.166E-10 8.626E-11 6.142E-11 5.799E-11 4.778E-11 3.609E-11 3.931E-11 4.890E-11 6.329E-11 4.879E-11 3.905E-11 3.933E-11 2.972E-11 2.322E-11 1.442E-11 9.234E-12 6.860E-12 4.313E-12 2.652E-12
  1.080E+02  1.366E-07 1.376E-07 1.251E-07 1.124E-07 1.017E-07 9.224E-08 8.358E-08 7.643E-08 6.982E-08 6.431E-08 5.897E-08 5.279E-08 4.504E-08 3.878E-08 2.677E-08 1.964E-08 1.327E-08 8.879E-09 4.940E-09 4.165E-09 4.500E-09 3.602E-09 3.352E-09 2.652E-09 2.165E-09 1.517E-09 1.085E-09 7.526E-10 4.925E-10 5.905E-10 5.232E-10 3.075E-10 1.124E-10 3.969E-11 1.383E-10 7.687E-10 7.860E-10 5.317E-10 3.313E-10 2.584E-10 2.186E-10 1.511E-10 1.175E-10 8.700E-11 6.203E-11 5.858E-11 4.831E-11 3.651E-11 3.978E-11 4.945E-11 6.397E-11 4.933E-11 3.951E-11 3.978E-11 3.008E-11 2.351E-11 1.462E-11 9.366E-12 6.961E-12 4.379E-12 2.695E-12
  1.100E+02  1.325E-07 1.337E-07 1.216E-07 1.092E-07 9.877E-08 8.964E-08 8.122E-08 7.430E-08 6.790E-08 6.257E-08 5.741E-08 5.142E-08 4.391E-08 3.785E-08 2.621E-08 1.928E-08 1.307E-08 8.769E-09 4.898E-09 4.144E-09 4.470E-09 3.582E-09 3.334E-09 2.641E-09 2.159E-09 1.516E-09 1.086E-09 7.543E-10 4.945E-10 5.927E-10 5.254E-10 3.093E-10 1.133E-10 4.006E-11 1.395E-10 7.706E-10 7.879E-10 5.347E-10 3.334E-10 2.603E-10 2.203E-10 1.524E-10 1.187E-10 8.791E-11 6.275E-11 5.928E-11 4.892E-11 3.700E-11 4.032E-11 5.010E-11 6.478E-11 4.998E-11 4.004E-11 4.031E-11 3.050E-11 2.385E-11 1.484E-11 9.514E-12 7.074E-12 4.453E-12 2.742E-12
  1.120E+02  1.290E-07 1.305E-07 1.186E-07 1.065E-07 9.632E-08 8.742E-08 7.922E-08 7.249E-08 6.627E-08 6.110E-08 5.607E-08 5.025E-08 4.296E-08 3.707E-08 2.574E-08 1.899E-08 1.291E-08 8.685E-09 4.870E-09 4.133E-09 4.451E-09 3.571E-09 3.325E-09 2.638E-09 2.159E-09 1.518E-09 1.089E-09 7.576E-10 4.976E-10 5.961E-10 5.286E-10 3.117E-10 1.144E-10 4.049E-11 1.410E-10 7.741E-10 7.914E-10 5.387E-10 3.362E-10 2.627E-10 2.225E-10 1.541E-10 1.200E-10 8.898E-11 6.358E-11 6.008E-11 4.961E-11 3.755E-11 4.093E-11 5.084E-11 6.569E-11 5.070E-11 4.064E-11 4.091E-11 3.097E-11 2.423E-11 1.509E-11 9.679E-12 7.199E-12 4.535E-12 2.794E-12
  1.140E+02  1.260E-07 1.277E-07 1.161E-07 1.043E-07 9.428E-08 8.557E-08 7.756E-08 7.097E-08 6.490E-08 5.986E-08 5.495E-08 4.927E-08 4.216E-08 3.642E-08 2.536E-08 1.875E-08 1.278E-08 8.625E-09 4.853E-09 4.131E-09 4.443E-09 3.568E-09 3.324E-09 2.640E-09 2.162E-09 1.523E-09 1.094E-09 7.624E-10 5.015E-10 6.007E-10 5.328E-10 3.147E-10 1.157E-10 4.099E-11 1.427E-10 7.791E-10 7.964E-10 5.438E-10 3.396E-10 2.655E-10 2.250E-10 1.560E-10 1.216E-10 9.019E-11 6.451E-11 6.098E-11 5.039E-11 3.816E-11 4.160E-11 5.166E-11 6.672E-11 5.152E-11 4.131E-11 4.158E-11 3.149E-11 2.464E-11 1.536E-11 9.860E-12 7.336E-12 4.623E-12 2.850E-12
  1.160E+02  1.236E-07 1.256E-07 1.141E-07 1.025E-07 9.263E-08 8.406E-08 7.619E-08 6.973E-08 6.378E-08 5.884E-08 5.404E-08 4.847E-08 4.151E-08 3.589E-08 2.506E-08 1.857E-08 1.270E-08 8.587E-09 4.848E-09 4.138E-09 4.445E-09 3.573E-09 3.330E-09 2.647E-09 2.171E-09 1.531E-09 1.101E-09 7.684E-10 5.062E-10 6.062E-10 5.379E-10 3.182E-10 1.172E-10 4.154E-11 1.446E-10 7.855E-10 8.028E-10 5.497E-10 3.436E-10 2.688E-10 2.279E-10 1.581E-10 1.233E-10 9.154E-11 6.553E-11 6.196E-11 5.123E-11 3.882E-11 4.233E-11 5.255E-11 6.784E-11 5.240E-11 4.204E-11 4.230E-11 3.206E-11 2.510E-11 1.566E-11 1.005E-11 7.483E-12 4.718E-12 2.910E-12
  1.180E+02  1.217E-07 1.239E-07 1.126E-07 1.011E-07 9.134E-08 8.287E-08 7.510E-08 6.875E-08 6.289E-08 5.804E-08 5.331E-08 4.784E-08 4.100E-08 3.548E-08 2.483E-08 1.844E-08 1.264E-08 8.569E-09 4.853E-09 4.151E-09 4.455E-09 3.585E-09 3.342E-09 2.660E-09 2.183E-09 1.542E-09 1.111E-09 7.758E-10 5.117E-10 6.127E-10 5.438E-10 3.221E-10 1.188E-10 4.215E-11 1.467E-10 7.931E-10 8.106E-10 5.565E-10 3.481E-10 2.724E-10 2.311E-10 1.605E-10 1.252E-10 9.301E-11 6.664E-11 6.303E-11 5.214E-11 3.953E-11 4.312E-11 5.351E-11 6.906E-11 5.336E-11 4.282E-11 4.309E-11 3.267E-11 2.559E-11 1.597E-11 1.026E-11 7.639E-12 4.819E-12 2.974E-12
  1.200E+02  1.203E-07 1.228E-07 1.116E-07 1.000E-07 9.040E-08 8.199E-08 7.429E-08 6.802E-08 6.221E-08 5.743E-08 5.276E-08 4.736E-08 4.061E-08 3.517E-08 2.467E-08 1.836E-08 1.261E-08 8.570E-09 4.867E-09 4.171E-09 4.473E-09 3.603E-09 3.360E-09 2.677E-09 2.199E-09 1.555E-09 1.121E-09 7.842E-10 5.179E-10 6.199E-10 5.505E-10 3.265E-10 1.206E-10 4.280E-11 1.489E-10 8.020E-10 8.196E-10 5.640E-10 3.530E-10 2.764E-10 2.346E-10 1.630E-10 1.273E-10 9.459E-11 6.783E-11 6.417E-11 5.311E-11 4.028E-11 4.395E-11 5.454E-11 7.036E-11 5.438E-11 4.366E-11 4.392E-11 3.331E-11 2.610E-11 1.630E-11 1.048E-11 7.804E-12 4.926E-12 3.041E-12
  1.220E+02  1.194E-07 1.223E-07 1.110E-07 9.943E-08 8.980E-08 8.142E-08 7.374E-08 6.751E-08 6.175E-08 5.700E-08 5.237E-08 4.702E-08 4.034E-08 3.496E-08 2.457E-08 1.832E-08 1.261E-08 8.587E-09 4.889E-09 4.198E-09 4.499E-09 3.627E-09 3.384E-09 2.698E-09 2.218E-09 1.570E-09 1.134E-09 7.936E-10 5.246E-10 6.280E-10 5.578E-10 3.312E-10 1.224E-10 4.350E-11 1.514E-10 8.119E-10 8.297E-10 5.723E-10 3.584E-10 2.808E-10 2.383E-10 1.658E-10 1.295E-10 9.627E-11 6.908E-11 6.537E-11 5.413E-11 4.108E-11 4.482E-11 5.561E-11 7.173E-11 5.546E-11 4.454E-11 4.480E-11 3.400E-11 2.665E-11 1.665E-11 1.071E-11 7.977E-12 5.037E-12 3.111E-12
  1.240E+02  1.190E-07 1.222E-07 1.109E-07 9.922E-08 8.954E-08 8.113E-08 7.344E-08 6.722E-08 6.147E-08 5.675E-08 5.214E-08 4.682E-08 4.018E-08 3.483E-08 2.453E-08 1.832E-08 1.264E-08 8.619E-09 4.919E-09 4.229E-09 4.531E-09 3.656E-09 3.412E-09 2.723E-09 2.240E-09 1.588E-09 1.147E-09 8.038E-10 5.319E-10 6.367E-10 5.657E-10 3.363E-10 1.244E-10 4.423E-11 1.539E-10 8.228E-10 8.408E-10 5.811E-10 3.642E-10 2.854E-10 2.423E-10 1.687E-10 1.318E-10 9.803E-11 7.040E-11 6.663E-11 5.520E-11 4.190E-11 4.573E-11 5.674E-11 7.317E-11 5.659E-11 4.546E-11 4.573E-11 3.471E-11 2.721E-11 1.702E-11 1.095E-11 8.157E-12 5.153E-12 3.184E-12
  1.260E+02  1.191E-07 1.227E-07 1.112E-07 9.939E-08 8.959E-08 8.112E-08 7.339E-08 6.714E-08 6.138E-08 5.667E-08 5.205E-08 4.674E-08 4.012E-08 3.480E-08 2.453E-08 1.835E-08 1.268E-08 8.665E-09 4.955E-09 4.266E-09 4.568E-09 3.690E-09 3.445E-09 2.751E-09 2.264E-09 1.607E-09 1.162E-09 8.149E-10 5.397E-10 6.460E-10 5.741E-10 3.416E-10 1.265E-10 4.499E-11 1.566E-10 8.346E-10 8.528E-10 5.905E-10 3.702E-10 2.903E-10 2.466E-10 1.717E-10 1.342E-10 9.987E-11 7.176E-11 6.794E-11 5.631E-11 4.276E-11 4.667E-11 5.791E-11 7.466E-11 5.776E-11 4.641E-11 4.668E-11 3.545E-11 2.780E-11 1.739E-11 1.119E-11 8.343E-12 5.273E-12 3.259E-12
  1.280E+02  1.197E-07 1.237E-07 1.119E-07 9.992E-08 8.995E-08 8.138E-08 7.356E-08 6.727E-08 6.147E-08 5.674E-08 5.211E-08 4.679E-08 4.016E-08 3.484E-08 2.459E-08 1.841E-08 1.275E-08 8.723E-09 4.997E-09 4.306E-09 4.611E-09 3.728E-09 3.482E-09 2.782E-09 2.291E-09 1.627E-09 1.178E-09 8.265E-10 5.478E-10 6.557E-10 5.829E-10 3.471E-10 1.287E-10 4.577E-11 1.593E-10 8.471E-10 8.656E-10 6.003E-10 3.766E-10 2.954E-10 2.509E-10 1.748E-10 1.367E-10 1.018E-10 7.317E-11 6.928E-11 5.745E-11 4.364E-11 4.764E-11 5.911E-11 7.620E-11 5.896E-11 4.739E-11 4.767E-11 3.621E-11 2.841E-11 1.778E-11 1.145E-11 8.533E-12 5.395E-12 3.335E-12
  1.300E+02  1.208E-07 1.252E-07 1.132E-07 1.008E-07 9.062E-08 8.191E-08 7.396E-08 6.759E-08 6.173E-08 5.696E-08 5.229E-08 4.694E-08 4.029E-08 3.495E-08 2.469E-08 1.851E-08 1.283E-08 8.792E-09 5.045E-09 4.350E-09 4.658E-09 3.769E-09 3.521E-09 2.816E-09 2.319E-09 1.649E-09 1.195E-09 8.388E-10 5.563E-10 6.659E-10 5.921E-10 3.529E-10 1.309E-10 4.658E-11 1.622E-10 8.602E-10 8.790E-10 6.105E-10 3.832E-10 3.006E-10 2.555E-10 1.781E-10 1.393E-10 1.037E-10 7.461E-11 7.066E-11 5.862E-11 4.454E-11 4.863E-11 6.034E-11 7.778E-11 6.020E-11 4.839E-11 4.868E-11 3.699E-11 2.902E-11 1.818E-11 1.171E-11 8.727E-12 5.520E-12 3.414E-12
  1.320E+02  1.224E-07 1.273E-07 1.149E-07 1.021E-07 9.161E-08 8.270E-08 7.458E-08 6.811E-08 6.215E-08 5.732E-08 5.260E-08 4.721E-08 4.050E-08 3.513E-08 2.483E-08 1.863E-08 1.293E-08 8.871E-09 5.097E-09 4.397E-09 4.709E-09 3.814E-09 3.564E-09 2.851E-09 2.350E-09 1.672E-09 1.212E-09 8.515E-10 5.650E-10 6.764E-10 6.016E-10 3.588E-10 1.332E-10 4.739E-11 1.650E-10 8.739E-10 8.929E-10 6.211E-10 3.899E-10 3.060E-10 2.601E-10 1.814E-10 1.419E-10 1.057E-10 7.608E-11 7.207E-11 5.980E-11 4.546E-11 4.963E-11 6.160E-11 7.939E-11 6.146E-11 4.941E-11 4.971E-11 3.778E-11 2.965E-11 1.858E-11 1.197E-11 8.925E-12 5.646E-12 3.493E-12
  1.340E+02  1.246E-07 1.300E-07 1.171E-07 1.038E-07 9.293E-08 8.374E-08 7.542E-08 6.881E-08 6.274E-08 5.783E-08 5.303E-08 4.757E-08 4.079E-08 3.537E-08 2.501E-08 1.877E-08 1.305E-08 8.958E-09 5.153E-09 4.447E-09 4.764E-09 3.861E-09 3.609E-09 2.889E-09 2.381E-09 1.695E-09 1.230E-09 8.645E-10 5.739E-10 6.871E-10 6.113E-10 3.648E-10 1.355E-10 4.822E-11 1.680E-10 8.880E-10 9.073E-10 6.318E-10 3.968E-10 3.115E-10 2.648E-10 1.848E-10 1.446E-10 1.077E-10 7.757E-11 7.348E-11 6.100E-11 4.638E-11 5.064E-11 6.286E-11 8.102E-11 6.273E-11 5.044E-11 5.075E-11 3.858E-11 3.029E-11 1.898E-11 1.223E-11 9.123E-12 5.774E-12 3.573E-12
  1.360E+02  1.273E-07 1.332E-07 1.197E-07 1.058E-07 9.458E-08 8.504E-08 7.647E-08 6.969E-08 6.347E-08 5.846E-08 5.358E-08 4.803E-08 4.115E-08 3.567E-08 2.522E-08 1.894E-08 1.317E-08 9.052E-09 5.211E-09 4.498E-09 4.820E-09 3.910E-09 3.655E-09 2.927E-09 2.414E-09 1.719E-09 1.248E-09 8.777E-10 5.829E-10 6.980E-10 6.212E-10 3.709E-10 1.378E-10 4.906E-11 1.709E-10 9.024E-10 9.221E-10 6.427E-10 4.038E-10 3.171E-10 2.696E-10 1.882E-10 1.473E-10 1.098E-10 7.906E-11 7.491E-11 6.220E-11 4.731E-11 5.166E-11 6.413E-11 8.266E-11 6.401E-11 5.148E-11 5.180E-11 3.939E-11 3.092E-11 1.939E-11 1.250E-11 9.323E-12 5.902E-12 3.653E-12
  1.380E+02  1.305E-07 1.371E-07 1.229E-07 1.082E-07 9.653E-08 8.659E-08 7.772E-08 7.074E-08 6.436E-08 5.923E-08 5.422E-08 4.858E-08 4.157E-08 3.602E-08 2.546E-08 1.912E-08 1.331E-08 9.152E-09 5.273E-09 4.551E-09 4.879E-09 3.960E-09 3.704E-09 2.967E-09 2.448E-09 1.744E-09 1.266E-09 8.912E-10 5.920E-10 7.090E-10 6.312E-10 3.770E-10 1.401E-10 4.989E-11 1.739E-10 9.170E-10 9.371E-10 6.537E-10 4.109E-10 3.227E-10 2.744E-10 1.916E-10 1.499E-10 1.118E-10 8.055E-11 7.634E-11 6.341E-11 4.823E-11 5.268E-11 6.541E-11 8.430E-11 6.529E-11 5.252E-11 5.285E-11 4.019E-11 3.156E-11 1.979E-11 1.276E-11 9.522E-12 6.030E-12 3.733E-12
  1.400E+02  1.343E-07 1.416E-07 1.265E-07 1.111E-07 9.877E-08 8.841E-08 7.918E-08 7.196E-08 6.537E-08 6.010E-08 5.497E-08 4.921E-08 4.206E-08 3.642E-08 2.573E-08 1.932E-08 1.346E-08 9.258E-09 5.336E-09 4.605E-09 4.939E-09 4.012E-09 3.753E-09 3.008E-09 2.482E-09 1.769E-09 1.285E-09 9.046E-10 6.011E-10 7.201E-10 6.411E-10 3.831E-10 1.424E-10 5.072E-11 1.768E-10 9.317E-10 9.521E-10 6.648E-10 4.179E-10 3.283E-10 2.792E-10 1.950E-10 1.526E-10 1.138E-10 8.204E-11 7.776E-11 6.460E-11 4.915E-11 5.368E-11 6.667E-11 8.593E-11 6.656E-11 5.355E-11 5.389E-11 4.100E-11 3.220E-11 2.020E-11 1.303E-11 9.720E-12 6.157E-12 3.813E-12
  1.420E+02  1.387E-07 1.469E-07 1.307E-07 1.143E-07 1.013E-07 9.047E-08 8.083E-08 7.333E-08 6.651E-08 6.108E-08 5.581E-08 4.992E-08 4.261E-08 3.686E-08 2.602E-08 1.954E-08 1.361E-08 9.368E-09 5.401E-09 4.659E-09 5.000E-09 4.065E-09 3.803E-09 3.048E-09 2.516E-09 1.794E-09 1.304E-09 9.181E-10 6.102E-10 7.310E-10 6.510E-10 3.891E-10 1.447E-10 5.153E-11 1.797E-10 9.465E-10 9.672E-10 6.758E-10 4.249E-10 3.339E-10 2.840E-10 1.983E-10 1.553E-10 1.158E-10 8.350E-11 7.916E-11 6.578E-11 5.006E-11 5.468E-11 6.792E-11 8.755E-11 6.782E-11 5.457E-11 5.493E-11 4.179E-11 3.282E-11 2.060E-11 1.329E-11 9.916E-12 6.283E-12 3.891E-12
  1.440E+02  1.436E-07 1.528E-07 1.354E-07 1.179E-07 1.041E-07 9.274E-08 8.265E-08 7.485E-08 6.776E-08 6.216E-08 5.672E-08 5.069E-08 4.320E-08 3.733E-08 2.633E-08 1.976E-08 1.377E-08 9.481E-09 5.467E-09 4.713E-09 5.062E-09 4.117E-09 3.853E-09 3.089E-09 2.550E-09 1.819E-09 1.322E-09 9.314E-10 6.191E-10 7.419E-10 6.608E-10 3.951E-10 1.469E-10 5.234E-11 1.826E-10 9.611E-10 9.823E-10 6.866E-10 4.318E-10 3.393E-10 2.887E-10 2.017E-10 1.579E-10 1.178E-10 8.495E-11 8.054E-11 6.695E-11 5.095E-11 5.566E-11 6.915E-11 8.914E-11 6.907E-11 5.557E-11 5.594E-11 4.257E-11 3.344E-11 2.099E-11 1.354E-11 1.011E-11 6.406E-12 3.969E-12
  1.460E+02  1.491E-07 1.592E-07 1.406E-07 1.218E-07 1.072E-07 9.520E-08 8.461E-08 7.649E-08 6.913E-08 6.333E-08 5.771E-08 5.151E-08 4.383E-08 3.784E-08 2.665E-08 1.999E-08 1.394E-08 9.595E-09 5.533E-09 4.767E-09 5.123E-09 4.170E-09 3.903E-09 3.130E-09 2.584E-09 1.844E-09 1.341E-09 9.445E-10 6.279E-10 7.526E-10 6.705E-10 4.010E-10 1.491E-10 5.312E-11 1.854E-10 9.756E-10 9.971E-10 6.973E-10 4.386E-10 3.447E-10 2.933E-10 2.049E-10 1.605E-10 1.197E-10 8.636E-11 8.189E-11 6.808E-11 5.183E-11 5.662E-11 7.036E-11 9.070E-11 7.028E-11 5.655E-11 5.694E-11 4.333E-11 3.405E-11 2.137E-11 1.379E-11 1.030E-11 6.527E-12 4.044E-12
  1.480E+02  1.551E-07 1.663E-07 1.462E-07 1.260E-07 1.106E-07 9.781E-08 8.670E-08 7.824E-08 7.056E-08 6.456E-08 5.875E-08 5.238E-08 4.449E-08 3.836E-08 2.698E-08 2.023E-08 1.411E-08 9.711E-09 5.599E-09 4.820E-09 5.184E-09 4.222E-09 3.953E-09 3.171E-09 2.618E-09 1.868E-09 1.359E-09 9.573E-10 6.365E-10 7.630E-10 6.799E-10 4.067E-10 1.513E-10 5.389E-11 1.881E-10 9.898E-10 1.012E-09 7.077E-10 4.452E-10 3.500E-10 2.978E-10 2.081E-10 1.630E-10 1.216E-10 8.774E-11 8.320E-11 6.919E-11 5.268E-11 5.755E-11 7.153E-11 9.222E-11 7.146E-11 5.751E-11 5.791E-11 4.408E-11 3.464E-11 2.175E-11 1.404E-11 1.048E-11 6.644E-12 4.117E-12
  1.500E+02  1.613E-07 1.739E-07 1.522E-07 1.305E-07 1.140E-07 1.006E-07 8.887E-08 8.004E-08 7.205E-08 6.583E-08 5.982E-08 5.327E-08 4.517E-08 3.890E-08 2.733E-08 2.047E-08 1.427E-08 9.827E-09 5.664E-09 4.872E-09 5.244E-09 4.273E-09 4.002E-09 3.210E-09 2.651E-09 1.892E-09 1.376E-09 9.698E-10 6.448E-10 7.731E-10 6.890E-10 4.123E-10 1.534E-10 5.462E-11 1.907E-10 1.004E-09 1.026E-09 7.179E-10 4.517E-10 3.551E-10 3.021E-10 2.112E-10 1.654E-10 1.234E-10 8.907E-11 8.447E-11 7.026E-11 5.350E-11 5.845E-11 7.266E-11 9.369E-11 7.261E-11 5.843E-11 5.885E-11 4.480E-11 3.520E-11 2.211E-11 1.427E-11 1.066E-11 6.758E-12 4.188E-12
  1.520E+02  1.677E-07 1.818E-07 1.583E-07 1.351E-07 1.175E-07 1.034E-07 9.108E-08 8.186E-08 7.354E-08 6.711E-08 6.090E-08 5.418E-08 4.586E-08 3.945E-08 2.767E-08 2.072E-08 1.444E-08 9.942E-09 5.728E-09 4.922E-09 5.302E-09 4.323E-09 4.049E-09 3.249E-09 2.683E-09 1.914E-09 1.393E-09 9.819E-10 6.528E-10 7.828E-10 6.978E-10 4.176E-10 1.554E-10 5.533E-11 1.933E-10 1.017E-09 1.040E-09 7.276E-10 4.579E-10 3.600E-10 3.063E-10 2.141E-10 1.677E-10 1.252E-10 9.034E-11 8.569E-11 7.129E-11 5.428E-11 5.931E-11 7.375E-11 9.510E-11 7.371E-11 5.932E-11 5.975E-11 4.549E-11 3.575E-11 2.246E-11 1.450E-11 1.083E-11 6.867E-12 4.256E-12
  1.540E+02  1.739E-07 1.895E-07 1.643E-07 1.397E-07 1.210E-07 1.061E-07 9.326E-08 8.363E-08 7.501E-08 6.836E-08 6.195E-08 5.506E-08 4.653E-08 3.999E-08 2.801E-08 2.095E-08 1.461E-08 1.005E-08 5.791E-09 4.971E-09 5.359E-09 4.372E-09 4.095E-09 3.286E-09 2.713E-09 1.936E-09 1.409E-09 9.934E-10 6.604E-10 7.922E-10 7.063E-10 4.227E-10 1.573E-10 5.601E-11 1.957E-10 1.030E-09 1.053E-09 7.370E-10 4.638E-10 3.647E-10 3.103E-10 2.169E-10 1.699E-10 1.268E-10 9.156E-11 8.685E-11 7.226E-11 5.504E-11 6.014E-11 7.479E-11 9.644E-11 7.476E-11 6.017E-11 6.061E-11 4.615E-11 3.627E-11 2.279E-11 1.471E-11 1.099E-11 6.971E-12 4.321E-12
  1.560E+02  1.795E-07 1.967E-07 1.698E-07 1.440E-07 1.243E-07 1.087E-07 9.530E-08 8.528E-08 7.640E-08 6.956E-08 6.296E-08 5.591E-08 4.719E-08 4.051E-08 2.834E-08 2.119E-08 1.477E-08 1.016E-08 5.851E-09 5.017E-09 5.413E-09 4.418E-09 4.140E-09 3.322E-09 2.743E-09 1.958E-09 1.425E-09 1.004E-09 6.677E-10 8.010E-10 7.143E-10 4.275E-10 1.591E-10 5.665E-11 1.980E-10 1.042E-09 1.065E-09 7.459E-10 4.694E-10 3.691E-10 3.141E-10 2.196E-10 1.720E-10 1.284E-10 9.271E-11 8.795E-11 7.319E-11 5.575E-11 6.092E-11 7.577E-11 9.772E-11 7.575E-11 6.097E-11 6.143E-11 4.677E-11 3.677E-11 2.310E-11 1.492E-11 1.114E-11 7.069E-12 4.383E-12
  1.580E+02  1.839E-07 2.029E-07 1.747E-07 1.475E-07 1.271E-07 1.109E-07 9.707E-08 8.675E-08 7.764E-08 7.064E-08 6.388E-08 5.669E-08 4.780E-08 4.101E-08 2.866E-08 2.142E-08 1.493E-08 1.027E-08 5.909E-09 5.061E-09 5.464E-09 4.463E-09 4.182E-09 3.356E-09 2.771E-09 1.977E-09 1.439E-09 1.015E-09 6.745E-10 8.094E-10 7.218E-10 4.321E-10 1.607E-10 5.724E-11 2.001E-10 1.054E-09 1.077E-09 7.542E-10 4.747E-10 3.733E-10 3.177E-10 2.221E-10 1.740E-10 1.299E-10 9.379E-11 8.899E-11 7.406E-11 5.641E-11 6.165E-11 7.669E-11 9.892E-11 7.669E-11 6.173E-11 6.219E-11 4.736E-11 3.723E-11 2.339E-11 1.511E-11 1.129E-11 7.161E-12 4.441E-12
  1.600E+02  1.865E-07 2.073E-07 1.784E-07 1.501E-07 1.291E-07 1.125E-07 9.843E-08 8.798E-08 7.867E-08 7.155E-08 6.468E-08 5.739E-08 4.835E-08 4.147E-08 2.897E-08 2.163E-08 1.508E-08 1.037E-08 5.964E-09 5.102E-09 5.513E-09 4.505E-09 4.222E-09 3.388E-09 2.797E-09 1.996E-09 1.453E-09 1.024E-09 6.808E-10 8.171E-10 7.289E-10 4.363E-10 1.623E-10 5.780E-11 2.021E-10 1.064E-09 1.088E-09 7.620E-10 4.797E-10 3.772E-10 3.210E-10 2.245E-10 1.759E-10 1.313E-10 9.480E-11 8.995E-11 7.487E-11 5.704E-11 6.233E-11 7.755E-11 1.000E-10 7.755E-11 6.243E-11 6.290E-11 4.791E-11 3.766E-11 2.367E-11 1.529E-11 1.142E-11 7.247E-12 4.494E-12
  1.620E+02  1.865E-07 2.093E-07 1.802E-07 1.513E-07 1.302E-07 1.136E-07 9.933E-08 8.887E-08 7.945E-08 7.228E-08 6.536E-08 5.798E-08 4.885E-08 4.189E-08 2.926E-08 2.184E-08 1.522E-08 1.047E-08 6.015E-09 5.140E-09 5.558E-09 4.544E-09 4.259E-09 3.418E-09 2.822E-09 2.013E-09 1.466E-09 1.033E-09 6.867E-10 8.243E-10 7.353E-10 4.402E-10 1.638E-10 5.831E-11 2.040E-10 1.074E-09 1.098E-09 7.692E-10 4.842E-10 3.808E-10 3.241E-10 2.266E-10 1.776E-10 1.325E-10 9.573E-11 9.083E-11 7.561E-11 5.761E-11 6.295E-11 7.834E-11 1.011E-10 7.835E-11 6.307E-11 6.356E-11 4.841E-11 3.806E-11 2.392E-11 1.545E-11 1.154E-11 7.326E-12 4.544E-12
  1.640E+02  1.839E-07 2.084E-07 1.799E-07 1.513E-07 1.304E-07 1.140E-07 9.981E-08 8.943E-08 8.000E-08 7.284E-08 6.590E-08 5.848E-08 4.929E-08 4.228E-08 2.953E-08 2.204E-08 1.535E-08 1.056E-08 6.062E-09 5.175E-09 5.600E-09 4.580E-09 4.293E-09 3.445E-09 2.844E-09 2.029E-09 1.477E-09 1.042E-09 6.920E-10 8.308E-10 7.412E-10 4.437E-10 1.651E-10 5.878E-11 2.056E-10 1.083E-09 1.108E-09 7.757E-10 4.884E-10 3.841E-10 3.269E-10 2.286E-10 1.791E-10 1.337E-10 9.657E-11 9.163E-11 7.629E-11 5.812E-11 6.352E-11 7.906E-11 1.020E-10 7.908E-11 6.366E-11 6.416E-11 4.887E-11 3.842E-11 2.415E-11 1.560E-11 1.165E-11 7.398E-12 4.589E-12
  1.660E+02  1.792E-07 2.047E-07 1.774E-07 1.503E-07 1.299E-07 1.139E-07 1.000E-07 8.972E-08 8.041E-08 7.330E-08 6.637E-08 5.893E-08 4.971E-08 4.265E-08 2.979E-08 2.222E-08 1.547E-08 1.064E-08 6.106E-09 5.206E-09 5.638E-09 4.613E-09 4.325E-09 3.470E-09 2.865E-09 2.044E-09 1.488E-09 1.049E-09 6.968E-10 8.367E-10 7.465E-10 4.469E-10 1.662E-10 5.919E-11 2.071E-10 1.092E-09 1.116E-09 7.816E-10 4.921E-10 3.870E-10 3.294E-10 2.303E-10 1.805E-10 1.347E-10 9.732E-11 9.235E-11 7.689E-11 5.859E-11 6.403E-11 7.970E-11 1.028E-10 7.973E-11 6.418E-11 6.469E-11 4.927E-11 3.874E-11 2.435E-11 1.574E-11 1.176E-11 7.462E-12 4.629E-12
  1.680E+02  1.740E-07 1.998E-07 1.742E-07 1.489E-07 1.293E-07 1.138E-07 1.002E-07 9.002E-08 8.085E-08 7.379E-08 6.686E-08 5.938E-08 5.014E-08 4.303E-08 3.004E-08 2.240E-08 1.559E-08 1.071E-08 6.145E-09 5.234E-09 5.672E-09 4.642E-09 4.353E-09 3.493E-09 2.883E-09 2.056E-09 1.497E-09 1.055E-09 7.010E-10 8.418E-10 7.512E-10 4.497E-10 1.673E-10 5.955E-11 2.084E-10 1.099E-09 1.124E-09 7.867E-10 4.953E-10 3.896E-10 3.315E-10 2.319E-10 1.817E-10 1.356E-10 9.798E-11 9.298E-11 7.742E-11 5.899E-11 6.447E-11 8.026E-11 1.036E-10 8.030E-11 6.464E-11 6.516E-11 4.963E-11 3.903E-11 2.453E-11 1.585E-11 1.184E-11 7.519E-12 4.664E-12
  1.700E+02  1.710E-07 1.964E-07 1.725E-07 1.483E-07 1.294E-07 1.142E-07 1.008E-07 9.070E-08 8.156E-08 7.450E-08 6.753E-08 5.995E-08 5.062E-08 4.344E-08 3.029E-08 2.257E-08 1.569E-08 1.078E-08 6.179E-09 5.258E-09 5.701E-09 4.668E-09 4.377E-09 3.512E-09 2.899E-09 2.067E-09 1.505E-09 1.061E-09 7.045E-10 8.462E-10 7.552E-10 4.520E-10 1.681E-10 5.986E-11 2.095E-10 1.105E-09 1.130E-09 7.911E-10 4.981E-10 3.918E-10 3.334E-10 2.332E-10 1.827E-10 1.364E-10 9.854E-11 9.352E-11 7.787E-11 5.934E-11 6.485E-11 8.074E-11 1.042E-10 8.079E-11 6.503E-11 6.556E-11 4.994E-11 3.927E-11 2.469E-11 1.595E-11 1.192E-11 7.567E-12 4.694E-12
  1.720E+02  1.726E-07 1.973E-07 1.741E-07 1.498E-07 1.310E-07 1.158E-07 1.023E-07 9.205E-08 8.274E-08 7.557E-08 6.847E-08 6.069E-08 5.120E-08 4.389E-08 3.054E-08 2.273E-08 1.579E-08 1.084E-08 6.208E-09 5.277E-09 5.726E-09 4.689E-09 4.398E-09 3.528E-09 2.912E-09 2.076E-09 1.512E-09 1.065E-09 7.075E-10 8.498E-10 7.584E-10 4.540E-10 1.689E-10 6.012E-11 2.105E-10 1.110E-09 1.135E-09 7.947E-10 5.004E-10 3.936E-10 3.350E-10 2.343E-10 1.836E-10 1.370E-10 9.900E-11 9.396E-11 7.825E-11 5.963E-11 6.517E-11 8.114E-11 1.047E-10 8.119E-11 6.536E-11 6.589E-11 5.019E-11 3.947E-11 2.481E-11 1.603E-11 1.198E-11 7.607E-12 4.719E-12
  1.740E+02  1.795E-07 2.043E-07 1.799E-07 1.542E-07 1.347E-07 1.188E-07 1.047E-07 9.412E-08 8.442E-08 7.699E-08 6.965E-08 6.161E-08 5.185E-08 4.438E-08 3.079E-08 2.287E-08 1.587E-08 1.089E-08 6.232E-09 5.293E-09 5.745E-09 4.707E-09 4.415E-09 3.541E-09 2.922E-09 2.083E-09 1.517E-09 1.069E-09 7.098E-10 8.527E-10 7.610E-10 4.555E-10 1.694E-10 6.032E-11 2.112E-10 1.114E-09 1.139E-09 7.976E-10 5.022E-10 3.950E-10 3.362E-10 2.351E-10 1.842E-10 1.375E-10 9.937E-11 9.431E-11 7.854E-11 5.985E-11 6.541E-11 8.145E-11 1.051E-10 8.150E-11 6.561E-11 6.615E-11 5.039E-11 3.962E-11 2.491E-11 1.610E-11 1.203E-11 7.638E-12 4.738E-12
  1.760E+02  1.904E-07 2.160E-07 1.888E-07 1.609E-07 1.398E-07 1.228E-07 1.077E-07 9.655E-08 8.634E-08 7.857E-08 7.091E-08 6.257E-08 5.250E-08 4.483E-08 3.100E-08 2.299E-08 1.594E-08 1.093E-08 6.249E-09 5.304E-09 5.760E-09 4.719E-09 4.427E-09 3.551E-09 2.930E-09 2.089E-09 1.520E-09 1.072E-09 7.115E-10 8.547E-10 7.629E-10 4.566E-10 1.698E-10 6.046E-11 2.117E-10 1.117E-09 1.142E-09 7.996E-10 5.035E-10 3.961E-10 3.370E-10 2.357E-10 1.847E-10 1.379E-10 9.963E-11 9.456E-11 7.875E-11 6.001E-11 6.559E-11 8.167E-11 1.054E-10 8.173E-11 6.579E-11 6.633E-11 5.053E-11 3.973E-11 2.498E-11 1.614E-11 1.206E-11 7.660E-12 4.752E-12
  1.780E+02  2.008E-07 2.280E-07 1.978E-07 1.676E-07 1.446E-07 1.264E-07 1.104E-07 9.862E-08 8.794E-08 7.985E-08 7.191E-08 6.332E-08 5.299E-08 4.517E-08 3.114E-08 2.307E-08 1.598E-08 1.095E-08 6.260E-09 5.310E-09 5.768E-09 4.727E-09 4.435E-09 3.557E-09 2.935E-09 2.092E-09 1.523E-09 1.073E-09 7.125E-10 8.559E-10 7.640E-10 4.573E-10 1.701E-10 6.055E-11 2.120E-10 1.119E-09 1.144E-09 8.009E-10 5.043E-10 3.967E-10 3.376E-10 2.361E-10 1.850E-10 1.381E-10 9.978E-11 9.471E-11 7.887E-11 6.011E-11 6.569E-11 8.180E-11 1.056E-10 8.186E-11 6.590E-11 6.644E-11 5.062E-11 3.980E-11 2.503E-11 1.617E-11 1.208E-11 7.673E-12 4.761E-12
  1.800E+02  2.052E-07 2.334E-07 2.018E-07 1.705E-07 1.467E-07 1.279E-07 1.115E-07 9.946E-08 8.858E-08 8.036E-08 7.230E-08 6.361E-08 5.317E-08 4.529E-08 3.120E-08 2.310E-08 1.600E-08 1.096E-08 6.264E-09 5.312E-09 5.771E-09 4.730E-09 4.437E-09 3.559E-09 2.936E-09 2.093E-09 1.523E-09 1.074E-09 7.128E-10 8.564E-10 7.644E-10 4.575E-10 1.702E-10 6.058E-11 2.121E-10 1.119E-09 1.144E-09 8.013E-10 5.045E-10 3.969E-10 3.377E-10 2.362E-10 1.851E-10 1.382E-10 9.983E-11 9.476E-11 7.892E-11 6.014E-11 6.573E-11 8.185E-11 1.056E-10 8.191E-11 6.594E-11 6.648E-11 5.065E-11 3.982E-11 2.504E-11 1.618E-11 1.209E-11 7.678E-12 4.764E-12
