# water soluble (90%) 
#
# size distribution: lognormal
# ------------------
#
#   minimum radius, [um]:      7.100E-03
#   maximum radius, [um]:      3.500E+01
#                  sigma:      2.240E+00
#       Rmod (wet), [um]:      3.480E-02
#       Rmod (dry), [um]:      2.120E-02
#
# optical parameters:
# -------------------
#
# wavelength ext.coef  sca.coef  abs.coef  si.sc.alb  asym.par  ext.nor    ref.real  ref.imag
#     [um]     [1/km]    [1/km]    [1/km]
#
#  2.500E-01 2.945E-05 2.772E-05 1.724E-06 9.415E-01 0.759E+00 2.143E+00  1.400E+00 -6.783E-03
#  3.000E-01 2.589E-05 2.548E-05 4.078E-07 9.842E-01 0.752E+00 1.884E+00  1.390E+00 -1.809E-03
#  3.500E-01 2.272E-05 2.250E-05 2.159E-07 9.905E-01 0.747E+00 1.653E+00  1.385E+00 -1.130E-03
#  4.000E-01 1.994E-05 1.975E-05 1.848E-07 9.907E-01 0.743E+00 1.451E+00  1.382E+00 -1.130E-03
#  4.500E-01 1.758E-05 1.742E-05 1.609E-07 9.908E-01 0.737E+00 1.279E+00  1.381E+00 -1.130E-03
#  5.000E-01 1.552E-05 1.538E-05 1.422E-07 9.908E-01 0.731E+00 1.130E+00  1.379E+00 -1.130E-03
#  5.500E-01 1.374E-05 1.359E-05 1.518E-07 9.890E-01 0.725E+00 1.000E+00  1.378E+00 -1.357E-03
#  6.000E-01 1.222E-05 1.209E-05 1.367E-07 9.888E-01 0.718E+00 8.897E-01  1.377E+00 -1.357E-03
#  6.500E-01 1.091E-05 1.077E-05 1.444E-07 9.868E-01 0.711E+00 7.942E-01  1.376E+00 -1.583E-03
#  7.000E-01 9.794E-06 9.662E-06 1.319E-07 9.865E-01 0.704E+00 7.128E-01  1.376E+00 -1.583E-03
#  7.500E-01 8.801E-06 8.654E-06 1.468E-07 9.833E-01 0.697E+00 6.405E-01  1.375E+00 -1.922E-03
#  8.000E-01 7.865E-06 7.706E-06 1.588E-07 9.798E-01 0.691E+00 5.724E-01  1.372E+00 -2.261E-03
#  9.000E-01 6.464E-06 6.287E-06 1.778E-07 9.725E-01 0.678E+00 4.705E-01  1.371E+00 -2.939E-03
#  1.000E+00 5.372E-06 5.186E-06 1.855E-07 9.655E-01 0.664E+00 3.910E-01  1.371E+00 -3.507E-03
#  1.250E+00 3.464E-06 3.293E-06 1.711E-07 9.506E-01 0.634E+00 2.521E-01  1.365E+00 -4.302E-03
#  1.500E+00 2.392E-06 2.226E-06 1.655E-07 9.308E-01 0.603E+00 1.741E-01  1.364E+00 -5.242E-03
#  1.750E+00 1.574E-06 1.469E-06 1.048E-07 9.334E-01 0.579E+00 1.146E-01  1.348E+00 -4.034E-03
#  2.000E+00 1.043E-06 9.842E-07 5.857E-08 9.438E-01 0.556E+00 7.589E-02  1.332E+00 -2.660E-03
#  2.500E+00 5.208E-07 4.526E-07 6.817E-08 8.691E-01 0.511E+00 3.791E-02  1.297E+00 -4.060E-03
#  3.000E+00 3.003E-06 3.963E-07 2.607E-06 1.320E-01 0.405E+00 2.186E-01  1.382E+00 -2.155E-01
#  3.200E+00 1.348E-06 4.867E-07 8.617E-07 3.609E-01 0.429E+00 9.814E-02  1.467E+00 -7.332E-02
#  3.390E+00 6.048E-07 3.822E-07 2.226E-07 6.319E-01 0.431E+00 4.402E-02  1.425E+00 -1.951E-02
#  3.500E+00 4.306E-07 3.375E-07 9.317E-08 7.836E-01 0.427E+00 3.134E-02  1.411E+00 -8.405E-03
#  3.750E+00 2.878E-07 2.506E-07 3.720E-08 8.708E-01 0.414E+00 2.095E-02  1.388E+00 -3.613E-03
#  4.000E+00 2.389E-07 1.940E-07 4.492E-08 8.120E-01 0.399E+00 1.739E-02  1.375E+00 -4.690E-03
#  4.500E+00 2.370E-07 1.255E-07 1.115E-07 5.295E-01 0.371E+00 1.725E-02  1.361E+00 -1.331E-02
#  5.000E+00 1.796E-07 8.769E-08 9.192E-08 4.882E-01 0.347E+00 1.307E-02  1.353E+00 -1.231E-02
#  5.500E+00 1.456E-07 5.712E-08 8.852E-08 3.922E-01 0.324E+00 1.060E-02  1.330E+00 -1.305E-02
#  6.000E+00 5.806E-07 3.490E-08 5.457E-07 6.011E-02 0.284E+00 4.226E-02  1.298E+00 -8.801E-02
#  6.200E+00 4.772E-07 4.893E-08 4.283E-07 1.025E-01 0.287E+00 3.473E-02  1.378E+00 -7.421E-02
#  6.500E+00 2.497E-07 4.031E-08 2.094E-07 1.614E-01 0.284E+00 1.818E-02  1.366E+00 -3.780E-02
#  7.200E+00 2.293E-07 2.390E-08 2.054E-07 1.042E-01 0.259E+00 1.669E-02  1.332E+00 -4.067E-02
#  7.900E+00 2.052E-07 1.205E-08 1.932E-07 5.872E-02 0.235E+00 1.494E-02  1.273E+00 -4.093E-02
#  8.200E+00 2.386E-07 7.307E-09 2.313E-07 3.062E-02 0.222E+00 1.737E-02  1.224E+00 -4.977E-02
#  8.500E+00 3.447E-07 1.034E-08 3.344E-07 3.000E-02 0.215E+00 2.509E-02  1.283E+00 -7.701E-02
#  8.700E+00 3.779E-07 3.010E-08 3.478E-07 7.965E-02 0.228E+00 2.751E-02  1.527E+00 -9.490E-02
#  9.000E+00 4.263E-07 2.946E-08 3.968E-07 6.912E-02 0.221E+00 3.102E-02  1.555E+00 -1.145E-01
#  9.200E+00 4.749E-07 2.032E-08 4.546E-07 4.279E-02 0.208E+00 3.456E-02  1.469E+00 -1.271E-01
#  9.500E+00 2.685E-07 1.368E-08 2.548E-07 5.096E-02 0.206E+00 1.954E-02  1.403E+00 -7.054E-02
#  9.800E+00 2.191E-07 1.069E-08 2.084E-07 4.880E-02 0.200E+00 1.595E-02  1.374E+00 -5.855E-02
#  1.000E+01 2.194E-07 9.005E-09 2.104E-07 4.104E-02 0.195E+00 1.597E-02  1.354E+00 -5.966E-02
#  1.060E+01 2.372E-07 5.774E-09 2.315E-07 2.434E-02 0.179E+00 1.727E-02  1.310E+00 -6.799E-02
#  1.100E+01 2.915E-07 4.323E-09 2.871E-07 1.483E-02 0.168E+00 2.121E-02  1.281E+00 -8.622E-02
#  1.150E+01 3.935E-07 3.234E-09 3.903E-07 8.219E-03 0.155E+00 2.864E-02  1.249E+00 -1.205E-01
#  1.250E+01 6.401E-07 3.079E-09 6.370E-07 4.810E-03 0.132E+00 4.659E-02  1.235E+00 -2.124E-01
#  1.300E+01 7.126E-07 3.321E-09 7.093E-07 4.660E-03 0.125E+00 5.187E-02  1.253E+00 -2.485E-01
#  1.400E+01 7.889E-07 3.507E-09 7.854E-07 4.445E-03 0.114E+00 5.742E-02  1.289E+00 -3.029E-01
#  1.480E+01 8.051E-07 3.237E-09 8.019E-07 4.020E-03 0.107E+00 5.860E-02  1.299E+00 -3.291E-01
#  1.500E+01 8.576E-07 3.407E-09 8.542E-07 3.972E-03 0.104E+00 6.242E-02  1.304E+00 -3.563E-01
#  1.640E+01 7.352E-07 3.524E-09 7.317E-07 4.793E-03 0.101E+00 5.351E-02  1.437E+00 -3.666E-01
#  1.720E+01 6.828E-07 3.876E-09 6.789E-07 5.677E-03 0.101E+00 4.969E-02  1.543E+00 -3.867E-01
#  1.800E+01 6.215E-07 3.246E-09 6.182E-07 5.224E-03 0.975E-01 4.523E-02  1.549E+00 -3.704E-01
#  1.850E+01 6.005E-07 2.827E-09 5.977E-07 4.707E-03 0.943E-01 4.371E-02  1.535E+00 -3.643E-01
#  2.000E+01 5.029E-07 2.516E-09 5.004E-07 5.004E-03 0.918E-01 3.660E-02  1.625E+00 -3.539E-01
#  2.130E+01 4.618E-07 1.952E-09 4.598E-07 4.227E-03 0.858E-01 3.361E-02  1.620E+00 -3.453E-01
#  2.250E+01 4.312E-07 1.575E-09 4.297E-07 3.653E-03 0.807E-01 3.139E-02  1.618E+00 -3.406E-01
#  2.500E+01 3.874E-07 1.040E-09 3.864E-07 2.686E-03 0.709E-01 2.820E-02  1.610E+00 -3.388E-01
#  2.790E+01 3.341E-07 6.823E-10 3.334E-07 2.042E-03 0.624E-01 2.432E-02  1.615E+00 -3.279E-01
#  3.000E+01 3.052E-07 5.093E-10 3.047E-07 1.669E-03 0.569E-01 2.221E-02  1.612E+00 -3.217E-01
#  3.500E+01 2.822E-07 2.961E-10 2.819E-07 1.049E-03 0.458E-01 2.054E-02  1.620E+00 -3.505E-01
#  4.000E+01 2.938E-07 1.844E-10 2.936E-07 6.276E-04 0.364E-01 2.138E-02  1.596E+00 -4.110E-01
#
# volume phase function [1/km]:
# -----------------------------
#
# sca.ang. | wavelengths --->
# ---------|------------------
#          | 2.500E-01 3.000E-01 3.500E-01 4.000E-01 4.500E-01 5.000E-01 5.500E-01 6.000E-01 6.500E-01 7.000E-01 7.500E-01 8.000E-01 9.000E-01 1.000E+00 1.250E+00 1.500E+00 1.750E+00 2.000E+00 2.500E+00 3.000E+00 3.200E+00 3.390E+00 3.500E+00 3.750E+00 4.000E+00 4.500E+00 5.000E+00 5.500E+00 6.000E+00 6.200E+00 6.500E+00 7.200E+00 7.900E+00 8.200E+00 8.500E+00 8.700E+00 9.000E+00 9.200E+00 9.500E+00 9.800E+00 1.000E+01 1.060E+01 1.100E+01 1.150E+01 1.250E+01 1.300E+01 1.400E+01 1.480E+01 1.500E+01 1.640E+01 1.720E+01 1.800E+01 1.850E+01 2.000E+01 2.130E+01 2.250E+01 2.500E+01 2.790E+01 3.000E+01 3.500E+01 4.000E+01
#
  0.000E+00  7.807E-05 5.942E-05 4.606E-05 3.653E-05 2.950E-05 2.422E-05 2.006E-05 1.682E-05 1.420E-05 1.212E-05 1.038E-05 8.917E-06 6.729E-06 5.178E-06 2.853E-06 1.704E-06 1.034E-06 6.451E-07 2.613E-07 1.546E-07 1.922E-07 1.549E-07 1.363E-07 9.867E-08 7.366E-08 4.392E-08 2.866E-08 1.761E-08 9.570E-09 1.316E-08 1.082E-08 6.032E-09 2.876E-09 1.689E-09 2.306E-09 6.578E-09 6.279E-09 4.262E-09 2.894E-09 2.237E-09 1.861E-09 1.150E-09 8.358E-10 6.013E-10 5.346E-10 5.636E-10 5.745E-10 5.184E-10 5.408E-10 5.506E-10 6.012E-10 4.987E-10 4.309E-10 3.792E-10 2.896E-10 2.307E-10 1.486E-10 9.534E-11 7.015E-11 3.964E-11 2.410E-11
  1.000E-01  7.805E-05 5.941E-05 4.606E-05 3.652E-05 2.949E-05 2.422E-05 2.006E-05 1.682E-05 1.420E-05 1.211E-05 1.038E-05 8.916E-06 6.729E-06 5.178E-06 2.853E-06 1.703E-06 1.034E-06 6.451E-07 2.612E-07 1.546E-07 1.922E-07 1.549E-07 1.363E-07 9.867E-08 7.366E-08 4.392E-08 2.866E-08 1.761E-08 9.570E-09 1.316E-08 1.082E-08 6.032E-09 2.876E-09 1.689E-09 2.306E-09 6.577E-09 6.279E-09 4.262E-09 2.894E-09 2.237E-09 1.861E-09 1.150E-09 8.358E-10 6.013E-10 5.346E-10 5.636E-10 5.745E-10 5.184E-10 5.408E-10 5.506E-10 6.012E-10 4.987E-10 4.309E-10 3.792E-10 2.896E-10 2.307E-10 1.486E-10 9.534E-11 7.015E-11 3.964E-11 2.410E-11
  2.000E-01  7.799E-05 5.938E-05 4.604E-05 3.651E-05 2.949E-05 2.421E-05 2.006E-05 1.682E-05 1.420E-05 1.211E-05 1.038E-05 8.915E-06 6.728E-06 5.178E-06 2.853E-06 1.703E-06 1.034E-06 6.451E-07 2.612E-07 1.546E-07 1.922E-07 1.549E-07 1.363E-07 9.867E-08 7.366E-08 4.392E-08 2.866E-08 1.761E-08 9.570E-09 1.316E-08 1.082E-08 6.032E-09 2.875E-09 1.689E-09 2.306E-09 6.577E-09 6.279E-09 4.262E-09 2.894E-09 2.237E-09 1.861E-09 1.150E-09 8.358E-10 6.013E-10 5.346E-10 5.636E-10 5.745E-10 5.184E-10 5.408E-10 5.506E-10 6.012E-10 4.987E-10 4.309E-10 3.792E-10 2.896E-10 2.307E-10 1.486E-10 9.534E-11 7.015E-11 3.964E-11 2.410E-11
  3.000E-01  7.788E-05 5.932E-05 4.601E-05 3.649E-05 2.947E-05 2.420E-05 2.005E-05 1.682E-05 1.420E-05 1.211E-05 1.038E-05 8.914E-06 6.727E-06 5.177E-06 2.853E-06 1.703E-06 1.034E-06 6.450E-07 2.612E-07 1.546E-07 1.921E-07 1.548E-07 1.363E-07 9.867E-08 7.365E-08 4.392E-08 2.866E-08 1.761E-08 9.570E-09 1.316E-08 1.082E-08 6.031E-09 2.875E-09 1.689E-09 2.306E-09 6.577E-09 6.279E-09 4.262E-09 2.894E-09 2.237E-09 1.861E-09 1.150E-09 8.357E-10 6.013E-10 5.346E-10 5.636E-10 5.745E-10 5.184E-10 5.408E-10 5.506E-10 6.012E-10 4.987E-10 4.308E-10 3.792E-10 2.896E-10 2.307E-10 1.486E-10 9.534E-11 7.015E-11 3.964E-11 2.410E-11
  4.000E-01  7.773E-05 5.925E-05 4.596E-05 3.646E-05 2.946E-05 2.419E-05 2.004E-05 1.681E-05 1.419E-05 1.211E-05 1.037E-05 8.911E-06 6.726E-06 5.176E-06 2.852E-06 1.703E-06 1.034E-06 6.450E-07 2.612E-07 1.546E-07 1.921E-07 1.548E-07 1.363E-07 9.866E-08 7.365E-08 4.392E-08 2.866E-08 1.761E-08 9.569E-09 1.316E-08 1.082E-08 6.031E-09 2.875E-09 1.689E-09 2.306E-09 6.577E-09 6.279E-09 4.262E-09 2.894E-09 2.237E-09 1.861E-09 1.150E-09 8.357E-10 6.012E-10 5.346E-10 5.636E-10 5.745E-10 5.184E-10 5.408E-10 5.506E-10 6.011E-10 4.987E-10 4.308E-10 3.792E-10 2.896E-10 2.307E-10 1.486E-10 9.534E-11 7.015E-11 3.964E-11 2.410E-11
  5.000E-01  7.754E-05 5.915E-05 4.591E-05 3.643E-05 2.943E-05 2.417E-05 2.003E-05 1.680E-05 1.419E-05 1.210E-05 1.037E-05 8.908E-06 6.724E-06 5.175E-06 2.852E-06 1.703E-06 1.034E-06 6.449E-07 2.612E-07 1.546E-07 1.921E-07 1.548E-07 1.363E-07 9.865E-08 7.365E-08 4.391E-08 2.866E-08 1.761E-08 9.569E-09 1.316E-08 1.082E-08 6.031E-09 2.875E-09 1.689E-09 2.306E-09 6.577E-09 6.278E-09 4.261E-09 2.894E-09 2.237E-09 1.861E-09 1.150E-09 8.357E-10 6.012E-10 5.346E-10 5.636E-10 5.745E-10 5.184E-10 5.408E-10 5.506E-10 6.011E-10 4.987E-10 4.308E-10 3.792E-10 2.896E-10 2.307E-10 1.486E-10 9.533E-11 7.015E-11 3.964E-11 2.410E-11
  6.000E-01  7.732E-05 5.903E-05 4.584E-05 3.639E-05 2.941E-05 2.416E-05 2.002E-05 1.679E-05 1.418E-05 1.210E-05 1.037E-05 8.905E-06 6.721E-06 5.173E-06 2.851E-06 1.702E-06 1.034E-06 6.448E-07 2.611E-07 1.546E-07 1.921E-07 1.548E-07 1.363E-07 9.865E-08 7.364E-08 4.391E-08 2.865E-08 1.761E-08 9.568E-09 1.316E-08 1.082E-08 6.031E-09 2.875E-09 1.689E-09 2.306E-09 6.577E-09 6.278E-09 4.261E-09 2.894E-09 2.237E-09 1.861E-09 1.150E-09 8.357E-10 6.012E-10 5.346E-10 5.636E-10 5.745E-10 5.183E-10 5.407E-10 5.506E-10 6.011E-10 4.987E-10 4.308E-10 3.792E-10 2.896E-10 2.307E-10 1.486E-10 9.533E-11 7.015E-11 3.964E-11 2.410E-11
  7.000E-01  7.706E-05 5.890E-05 4.576E-05 3.634E-05 2.937E-05 2.413E-05 2.000E-05 1.678E-05 1.417E-05 1.209E-05 1.036E-05 8.901E-06 6.718E-06 5.171E-06 2.850E-06 1.702E-06 1.033E-06 6.446E-07 2.611E-07 1.546E-07 1.921E-07 1.548E-07 1.362E-07 9.864E-08 7.363E-08 4.391E-08 2.865E-08 1.760E-08 9.568E-09 1.316E-08 1.082E-08 6.030E-09 2.875E-09 1.689E-09 2.306E-09 6.576E-09 6.278E-09 4.261E-09 2.893E-09 2.237E-09 1.861E-09 1.150E-09 8.356E-10 6.012E-10 5.345E-10 5.635E-10 5.745E-10 5.183E-10 5.407E-10 5.506E-10 6.011E-10 4.987E-10 4.308E-10 3.792E-10 2.896E-10 2.307E-10 1.486E-10 9.533E-11 7.015E-11 3.964E-11 2.410E-11
  8.000E-01  7.677E-05 5.874E-05 4.567E-05 3.628E-05 2.934E-05 2.411E-05 1.998E-05 1.677E-05 1.416E-05 1.208E-05 1.035E-05 8.896E-06 6.715E-06 5.169E-06 2.849E-06 1.701E-06 1.033E-06 6.445E-07 2.610E-07 1.545E-07 1.921E-07 1.548E-07 1.362E-07 9.862E-08 7.362E-08 4.390E-08 2.865E-08 1.760E-08 9.567E-09 1.316E-08 1.082E-08 6.030E-09 2.875E-09 1.689E-09 2.306E-09 6.576E-09 6.278E-09 4.261E-09 2.893E-09 2.236E-09 1.861E-09 1.150E-09 8.356E-10 6.012E-10 5.345E-10 5.635E-10 5.744E-10 5.183E-10 5.407E-10 5.506E-10 6.011E-10 4.986E-10 4.308E-10 3.792E-10 2.896E-10 2.306E-10 1.486E-10 9.533E-11 7.015E-11 3.964E-11 2.410E-11
  9.000E-01  7.645E-05 5.857E-05 4.557E-05 3.622E-05 2.930E-05 2.408E-05 1.996E-05 1.675E-05 1.415E-05 1.207E-05 1.035E-05 8.890E-06 6.712E-06 5.166E-06 2.848E-06 1.701E-06 1.033E-06 6.443E-07 2.610E-07 1.545E-07 1.920E-07 1.548E-07 1.362E-07 9.861E-08 7.361E-08 4.390E-08 2.865E-08 1.760E-08 9.566E-09 1.315E-08 1.082E-08 6.029E-09 2.874E-09 1.688E-09 2.306E-09 6.576E-09 6.277E-09 4.261E-09 2.893E-09 2.236E-09 1.861E-09 1.150E-09 8.356E-10 6.011E-10 5.345E-10 5.635E-10 5.744E-10 5.183E-10 5.407E-10 5.506E-10 6.011E-10 4.986E-10 4.308E-10 3.791E-10 2.896E-10 2.306E-10 1.486E-10 9.532E-11 7.014E-11 3.963E-11 2.410E-11
  1.000E+00  7.611E-05 5.839E-05 4.547E-05 3.615E-05 2.925E-05 2.405E-05 1.994E-05 1.673E-05 1.414E-05 1.206E-05 1.034E-05 8.884E-06 6.708E-06 5.164E-06 2.847E-06 1.700E-06 1.033E-06 6.441E-07 2.609E-07 1.545E-07 1.920E-07 1.547E-07 1.362E-07 9.859E-08 7.360E-08 4.389E-08 2.864E-08 1.760E-08 9.565E-09 1.315E-08 1.082E-08 6.029E-09 2.874E-09 1.688E-09 2.305E-09 6.575E-09 6.277E-09 4.260E-09 2.893E-09 2.236E-09 1.861E-09 1.150E-09 8.355E-10 6.011E-10 5.345E-10 5.635E-10 5.744E-10 5.183E-10 5.407E-10 5.505E-10 6.010E-10 4.986E-10 4.308E-10 3.791E-10 2.896E-10 2.306E-10 1.486E-10 9.532E-11 7.014E-11 3.963E-11 2.410E-11
  1.100E+00  7.574E-05 5.819E-05 4.535E-05 3.608E-05 2.920E-05 2.401E-05 1.991E-05 1.671E-05 1.412E-05 1.205E-05 1.033E-05 8.877E-06 6.703E-06 5.161E-06 2.845E-06 1.700E-06 1.032E-06 6.439E-07 2.608E-07 1.545E-07 1.920E-07 1.547E-07 1.362E-07 9.858E-08 7.359E-08 4.388E-08 2.864E-08 1.760E-08 9.564E-09 1.315E-08 1.082E-08 6.028E-09 2.874E-09 1.688E-09 2.305E-09 6.575E-09 6.277E-09 4.260E-09 2.893E-09 2.236E-09 1.861E-09 1.150E-09 8.354E-10 6.011E-10 5.344E-10 5.634E-10 5.744E-10 5.182E-10 5.406E-10 5.505E-10 6.010E-10 4.986E-10 4.308E-10 3.791E-10 2.895E-10 2.306E-10 1.486E-10 9.532E-11 7.014E-11 3.963E-11 2.410E-11
  1.200E+00  7.535E-05 5.798E-05 4.522E-05 3.600E-05 2.915E-05 2.398E-05 1.989E-05 1.669E-05 1.411E-05 1.204E-05 1.032E-05 8.870E-06 6.698E-06 5.157E-06 2.844E-06 1.699E-06 1.032E-06 6.437E-07 2.607E-07 1.544E-07 1.919E-07 1.547E-07 1.361E-07 9.856E-08 7.358E-08 4.388E-08 2.863E-08 1.759E-08 9.563E-09 1.315E-08 1.082E-08 6.028E-09 2.874E-09 1.688E-09 2.305E-09 6.574E-09 6.276E-09 4.260E-09 2.892E-09 2.236E-09 1.860E-09 1.150E-09 8.354E-10 6.010E-10 5.344E-10 5.634E-10 5.743E-10 5.182E-10 5.406E-10 5.505E-10 6.010E-10 4.986E-10 4.307E-10 3.791E-10 2.895E-10 2.306E-10 1.486E-10 9.531E-11 7.014E-11 3.963E-11 2.410E-11
  1.300E+00  7.494E-05 5.775E-05 4.509E-05 3.591E-05 2.909E-05 2.394E-05 1.986E-05 1.667E-05 1.409E-05 1.203E-05 1.031E-05 8.862E-06 6.693E-06 5.154E-06 2.842E-06 1.698E-06 1.031E-06 6.434E-07 2.606E-07 1.544E-07 1.919E-07 1.546E-07 1.361E-07 9.854E-08 7.356E-08 4.387E-08 2.863E-08 1.759E-08 9.561E-09 1.315E-08 1.081E-08 6.027E-09 2.873E-09 1.688E-09 2.305E-09 6.574E-09 6.276E-09 4.259E-09 2.892E-09 2.236E-09 1.860E-09 1.149E-09 8.353E-10 6.010E-10 5.344E-10 5.634E-10 5.743E-10 5.182E-10 5.406E-10 5.504E-10 6.010E-10 4.985E-10 4.307E-10 3.791E-10 2.895E-10 2.306E-10 1.486E-10 9.531E-11 7.013E-11 3.963E-11 2.410E-11
  1.400E+00  7.452E-05 5.752E-05 4.495E-05 3.582E-05 2.903E-05 2.389E-05 1.983E-05 1.665E-05 1.407E-05 1.201E-05 1.030E-05 8.853E-06 6.687E-06 5.150E-06 2.841E-06 1.697E-06 1.031E-06 6.431E-07 2.605E-07 1.544E-07 1.919E-07 1.546E-07 1.361E-07 9.852E-08 7.355E-08 4.386E-08 2.862E-08 1.759E-08 9.560E-09 1.315E-08 1.081E-08 6.026E-09 2.873E-09 1.688E-09 2.304E-09 6.573E-09 6.275E-09 4.259E-09 2.892E-09 2.235E-09 1.860E-09 1.149E-09 8.353E-10 6.009E-10 5.343E-10 5.633E-10 5.743E-10 5.181E-10 5.405E-10 5.504E-10 6.009E-10 4.985E-10 4.307E-10 3.791E-10 2.895E-10 2.306E-10 1.486E-10 9.531E-11 7.013E-11 3.963E-11 2.410E-11
  1.500E+00  7.408E-05 5.727E-05 4.480E-05 3.572E-05 2.897E-05 2.385E-05 1.979E-05 1.663E-05 1.405E-05 1.200E-05 1.029E-05 8.844E-06 6.681E-06 5.146E-06 2.839E-06 1.696E-06 1.030E-06 6.429E-07 2.604E-07 1.543E-07 1.918E-07 1.546E-07 1.361E-07 9.850E-08 7.353E-08 4.385E-08 2.862E-08 1.759E-08 9.559E-09 1.315E-08 1.081E-08 6.025E-09 2.873E-09 1.687E-09 2.304E-09 6.573E-09 6.274E-09 4.259E-09 2.892E-09 2.235E-09 1.860E-09 1.149E-09 8.352E-10 6.009E-10 5.343E-10 5.633E-10 5.742E-10 5.181E-10 5.405E-10 5.504E-10 6.009E-10 4.985E-10 4.307E-10 3.790E-10 2.895E-10 2.306E-10 1.485E-10 9.530E-11 7.013E-11 3.962E-11 2.409E-11
  1.600E+00  7.362E-05 5.701E-05 4.464E-05 3.562E-05 2.890E-05 2.380E-05 1.976E-05 1.660E-05 1.403E-05 1.198E-05 1.028E-05 8.834E-06 6.675E-06 5.141E-06 2.837E-06 1.695E-06 1.030E-06 6.425E-07 2.603E-07 1.543E-07 1.918E-07 1.545E-07 1.360E-07 9.847E-08 7.351E-08 4.384E-08 2.861E-08 1.758E-08 9.557E-09 1.314E-08 1.081E-08 6.024E-09 2.872E-09 1.687E-09 2.304E-09 6.572E-09 6.274E-09 4.258E-09 2.891E-09 2.235E-09 1.860E-09 1.149E-09 8.351E-10 6.008E-10 5.343E-10 5.632E-10 5.742E-10 5.181E-10 5.405E-10 5.503E-10 6.008E-10 4.984E-10 4.306E-10 3.790E-10 2.895E-10 2.306E-10 1.485E-10 9.529E-11 7.012E-11 3.962E-11 2.409E-11
  1.700E+00  7.315E-05 5.674E-05 4.448E-05 3.552E-05 2.883E-05 2.375E-05 1.972E-05 1.657E-05 1.401E-05 1.197E-05 1.026E-05 8.824E-06 6.668E-06 5.137E-06 2.835E-06 1.694E-06 1.029E-06 6.422E-07 2.602E-07 1.542E-07 1.917E-07 1.545E-07 1.360E-07 9.845E-08 7.349E-08 4.383E-08 2.861E-08 1.758E-08 9.555E-09 1.314E-08 1.081E-08 6.024E-09 2.872E-09 1.687E-09 2.304E-09 6.571E-09 6.273E-09 4.258E-09 2.891E-09 2.235E-09 1.859E-09 1.149E-09 8.350E-10 6.008E-10 5.342E-10 5.632E-10 5.741E-10 5.180E-10 5.404E-10 5.503E-10 6.008E-10 4.984E-10 4.306E-10 3.790E-10 2.894E-10 2.305E-10 1.485E-10 9.529E-11 7.012E-11 3.962E-11 2.409E-11
  1.800E+00  7.267E-05 5.647E-05 4.431E-05 3.541E-05 2.875E-05 2.370E-05 1.968E-05 1.654E-05 1.399E-05 1.195E-05 1.025E-05 8.813E-06 6.661E-06 5.132E-06 2.833E-06 1.693E-06 1.029E-06 6.419E-07 2.601E-07 1.542E-07 1.917E-07 1.545E-07 1.359E-07 9.842E-08 7.347E-08 4.382E-08 2.860E-08 1.758E-08 9.553E-09 1.314E-08 1.081E-08 6.023E-09 2.871E-09 1.687E-09 2.303E-09 6.570E-09 6.272E-09 4.257E-09 2.891E-09 2.234E-09 1.859E-09 1.149E-09 8.349E-10 6.007E-10 5.342E-10 5.631E-10 5.741E-10 5.180E-10 5.404E-10 5.503E-10 6.008E-10 4.984E-10 4.306E-10 3.790E-10 2.894E-10 2.305E-10 1.485E-10 9.528E-11 7.011E-11 3.962E-11 2.409E-11
  1.900E+00  7.217E-05 5.619E-05 4.414E-05 3.530E-05 2.868E-05 2.364E-05 1.964E-05 1.651E-05 1.397E-05 1.193E-05 1.024E-05 8.802E-06 6.653E-06 5.126E-06 2.830E-06 1.692E-06 1.028E-06 6.415E-07 2.599E-07 1.541E-07 1.916E-07 1.544E-07 1.359E-07 9.839E-08 7.345E-08 4.381E-08 2.859E-08 1.757E-08 9.552E-09 1.314E-08 1.080E-08 6.022E-09 2.871E-09 1.686E-09 2.303E-09 6.570E-09 6.272E-09 4.257E-09 2.890E-09 2.234E-09 1.859E-09 1.149E-09 8.348E-10 6.006E-10 5.341E-10 5.631E-10 5.740E-10 5.180E-10 5.403E-10 5.502E-10 6.007E-10 4.983E-10 4.305E-10 3.789E-10 2.894E-10 2.305E-10 1.485E-10 9.528E-11 7.011E-11 3.962E-11 2.409E-11
  2.000E+00  7.167E-05 5.590E-05 4.396E-05 3.518E-05 2.860E-05 2.358E-05 1.960E-05 1.648E-05 1.395E-05 1.191E-05 1.022E-05 8.790E-06 6.645E-06 5.121E-06 2.828E-06 1.691E-06 1.027E-06 6.411E-07 2.598E-07 1.541E-07 1.916E-07 1.544E-07 1.359E-07 9.836E-08 7.343E-08 4.380E-08 2.859E-08 1.757E-08 9.550E-09 1.313E-08 1.080E-08 6.020E-09 2.870E-09 1.686E-09 2.303E-09 6.569E-09 6.271E-09 4.256E-09 2.890E-09 2.234E-09 1.859E-09 1.149E-09 8.347E-10 6.006E-10 5.341E-10 5.630E-10 5.740E-10 5.179E-10 5.403E-10 5.502E-10 6.007E-10 4.983E-10 4.305E-10 3.789E-10 2.894E-10 2.305E-10 1.485E-10 9.527E-11 7.010E-11 3.961E-11 2.409E-11
  3.000E+00  6.637E-05 5.273E-05 4.196E-05 3.384E-05 2.767E-05 2.291E-05 1.911E-05 1.611E-05 1.366E-05 1.169E-05 1.004E-05 8.644E-06 6.548E-06 5.053E-06 2.797E-06 1.675E-06 1.019E-06 6.362E-07 2.580E-07 1.534E-07 1.908E-07 1.537E-07 1.353E-07 9.797E-08 7.315E-08 4.364E-08 2.849E-08 1.751E-08 9.524E-09 1.310E-08 1.078E-08 6.006E-09 2.864E-09 1.682E-09 2.298E-09 6.558E-09 6.261E-09 4.249E-09 2.885E-09 2.230E-09 1.856E-09 1.147E-09 8.334E-10 5.997E-10 5.333E-10 5.623E-10 5.733E-10 5.173E-10 5.397E-10 5.496E-10 6.000E-10 4.978E-10 4.301E-10 3.785E-10 2.891E-10 2.303E-10 1.484E-10 9.518E-11 7.004E-11 3.958E-11 2.407E-11
  4.000E+00  6.099E-05 4.935E-05 3.974E-05 3.231E-05 2.658E-05 2.211E-05 1.850E-05 1.564E-05 1.330E-05 1.140E-05 9.811E-06 8.456E-06 6.421E-06 4.964E-06 2.757E-06 1.654E-06 1.007E-06 6.295E-07 2.556E-07 1.525E-07 1.898E-07 1.529E-07 1.346E-07 9.743E-08 7.276E-08 4.343E-08 2.837E-08 1.744E-08 9.489E-09 1.306E-08 1.074E-08 5.987E-09 2.855E-09 1.677E-09 2.292E-09 6.542E-09 6.247E-09 4.240E-09 2.878E-09 2.225E-09 1.851E-09 1.144E-09 8.316E-10 5.984E-10 5.324E-10 5.613E-10 5.724E-10 5.165E-10 5.388E-10 5.488E-10 5.992E-10 4.971E-10 4.295E-10 3.780E-10 2.887E-10 2.300E-10 1.482E-10 9.507E-11 6.996E-11 3.953E-11 2.404E-11
  5.000E+00  5.585E-05 4.597E-05 3.744E-05 3.069E-05 2.540E-05 2.122E-05 1.783E-05 1.512E-05 1.288E-05 1.107E-05 9.542E-06 8.236E-06 6.270E-06 4.857E-06 2.707E-06 1.629E-06 9.931E-07 6.212E-07 2.526E-07 1.513E-07 1.885E-07 1.518E-07 1.336E-07 9.674E-08 7.227E-08 4.316E-08 2.820E-08 1.734E-08 9.444E-09 1.300E-08 1.069E-08 5.962E-09 2.844E-09 1.671E-09 2.284E-09 6.523E-09 6.229E-09 4.227E-09 2.869E-09 2.218E-09 1.846E-09 1.141E-09 8.292E-10 5.968E-10 5.311E-10 5.601E-10 5.711E-10 5.154E-10 5.378E-10 5.477E-10 5.981E-10 4.962E-10 4.287E-10 3.773E-10 2.882E-10 2.296E-10 1.479E-10 9.491E-11 6.985E-11 3.947E-11 2.400E-11
  6.000E+00  5.109E-05 4.272E-05 3.516E-05 2.904E-05 2.418E-05 2.028E-05 1.711E-05 1.455E-05 1.243E-05 1.071E-05 9.245E-06 7.991E-06 6.101E-06 4.736E-06 2.650E-06 1.599E-06 9.765E-07 6.115E-07 2.490E-07 1.500E-07 1.869E-07 1.505E-07 1.324E-07 9.593E-08 7.167E-08 4.284E-08 2.801E-08 1.723E-08 9.389E-09 1.293E-08 1.063E-08 5.933E-09 2.830E-09 1.663E-09 2.274E-09 6.499E-09 6.207E-09 4.212E-09 2.859E-09 2.210E-09 1.839E-09 1.137E-09 8.264E-10 5.949E-10 5.296E-10 5.585E-10 5.697E-10 5.142E-10 5.364E-10 5.464E-10 5.967E-10 4.950E-10 4.277E-10 3.765E-10 2.876E-10 2.291E-10 1.476E-10 9.473E-11 6.971E-11 3.940E-11 2.396E-11
  8.000E+00  4.282E-05 3.678E-05 3.084E-05 2.582E-05 2.173E-05 1.838E-05 1.561E-05 1.335E-05 1.147E-05 9.920E-06 8.597E-06 7.452E-06 5.722E-06 4.463E-06 2.519E-06 1.529E-06 9.372E-07 5.884E-07 2.405E-07 1.466E-07 1.830E-07 1.473E-07 1.296E-07 9.392E-08 7.022E-08 4.204E-08 2.752E-08 1.695E-08 9.255E-09 1.276E-08 1.049E-08 5.858E-09 2.796E-09 1.643E-09 2.249E-09 6.439E-09 6.152E-09 4.175E-09 2.832E-09 2.189E-09 1.822E-09 1.127E-09 8.193E-10 5.900E-10 5.257E-10 5.546E-10 5.659E-10 5.109E-10 5.331E-10 5.432E-10 5.932E-10 4.922E-10 4.253E-10 3.745E-10 2.861E-10 2.279E-10 1.469E-10 9.425E-11 6.937E-11 3.921E-11 2.385E-11
  1.000E+01  3.605E-05 3.167E-05 2.695E-05 2.281E-05 1.938E-05 1.651E-05 1.411E-05 1.214E-05 1.047E-05 9.099E-06 7.915E-06 6.881E-06 5.314E-06 4.165E-06 2.371E-06 1.449E-06 8.919E-07 5.616E-07 2.305E-07 1.426E-07 1.784E-07 1.434E-07 1.262E-07 9.148E-08 6.845E-08 4.106E-08 2.693E-08 1.660E-08 9.089E-09 1.255E-08 1.032E-08 5.766E-09 2.754E-09 1.619E-09 2.219E-09 6.364E-09 6.084E-09 4.127E-09 2.798E-09 2.163E-09 1.800E-09 1.114E-09 8.103E-10 5.839E-10 5.208E-10 5.497E-10 5.612E-10 5.068E-10 5.289E-10 5.391E-10 5.889E-10 4.886E-10 4.222E-10 3.718E-10 2.841E-10 2.263E-10 1.459E-10 9.365E-11 6.893E-11 3.897E-11 2.371E-11
  1.200E+01  3.051E-05 2.729E-05 2.350E-05 2.008E-05 1.719E-05 1.475E-05 1.267E-05 1.096E-05 9.495E-06 8.283E-06 7.231E-06 6.304E-06 4.896E-06 3.856E-06 2.215E-06 1.364E-06 8.427E-07 5.323E-07 2.195E-07 1.381E-07 1.731E-07 1.390E-07 1.223E-07 8.869E-08 6.643E-08 3.994E-08 2.625E-08 1.620E-08 8.897E-09 1.230E-08 1.011E-08 5.658E-09 2.704E-09 1.590E-09 2.183E-09 6.274E-09 6.001E-09 4.070E-09 2.759E-09 2.132E-09 1.775E-09 1.099E-09 7.996E-10 5.766E-10 5.150E-10 5.437E-10 5.555E-10 5.018E-10 5.237E-10 5.341E-10 5.836E-10 4.843E-10 4.185E-10 3.687E-10 2.817E-10 2.245E-10 1.447E-10 9.292E-11 6.840E-11 3.868E-11 2.354E-11
  1.400E+01  2.595E-05 2.355E-05 2.047E-05 1.763E-05 1.520E-05 1.311E-05 1.133E-05 9.837E-06 8.560E-06 7.496E-06 6.566E-06 5.739E-06 4.482E-06 3.547E-06 2.056E-06 1.275E-06 7.914E-07 5.016E-07 2.079E-07 1.332E-07 1.672E-07 1.341E-07 1.180E-07 8.562E-08 6.419E-08 3.870E-08 2.548E-08 1.575E-08 8.681E-09 1.202E-08 9.881E-09 5.536E-09 2.648E-09 1.558E-09 2.142E-09 6.171E-09 5.907E-09 4.005E-09 2.713E-09 2.097E-09 1.746E-09 1.081E-09 7.874E-10 5.682E-10 5.082E-10 5.369E-10 5.489E-10 4.961E-10 5.178E-10 5.283E-10 5.774E-10 4.793E-10 4.142E-10 3.650E-10 2.789E-10 2.223E-10 1.434E-10 9.206E-11 6.779E-11 3.834E-11 2.334E-11
  1.600E+01  2.216E-05 2.034E-05 1.783E-05 1.546E-05 1.340E-05 1.162E-05 1.008E-05 8.796E-06 7.683E-06 6.753E-06 5.933E-06 5.199E-06 4.082E-06 3.246E-06 1.899E-06 1.187E-06 7.395E-07 4.702E-07 1.960E-07 1.280E-07 1.610E-07 1.289E-07 1.134E-07 8.234E-08 6.180E-08 3.736E-08 2.466E-08 1.527E-08 8.446E-09 1.171E-08 9.628E-09 5.402E-09 2.587E-09 1.523E-09 2.097E-09 6.056E-09 5.801E-09 3.933E-09 2.662E-09 2.058E-09 1.713E-09 1.062E-09 7.737E-10 5.588E-10 5.006E-10 5.292E-10 5.414E-10 4.896E-10 5.111E-10 5.217E-10 5.704E-10 4.735E-10 4.093E-10 3.607E-10 2.758E-10 2.198E-10 1.418E-10 9.109E-11 6.708E-11 3.796E-11 2.311E-11
  1.800E+01  1.899E-05 1.758E-05 1.551E-05 1.353E-05 1.179E-05 1.028E-05 8.953E-06 7.839E-06 6.872E-06 6.061E-06 5.341E-06 4.691E-06 3.703E-06 2.957E-06 1.746E-06 1.099E-06 6.881E-07 4.391E-07 1.841E-07 1.226E-07 1.545E-07 1.235E-07 1.087E-07 7.892E-08 5.931E-08 3.596E-08 2.380E-08 1.476E-08 8.195E-09 1.138E-08 9.357E-09 5.258E-09 2.521E-09 1.485E-09 2.048E-09 5.930E-09 5.685E-09 3.854E-09 2.606E-09 2.015E-09 1.678E-09 1.041E-09 7.588E-10 5.486E-10 4.923E-10 5.206E-10 5.332E-10 4.823E-10 5.037E-10 5.144E-10 5.627E-10 4.672E-10 4.039E-10 3.561E-10 2.723E-10 2.171E-10 1.401E-10 9.001E-11 6.630E-11 3.753E-11 2.285E-11
  2.000E+01  1.632E-05 1.521E-05 1.350E-05 1.184E-05 1.036E-05 9.067E-06 7.930E-06 6.969E-06 6.130E-06 5.424E-06 4.793E-06 4.220E-06 3.347E-06 2.685E-06 1.599E-06 1.015E-06 6.380E-07 4.086E-07 1.723E-07 1.171E-07 1.478E-07 1.180E-07 1.038E-07 7.541E-08 5.674E-08 3.451E-08 2.290E-08 1.423E-08 7.933E-09 1.104E-08 9.071E-09 5.106E-09 2.451E-09 1.444E-09 1.996E-09 5.795E-09 5.561E-09 3.768E-09 2.547E-09 1.969E-09 1.640E-09 1.018E-09 7.428E-10 5.375E-10 4.832E-10 5.114E-10 5.242E-10 4.745E-10 4.956E-10 5.065E-10 5.542E-10 4.602E-10 3.979E-10 3.509E-10 2.684E-10 2.140E-10 1.382E-10 8.882E-11 6.544E-11 3.705E-11 2.257E-11
  2.200E+01  1.406E-05 1.318E-05 1.175E-05 1.035E-05 9.098E-06 7.990E-06 7.013E-06 6.184E-06 5.457E-06 4.843E-06 4.292E-06 3.787E-06 3.018E-06 2.432E-06 1.461E-06 9.337E-07 5.898E-07 3.791E-07 1.609E-07 1.116E-07 1.410E-07 1.124E-07 9.883E-08 7.186E-08 5.415E-08 3.304E-08 2.198E-08 1.368E-08 7.663E-09 1.068E-08 8.775E-09 4.948E-09 2.378E-09 1.402E-09 1.942E-09 5.653E-09 5.429E-09 3.678E-09 2.484E-09 1.921E-09 1.600E-09 9.939E-10 7.257E-10 5.257E-10 4.736E-10 5.015E-10 5.146E-10 4.660E-10 4.868E-10 4.979E-10 5.450E-10 4.527E-10 3.914E-10 3.454E-10 2.642E-10 2.108E-10 1.361E-10 8.753E-11 6.450E-11 3.654E-11 2.227E-11
  2.400E+01  1.214E-05 1.144E-05 1.023E-05 9.041E-06 7.980E-06 7.035E-06 6.194E-06 5.479E-06 4.849E-06 4.317E-06 3.836E-06 3.392E-06 2.716E-06 2.198E-06 1.332E-06 8.574E-07 5.441E-07 3.510E-07 1.499E-07 1.061E-07 1.342E-07 1.068E-07 9.390E-08 6.832E-08 5.155E-08 3.156E-08 2.105E-08 1.313E-08 7.386E-09 1.031E-08 8.471E-09 4.785E-09 2.303E-09 1.359E-09 1.886E-09 5.503E-09 5.290E-09 3.583E-09 2.418E-09 1.870E-09 1.558E-09 9.687E-10 7.079E-10 5.133E-10 4.634E-10 4.910E-10 5.044E-10 4.571E-10 4.776E-10 4.888E-10 5.352E-10 4.447E-10 3.846E-10 3.395E-10 2.598E-10 2.073E-10 1.339E-10 8.615E-11 6.350E-11 3.599E-11 2.194E-11
  2.600E+01  1.051E-05 9.936E-06 8.913E-06 7.903E-06 6.999E-06 6.191E-06 5.467E-06 4.851E-06 4.306E-06 3.844E-06 3.424E-06 3.034E-06 2.441E-06 1.983E-06 1.212E-06 7.858E-07 5.009E-07 3.243E-07 1.394E-07 1.006E-07 1.274E-07 1.012E-07 8.902E-08 6.482E-08 4.898E-08 3.009E-08 2.012E-08 1.258E-08 7.107E-09 9.936E-09 8.162E-09 4.620E-09 2.227E-09 1.315E-09 1.828E-09 5.348E-09 5.146E-09 3.485E-09 2.350E-09 1.818E-09 1.515E-09 9.426E-10 6.894E-10 5.005E-10 4.527E-10 4.801E-10 4.936E-10 4.476E-10 4.678E-10 4.792E-10 5.249E-10 4.362E-10 3.773E-10 3.332E-10 2.551E-10 2.036E-10 1.316E-10 8.469E-11 6.244E-11 3.540E-11 2.159E-11
  2.800E+01  9.113E-06 8.638E-06 7.769E-06 6.910E-06 6.139E-06 5.447E-06 4.825E-06 4.293E-06 3.821E-06 3.420E-06 3.054E-06 2.711E-06 2.191E-06 1.788E-06 1.101E-06 7.192E-07 4.605E-07 2.993E-07 1.294E-07 9.534E-08 1.208E-07 9.579E-08 8.423E-08 6.139E-08 4.645E-08 2.863E-08 1.920E-08 1.203E-08 6.826E-09 9.558E-09 7.850E-09 4.452E-09 2.149E-09 1.271E-09 1.769E-09 5.189E-09 4.997E-09 3.384E-09 2.280E-09 1.764E-09 1.470E-09 9.158E-10 6.703E-10 4.872E-10 4.416E-10 4.686E-10 4.824E-10 4.377E-10 4.576E-10 4.691E-10 5.141E-10 4.273E-10 3.697E-10 3.266E-10 2.501E-10 1.997E-10 1.291E-10 8.314E-11 6.132E-11 3.479E-11 2.122E-11
  3.000E+01  7.919E-06 7.518E-06 6.778E-06 6.046E-06 5.388E-06 4.793E-06 4.257E-06 3.798E-06 3.390E-06 3.042E-06 2.723E-06 2.422E-06 1.966E-06 1.610E-06 9.996E-07 6.575E-07 4.228E-07 2.758E-07 1.201E-07 9.017E-08 1.143E-07 9.049E-08 7.957E-08 5.804E-08 4.398E-08 2.720E-08 1.829E-08 1.149E-08 6.547E-09 9.179E-09 7.539E-09 4.284E-09 2.072E-09 1.226E-09 1.709E-09 5.026E-09 4.846E-09 3.281E-09 2.209E-09 1.709E-09 1.425E-09 8.884E-10 6.509E-10 4.736E-10 4.302E-10 4.569E-10 4.709E-10 4.275E-10 4.471E-10 4.586E-10 5.028E-10 4.181E-10 3.617E-10 3.198E-10 2.449E-10 1.956E-10 1.266E-10 8.153E-11 6.014E-11 3.414E-11 2.084E-11
  3.200E+01  6.896E-06 6.553E-06 5.922E-06 5.294E-06 4.731E-06 4.220E-06 3.758E-06 3.362E-06 3.007E-06 2.706E-06 2.427E-06 2.163E-06 1.763E-06 1.449E-06 9.069E-07 6.006E-07 3.879E-07 2.540E-07 1.113E-07 8.518E-08 1.081E-07 8.536E-08 7.506E-08 5.479E-08 4.158E-08 2.581E-08 1.740E-08 1.095E-08 6.270E-09 8.803E-09 7.229E-09 4.116E-09 1.994E-09 1.181E-09 1.649E-09 4.861E-09 4.692E-09 3.176E-09 2.137E-09 1.654E-09 1.379E-09 8.607E-10 6.311E-10 4.597E-10 4.185E-10 4.448E-10 4.590E-10 4.170E-10 4.362E-10 4.478E-10 4.912E-10 4.085E-10 3.535E-10 3.127E-10 2.396E-10 1.914E-10 1.239E-10 7.986E-11 5.893E-11 3.347E-11 2.044E-11
  3.400E+01  6.016E-06 5.722E-06 5.180E-06 4.640E-06 4.157E-06 3.717E-06 3.318E-06 2.976E-06 2.669E-06 2.407E-06 2.164E-06 1.932E-06 1.581E-06 1.305E-06 8.225E-07 5.483E-07 3.557E-07 2.337E-07 1.031E-07 8.036E-08 1.020E-07 8.042E-08 7.071E-08 5.166E-08 3.927E-08 2.445E-08 1.653E-08 1.043E-08 5.997E-09 8.430E-09 6.922E-09 3.950E-09 1.916E-09 1.136E-09 1.589E-09 4.695E-09 4.536E-09 3.071E-09 2.065E-09 1.598E-09 1.333E-09 8.328E-10 6.111E-10 4.457E-10 4.066E-10 4.325E-10 4.468E-10 4.063E-10 4.251E-10 4.367E-10 4.793E-10 3.987E-10 3.451E-10 3.054E-10 2.341E-10 1.870E-10 1.212E-10 7.813E-11 5.767E-11 3.278E-11 2.002E-11
  3.600E+01  5.258E-06 5.006E-06 4.537E-06 4.072E-06 3.656E-06 3.278E-06 2.933E-06 2.637E-06 2.370E-06 2.143E-06 1.930E-06 1.726E-06 1.418E-06 1.174E-06 7.458E-07 5.004E-07 3.260E-07 2.150E-07 9.540E-08 7.574E-08 9.612E-08 7.568E-08 6.654E-08 4.866E-08 3.704E-08 2.314E-08 1.569E-08 9.916E-09 5.729E-09 8.063E-09 6.621E-09 3.786E-09 1.840E-09 1.091E-09 1.529E-09 4.529E-09 4.380E-09 2.965E-09 1.992E-09 1.542E-09 1.287E-09 8.047E-10 5.911E-10 4.316E-10 3.946E-10 4.201E-10 4.345E-10 3.954E-10 4.138E-10 4.254E-10 4.671E-10 3.887E-10 3.365E-10 2.979E-10 2.285E-10 1.826E-10 1.184E-10 7.636E-11 5.639E-11 3.207E-11 1.960E-11
  3.800E+01  4.606E-06 4.387E-06 3.980E-06 3.579E-06 3.221E-06 2.894E-06 2.595E-06 2.338E-06 2.106E-06 1.908E-06 1.723E-06 1.543E-06 1.272E-06 1.057E-06 6.763E-07 4.566E-07 2.987E-07 1.977E-07 8.827E-08 7.132E-08 9.051E-08 7.115E-08 6.255E-08 4.579E-08 3.490E-08 2.188E-08 1.488E-08 9.422E-09 5.467E-09 7.704E-09 6.325E-09 3.624E-09 1.765E-09 1.048E-09 1.470E-09 4.364E-09 4.224E-09 2.859E-09 1.920E-09 1.486E-09 1.241E-09 7.768E-10 5.711E-10 4.175E-10 3.826E-10 4.076E-10 4.221E-10 3.843E-10 4.023E-10 4.140E-10 4.548E-10 3.786E-10 3.277E-10 2.903E-10 2.227E-10 1.781E-10 1.155E-10 7.456E-11 5.507E-11 3.134E-11 1.917E-11
  4.000E+01  4.043E-06 3.851E-06 3.497E-06 3.151E-06 2.841E-06 2.559E-06 2.299E-06 2.076E-06 1.874E-06 1.701E-06 1.539E-06 1.380E-06 1.142E-06 9.524E-07 6.133E-07 4.166E-07 2.736E-07 1.817E-07 8.166E-08 6.711E-08 8.515E-08 6.683E-08 5.876E-08 4.305E-08 3.286E-08 2.067E-08 1.409E-08 8.944E-09 5.212E-09 7.353E-09 6.037E-09 3.466E-09 1.691E-09 1.005E-09 1.412E-09 4.199E-09 4.069E-09 2.754E-09 1.848E-09 1.431E-09 1.195E-09 7.491E-10 5.512E-10 4.035E-10 3.705E-10 3.951E-10 4.096E-10 3.732E-10 3.908E-10 4.025E-10 4.423E-10 3.683E-10 3.189E-10 2.826E-10 2.169E-10 1.735E-10 1.126E-10 7.273E-11 5.374E-11 3.061E-11 1.873E-11
  4.200E+01  3.557E-06 3.386E-06 3.079E-06 2.778E-06 2.510E-06 2.265E-06 2.039E-06 1.845E-06 1.669E-06 1.518E-06 1.376E-06 1.236E-06 1.026E-06 8.584E-07 5.565E-07 3.802E-07 2.507E-07 1.671E-07 7.552E-08 6.310E-08 8.005E-08 6.273E-08 5.515E-08 4.045E-08 3.092E-08 1.951E-08 1.334E-08 8.483E-09 4.965E-09 7.011E-09 5.756E-09 3.312E-09 1.618E-09 9.629E-10 1.355E-09 4.037E-09 3.915E-09 2.651E-09 1.777E-09 1.377E-09 1.150E-09 7.216E-10 5.315E-10 3.895E-10 3.585E-10 3.826E-10 3.971E-10 3.621E-10 3.793E-10 3.909E-10 4.298E-10 3.580E-10 3.100E-10 2.749E-10 2.111E-10 1.689E-10 1.097E-10 7.088E-11 5.239E-11 2.986E-11 1.828E-11
  4.400E+01  3.136E-06 2.984E-06 2.717E-06 2.454E-06 2.221E-06 2.008E-06 1.811E-06 1.642E-06 1.488E-06 1.356E-06 1.231E-06 1.108E-06 9.228E-07 7.742E-07 5.051E-07 3.470E-07 2.297E-07 1.536E-07 6.985E-08 5.931E-08 7.520E-08 5.884E-08 5.174E-08 3.798E-08 2.908E-08 1.841E-08 1.261E-08 8.041E-09 4.726E-09 6.680E-09 5.484E-09 3.163E-09 1.548E-09 9.220E-10 1.299E-09 3.877E-09 3.764E-09 2.549E-09 1.708E-09 1.323E-09 1.106E-09 6.946E-10 5.121E-10 3.758E-10 3.466E-10 3.701E-10 3.847E-10 3.510E-10 3.678E-10 3.793E-10 4.173E-10 3.476E-10 3.011E-10 2.672E-10 2.052E-10 1.642E-10 1.068E-10 6.903E-11 5.104E-11 2.911E-11 1.783E-11
  4.600E+01  2.771E-06 2.637E-06 2.401E-06 2.172E-06 1.969E-06 1.783E-06 1.611E-06 1.463E-06 1.328E-06 1.213E-06 1.103E-06 9.937E-07 8.305E-07 6.988E-07 4.587E-07 3.169E-07 2.106E-07 1.412E-07 6.461E-08 5.571E-08 7.060E-08 5.517E-08 4.851E-08 3.565E-08 2.733E-08 1.736E-08 1.192E-08 7.617E-09 4.496E-09 6.360E-09 5.222E-09 3.017E-09 1.480E-09 8.822E-10 1.245E-09 3.720E-09 3.616E-09 2.448E-09 1.640E-09 1.271E-09 1.063E-09 6.681E-10 4.930E-10 3.622E-10 3.348E-10 3.579E-10 3.724E-10 3.400E-10 3.564E-10 3.678E-10 4.048E-10 3.373E-10 2.923E-10 2.594E-10 1.994E-10 1.596E-10 1.038E-10 6.717E-11 4.969E-11 2.836E-11 1.738E-11
  4.800E+01  2.455E-06 2.334E-06 2.127E-06 1.926E-06 1.749E-06 1.586E-06 1.436E-06 1.306E-06 1.188E-06 1.086E-06 9.894E-07 8.926E-07 7.483E-07 6.314E-07 4.169E-07 2.895E-07 1.931E-07 1.299E-07 5.977E-08 5.232E-08 6.626E-08 5.171E-08 4.547E-08 3.345E-08 2.568E-08 1.636E-08 1.127E-08 7.213E-09 4.275E-09 6.052E-09 4.969E-09 2.877E-09 1.414E-09 8.437E-10 1.192E-09 3.567E-09 3.470E-09 2.350E-09 1.574E-09 1.220E-09 1.020E-09 6.422E-10 4.743E-10 3.489E-10 3.233E-10 3.458E-10 3.602E-10 3.292E-10 3.451E-10 3.564E-10 3.924E-10 3.271E-10 2.835E-10 2.518E-10 1.936E-10 1.550E-10 1.009E-10 6.533E-11 4.834E-11 2.762E-11 1.694E-11
  5.000E+01  2.180E-06 2.070E-06 1.888E-06 1.711E-06 1.556E-06 1.414E-06 1.281E-06 1.168E-06 1.063E-06 9.744E-07 8.887E-07 8.028E-07 6.749E-07 5.710E-07 3.792E-07 2.646E-07 1.771E-07 1.196E-07 5.531E-08 4.913E-08 6.217E-08 4.845E-08 4.261E-08 3.137E-08 2.412E-08 1.541E-08 1.064E-08 6.827E-09 4.063E-09 5.756E-09 4.726E-09 2.743E-09 1.350E-09 8.066E-10 1.141E-09 3.418E-09 3.328E-09 2.255E-09 1.509E-09 1.170E-09 9.790E-10 6.170E-10 4.561E-10 3.360E-10 3.120E-10 3.339E-10 3.483E-10 3.185E-10 3.340E-10 3.452E-10 3.802E-10 3.170E-10 2.748E-10 2.442E-10 1.878E-10 1.505E-10 9.801E-11 6.350E-11 4.701E-11 2.687E-11 1.649E-11
  5.200E+01  1.940E-06 1.841E-06 1.681E-06 1.523E-06 1.388E-06 1.262E-06 1.146E-06 1.046E-06 9.538E-07 8.752E-07 7.995E-07 7.230E-07 6.094E-07 5.169E-07 3.451E-07 2.420E-07 1.626E-07 1.101E-07 5.120E-08 4.613E-08 5.831E-08 4.539E-08 3.992E-08 2.942E-08 2.265E-08 1.452E-08 1.005E-08 6.461E-09 3.861E-09 5.472E-09 4.493E-09 2.613E-09 1.289E-09 7.708E-10 1.092E-09 3.274E-09 3.191E-09 2.162E-09 1.446E-09 1.122E-09 9.390E-10 5.925E-10 4.385E-10 3.233E-10 3.009E-10 3.223E-10 3.366E-10 3.081E-10 3.231E-10 3.342E-10 3.682E-10 3.071E-10 2.663E-10 2.367E-10 1.821E-10 1.460E-10 9.516E-11 6.169E-11 4.569E-11 2.614E-11 1.605E-11
  5.400E+01  1.731E-06 1.641E-06 1.499E-06 1.360E-06 1.240E-06 1.129E-06 1.026E-06 9.383E-07 8.568E-07 7.874E-07 7.202E-07 6.520E-07 5.511E-07 4.686E-07 3.145E-07 2.215E-07 1.493E-07 1.014E-07 4.741E-08 4.331E-08 5.469E-08 4.252E-08 3.740E-08 2.759E-08 2.127E-08 1.368E-08 9.488E-09 6.113E-09 3.668E-09 5.202E-09 4.271E-09 2.489E-09 1.230E-09 7.366E-10 1.044E-09 3.134E-09 3.057E-09 2.073E-09 1.386E-09 1.075E-09 9.004E-10 5.688E-10 4.214E-10 3.111E-10 2.902E-10 3.110E-10 3.252E-10 2.978E-10 3.125E-10 3.234E-10 3.565E-10 2.974E-10 2.579E-10 2.294E-10 1.766E-10 1.416E-10 9.237E-11 5.992E-11 4.439E-11 2.542E-11 1.562E-11
  5.600E+01  1.547E-06 1.467E-06 1.339E-06 1.216E-06 1.110E-06 1.012E-06 9.213E-07 8.432E-07 7.711E-07 7.095E-07 6.498E-07 5.889E-07 4.990E-07 4.252E-07 2.868E-07 2.030E-07 1.372E-07 9.345E-08 4.393E-08 4.068E-08 5.129E-08 3.984E-08 3.504E-08 2.588E-08 1.998E-08 1.288E-08 8.959E-09 5.784E-09 3.484E-09 4.944E-09 4.059E-09 2.371E-09 1.174E-09 7.038E-10 9.987E-10 3.000E-09 2.929E-09 1.986E-09 1.328E-09 1.031E-09 8.632E-10 5.460E-10 4.049E-10 2.993E-10 2.798E-10 3.001E-10 3.141E-10 2.879E-10 3.022E-10 3.129E-10 3.450E-10 2.880E-10 2.498E-10 2.222E-10 1.712E-10 1.373E-10 8.964E-11 5.818E-11 4.313E-11 2.472E-11 1.520E-11
  5.800E+01  1.387E-06 1.314E-06 1.199E-06 1.091E-06 9.964E-07 9.096E-07 8.286E-07 7.592E-07 6.952E-07 6.405E-07 5.873E-07 5.328E-07 4.525E-07 3.864E-07 2.618E-07 1.861E-07 1.262E-07 8.621E-08 4.073E-08 3.821E-08 4.811E-08 3.733E-08 3.284E-08 2.428E-08 1.877E-08 1.214E-08 8.461E-09 5.474E-09 3.311E-09 4.699E-09 3.858E-09 2.259E-09 1.121E-09 6.725E-10 9.552E-10 2.870E-09 2.805E-09 1.903E-09 1.272E-09 9.876E-10 8.276E-10 5.242E-10 3.890E-10 2.880E-10 2.698E-10 2.896E-10 3.035E-10 2.784E-10 2.922E-10 3.028E-10 3.339E-10 2.788E-10 2.419E-10 2.153E-10 1.659E-10 1.331E-10 8.698E-11 5.650E-11 4.190E-11 2.404E-11 1.479E-11
  6.000E+01  1.247E-06 1.180E-06 1.078E-06 9.801E-07 8.963E-07 8.188E-07 7.467E-07 6.850E-07 6.279E-07 5.792E-07 5.317E-07 4.828E-07 4.109E-07 3.516E-07 2.394E-07 1.708E-07 1.162E-07 7.959E-08 3.780E-08 3.591E-08 4.514E-08 3.499E-08 3.079E-08 2.279E-08 1.764E-08 1.144E-08 7.992E-09 5.182E-09 3.146E-09 4.467E-09 3.668E-09 2.152E-09 1.070E-09 6.429E-10 9.139E-10 2.746E-09 2.686E-09 1.824E-09 1.218E-09 9.466E-10 7.935E-10 5.032E-10 3.739E-10 2.771E-10 2.602E-10 2.795E-10 2.932E-10 2.691E-10 2.826E-10 2.930E-10 3.232E-10 2.699E-10 2.342E-10 2.086E-10 1.608E-10 1.291E-10 8.441E-11 5.487E-11 4.071E-11 2.338E-11 1.440E-11
  6.200E+01  1.124E-06 1.062E-06 9.710E-07 8.825E-07 8.078E-07 7.386E-07 6.742E-07 6.194E-07 5.682E-07 5.247E-07 4.822E-07 4.382E-07 3.737E-07 3.205E-07 2.191E-07 1.570E-07 1.071E-07 7.355E-08 3.511E-08 3.377E-08 4.237E-08 3.281E-08 2.888E-08 2.140E-08 1.659E-08 1.079E-08 7.553E-09 4.908E-09 2.992E-09 4.247E-09 3.488E-09 2.051E-09 1.022E-09 6.148E-10 8.746E-10 2.628E-09 2.573E-09 1.748E-09 1.167E-09 9.074E-10 7.611E-10 4.833E-10 3.594E-10 2.668E-10 2.510E-10 2.698E-10 2.834E-10 2.603E-10 2.734E-10 2.836E-10 3.129E-10 2.614E-10 2.269E-10 2.021E-10 1.559E-10 1.252E-10 8.193E-11 5.330E-11 3.956E-11 2.274E-11 1.401E-11
  6.400E+01  1.016E-06 9.589E-07 8.768E-07 7.968E-07 7.299E-07 6.680E-07 6.102E-07 5.611E-07 5.152E-07 4.763E-07 4.381E-07 3.985E-07 3.405E-07 2.925E-07 2.008E-07 1.444E-07 9.884E-08 6.805E-08 3.264E-08 3.178E-08 3.979E-08 3.079E-08 2.710E-08 2.010E-08 1.560E-08 1.018E-08 7.142E-09 4.650E-09 2.846E-09 4.041E-09 3.319E-09 1.956E-09 9.766E-10 5.882E-10 8.375E-10 2.516E-09 2.465E-09 1.676E-09 1.119E-09 8.703E-10 7.303E-10 4.644E-10 3.457E-10 2.569E-10 2.422E-10 2.606E-10 2.740E-10 2.519E-10 2.647E-10 2.746E-10 3.030E-10 2.532E-10 2.198E-10 1.959E-10 1.512E-10 1.215E-10 7.956E-11 5.179E-11 3.846E-11 2.213E-11 1.365E-11
  6.600E+01  9.198E-07 8.683E-07 7.933E-07 7.215E-07 6.612E-07 6.055E-07 5.536E-07 5.094E-07 4.682E-07 4.332E-07 3.988E-07 3.631E-07 3.108E-07 2.675E-07 1.843E-07 1.331E-07 9.132E-08 6.304E-08 3.038E-08 2.994E-08 3.739E-08 2.891E-08 2.545E-08 1.890E-08 1.469E-08 9.608E-09 6.759E-09 4.410E-09 2.710E-09 3.847E-09 3.160E-09 1.866E-09 9.340E-10 5.633E-10 8.025E-10 2.410E-09 2.362E-09 1.608E-09 1.074E-09 8.352E-10 7.012E-10 4.465E-10 3.327E-10 2.476E-10 2.340E-10 2.519E-10 2.651E-10 2.439E-10 2.563E-10 2.660E-10 2.936E-10 2.454E-10 2.132E-10 1.900E-10 1.467E-10 1.179E-10 7.730E-11 5.036E-11 3.741E-11 2.155E-11 1.330E-11
  6.800E+01  8.353E-07 7.881E-07 7.198E-07 6.550E-07 6.005E-07 5.502E-07 5.034E-07 4.635E-07 4.264E-07 3.949E-07 3.638E-07 3.314E-07 2.842E-07 2.450E-07 1.695E-07 1.228E-07 8.449E-08 5.847E-08 2.832E-08 2.823E-08 3.517E-08 2.717E-08 2.393E-08 1.779E-08 1.385E-08 9.080E-09 6.402E-09 4.186E-09 2.583E-09 3.665E-09 3.011E-09 1.782E-09 8.941E-10 5.400E-10 7.697E-10 2.309E-09 2.266E-09 1.543E-09 1.031E-09 8.022E-10 6.738E-10 4.296E-10 3.205E-10 2.389E-10 2.262E-10 2.437E-10 2.567E-10 2.364E-10 2.485E-10 2.580E-10 2.847E-10 2.381E-10 2.068E-10 1.844E-10 1.424E-10 1.146E-10 7.516E-11 4.900E-11 3.642E-11 2.100E-11 1.297E-11
  7.000E+01  7.607E-07 7.173E-07 6.550E-07 5.961E-07 5.467E-07 5.012E-07 4.588E-07 4.227E-07 3.892E-07 3.607E-07 3.326E-07 3.031E-07 2.604E-07 2.248E-07 1.561E-07 1.135E-07 7.829E-08 5.432E-08 2.644E-08 2.665E-08 3.311E-08 2.556E-08 2.252E-08 1.676E-08 1.306E-08 8.591E-09 6.071E-09 3.979E-09 2.464E-09 3.496E-09 2.873E-09 1.704E-09 8.568E-10 5.182E-10 7.391E-10 2.215E-09 2.175E-09 1.483E-09 9.902E-10 7.712E-10 6.481E-10 4.139E-10 3.091E-10 2.307E-10 2.189E-10 2.360E-10 2.489E-10 2.293E-10 2.411E-10 2.504E-10 2.764E-10 2.311E-10 2.009E-10 1.791E-10 1.384E-10 1.114E-10 7.315E-11 4.773E-11 3.549E-11 2.048E-11 1.267E-11
  7.200E+01  6.945E-07 6.549E-07 5.976E-07 5.440E-07 4.990E-07 4.577E-07 4.192E-07 3.864E-07 3.560E-07 3.302E-07 3.047E-07 2.779E-07 2.390E-07 2.067E-07 1.440E-07 1.050E-07 7.266E-08 5.054E-08 2.472E-08 2.520E-08 3.121E-08 2.408E-08 2.122E-08 1.581E-08 1.234E-08 8.139E-09 5.765E-09 3.786E-09 2.354E-09 3.339E-09 2.744E-09 1.632E-09 8.222E-10 4.980E-10 7.105E-10 2.127E-09 2.089E-09 1.426E-09 9.526E-10 7.424E-10 6.242E-10 3.992E-10 2.985E-10 2.230E-10 2.121E-10 2.288E-10 2.416E-10 2.227E-10 2.343E-10 2.433E-10 2.685E-10 2.247E-10 1.953E-10 1.742E-10 1.347E-10 1.084E-10 7.127E-11 4.654E-11 3.463E-11 2.000E-11 1.238E-11
  7.400E+01  6.360E-07 5.994E-07 5.468E-07 4.978E-07 4.567E-07 4.191E-07 3.839E-07 3.542E-07 3.265E-07 3.030E-07 2.798E-07 2.553E-07 2.199E-07 1.904E-07 1.331E-07 9.740E-08 6.757E-08 4.712E-08 2.315E-08 2.386E-08 2.945E-08 2.271E-08 2.002E-08 1.494E-08 1.168E-08 7.722E-09 5.482E-09 3.608E-09 2.253E-09 3.193E-09 2.624E-09 1.564E-09 7.902E-10 4.793E-10 6.841E-10 2.044E-09 2.010E-09 1.374E-09 9.176E-10 7.156E-10 6.020E-10 3.856E-10 2.886E-10 2.159E-10 2.058E-10 2.222E-10 2.348E-10 2.166E-10 2.279E-10 2.367E-10 2.613E-10 2.187E-10 1.901E-10 1.696E-10 1.312E-10 1.057E-10 6.954E-11 4.544E-11 3.383E-11 1.956E-11 1.212E-11
  7.600E+01  5.845E-07 5.500E-07 5.021E-07 4.567E-07 4.192E-07 3.846E-07 3.525E-07 3.255E-07 3.001E-07 2.787E-07 2.575E-07 2.351E-07 2.028E-07 1.759E-07 1.233E-07 9.051E-08 6.296E-08 4.401E-08 2.173E-08 2.263E-08 2.784E-08 2.146E-08 1.892E-08 1.414E-08 1.107E-08 7.340E-09 5.221E-09 3.445E-09 2.159E-09 3.058E-09 2.514E-09 1.502E-09 7.608E-10 4.621E-10 6.598E-10 1.968E-09 1.936E-09 1.325E-09 8.853E-10 6.908E-10 5.815E-10 3.730E-10 2.795E-10 2.094E-10 2.001E-10 2.161E-10 2.286E-10 2.110E-10 2.221E-10 2.307E-10 2.546E-10 2.131E-10 1.854E-10 1.654E-10 1.281E-10 1.032E-10 6.795E-11 4.444E-11 3.310E-11 1.916E-11 1.188E-11
  7.800E+01  5.386E-07 5.063E-07 4.625E-07 4.201E-07 3.857E-07 3.540E-07 3.246E-07 2.999E-07 2.766E-07 2.571E-07 2.376E-07 2.171E-07 1.875E-07 1.628E-07 1.145E-07 8.429E-08 5.878E-08 4.120E-08 2.044E-08 2.151E-08 2.635E-08 2.031E-08 1.791E-08 1.341E-08 1.051E-08 6.989E-09 4.983E-09 3.295E-09 2.074E-09 2.935E-09 2.413E-09 1.445E-09 7.338E-10 4.464E-10 6.376E-10 1.897E-09 1.868E-09 1.280E-09 8.557E-10 6.681E-10 5.627E-10 3.615E-10 2.712E-10 2.035E-10 1.948E-10 2.105E-10 2.229E-10 2.059E-10 2.168E-10 2.252E-10 2.485E-10 2.081E-10 1.811E-10 1.616E-10 1.252E-10 1.009E-10 6.650E-11 4.353E-11 3.244E-11 1.880E-11 1.167E-11
  8.000E+01  4.974E-07 4.679E-07 4.268E-07 3.879E-07 3.560E-07 3.269E-07 2.998E-07 2.770E-07 2.556E-07 2.377E-07 2.199E-07 2.009E-07 1.737E-07 1.510E-07 1.066E-07 7.867E-08 5.502E-08 3.866E-08 1.928E-08 2.049E-08 2.500E-08 1.926E-08 1.700E-08 1.274E-08 9.999E-09 6.669E-09 4.765E-09 3.158E-09 1.996E-09 2.822E-09 2.320E-09 1.393E-09 7.093E-10 4.322E-10 6.173E-10 1.833E-09 1.805E-09 1.239E-09 8.286E-10 6.474E-10 5.456E-10 3.511E-10 2.637E-10 1.982E-10 1.901E-10 2.055E-10 2.178E-10 2.014E-10 2.121E-10 2.203E-10 2.430E-10 2.036E-10 1.772E-10 1.581E-10 1.226E-10 9.885E-11 6.521E-11 4.272E-11 3.185E-11 1.848E-11 1.148E-11
  8.200E+01  4.604E-07 4.338E-07 3.948E-07 3.594E-07 3.297E-07 3.028E-07 2.777E-07 2.565E-07 2.369E-07 2.204E-07 2.039E-07 1.865E-07 1.614E-07 1.405E-07 9.941E-08 7.362E-08 5.162E-08 3.636E-08 1.822E-08 1.956E-08 2.376E-08 1.830E-08 1.616E-08 1.213E-08 9.536E-09 6.378E-09 4.568E-09 3.034E-09 1.925E-09 2.719E-09 2.237E-09 1.346E-09 6.872E-10 4.193E-10 5.991E-10 1.774E-09 1.748E-09 1.202E-09 8.041E-10 6.287E-10 5.302E-10 3.417E-10 2.570E-10 1.934E-10 1.859E-10 2.011E-10 2.133E-10 1.973E-10 2.079E-10 2.159E-10 2.382E-10 1.995E-10 1.737E-10 1.550E-10 1.202E-10 9.703E-11 6.407E-11 4.201E-11 3.134E-11 1.820E-11 1.132E-11
  8.400E+01  4.277E-07 4.031E-07 3.667E-07 3.339E-07 3.062E-07 2.812E-07 2.580E-07 2.383E-07 2.202E-07 2.050E-07 1.897E-07 1.735E-07 1.504E-07 1.310E-07 9.300E-08 6.907E-08 4.855E-08 3.429E-08 1.727E-08 1.871E-08 2.263E-08 1.744E-08 1.540E-08 1.158E-08 9.116E-09 6.114E-09 4.389E-09 2.922E-09 1.861E-09 2.626E-09 2.161E-09 1.304E-09 6.674E-10 4.079E-10 5.828E-10 1.720E-09 1.696E-09 1.168E-09 7.821E-10 6.120E-10 5.164E-10 3.334E-10 2.510E-10 1.891E-10 1.821E-10 1.972E-10 2.094E-10 1.938E-10 2.042E-10 2.121E-10 2.339E-10 1.960E-10 1.707E-10 1.523E-10 1.182E-10 9.545E-11 6.309E-11 4.140E-11 3.090E-11 1.797E-11 1.119E-11
  8.600E+01  3.990E-07 3.757E-07 3.419E-07 3.109E-07 2.853E-07 2.619E-07 2.403E-07 2.222E-07 2.053E-07 1.912E-07 1.770E-07 1.620E-07 1.405E-07 1.226E-07 8.724E-08 6.498E-08 4.580E-08 3.243E-08 1.642E-08 1.795E-08 2.161E-08 1.665E-08 1.472E-08 1.108E-08 8.738E-09 5.877E-09 4.228E-09 2.822E-09 1.805E-09 2.543E-09 2.093E-09 1.266E-09 6.498E-10 3.978E-10 5.683E-10 1.672E-09 1.650E-09 1.139E-09 7.625E-10 5.971E-10 5.042E-10 3.260E-10 2.457E-10 1.854E-10 1.789E-10 1.938E-10 2.060E-10 1.908E-10 2.011E-10 2.088E-10 2.302E-10 1.930E-10 1.681E-10 1.500E-10 1.165E-10 9.411E-11 6.226E-11 4.089E-11 3.054E-11 1.778E-11 1.108E-11
  8.800E+01  3.733E-07 3.514E-07 3.199E-07 2.905E-07 2.665E-07 2.448E-07 2.246E-07 2.077E-07 1.920E-07 1.788E-07 1.657E-07 1.517E-07 1.317E-07 1.150E-07 8.209E-08 6.131E-08 4.334E-08 3.077E-08 1.566E-08 1.727E-08 2.069E-08 1.594E-08 1.410E-08 1.063E-08 8.398E-09 5.665E-09 4.085E-09 2.732E-09 1.754E-09 2.469E-09 2.033E-09 1.233E-09 6.344E-10 3.889E-10 5.557E-10 1.630E-09 1.609E-09 1.112E-09 7.454E-10 5.841E-10 4.935E-10 3.197E-10 2.412E-10 1.823E-10 1.762E-10 1.910E-10 2.031E-10 1.883E-10 1.985E-10 2.060E-10 2.271E-10 1.905E-10 1.660E-10 1.481E-10 1.151E-10 9.301E-11 6.160E-11 4.048E-11 3.025E-11 1.763E-11 1.100E-11
  9.000E+01  3.503E-07 3.298E-07 3.002E-07 2.725E-07 2.499E-07 2.295E-07 2.106E-07 1.948E-07 1.801E-07 1.678E-07 1.555E-07 1.424E-07 1.238E-07 1.082E-07 7.747E-08 5.802E-08 4.113E-08 2.928E-08 1.498E-08 1.666E-08 1.986E-08 1.531E-08 1.354E-08 1.023E-08 8.096E-09 5.476E-09 3.957E-09 2.653E-09 1.710E-09 2.404E-09 1.980E-09 1.204E-09 6.210E-10 3.813E-10 5.448E-10 1.592E-09 1.573E-09 1.089E-09 7.306E-10 5.730E-10 4.844E-10 3.143E-10 2.374E-10 1.796E-10 1.740E-10 1.887E-10 2.008E-10 1.863E-10 1.964E-10 2.039E-10 2.246E-10 1.884E-10 1.643E-10 1.466E-10 1.140E-10 9.215E-11 6.108E-11 4.018E-11 3.004E-11 1.753E-11 1.094E-11
  9.200E+01  3.298E-07 3.105E-07 2.826E-07 2.564E-07 2.351E-07 2.159E-07 1.981E-07 1.833E-07 1.695E-07 1.580E-07 1.465E-07 1.342E-07 1.168E-07 1.022E-07 7.335E-08 5.509E-08 3.916E-08 2.795E-08 1.437E-08 1.612E-08 1.912E-08 1.474E-08 1.305E-08 9.877E-09 7.827E-09 5.310E-09 3.845E-09 2.584E-09 1.672E-09 2.347E-09 1.933E-09 1.179E-09 6.096E-10 3.750E-10 5.356E-10 1.560E-09 1.541E-09 1.070E-09 7.180E-10 5.635E-10 4.767E-10 3.098E-10 2.343E-10 1.775E-10 1.723E-10 1.869E-10 1.991E-10 1.847E-10 1.949E-10 2.022E-10 2.227E-10 1.869E-10 1.630E-10 1.454E-10 1.131E-10 9.152E-11 6.073E-11 3.998E-11 2.991E-11 1.747E-11 1.092E-11
  9.400E+01  3.114E-07 2.934E-07 2.669E-07 2.421E-07 2.221E-07 2.038E-07 1.870E-07 1.731E-07 1.601E-07 1.493E-07 1.385E-07 1.269E-07 1.105E-07 9.680E-08 6.968E-08 5.248E-08 3.741E-08 2.678E-08 1.384E-08 1.564E-08 1.846E-08 1.424E-08 1.262E-08 9.564E-09 7.591E-09 5.164E-09 3.748E-09 2.525E-09 1.639E-09 2.298E-09 1.894E-09 1.158E-09 6.002E-10 3.697E-10 5.281E-10 1.533E-09 1.515E-09 1.053E-09 7.076E-10 5.558E-10 4.705E-10 3.062E-10 2.318E-10 1.759E-10 1.710E-10 1.856E-10 1.979E-10 1.837E-10 1.938E-10 2.011E-10 2.214E-10 1.858E-10 1.621E-10 1.446E-10 1.126E-10 9.113E-11 6.053E-11 3.988E-11 2.985E-11 1.745E-11 1.092E-11
  9.600E+01  2.950E-07 2.782E-07 2.528E-07 2.296E-07 2.105E-07 1.931E-07 1.772E-07 1.640E-07 1.518E-07 1.415E-07 1.313E-07 1.204E-07 1.049E-07 9.201E-08 6.642E-08 5.016E-08 3.586E-08 2.574E-08 1.337E-08 1.523E-08 1.787E-08 1.380E-08 1.223E-08 9.290E-09 7.386E-09 5.038E-09 3.664E-09 2.474E-09 1.612E-09 2.257E-09 1.861E-09 1.140E-09 5.926E-10 3.656E-10 5.221E-10 1.510E-09 1.493E-09 1.040E-09 6.993E-10 5.497E-10 4.656E-10 3.035E-10 2.300E-10 1.747E-10 1.702E-10 1.848E-10 1.971E-10 1.831E-10 1.933E-10 2.004E-10 2.207E-10 1.853E-10 1.617E-10 1.442E-10 1.123E-10 9.096E-11 6.047E-11 3.987E-11 2.986E-11 1.748E-11 1.095E-11
  9.800E+01  2.804E-07 2.648E-07 2.404E-07 2.184E-07 2.001E-07 1.836E-07 1.685E-07 1.559E-07 1.443E-07 1.346E-07 1.249E-07 1.146E-07 9.998E-08 8.776E-08 6.352E-08 4.811E-08 3.449E-08 2.482E-08 1.296E-08 1.486E-08 1.736E-08 1.341E-08 1.190E-08 9.053E-09 7.209E-09 4.931E-09 3.594E-09 2.432E-09 1.590E-09 2.223E-09 1.833E-09 1.126E-09 5.868E-10 3.625E-10 5.176E-10 1.491E-09 1.475E-09 1.030E-09 6.930E-10 5.452E-10 4.620E-10 3.016E-10 2.288E-10 1.740E-10 1.698E-10 1.845E-10 1.969E-10 1.830E-10 1.932E-10 2.003E-10 2.205E-10 1.851E-10 1.616E-10 1.442E-10 1.124E-10 9.103E-11 6.057E-11 3.997E-11 2.995E-11 1.755E-11 1.100E-11
  1.000E+02  2.678E-07 2.529E-07 2.298E-07 2.084E-07 1.909E-07 1.752E-07 1.608E-07 1.488E-07 1.377E-07 1.285E-07 1.193E-07 1.095E-07 9.561E-08 8.401E-08 6.098E-08 4.630E-08 3.329E-08 2.403E-08 1.261E-08 1.456E-08 1.691E-08 1.308E-08 1.161E-08 8.851E-09 7.059E-09 4.841E-09 3.535E-09 2.397E-09 1.573E-09 2.196E-09 1.812E-09 1.115E-09 5.825E-10 3.603E-10 5.145E-10 1.477E-09 1.462E-09 1.023E-09 6.886E-10 5.421E-10 4.597E-10 3.006E-10 2.282E-10 1.737E-10 1.698E-10 1.846E-10 1.972E-10 1.834E-10 1.936E-10 2.007E-10 2.208E-10 1.855E-10 1.620E-10 1.445E-10 1.126E-10 9.131E-11 6.081E-11 4.016E-11 3.010E-11 1.766E-11 1.108E-11
  1.020E+02  2.567E-07 2.425E-07 2.204E-07 1.995E-07 1.828E-07 1.677E-07 1.539E-07 1.425E-07 1.319E-07 1.232E-07 1.144E-07 1.050E-07 9.175E-08 8.070E-08 5.874E-08 4.472E-08 3.224E-08 2.334E-08 1.231E-08 1.429E-08 1.653E-08 1.280E-08 1.137E-08 8.680E-09 6.933E-09 4.767E-09 3.488E-09 2.370E-09 1.560E-09 2.175E-09 1.795E-09 1.108E-09 5.799E-10 3.592E-10 5.128E-10 1.467E-09 1.452E-09 1.018E-09 6.860E-10 5.405E-10 4.586E-10 3.002E-10 2.282E-10 1.739E-10 1.702E-10 1.851E-10 1.979E-10 1.841E-10 1.944E-10 2.015E-10 2.217E-10 1.862E-10 1.627E-10 1.451E-10 1.132E-10 9.180E-11 6.119E-11 4.044E-11 3.033E-11 1.781E-11 1.118E-11
  1.040E+02  2.469E-07 2.333E-07 2.121E-07 1.918E-07 1.757E-07 1.612E-07 1.479E-07 1.370E-07 1.268E-07 1.184E-07 1.100E-07 1.010E-07 8.837E-08 7.781E-08 5.678E-08 4.334E-08 3.134E-08 2.274E-08 1.205E-08 1.408E-08 1.620E-08 1.256E-08 1.116E-08 8.540E-09 6.831E-09 4.708E-09 3.451E-09 2.350E-09 1.551E-09 2.160E-09 1.784E-09 1.103E-09 5.788E-10 3.589E-10 5.124E-10 1.461E-09 1.447E-09 1.016E-09 6.852E-10 5.402E-10 4.586E-10 3.007E-10 2.287E-10 1.745E-10 1.710E-10 1.860E-10 1.990E-10 1.853E-10 1.957E-10 2.028E-10 2.230E-10 1.874E-10 1.638E-10 1.461E-10 1.140E-10 9.249E-11 6.170E-11 4.081E-11 3.062E-11 1.799E-11 1.131E-11
  1.060E+02  2.383E-07 2.254E-07 2.048E-07 1.852E-07 1.696E-07 1.556E-07 1.427E-07 1.322E-07 1.224E-07 1.143E-07 1.063E-07 9.760E-08 8.543E-08 7.529E-08 5.509E-08 4.216E-08 3.057E-08 2.224E-08 1.184E-08 1.390E-08 1.593E-08 1.236E-08 1.100E-08 8.427E-09 6.750E-09 4.663E-09 3.425E-09 2.337E-09 1.546E-09 2.152E-09 1.777E-09 1.101E-09 5.790E-10 3.594E-10 5.131E-10 1.459E-09 1.445E-09 1.017E-09 6.860E-10 5.413E-10 4.597E-10 3.017E-10 2.297E-10 1.754E-10 1.722E-10 1.874E-10 2.005E-10 1.868E-10 1.974E-10 2.045E-10 2.248E-10 1.890E-10 1.652E-10 1.473E-10 1.151E-10 9.338E-11 6.235E-11 4.126E-11 3.098E-11 1.822E-11 1.146E-11
  1.080E+02  2.309E-07 2.186E-07 1.986E-07 1.796E-07 1.644E-07 1.507E-07 1.383E-07 1.281E-07 1.186E-07 1.108E-07 1.030E-07 9.461E-08 8.288E-08 7.311E-08 5.363E-08 4.114E-08 2.991E-08 2.182E-08 1.167E-08 1.376E-08 1.571E-08 1.220E-08 1.087E-08 8.340E-09 6.689E-09 4.632E-09 3.408E-09 2.329E-09 1.545E-09 2.148E-09 1.775E-09 1.102E-09 5.805E-10 3.608E-10 5.150E-10 1.460E-09 1.446E-09 1.019E-09 6.884E-10 5.435E-10 4.618E-10 3.035E-10 2.312E-10 1.767E-10 1.737E-10 1.891E-10 2.025E-10 1.887E-10 1.994E-10 2.066E-10 2.271E-10 1.909E-10 1.669E-10 1.489E-10 1.163E-10 9.446E-11 6.312E-11 4.180E-11 3.139E-11 1.848E-11 1.163E-11
  1.100E+02  2.246E-07 2.129E-07 1.934E-07 1.747E-07 1.599E-07 1.465E-07 1.344E-07 1.245E-07 1.153E-07 1.077E-07 1.002E-07 9.206E-08 8.070E-08 7.124E-08 5.239E-08 4.029E-08 2.937E-08 2.148E-08 1.153E-08 1.366E-08 1.554E-08 1.208E-08 1.077E-08 8.276E-09 6.647E-09 4.612E-09 3.399E-09 2.327E-09 1.548E-09 2.149E-09 1.777E-09 1.105E-09 5.832E-10 3.628E-10 5.179E-10 1.464E-09 1.451E-09 1.024E-09 6.922E-10 5.468E-10 4.649E-10 3.058E-10 2.332E-10 1.783E-10 1.755E-10 1.911E-10 2.048E-10 1.910E-10 2.018E-10 2.091E-10 2.298E-10 1.932E-10 1.690E-10 1.507E-10 1.178E-10 9.571E-11 6.400E-11 4.241E-11 3.186E-11 1.877E-11 1.182E-11
  1.120E+02  2.194E-07 2.082E-07 1.890E-07 1.707E-07 1.561E-07 1.430E-07 1.312E-07 1.215E-07 1.125E-07 1.052E-07 9.779E-08 8.990E-08 7.886E-08 6.967E-08 5.135E-08 3.958E-08 2.892E-08 2.120E-08 1.143E-08 1.359E-08 1.540E-08 1.199E-08 1.070E-08 8.235E-09 6.622E-09 4.604E-09 3.398E-09 2.331E-09 1.553E-09 2.155E-09 1.783E-09 1.111E-09 5.871E-10 3.655E-10 5.218E-10 1.472E-09 1.458E-09 1.031E-09 6.974E-10 5.512E-10 4.688E-10 3.087E-10 2.355E-10 1.803E-10 1.776E-10 1.935E-10 2.075E-10 1.935E-10 2.046E-10 2.119E-10 2.329E-10 1.959E-10 1.713E-10 1.529E-10 1.195E-10 9.712E-11 6.499E-11 4.309E-11 3.239E-11 1.910E-11 1.204E-11
  1.140E+02  2.152E-07 2.046E-07 1.855E-07 1.674E-07 1.531E-07 1.402E-07 1.285E-07 1.190E-07 1.102E-07 1.030E-07 9.581E-08 8.811E-08 7.733E-08 6.837E-08 5.050E-08 3.900E-08 2.857E-08 2.099E-08 1.136E-08 1.355E-08 1.531E-08 1.194E-08 1.065E-08 8.214E-09 6.613E-09 4.606E-09 3.405E-09 2.339E-09 1.562E-09 2.165E-09 1.792E-09 1.118E-09 5.920E-10 3.689E-10 5.266E-10 1.482E-09 1.469E-09 1.040E-09 7.038E-10 5.565E-10 4.735E-10 3.121E-10 2.383E-10 1.825E-10 1.800E-10 1.962E-10 2.105E-10 1.964E-10 2.076E-10 2.151E-10 2.363E-10 1.988E-10 1.740E-10 1.552E-10 1.214E-10 9.870E-11 6.609E-11 4.385E-11 3.297E-11 1.945E-11 1.227E-11
  1.160E+02  2.120E-07 2.020E-07 1.829E-07 1.649E-07 1.506E-07 1.380E-07 1.264E-07 1.170E-07 1.084E-07 1.013E-07 9.420E-08 8.666E-08 7.609E-08 6.731E-08 4.982E-08 3.855E-08 2.831E-08 2.084E-08 1.132E-08 1.354E-08 1.525E-08 1.191E-08 1.063E-08 8.211E-09 6.618E-09 4.618E-09 3.418E-09 2.351E-09 1.573E-09 2.179E-09 1.804E-09 1.127E-09 5.978E-10 3.727E-10 5.322E-10 1.495E-09 1.482E-09 1.050E-09 7.113E-10 5.628E-10 4.790E-10 3.160E-10 2.414E-10 1.850E-10 1.827E-10 1.991E-10 2.137E-10 1.995E-10 2.110E-10 2.186E-10 2.401E-10 2.021E-10 1.769E-10 1.578E-10 1.235E-10 1.004E-10 6.728E-11 4.466E-11 3.360E-11 1.984E-11 1.252E-11
  1.180E+02  2.097E-07 2.002E-07 1.810E-07 1.632E-07 1.488E-07 1.363E-07 1.248E-07 1.155E-07 1.069E-07 9.995E-08 9.295E-08 8.552E-08 7.511E-08 6.648E-08 4.929E-08 3.821E-08 2.812E-08 2.074E-08 1.130E-08 1.355E-08 1.523E-08 1.191E-08 1.064E-08 8.226E-09 6.636E-09 4.638E-09 3.437E-09 2.368E-09 1.586E-09 2.197E-09 1.819E-09 1.139E-09 6.045E-10 3.771E-10 5.385E-10 1.510E-09 1.497E-09 1.062E-09 7.199E-10 5.698E-10 4.851E-10 3.203E-10 2.448E-10 1.877E-10 1.855E-10 2.023E-10 2.173E-10 2.029E-10 2.146E-10 2.223E-10 2.442E-10 2.056E-10 1.800E-10 1.606E-10 1.257E-10 1.023E-10 6.856E-11 4.553E-11 3.426E-11 2.025E-11 1.279E-11
  1.200E+02  2.084E-07 1.993E-07 1.799E-07 1.621E-07 1.477E-07 1.351E-07 1.237E-07 1.144E-07 1.059E-07 9.898E-08 9.204E-08 8.467E-08 7.439E-08 6.587E-08 4.891E-08 3.798E-08 2.800E-08 2.069E-08 1.130E-08 1.359E-08 1.523E-08 1.193E-08 1.067E-08 8.256E-09 6.666E-09 4.666E-09 3.462E-09 2.388E-09 1.602E-09 2.217E-09 1.837E-09 1.151E-09 6.119E-10 3.820E-10 5.455E-10 1.527E-09 1.514E-09 1.076E-09 7.294E-10 5.776E-10 4.919E-10 3.250E-10 2.485E-10 1.907E-10 1.886E-10 2.057E-10 2.211E-10 2.065E-10 2.184E-10 2.264E-10 2.486E-10 2.093E-10 1.833E-10 1.636E-10 1.281E-10 1.042E-10 6.992E-11 4.646E-11 3.497E-11 2.068E-11 1.307E-11
  1.220E+02  2.083E-07 1.993E-07 1.798E-07 1.616E-07 1.472E-07 1.345E-07 1.230E-07 1.138E-07 1.053E-07 9.834E-08 9.144E-08 8.411E-08 7.390E-08 6.545E-08 4.867E-08 3.784E-08 2.794E-08 2.068E-08 1.133E-08 1.364E-08 1.527E-08 1.197E-08 1.071E-08 8.299E-09 6.707E-09 4.700E-09 3.492E-09 2.411E-09 1.619E-09 2.241E-09 1.858E-09 1.165E-09 6.200E-10 3.873E-10 5.531E-10 1.546E-09 1.533E-09 1.091E-09 7.398E-10 5.860E-10 4.992E-10 3.300E-10 2.525E-10 1.938E-10 1.919E-10 2.094E-10 2.251E-10 2.103E-10 2.225E-10 2.306E-10 2.533E-10 2.133E-10 1.868E-10 1.667E-10 1.306E-10 1.063E-10 7.135E-11 4.743E-11 3.571E-11 2.113E-11 1.336E-11
  1.240E+02  2.092E-07 2.002E-07 1.804E-07 1.619E-07 1.472E-07 1.344E-07 1.228E-07 1.135E-07 1.050E-07 9.804E-08 9.113E-08 8.382E-08 7.363E-08 6.522E-08 4.854E-08 3.779E-08 2.795E-08 2.071E-08 1.137E-08 1.371E-08 1.532E-08 1.203E-08 1.077E-08 8.356E-09 6.758E-09 4.742E-09 3.526E-09 2.437E-09 1.638E-09 2.267E-09 1.880E-09 1.180E-09 6.287E-10 3.929E-10 5.612E-10 1.567E-09 1.554E-09 1.107E-09 7.509E-10 5.950E-10 5.070E-10 3.354E-10 2.566E-10 1.971E-10 1.953E-10 2.132E-10 2.292E-10 2.143E-10 2.267E-10 2.350E-10 2.582E-10 2.175E-10 1.904E-10 1.700E-10 1.332E-10 1.085E-10 7.284E-11 4.844E-11 3.649E-11 2.160E-11 1.366E-11
  1.260E+02  2.110E-07 2.021E-07 1.817E-07 1.629E-07 1.479E-07 1.348E-07 1.231E-07 1.136E-07 1.050E-07 9.806E-08 9.111E-08 8.377E-08 7.357E-08 6.517E-08 4.854E-08 3.782E-08 2.801E-08 2.078E-08 1.144E-08 1.380E-08 1.540E-08 1.211E-08 1.085E-08 8.424E-09 6.817E-09 4.788E-09 3.564E-09 2.465E-09 1.659E-09 2.295E-09 1.904E-09 1.197E-09 6.379E-10 3.988E-10 5.698E-10 1.590E-09 1.577E-09 1.123E-09 7.626E-10 6.045E-10 5.152E-10 3.410E-10 2.610E-10 2.006E-10 1.989E-10 2.171E-10 2.336E-10 2.184E-10 2.311E-10 2.396E-10 2.632E-10 2.218E-10 1.942E-10 1.734E-10 1.360E-10 1.107E-10 7.438E-11 4.949E-11 3.729E-11 2.208E-11 1.397E-11
  1.280E+02  2.138E-07 2.049E-07 1.839E-07 1.646E-07 1.492E-07 1.358E-07 1.238E-07 1.142E-07 1.054E-07 9.839E-08 9.136E-08 8.397E-08 7.371E-08 6.528E-08 4.864E-08 3.793E-08 2.812E-08 2.089E-08 1.151E-08 1.390E-08 1.550E-08 1.221E-08 1.094E-08 8.501E-09 6.884E-09 4.840E-09 3.606E-09 2.496E-09 1.681E-09 2.325E-09 1.930E-09 1.214E-09 6.476E-10 4.050E-10 5.787E-10 1.613E-09 1.601E-09 1.141E-09 7.749E-10 6.144E-10 5.237E-10 3.468E-10 2.655E-10 2.041E-10 2.025E-10 2.212E-10 2.380E-10 2.227E-10 2.356E-10 2.444E-10 2.685E-10 2.262E-10 1.982E-10 1.769E-10 1.388E-10 1.130E-10 7.597E-11 5.057E-11 3.811E-11 2.258E-11 1.430E-11
  1.300E+02  2.179E-07 2.089E-07 1.870E-07 1.670E-07 1.510E-07 1.372E-07 1.249E-07 1.151E-07 1.062E-07 9.901E-08 9.187E-08 8.439E-08 7.404E-08 6.555E-08 4.884E-08 3.811E-08 2.828E-08 2.102E-08 1.160E-08 1.401E-08 1.562E-08 1.231E-08 1.104E-08 8.588E-09 6.958E-09 4.895E-09 3.650E-09 2.528E-09 1.704E-09 2.357E-09 1.957E-09 1.232E-09 6.576E-10 4.113E-10 5.880E-10 1.638E-09 1.626E-09 1.160E-09 7.877E-10 6.247E-10 5.326E-10 3.528E-10 2.702E-10 2.078E-10 2.063E-10 2.253E-10 2.426E-10 2.270E-10 2.402E-10 2.492E-10 2.738E-10 2.308E-10 2.022E-10 1.806E-10 1.416E-10 1.154E-10 7.759E-11 5.167E-11 3.894E-11 2.309E-11 1.462E-11
  1.320E+02  2.232E-07 2.140E-07 1.911E-07 1.700E-07 1.534E-07 1.391E-07 1.265E-07 1.164E-07 1.072E-07 9.992E-08 9.265E-08 8.505E-08 7.454E-08 6.596E-08 4.913E-08 3.835E-08 2.847E-08 2.118E-08 1.170E-08 1.414E-08 1.575E-08 1.243E-08 1.116E-08 8.682E-09 7.037E-09 4.955E-09 3.697E-09 2.562E-09 1.727E-09 2.390E-09 1.985E-09 1.250E-09 6.679E-10 4.179E-10 5.975E-10 1.664E-09 1.651E-09 1.178E-09 8.007E-10 6.352E-10 5.416E-10 3.589E-10 2.750E-10 2.115E-10 2.101E-10 2.295E-10 2.473E-10 2.314E-10 2.449E-10 2.542E-10 2.793E-10 2.354E-10 2.063E-10 1.842E-10 1.446E-10 1.178E-10 7.924E-11 5.278E-11 3.980E-11 2.360E-11 1.495E-11
  1.340E+02  2.297E-07 2.202E-07 1.962E-07 1.738E-07 1.564E-07 1.416E-07 1.284E-07 1.180E-07 1.086E-07 1.011E-07 9.367E-08 8.591E-08 7.522E-08 6.651E-08 4.951E-08 3.864E-08 2.870E-08 2.136E-08 1.181E-08 1.427E-08 1.589E-08 1.257E-08 1.128E-08 8.783E-09 7.121E-09 5.017E-09 3.745E-09 2.597E-09 1.752E-09 2.424E-09 2.014E-09 1.269E-09 6.784E-10 4.245E-10 6.071E-10 1.690E-09 1.678E-09 1.198E-09 8.141E-10 6.459E-10 5.508E-10 3.651E-10 2.798E-10 2.153E-10 2.140E-10 2.338E-10 2.520E-10 2.359E-10 2.497E-10 2.592E-10 2.848E-10 2.401E-10 2.104E-10 1.880E-10 1.475E-10 1.202E-10 8.090E-11 5.391E-11 4.065E-11 2.412E-11 1.529E-11
  1.360E+02  2.375E-07 2.279E-07 2.020E-07 1.784E-07 1.600E-07 1.446E-07 1.308E-07 1.200E-07 1.103E-07 1.026E-07 9.491E-08 8.699E-08 7.606E-08 6.719E-08 4.997E-08 3.899E-08 2.897E-08 2.157E-08 1.193E-08 1.441E-08 1.605E-08 1.270E-08 1.141E-08 8.889E-09 7.209E-09 5.081E-09 3.795E-09 2.633E-09 1.777E-09 2.459E-09 2.043E-09 1.289E-09 6.890E-10 4.312E-10 6.169E-10 1.717E-09 1.704E-09 1.217E-09 8.276E-10 6.568E-10 5.601E-10 3.714E-10 2.847E-10 2.191E-10 2.179E-10 2.381E-10 2.567E-10 2.404E-10 2.544E-10 2.642E-10 2.903E-10 2.448E-10 2.145E-10 1.917E-10 1.505E-10 1.227E-10 8.258E-11 5.504E-11 4.152E-11 2.465E-11 1.562E-11
  1.380E+02  2.465E-07 2.369E-07 2.086E-07 1.839E-07 1.643E-07 1.481E-07 1.337E-07 1.224E-07 1.123E-07 1.043E-07 9.638E-08 8.825E-08 7.705E-08 6.800E-08 5.049E-08 3.938E-08 2.927E-08 2.179E-08 1.206E-08 1.455E-08 1.621E-08 1.285E-08 1.155E-08 8.999E-09 7.301E-09 5.147E-09 3.847E-09 2.670E-09 1.802E-09 2.494E-09 2.073E-09 1.308E-09 6.997E-10 4.380E-10 6.267E-10 1.744E-09 1.732E-09 1.237E-09 8.412E-10 6.677E-10 5.695E-10 3.777E-10 2.895E-10 2.229E-10 2.217E-10 2.424E-10 2.614E-10 2.449E-10 2.592E-10 2.692E-10 2.959E-10 2.495E-10 2.187E-10 1.955E-10 1.535E-10 1.251E-10 8.425E-11 5.618E-11 4.238E-11 2.517E-11 1.596E-11
  1.400E+02  2.572E-07 2.469E-07 2.166E-07 1.900E-07 1.692E-07 1.521E-07 1.369E-07 1.251E-07 1.146E-07 1.063E-07 9.808E-08 8.970E-08 7.818E-08 6.891E-08 5.109E-08 3.982E-08 2.959E-08 2.203E-08 1.219E-08 1.470E-08 1.638E-08 1.300E-08 1.169E-08 9.112E-09 7.394E-09 5.215E-09 3.899E-09 2.707E-09 1.827E-09 2.529E-09 2.103E-09 1.328E-09 7.104E-10 4.447E-10 6.364E-10 1.771E-09 1.759E-09 1.257E-09 8.548E-10 6.785E-10 5.788E-10 3.840E-10 2.944E-10 2.267E-10 2.256E-10 2.467E-10 2.661E-10 2.493E-10 2.639E-10 2.742E-10 3.014E-10 2.542E-10 2.228E-10 1.992E-10 1.564E-10 1.275E-10 8.591E-11 5.730E-11 4.323E-11 2.568E-11 1.629E-11
  1.420E+02  2.696E-07 2.580E-07 2.257E-07 1.968E-07 1.747E-07 1.564E-07 1.405E-07 1.282E-07 1.171E-07 1.085E-07 9.999E-08 9.132E-08 7.943E-08 6.993E-08 5.174E-08 4.030E-08 2.993E-08 2.228E-08 1.233E-08 1.485E-08 1.656E-08 1.316E-08 1.183E-08 9.228E-09 7.489E-09 5.283E-09 3.951E-09 2.744E-09 1.852E-09 2.565E-09 2.133E-09 1.347E-09 7.210E-10 4.513E-10 6.461E-10 1.799E-09 1.786E-09 1.277E-09 8.683E-10 6.893E-10 5.880E-10 3.902E-10 2.992E-10 2.304E-10 2.294E-10 2.509E-10 2.707E-10 2.537E-10 2.686E-10 2.791E-10 3.068E-10 2.588E-10 2.269E-10 2.029E-10 1.593E-10 1.299E-10 8.756E-11 5.841E-11 4.408E-11 2.620E-11 1.662E-11
  1.440E+02  2.834E-07 2.707E-07 2.357E-07 2.043E-07 1.808E-07 1.613E-07 1.445E-07 1.315E-07 1.200E-07 1.109E-07 1.021E-07 9.309E-08 8.081E-08 7.104E-08 5.245E-08 4.080E-08 3.029E-08 2.255E-08 1.247E-08 1.500E-08 1.673E-08 1.332E-08 1.198E-08 9.345E-09 7.585E-09 5.351E-09 4.003E-09 2.781E-09 1.877E-09 2.600E-09 2.163E-09 1.366E-09 7.314E-10 4.579E-10 6.557E-10 1.826E-09 1.813E-09 1.296E-09 8.817E-10 7.000E-10 5.972E-10 3.963E-10 3.039E-10 2.341E-10 2.332E-10 2.550E-10 2.753E-10 2.580E-10 2.732E-10 2.840E-10 3.122E-10 2.634E-10 2.309E-10 2.065E-10 1.622E-10 1.323E-10 8.917E-11 5.951E-11 4.491E-11 2.670E-11 1.694E-11
  1.460E+02  2.986E-07 2.849E-07 2.464E-07 2.125E-07 1.873E-07 1.666E-07 1.488E-07 1.351E-07 1.230E-07 1.135E-07 1.043E-07 9.500E-08 8.229E-08 7.223E-08 5.320E-08 4.133E-08 3.067E-08 2.282E-08 1.261E-08 1.515E-08 1.691E-08 1.347E-08 1.213E-08 9.463E-09 7.681E-09 5.419E-09 4.055E-09 2.817E-09 1.901E-09 2.635E-09 2.193E-09 1.385E-09 7.417E-10 4.643E-10 6.651E-10 1.852E-09 1.839E-09 1.315E-09 8.948E-10 7.105E-10 6.061E-10 4.023E-10 3.085E-10 2.377E-10 2.368E-10 2.591E-10 2.798E-10 2.623E-10 2.777E-10 2.887E-10 3.175E-10 2.678E-10 2.349E-10 2.101E-10 1.650E-10 1.346E-10 9.076E-11 6.058E-11 4.573E-11 2.719E-11 1.726E-11
  1.480E+02  3.150E-07 3.004E-07 2.575E-07 2.214E-07 1.942E-07 1.724E-07 1.533E-07 1.389E-07 1.262E-07 1.163E-07 1.067E-07 9.701E-08 8.385E-08 7.347E-08 5.398E-08 4.189E-08 3.106E-08 2.310E-08 1.275E-08 1.530E-08 1.709E-08 1.363E-08 1.228E-08 9.580E-09 7.776E-09 5.486E-09 4.106E-09 2.853E-09 1.925E-09 2.668E-09 2.221E-09 1.404E-09 7.517E-10 4.706E-10 6.742E-10 1.878E-09 1.865E-09 1.334E-09 9.075E-10 7.207E-10 6.148E-10 4.081E-10 3.130E-10 2.412E-10 2.404E-10 2.630E-10 2.841E-10 2.664E-10 2.821E-10 2.933E-10 3.226E-10 2.722E-10 2.387E-10 2.135E-10 1.678E-10 1.369E-10 9.229E-11 6.162E-11 4.652E-11 2.767E-11 1.757E-11
  1.500E+02  3.324E-07 3.161E-07 2.692E-07 2.308E-07 2.015E-07 1.783E-07 1.581E-07 1.428E-07 1.295E-07 1.192E-07 1.091E-07 9.908E-08 8.547E-08 7.476E-08 5.479E-08 4.245E-08 3.145E-08 2.338E-08 1.289E-08 1.544E-08 1.727E-08 1.379E-08 1.242E-08 9.696E-09 7.869E-09 5.552E-09 4.156E-09 2.888E-09 1.948E-09 2.701E-09 2.249E-09 1.422E-09 7.614E-10 4.766E-10 6.830E-10 1.903E-09 1.890E-09 1.352E-09 9.199E-10 7.305E-10 6.233E-10 4.138E-10 3.174E-10 2.446E-10 2.438E-10 2.668E-10 2.883E-10 2.703E-10 2.863E-10 2.978E-10 3.275E-10 2.764E-10 2.424E-10 2.169E-10 1.704E-10 1.391E-10 9.378E-11 6.262E-11 4.728E-11 2.813E-11 1.786E-11
  1.520E+02  3.508E-07 3.315E-07 2.815E-07 2.401E-07 2.090E-07 1.840E-07 1.629E-07 1.468E-07 1.329E-07 1.221E-07 1.116E-07 1.012E-07 8.711E-08 7.607E-08 5.561E-08 4.303E-08 3.185E-08 2.366E-08 1.304E-08 1.558E-08 1.744E-08 1.395E-08 1.257E-08 9.810E-09 7.961E-09 5.615E-09 4.204E-09 2.922E-09 1.970E-09 2.733E-09 2.276E-09 1.439E-09 7.707E-10 4.824E-10 6.915E-10 1.927E-09 1.915E-09 1.369E-09 9.318E-10 7.400E-10 6.314E-10 4.192E-10 3.216E-10 2.478E-10 2.471E-10 2.705E-10 2.923E-10 2.742E-10 2.903E-10 3.021E-10 3.323E-10 2.804E-10 2.459E-10 2.201E-10 1.730E-10 1.411E-10 9.521E-11 6.359E-11 4.802E-11 2.857E-11 1.815E-11
  1.540E+02  3.696E-07 3.470E-07 2.938E-07 2.489E-07 2.162E-07 1.897E-07 1.675E-07 1.508E-07 1.362E-07 1.250E-07 1.141E-07 1.033E-07 8.873E-08 7.738E-08 5.643E-08 4.360E-08 3.224E-08 2.394E-08 1.317E-08 1.572E-08 1.761E-08 1.410E-08 1.271E-08 9.920E-09 8.050E-09 5.677E-09 4.251E-09 2.954E-09 1.991E-09 2.764E-09 2.302E-09 1.456E-09 7.796E-10 4.880E-10 6.996E-10 1.951E-09 1.938E-09 1.386E-09 9.432E-10 7.491E-10 6.392E-10 4.244E-10 3.256E-10 2.509E-10 2.503E-10 2.740E-10 2.961E-10 2.778E-10 2.942E-10 3.062E-10 3.368E-10 2.843E-10 2.493E-10 2.231E-10 1.754E-10 1.431E-10 9.658E-11 6.451E-11 4.872E-11 2.900E-11 1.842E-11
  1.560E+02  3.875E-07 3.624E-07 3.054E-07 2.571E-07 2.227E-07 1.951E-07 1.719E-07 1.546E-07 1.393E-07 1.277E-07 1.165E-07 1.053E-07 9.030E-08 7.866E-08 5.723E-08 4.416E-08 3.263E-08 2.421E-08 1.331E-08 1.585E-08 1.778E-08 1.425E-08 1.284E-08 1.003E-08 8.136E-09 5.736E-09 4.296E-09 2.985E-09 2.012E-09 2.793E-09 2.327E-09 1.471E-09 7.880E-10 4.933E-10 7.073E-10 1.973E-09 1.960E-09 1.402E-09 9.540E-10 7.577E-10 6.465E-10 4.293E-10 3.293E-10 2.538E-10 2.533E-10 2.773E-10 2.997E-10 2.812E-10 2.978E-10 3.100E-10 3.411E-10 2.879E-10 2.525E-10 2.260E-10 1.777E-10 1.450E-10 9.787E-11 6.538E-11 4.939E-11 2.940E-11 1.868E-11
  1.580E+02  4.035E-07 3.760E-07 3.156E-07 2.645E-07 2.284E-07 2.000E-07 1.758E-07 1.580E-07 1.421E-07 1.301E-07 1.186E-07 1.072E-07 9.177E-08 7.987E-08 5.801E-08 4.471E-08 3.301E-08 2.448E-08 1.344E-08 1.597E-08 1.793E-08 1.439E-08 1.297E-08 1.013E-08 8.217E-09 5.793E-09 4.338E-09 3.015E-09 2.031E-09 2.820E-09 2.350E-09 1.486E-09 7.960E-10 4.982E-10 7.146E-10 1.994E-09 1.981E-09 1.417E-09 9.642E-10 7.658E-10 6.534E-10 4.339E-10 3.329E-10 2.566E-10 2.561E-10 2.804E-10 3.031E-10 2.845E-10 3.013E-10 3.137E-10 3.451E-10 2.914E-10 2.556E-10 2.288E-10 1.799E-10 1.468E-10 9.908E-11 6.620E-11 5.001E-11 2.977E-11 1.892E-11
  1.600E+02  4.157E-07 3.864E-07 3.234E-07 2.705E-07 2.332E-07 2.039E-07 1.790E-07 1.607E-07 1.445E-07 1.322E-07 1.205E-07 1.088E-07 9.309E-08 8.097E-08 5.873E-08 4.522E-08 3.338E-08 2.473E-08 1.356E-08 1.609E-08 1.808E-08 1.452E-08 1.310E-08 1.023E-08 8.295E-09 5.846E-09 4.378E-09 3.042E-09 2.048E-09 2.846E-09 2.372E-09 1.500E-09 8.034E-10 5.028E-10 7.213E-10 2.013E-09 2.000E-09 1.430E-09 9.737E-10 7.734E-10 6.599E-10 4.382E-10 3.362E-10 2.592E-10 2.587E-10 2.832E-10 3.063E-10 2.875E-10 3.045E-10 3.170E-10 3.489E-10 2.945E-10 2.584E-10 2.313E-10 1.819E-10 1.485E-10 1.002E-10 6.697E-11 5.059E-11 3.012E-11 1.915E-11
  1.620E+02  4.218E-07 3.923E-07 3.276E-07 2.744E-07 2.364E-07 2.063E-07 1.812E-07 1.626E-07 1.463E-07 1.338E-07 1.219E-07 1.101E-07 9.420E-08 8.191E-08 5.940E-08 4.571E-08 3.372E-08 2.497E-08 1.368E-08 1.620E-08 1.822E-08 1.465E-08 1.322E-08 1.032E-08 8.367E-09 5.895E-09 4.414E-09 3.067E-09 2.065E-09 2.869E-09 2.392E-09 1.513E-09 8.102E-10 5.070E-10 7.275E-10 2.031E-09 2.018E-09 1.443E-09 9.824E-10 7.803E-10 6.658E-10 4.421E-10 3.392E-10 2.615E-10 2.611E-10 2.859E-10 3.092E-10 2.902E-10 3.074E-10 3.201E-10 3.524E-10 2.975E-10 2.609E-10 2.336E-10 1.837E-10 1.500E-10 1.012E-10 6.767E-11 5.112E-11 3.045E-11 1.935E-11
  1.640E+02  4.195E-07 3.917E-07 3.273E-07 2.748E-07 2.371E-07 2.069E-07 1.821E-07 1.634E-07 1.472E-07 1.348E-07 1.228E-07 1.110E-07 9.506E-08 8.269E-08 5.999E-08 4.616E-08 3.404E-08 2.520E-08 1.379E-08 1.630E-08 1.835E-08 1.476E-08 1.332E-08 1.040E-08 8.434E-09 5.940E-09 4.448E-09 3.091E-09 2.080E-09 2.891E-09 2.410E-09 1.524E-09 8.163E-10 5.108E-10 7.331E-10 2.048E-09 2.034E-09 1.455E-09 9.903E-10 7.866E-10 6.712E-10 4.457E-10 3.420E-10 2.636E-10 2.632E-10 2.883E-10 3.119E-10 2.927E-10 3.100E-10 3.230E-10 3.555E-10 3.001E-10 2.633E-10 2.358E-10 1.854E-10 1.514E-10 1.022E-10 6.830E-11 5.161E-11 3.074E-11 1.954E-11
  1.660E+02  4.071E-07 3.831E-07 3.219E-07 2.707E-07 2.344E-07 2.053E-07 1.811E-07 1.631E-07 1.472E-07 1.350E-07 1.232E-07 1.115E-07 9.565E-08 8.331E-08 6.052E-08 4.657E-08 3.434E-08 2.541E-08 1.389E-08 1.639E-08 1.847E-08 1.487E-08 1.342E-08 1.048E-08 8.494E-09 5.981E-09 4.479E-09 3.111E-09 2.093E-09 2.910E-09 2.427E-09 1.535E-09 8.219E-10 5.143E-10 7.381E-10 2.062E-09 2.049E-09 1.465E-09 9.974E-10 7.923E-10 6.760E-10 4.489E-10 3.444E-10 2.655E-10 2.652E-10 2.904E-10 3.142E-10 2.949E-10 3.124E-10 3.255E-10 3.583E-10 3.025E-10 2.654E-10 2.377E-10 1.869E-10 1.526E-10 1.030E-10 6.887E-11 5.204E-11 3.100E-11 1.971E-11
  1.680E+02  3.845E-07 3.660E-07 3.112E-07 2.623E-07 2.288E-07 2.018E-07 1.788E-07 1.618E-07 1.464E-07 1.346E-07 1.232E-07 1.118E-07 9.606E-08 8.381E-08 6.099E-08 4.694E-08 3.461E-08 2.560E-08 1.398E-08 1.647E-08 1.857E-08 1.497E-08 1.351E-08 1.055E-08 8.549E-09 6.017E-09 4.506E-09 3.130E-09 2.105E-09 2.927E-09 2.441E-09 1.544E-09 8.267E-10 5.173E-10 7.425E-10 2.075E-09 2.062E-09 1.474E-09 1.004E-09 7.972E-10 6.802E-10 4.517E-10 3.466E-10 2.672E-10 2.669E-10 2.923E-10 3.163E-10 2.969E-10 3.145E-10 3.277E-10 3.607E-10 3.046E-10 2.672E-10 2.393E-10 1.882E-10 1.537E-10 1.038E-10 6.937E-11 5.242E-11 3.123E-11 1.986E-11
  1.700E+02  3.569E-07 3.439E-07 2.971E-07 2.524E-07 2.222E-07 1.975E-07 1.760E-07 1.603E-07 1.454E-07 1.342E-07 1.231E-07 1.119E-07 9.646E-08 8.431E-08 6.144E-08 4.729E-08 3.486E-08 2.577E-08 1.406E-08 1.653E-08 1.867E-08 1.505E-08 1.359E-08 1.061E-08 8.596E-09 6.049E-09 4.529E-09 3.146E-09 2.115E-09 2.941E-09 2.454E-09 1.552E-09 8.309E-10 5.199E-10 7.463E-10 2.086E-09 2.073E-09 1.482E-09 1.009E-09 8.015E-10 6.838E-10 4.541E-10 3.484E-10 2.686E-10 2.683E-10 2.939E-10 3.180E-10 2.986E-10 3.163E-10 3.296E-10 3.628E-10 3.064E-10 2.688E-10 2.407E-10 1.894E-10 1.546E-10 1.044E-10 6.980E-11 5.274E-11 3.143E-11 1.998E-11
  1.720E+02  3.355E-07 3.264E-07 2.857E-07 2.458E-07 2.181E-07 1.950E-07 1.749E-07 1.597E-07 1.454E-07 1.345E-07 1.236E-07 1.125E-07 9.711E-08 8.494E-08 6.192E-08 4.764E-08 3.509E-08 2.593E-08 1.413E-08 1.659E-08 1.874E-08 1.513E-08 1.366E-08 1.066E-08 8.636E-09 6.075E-09 4.548E-09 3.159E-09 2.123E-09 2.953E-09 2.464E-09 1.558E-09 8.343E-10 5.220E-10 7.494E-10 2.095E-09 2.082E-09 1.489E-09 1.013E-09 8.050E-10 6.868E-10 4.561E-10 3.500E-10 2.698E-10 2.695E-10 2.952E-10 3.195E-10 3.000E-10 3.177E-10 3.311E-10 3.646E-10 3.079E-10 2.701E-10 2.419E-10 1.903E-10 1.554E-10 1.049E-10 7.015E-11 5.301E-11 3.159E-11 2.009E-11
  1.740E+02  3.320E-07 3.256E-07 2.854E-07 2.476E-07 2.200E-07 1.972E-07 1.770E-07 1.616E-07 1.473E-07 1.362E-07 1.251E-07 1.138E-07 9.821E-08 8.583E-08 6.245E-08 4.799E-08 3.530E-08 2.607E-08 1.419E-08 1.663E-08 1.881E-08 1.519E-08 1.372E-08 1.070E-08 8.669E-09 6.096E-09 4.564E-09 3.169E-09 2.129E-09 2.963E-09 2.472E-09 1.563E-09 8.370E-10 5.236E-10 7.518E-10 2.102E-09 2.089E-09 1.494E-09 1.017E-09 8.077E-10 6.891E-10 4.577E-10 3.512E-10 2.707E-10 2.705E-10 2.963E-10 3.206E-10 3.010E-10 3.189E-10 3.323E-10 3.659E-10 3.090E-10 2.711E-10 2.428E-10 1.910E-10 1.560E-10 1.053E-10 7.043E-11 5.322E-11 3.171E-11 2.017E-11
  1.760E+02  3.506E-07 3.454E-07 3.002E-07 2.587E-07 2.289E-07 2.045E-07 1.825E-07 1.661E-07 1.509E-07 1.393E-07 1.277E-07 1.158E-07 9.969E-08 8.690E-08 6.300E-08 4.831E-08 3.549E-08 2.618E-08 1.423E-08 1.666E-08 1.885E-08 1.523E-08 1.376E-08 1.073E-08 8.693E-09 6.112E-09 4.575E-09 3.177E-09 2.134E-09 2.970E-09 2.478E-09 1.567E-09 8.389E-10 5.248E-10 7.536E-10 2.107E-09 2.094E-09 1.497E-09 1.019E-09 8.097E-10 6.908E-10 4.588E-10 3.520E-10 2.714E-10 2.711E-10 2.970E-10 3.215E-10 3.018E-10 3.197E-10 3.332E-10 3.669E-10 3.098E-10 2.718E-10 2.435E-10 1.915E-10 1.564E-10 1.056E-10 7.062E-11 5.337E-11 3.180E-11 2.022E-11
  1.780E+02  3.809E-07 3.763E-07 3.229E-07 2.744E-07 2.407E-07 2.136E-07 1.891E-07 1.713E-07 1.550E-07 1.425E-07 1.303E-07 1.179E-07 1.011E-07 8.785E-08 6.344E-08 4.855E-08 3.562E-08 2.626E-08 1.426E-08 1.668E-08 1.888E-08 1.526E-08 1.379E-08 1.075E-08 8.708E-09 6.121E-09 4.582E-09 3.181E-09 2.137E-09 2.974E-09 2.481E-09 1.569E-09 8.400E-10 5.255E-10 7.546E-10 2.111E-09 2.097E-09 1.499E-09 1.021E-09 8.109E-10 6.918E-10 4.594E-10 3.525E-10 2.718E-10 2.715E-10 2.975E-10 3.219E-10 3.023E-10 3.202E-10 3.338E-10 3.675E-10 3.103E-10 2.723E-10 2.439E-10 1.918E-10 1.567E-10 1.058E-10 7.074E-11 5.346E-11 3.186E-11 2.026E-11
  1.800E+02  3.972E-07 3.933E-07 3.349E-07 2.827E-07 2.466E-07 2.180E-07 1.923E-07 1.737E-07 1.568E-07 1.440E-07 1.314E-07 1.188E-07 1.016E-07 8.823E-08 6.361E-08 4.863E-08 3.567E-08 2.628E-08 1.427E-08 1.669E-08 1.889E-08 1.527E-08 1.380E-08 1.076E-08 8.713E-09 6.124E-09 4.584E-09 3.183E-09 2.138E-09 2.975E-09 2.482E-09 1.570E-09 8.404E-10 5.258E-10 7.550E-10 2.112E-09 2.098E-09 1.500E-09 1.021E-09 8.112E-10 6.922E-10 4.597E-10 3.527E-10 2.719E-10 2.717E-10 2.976E-10 3.221E-10 3.024E-10 3.204E-10 3.339E-10 3.677E-10 3.105E-10 2.724E-10 2.440E-10 1.920E-10 1.567E-10 1.059E-10 7.078E-11 5.349E-11 3.188E-11 2.027E-11
