# water soluble (99%) 
#
# size distribution: lognormal
# ------------------
#
#   minimum radius, [um]:      7.900E-03
#   maximum radius, [um]:      7.490E+01
#                  sigma:      2.240E+00
#       Rmod (wet), [um]:      5.340E-02
#       Rmod (dry), [um]:      2.120E-02
#
# optical parameters:
# -------------------
#
# wavelength ext.coef  sca.coef  abs.coef  si.sc.alb  asym.par  ext.nor    ref.real  ref.imag
#     [um]     [1/km]    [1/km]    [1/km]
#
#  2.500E-01 7.993E-05 7.811E-05 1.817E-06 9.773E-01 0.776E+00 1.686E+00  1.373E+00 -1.877E-03
#  3.000E-01 7.410E-05 7.369E-05 4.164E-07 9.944E-01 0.778E+00 1.563E+00  1.360E+00 -5.006E-04
#  3.500E-01 6.810E-05 6.788E-05 2.206E-07 9.968E-01 0.779E+00 1.437E+00  1.355E+00 -3.129E-04
#  4.000E-01 6.230E-05 6.212E-05 1.894E-07 9.970E-01 0.778E+00 1.314E+00  1.351E+00 -3.129E-04
#  4.500E-01 5.697E-05 5.680E-05 1.665E-07 9.971E-01 0.776E+00 1.202E+00  1.349E+00 -3.129E-04
#  5.000E-01 5.198E-05 5.184E-05 1.476E-07 9.972E-01 0.773E+00 1.097E+00  1.347E+00 -3.129E-04
#  5.500E-01 4.740E-05 4.724E-05 1.586E-07 9.967E-01 0.770E+00 1.000E+00  1.345E+00 -3.754E-04
#  6.000E-01 4.334E-05 4.319E-05 1.433E-07 9.967E-01 0.766E+00 9.142E-01  1.344E+00 -3.754E-04
#  6.500E-01 3.966E-05 3.951E-05 1.523E-07 9.962E-01 0.761E+00 8.366E-01  1.343E+00 -4.380E-04
#  7.000E-01 3.644E-05 3.630E-05 1.398E-07 9.962E-01 0.756E+00 7.687E-01  1.343E+00 -4.380E-04
#  7.500E-01 3.342E-05 3.327E-05 1.563E-07 9.953E-01 0.752E+00 7.051E-01  1.343E+00 -5.320E-04
#  8.000E-01 3.063E-05 3.046E-05 1.699E-07 9.945E-01 0.748E+00 6.462E-01  1.341E+00 -6.258E-04
#  9.000E-01 2.605E-05 2.586E-05 1.918E-07 9.926E-01 0.738E+00 5.496E-01  1.340E+00 -8.139E-04
#  1.000E+00 2.229E-05 2.209E-05 2.016E-07 9.910E-01 0.729E+00 4.702E-01  1.339E+00 -9.726E-04
#  1.250E+00 1.535E-05 1.516E-05 1.884E-07 9.877E-01 0.706E+00 3.238E-01  1.335E+00 -1.197E-03
#  1.500E+00 1.105E-05 1.085E-05 2.003E-07 9.819E-01 0.682E+00 2.331E-01  1.333E+00 -1.595E-03
#  1.750E+00 7.811E-06 7.688E-06 1.228E-07 9.843E-01 0.662E+00 1.648E-01  1.323E+00 -1.189E-03
#  2.000E+00 5.671E-06 5.537E-06 1.335E-07 9.765E-01 0.643E+00 1.196E-01  1.313E+00 -1.532E-03
#  2.500E+00 2.742E-06 2.586E-06 1.557E-07 9.432E-01 0.611E+00 5.785E-02  1.271E+00 -2.382E-03
#  3.000E+00 1.335E-05 2.435E-06 1.091E-05 1.824E-01 0.485E+00 2.815E-01  1.374E+00 -2.564E-01
#  3.200E+00 7.208E-06 3.261E-06 3.947E-06 4.524E-01 0.510E+00 1.521E-01  1.475E+00 -8.712E-02
#  3.390E+00 3.686E-06 2.683E-06 1.003E-06 7.280E-01 0.517E+00 7.776E-02  1.423E+00 -2.214E-02
#  3.500E+00 2.761E-06 2.358E-06 4.027E-07 8.542E-01 0.516E+00 5.825E-02  1.403E+00 -9.125E-03
#  3.750E+00 1.902E-06 1.758E-06 1.437E-07 9.244E-01 0.507E+00 4.012E-02  1.374E+00 -3.531E-03
#  4.000E+00 1.535E-06 1.362E-06 1.738E-07 8.868E-01 0.495E+00 3.239E-02  1.358E+00 -4.625E-03
#  4.500E+00 1.320E-06 8.852E-07 4.345E-07 6.707E-01 0.469E+00 2.784E-02  1.340E+00 -1.337E-02
#  5.000E+00 9.953E-07 6.390E-07 3.562E-07 6.421E-01 0.445E+00 2.100E-02  1.333E+00 -1.237E-02
#  5.500E+00 7.294E-07 4.179E-07 3.115E-07 5.729E-01 0.424E+00 1.539E-02  1.307E+00 -1.200E-02
#  6.000E+00 2.601E-06 2.507E-07 2.350E-06 9.637E-02 0.374E+00 5.487E-02  1.274E+00 -1.017E-01
#  6.200E+00 2.218E-06 3.872E-07 1.831E-06 1.746E-01 0.376E+00 4.679E-02  1.367E+00 -8.418E-02
#  6.500E+00 1.132E-06 3.144E-07 8.176E-07 2.778E-01 0.377E+00 2.388E-02  1.347E+00 -3.881E-02
#  7.200E+00 8.531E-07 1.972E-07 6.559E-07 2.312E-01 0.354E+00 1.800E-02  1.318E+00 -3.447E-02
#  7.900E+00 7.465E-07 1.232E-07 6.234E-07 1.650E-01 0.331E+00 1.575E-02  1.288E+00 -3.585E-02
#  8.200E+00 7.547E-07 9.575E-08 6.589E-07 1.269E-01 0.320E+00 1.592E-02  1.269E+00 -3.916E-02
#  8.500E+00 8.628E-07 9.223E-08 7.706E-07 1.069E-01 0.310E+00 1.820E-02  1.279E+00 -4.786E-02
#  8.700E+00 9.464E-07 1.269E-07 8.195E-07 1.341E-01 0.308E+00 1.996E-02  1.343E+00 -5.367E-02
#  9.000E+00 1.005E-06 1.144E-07 8.901E-07 1.139E-01 0.299E+00 2.119E-02  1.343E+00 -6.056E-02
#  9.200E+00 1.038E-06 9.024E-08 9.480E-07 8.692E-02 0.291E+00 2.190E-02  1.314E+00 -6.518E-02
#  9.500E+00 8.047E-07 6.882E-08 7.358E-07 8.553E-02 0.285E+00 1.698E-02  1.287E+00 -5.163E-02
#  9.800E+00 7.621E-07 5.505E-08 7.070E-07 7.224E-02 0.277E+00 1.608E-02  1.269E+00 -5.085E-02
#  1.000E+01 7.759E-07 4.684E-08 7.291E-07 6.037E-02 0.271E+00 1.637E-02  1.256E+00 -5.325E-02
#  1.060E+01 9.137E-07 2.864E-08 8.850E-07 3.135E-02 0.252E+00 1.927E-02  1.215E+00 -6.756E-02
#  1.100E+01 1.217E-06 2.159E-08 1.195E-06 1.774E-02 0.236E+00 2.567E-02  1.188E+00 -9.387E-02
#  1.150E+01 1.691E-06 1.802E-08 1.673E-06 1.066E-02 0.217E+00 3.567E-02  1.160E+00 -1.361E-01
#  1.250E+01 2.812E-06 2.475E-08 2.787E-06 8.803E-03 0.186E+00 5.932E-02  1.154E+00 -2.461E-01
#  1.300E+01 3.151E-06 2.913E-08 3.122E-06 9.244E-03 0.176E+00 6.647E-02  1.176E+00 -2.894E-01
#  1.400E+01 3.457E-06 3.462E-08 3.422E-06 1.001E-02 0.162E+00 7.292E-02  1.232E+00 -3.514E-01
#  1.480E+01 3.437E-06 3.466E-08 3.403E-06 1.008E-02 0.154E+00 7.251E-02  1.269E+00 -3.775E-01
#  1.500E+01 3.477E-06 3.526E-08 3.442E-06 1.014E-02 0.152E+00 7.336E-02  1.279E+00 -3.894E-01
#  1.640E+01 3.157E-06 3.420E-08 3.123E-06 1.083E-02 0.144E+00 6.660E-02  1.371E+00 -4.103E-01
#  1.720E+01 2.940E-06 3.357E-08 2.906E-06 1.142E-02 0.141E+00 6.202E-02  1.429E+00 -4.173E-01
#  1.800E+01 2.706E-06 3.021E-08 2.675E-06 1.116E-02 0.138E+00 5.708E-02  1.458E+00 -4.106E-01
#  1.850E+01 2.576E-06 2.789E-08 2.548E-06 1.082E-02 0.136E+00 5.435E-02  1.468E+00 -4.053E-01
#  2.000E+01 2.161E-06 2.292E-08 2.138E-06 1.061E-02 0.131E+00 4.558E-02  1.520E+00 -3.822E-01
#  2.130E+01 1.948E-06 1.834E-08 1.930E-06 9.413E-03 0.125E+00 4.109E-02  1.527E+00 -3.697E-01
#  2.250E+01 1.787E-06 1.530E-08 1.772E-06 8.558E-03 0.120E+00 3.771E-02  1.537E+00 -3.619E-01
#  2.500E+01 1.536E-06 1.073E-08 1.526E-06 6.982E-03 0.110E+00 3.241E-02  1.553E+00 -3.512E-01
#  2.790E+01 1.298E-06 7.287E-09 1.290E-06 5.615E-03 0.995E-01 2.738E-02  1.567E+00 -3.359E-01
#  3.000E+01 1.169E-06 5.520E-09 1.163E-06 4.722E-03 0.925E-01 2.466E-02  1.568E+00 -3.262E-01
#  3.500E+01 1.048E-06 3.098E-09 1.045E-06 2.956E-03 0.765E-01 2.211E-02  1.556E+00 -3.400E-01
#  4.000E+01 1.066E-06 1.975E-09 1.064E-06 1.853E-03 0.627E-01 2.248E-02  1.540E+00 -3.922E-01
#
# volume phase function [1/km]:
# -----------------------------
#
# sca.ang. | wavelengths --->
# ---------|------------------
#          | 2.500E-01 3.000E-01 3.500E-01 4.000E-01 4.500E-01 5.000E-01 5.500E-01 6.000E-01 6.500E-01 7.000E-01 7.500E-01 8.000E-01 9.000E-01 1.000E+00 1.250E+00 1.500E+00 1.750E+00 2.000E+00 2.500E+00 3.000E+00 3.200E+00 3.390E+00 3.500E+00 3.750E+00 4.000E+00 4.500E+00 5.000E+00 5.500E+00 6.000E+00 6.200E+00 6.500E+00 7.200E+00 7.900E+00 8.200E+00 8.500E+00 8.700E+00 9.000E+00 9.200E+00 9.500E+00 9.800E+00 1.000E+01 1.060E+01 1.100E+01 1.150E+01 1.250E+01 1.300E+01 1.400E+01 1.480E+01 1.500E+01 1.640E+01 1.720E+01 1.800E+01 1.850E+01 2.000E+01 2.130E+01 2.250E+01 2.500E+01 2.790E+01 3.000E+01 3.500E+01 4.000E+01
#
  0.000E+00  3.736E-04 2.829E-04 2.216E-04 1.790E-04 1.476E-04 1.234E-04 1.045E-04 8.928E-05 7.706E-05 6.696E-05 5.845E-05 5.126E-05 4.014E-05 3.189E-05 1.893E-05 1.197E-05 7.766E-06 5.175E-06 2.206E-06 1.272E-06 1.673E-06 1.439E-06 1.276E-06 9.422E-07 7.098E-07 4.273E-07 2.873E-07 1.784E-07 9.215E-08 1.368E-07 1.129E-07 6.688E-08 3.937E-08 2.982E-08 2.770E-08 3.689E-08 3.234E-08 2.517E-08 1.906E-08 1.496E-08 1.254E-08 7.288E-09 5.246E-09 4.124E-09 5.104E-09 5.804E-09 6.566E-09 6.395E-09 6.455E-09 6.067E-09 5.873E-09 5.221E-09 4.784E-09 3.867E-09 3.040E-09 2.498E-09 1.702E-09 1.124E-09 8.359E-10 4.500E-10 2.767E-10
  1.000E-01  3.733E-04 2.828E-04 2.215E-04 1.789E-04 1.475E-04 1.234E-04 1.045E-04 8.927E-05 7.705E-05 6.695E-05 5.845E-05 5.125E-05 4.014E-05 3.189E-05 1.893E-05 1.197E-05 7.766E-06 5.175E-06 2.206E-06 1.272E-06 1.673E-06 1.439E-06 1.276E-06 9.422E-07 7.098E-07 4.273E-07 2.873E-07 1.784E-07 9.215E-08 1.368E-07 1.129E-07 6.688E-08 3.937E-08 2.982E-08 2.770E-08 3.689E-08 3.234E-08 2.517E-08 1.906E-08 1.496E-08 1.254E-08 7.288E-09 5.246E-09 4.124E-09 5.104E-09 5.804E-09 6.566E-09 6.395E-09 6.455E-09 6.067E-09 5.873E-09 5.221E-09 4.784E-09 3.867E-09 3.040E-09 2.498E-09 1.702E-09 1.124E-09 8.359E-10 4.500E-10 2.767E-10
  2.000E-01  3.725E-04 2.824E-04 2.213E-04 1.788E-04 1.474E-04 1.233E-04 1.044E-04 8.924E-05 7.703E-05 6.693E-05 5.844E-05 5.124E-05 4.013E-05 3.189E-05 1.893E-05 1.197E-05 7.765E-06 5.175E-06 2.205E-06 1.272E-06 1.673E-06 1.439E-06 1.276E-06 9.422E-07 7.097E-07 4.273E-07 2.873E-07 1.784E-07 9.215E-08 1.368E-07 1.129E-07 6.688E-08 3.937E-08 2.982E-08 2.770E-08 3.689E-08 3.234E-08 2.517E-08 1.906E-08 1.496E-08 1.254E-08 7.288E-09 5.245E-09 4.124E-09 5.104E-09 5.804E-09 6.566E-09 6.395E-09 6.455E-09 6.066E-09 5.873E-09 5.221E-09 4.784E-09 3.867E-09 3.040E-09 2.498E-09 1.702E-09 1.124E-09 8.359E-10 4.500E-10 2.767E-10
  3.000E-01  3.712E-04 2.817E-04 2.210E-04 1.786E-04 1.473E-04 1.232E-04 1.044E-04 8.918E-05 7.699E-05 6.690E-05 5.841E-05 5.122E-05 4.012E-05 3.188E-05 1.893E-05 1.197E-05 7.764E-06 5.174E-06 2.205E-06 1.271E-06 1.673E-06 1.439E-06 1.276E-06 9.421E-07 7.097E-07 4.273E-07 2.873E-07 1.783E-07 9.214E-08 1.368E-07 1.129E-07 6.688E-08 3.937E-08 2.982E-08 2.770E-08 3.689E-08 3.234E-08 2.517E-08 1.906E-08 1.496E-08 1.254E-08 7.288E-09 5.245E-09 4.124E-09 5.104E-09 5.803E-09 6.566E-09 6.395E-09 6.455E-09 6.066E-09 5.873E-09 5.221E-09 4.784E-09 3.867E-09 3.040E-09 2.498E-09 1.702E-09 1.124E-09 8.359E-10 4.500E-10 2.767E-10
  4.000E-01  3.695E-04 2.809E-04 2.205E-04 1.783E-04 1.471E-04 1.231E-04 1.043E-04 8.911E-05 7.694E-05 6.686E-05 5.838E-05 5.120E-05 4.010E-05 3.187E-05 1.892E-05 1.196E-05 7.763E-06 5.173E-06 2.205E-06 1.271E-06 1.673E-06 1.438E-06 1.276E-06 9.421E-07 7.096E-07 4.272E-07 2.873E-07 1.783E-07 9.214E-08 1.368E-07 1.128E-07 6.687E-08 3.937E-08 2.982E-08 2.770E-08 3.689E-08 3.234E-08 2.517E-08 1.906E-08 1.496E-08 1.254E-08 7.288E-09 5.245E-09 4.124E-09 5.104E-09 5.803E-09 6.566E-09 6.395E-09 6.455E-09 6.066E-09 5.872E-09 5.220E-09 4.784E-09 3.867E-09 3.040E-09 2.498E-09 1.702E-09 1.124E-09 8.359E-10 4.500E-10 2.767E-10
  5.000E-01  3.674E-04 2.798E-04 2.198E-04 1.779E-04 1.468E-04 1.229E-04 1.041E-04 8.902E-05 7.687E-05 6.681E-05 5.834E-05 5.117E-05 4.008E-05 3.185E-05 1.892E-05 1.196E-05 7.761E-06 5.172E-06 2.204E-06 1.271E-06 1.672E-06 1.438E-06 1.276E-06 9.420E-07 7.096E-07 4.272E-07 2.873E-07 1.783E-07 9.213E-08 1.368E-07 1.128E-07 6.687E-08 3.937E-08 2.982E-08 2.770E-08 3.689E-08 3.234E-08 2.517E-08 1.906E-08 1.496E-08 1.254E-08 7.287E-09 5.245E-09 4.123E-09 5.104E-09 5.803E-09 6.565E-09 6.395E-09 6.455E-09 6.066E-09 5.872E-09 5.220E-09 4.784E-09 3.867E-09 3.040E-09 2.498E-09 1.701E-09 1.124E-09 8.358E-10 4.499E-10 2.767E-10
  6.000E-01  3.649E-04 2.785E-04 2.191E-04 1.774E-04 1.465E-04 1.227E-04 1.040E-04 8.892E-05 7.679E-05 6.675E-05 5.829E-05 5.113E-05 4.006E-05 3.184E-05 1.891E-05 1.196E-05 7.758E-06 5.170E-06 2.204E-06 1.271E-06 1.672E-06 1.438E-06 1.276E-06 9.418E-07 7.095E-07 4.272E-07 2.872E-07 1.783E-07 9.212E-08 1.368E-07 1.128E-07 6.686E-08 3.936E-08 2.982E-08 2.770E-08 3.688E-08 3.234E-08 2.516E-08 1.906E-08 1.496E-08 1.254E-08 7.287E-09 5.245E-09 4.123E-09 5.104E-09 5.803E-09 6.565E-09 6.395E-09 6.454E-09 6.066E-09 5.872E-09 5.220E-09 4.784E-09 3.867E-09 3.039E-09 2.498E-09 1.701E-09 1.124E-09 8.358E-10 4.499E-10 2.767E-10
  7.000E-01  3.622E-04 2.770E-04 2.182E-04 1.769E-04 1.462E-04 1.225E-04 1.038E-04 8.879E-05 7.669E-05 6.668E-05 5.823E-05 5.108E-05 4.003E-05 3.182E-05 1.890E-05 1.195E-05 7.756E-06 5.169E-06 2.203E-06 1.271E-06 1.672E-06 1.438E-06 1.275E-06 9.417E-07 7.094E-07 4.271E-07 2.872E-07 1.783E-07 9.211E-08 1.368E-07 1.128E-07 6.686E-08 3.936E-08 2.981E-08 2.769E-08 3.688E-08 3.234E-08 2.516E-08 1.905E-08 1.496E-08 1.254E-08 7.286E-09 5.244E-09 4.123E-09 5.103E-09 5.803E-09 6.565E-09 6.395E-09 6.454E-09 6.066E-09 5.872E-09 5.220E-09 4.784E-09 3.867E-09 3.039E-09 2.498E-09 1.701E-09 1.124E-09 8.358E-10 4.499E-10 2.767E-10
  8.000E-01  3.592E-04 2.754E-04 2.173E-04 1.763E-04 1.458E-04 1.222E-04 1.036E-04 8.865E-05 7.658E-05 6.659E-05 5.817E-05 5.103E-05 3.999E-05 3.179E-05 1.889E-05 1.195E-05 7.752E-06 5.167E-06 2.202E-06 1.270E-06 1.672E-06 1.438E-06 1.275E-06 9.415E-07 7.092E-07 4.270E-07 2.872E-07 1.783E-07 9.210E-08 1.368E-07 1.128E-07 6.685E-08 3.936E-08 2.981E-08 2.769E-08 3.688E-08 3.233E-08 2.516E-08 1.905E-08 1.496E-08 1.254E-08 7.286E-09 5.244E-09 4.123E-09 5.103E-09 5.802E-09 6.565E-09 6.394E-09 6.454E-09 6.065E-09 5.872E-09 5.220E-09 4.783E-09 3.867E-09 3.039E-09 2.497E-09 1.701E-09 1.124E-09 8.358E-10 4.499E-10 2.767E-10
  9.000E-01  3.559E-04 2.736E-04 2.162E-04 1.757E-04 1.454E-04 1.219E-04 1.034E-04 8.849E-05 7.646E-05 6.650E-05 5.809E-05 5.097E-05 3.995E-05 3.176E-05 1.887E-05 1.194E-05 7.749E-06 5.165E-06 2.202E-06 1.270E-06 1.671E-06 1.437E-06 1.275E-06 9.413E-07 7.091E-07 4.269E-07 2.871E-07 1.782E-07 9.209E-08 1.367E-07 1.128E-07 6.684E-08 3.935E-08 2.981E-08 2.769E-08 3.688E-08 3.233E-08 2.516E-08 1.905E-08 1.496E-08 1.254E-08 7.285E-09 5.244E-09 4.122E-09 5.103E-09 5.802E-09 6.564E-09 6.394E-09 6.454E-09 6.065E-09 5.871E-09 5.220E-09 4.783E-09 3.867E-09 3.039E-09 2.497E-09 1.701E-09 1.124E-09 8.358E-10 4.499E-10 2.767E-10
  1.000E+00  3.525E-04 2.717E-04 2.151E-04 1.750E-04 1.449E-04 1.216E-04 1.032E-04 8.831E-05 7.633E-05 6.639E-05 5.801E-05 5.091E-05 3.991E-05 3.173E-05 1.886E-05 1.193E-05 7.745E-06 5.162E-06 2.201E-06 1.270E-06 1.671E-06 1.437E-06 1.275E-06 9.411E-07 7.089E-07 4.269E-07 2.870E-07 1.782E-07 9.207E-08 1.367E-07 1.128E-07 6.683E-08 3.935E-08 2.980E-08 2.768E-08 3.687E-08 3.233E-08 2.516E-08 1.905E-08 1.495E-08 1.254E-08 7.284E-09 5.243E-09 4.122E-09 5.102E-09 5.802E-09 6.564E-09 6.394E-09 6.453E-09 6.065E-09 5.871E-09 5.219E-09 4.783E-09 3.866E-09 3.039E-09 2.497E-09 1.701E-09 1.124E-09 8.357E-10 4.499E-10 2.767E-10
  1.100E+00  3.489E-04 2.697E-04 2.139E-04 1.742E-04 1.444E-04 1.212E-04 1.029E-04 8.812E-05 7.618E-05 6.628E-05 5.792E-05 5.083E-05 3.986E-05 3.170E-05 1.885E-05 1.192E-05 7.740E-06 5.160E-06 2.200E-06 1.269E-06 1.671E-06 1.437E-06 1.274E-06 9.409E-07 7.088E-07 4.268E-07 2.870E-07 1.782E-07 9.206E-08 1.367E-07 1.128E-07 6.682E-08 3.934E-08 2.980E-08 2.768E-08 3.687E-08 3.232E-08 2.515E-08 1.905E-08 1.495E-08 1.254E-08 7.284E-09 5.243E-09 4.122E-09 5.102E-09 5.801E-09 6.564E-09 6.393E-09 6.453E-09 6.065E-09 5.871E-09 5.219E-09 4.783E-09 3.866E-09 3.039E-09 2.497E-09 1.701E-09 1.124E-09 8.357E-10 4.499E-10 2.766E-10
  1.200E+00  3.451E-04 2.676E-04 2.126E-04 1.734E-04 1.438E-04 1.208E-04 1.026E-04 8.791E-05 7.602E-05 6.616E-05 5.783E-05 5.076E-05 3.981E-05 3.167E-05 1.883E-05 1.192E-05 7.736E-06 5.157E-06 2.198E-06 1.269E-06 1.670E-06 1.436E-06 1.274E-06 9.406E-07 7.086E-07 4.267E-07 2.869E-07 1.781E-07 9.204E-08 1.367E-07 1.127E-07 6.681E-08 3.933E-08 2.979E-08 2.768E-08 3.686E-08 3.232E-08 2.515E-08 1.904E-08 1.495E-08 1.253E-08 7.283E-09 5.242E-09 4.121E-09 5.102E-09 5.801E-09 6.563E-09 6.393E-09 6.452E-09 6.064E-09 5.871E-09 5.219E-09 4.783E-09 3.866E-09 3.039E-09 2.497E-09 1.701E-09 1.124E-09 8.356E-10 4.498E-10 2.766E-10
  1.300E+00  3.413E-04 2.655E-04 2.113E-04 1.725E-04 1.433E-04 1.204E-04 1.023E-04 8.769E-05 7.585E-05 6.603E-05 5.772E-05 5.067E-05 3.975E-05 3.163E-05 1.881E-05 1.191E-05 7.730E-06 5.154E-06 2.197E-06 1.269E-06 1.670E-06 1.436E-06 1.274E-06 9.403E-07 7.084E-07 4.265E-07 2.868E-07 1.781E-07 9.202E-08 1.367E-07 1.127E-07 6.680E-08 3.933E-08 2.979E-08 2.767E-08 3.686E-08 3.231E-08 2.515E-08 1.904E-08 1.495E-08 1.253E-08 7.282E-09 5.241E-09 4.121E-09 5.101E-09 5.800E-09 6.563E-09 6.392E-09 6.452E-09 6.064E-09 5.870E-09 5.218E-09 4.782E-09 3.866E-09 3.038E-09 2.497E-09 1.701E-09 1.124E-09 8.356E-10 4.498E-10 2.766E-10
  1.400E+00  3.374E-04 2.632E-04 2.099E-04 1.717E-04 1.427E-04 1.200E-04 1.020E-04 8.746E-05 7.568E-05 6.589E-05 5.761E-05 5.059E-05 3.969E-05 3.159E-05 1.879E-05 1.190E-05 7.725E-06 5.150E-06 2.196E-06 1.268E-06 1.669E-06 1.435E-06 1.273E-06 9.400E-07 7.081E-07 4.264E-07 2.868E-07 1.780E-07 9.200E-08 1.366E-07 1.127E-07 6.679E-08 3.932E-08 2.978E-08 2.767E-08 3.685E-08 3.231E-08 2.514E-08 1.904E-08 1.495E-08 1.253E-08 7.281E-09 5.241E-09 4.120E-09 5.101E-09 5.800E-09 6.562E-09 6.392E-09 6.451E-09 6.063E-09 5.870E-09 5.218E-09 4.782E-09 3.865E-09 3.038E-09 2.497E-09 1.701E-09 1.124E-09 8.356E-10 4.498E-10 2.766E-10
  1.500E+00  3.334E-04 2.609E-04 2.085E-04 1.707E-04 1.420E-04 1.195E-04 1.017E-04 8.721E-05 7.549E-05 6.574E-05 5.750E-05 5.049E-05 3.963E-05 3.154E-05 1.877E-05 1.189E-05 7.719E-06 5.147E-06 2.195E-06 1.268E-06 1.669E-06 1.435E-06 1.273E-06 9.397E-07 7.079E-07 4.263E-07 2.867E-07 1.780E-07 9.198E-08 1.366E-07 1.127E-07 6.677E-08 3.931E-08 2.978E-08 2.766E-08 3.685E-08 3.230E-08 2.514E-08 1.904E-08 1.494E-08 1.253E-08 7.280E-09 5.240E-09 4.120E-09 5.100E-09 5.799E-09 6.561E-09 6.391E-09 6.451E-09 6.063E-09 5.869E-09 5.218E-09 4.782E-09 3.865E-09 3.038E-09 2.497E-09 1.701E-09 1.124E-09 8.355E-10 4.498E-10 2.766E-10
  1.600E+00  3.293E-04 2.585E-04 2.071E-04 1.698E-04 1.414E-04 1.190E-04 1.013E-04 8.695E-05 7.529E-05 6.558E-05 5.737E-05 5.039E-05 3.956E-05 3.150E-05 1.875E-05 1.188E-05 7.712E-06 5.143E-06 2.193E-06 1.267E-06 1.668E-06 1.434E-06 1.272E-06 9.394E-07 7.077E-07 4.261E-07 2.866E-07 1.779E-07 9.195E-08 1.366E-07 1.126E-07 6.676E-08 3.930E-08 2.977E-08 2.766E-08 3.684E-08 3.230E-08 2.513E-08 1.903E-08 1.494E-08 1.253E-08 7.279E-09 5.239E-09 4.119E-09 5.100E-09 5.799E-09 6.561E-09 6.391E-09 6.450E-09 6.062E-09 5.869E-09 5.217E-09 4.781E-09 3.865E-09 3.038E-09 2.496E-09 1.701E-09 1.123E-09 8.355E-10 4.497E-10 2.766E-10
  1.700E+00  3.252E-04 2.561E-04 2.056E-04 1.688E-04 1.407E-04 1.186E-04 1.010E-04 8.668E-05 7.508E-05 6.542E-05 5.724E-05 5.029E-05 3.949E-05 3.145E-05 1.873E-05 1.186E-05 7.706E-06 5.139E-06 2.191E-06 1.267E-06 1.667E-06 1.434E-06 1.272E-06 9.390E-07 7.074E-07 4.260E-07 2.865E-07 1.779E-07 9.193E-08 1.365E-07 1.126E-07 6.674E-08 3.930E-08 2.977E-08 2.765E-08 3.683E-08 3.229E-08 2.513E-08 1.903E-08 1.494E-08 1.252E-08 7.277E-09 5.238E-09 4.119E-09 5.099E-09 5.798E-09 6.560E-09 6.390E-09 6.450E-09 6.062E-09 5.868E-09 5.217E-09 4.781E-09 3.865E-09 3.038E-09 2.496E-09 1.701E-09 1.123E-09 8.354E-10 4.497E-10 2.766E-10
  1.800E+00  3.211E-04 2.537E-04 2.040E-04 1.678E-04 1.400E-04 1.181E-04 1.006E-04 8.640E-05 7.486E-05 6.525E-05 5.711E-05 5.018E-05 3.942E-05 3.139E-05 1.870E-05 1.185E-05 7.698E-06 5.134E-06 2.190E-06 1.266E-06 1.667E-06 1.433E-06 1.271E-06 9.386E-07 7.071E-07 4.258E-07 2.864E-07 1.778E-07 9.190E-08 1.365E-07 1.126E-07 6.673E-08 3.929E-08 2.976E-08 2.765E-08 3.682E-08 3.229E-08 2.512E-08 1.903E-08 1.494E-08 1.252E-08 7.276E-09 5.237E-09 4.118E-09 5.098E-09 5.797E-09 6.559E-09 6.389E-09 6.449E-09 6.061E-09 5.868E-09 5.216E-09 4.780E-09 3.864E-09 3.037E-09 2.496E-09 1.700E-09 1.123E-09 8.353E-10 4.497E-10 2.765E-10
  1.900E+00  3.170E-04 2.512E-04 2.025E-04 1.667E-04 1.393E-04 1.175E-04 1.002E-04 8.611E-05 7.464E-05 6.507E-05 5.697E-05 5.007E-05 3.934E-05 3.134E-05 1.868E-05 1.184E-05 7.691E-06 5.130E-06 2.188E-06 1.265E-06 1.666E-06 1.433E-06 1.271E-06 9.382E-07 7.068E-07 4.257E-07 2.863E-07 1.777E-07 9.187E-08 1.365E-07 1.126E-07 6.671E-08 3.928E-08 2.975E-08 2.764E-08 3.682E-08 3.228E-08 2.512E-08 1.902E-08 1.493E-08 1.252E-08 7.275E-09 5.236E-09 4.117E-09 5.098E-09 5.797E-09 6.559E-09 6.389E-09 6.448E-09 6.061E-09 5.867E-09 5.216E-09 4.780E-09 3.864E-09 3.037E-09 2.496E-09 1.700E-09 1.123E-09 8.353E-10 4.497E-10 2.765E-10
  2.000E+00  3.128E-04 2.488E-04 2.009E-04 1.657E-04 1.385E-04 1.170E-04 9.983E-05 8.581E-05 7.440E-05 6.489E-05 5.682E-05 4.995E-05 3.926E-05 3.128E-05 1.865E-05 1.182E-05 7.683E-06 5.125E-06 2.186E-06 1.265E-06 1.665E-06 1.432E-06 1.270E-06 9.378E-07 7.065E-07 4.255E-07 2.862E-07 1.777E-07 9.184E-08 1.364E-07 1.125E-07 6.669E-08 3.927E-08 2.974E-08 2.763E-08 3.681E-08 3.227E-08 2.511E-08 1.902E-08 1.493E-08 1.252E-08 7.273E-09 5.235E-09 4.117E-09 5.097E-09 5.796E-09 6.558E-09 6.388E-09 6.448E-09 6.060E-09 5.867E-09 5.215E-09 4.780E-09 3.864E-09 3.037E-09 2.496E-09 1.700E-09 1.123E-09 8.352E-10 4.496E-10 2.765E-10
  3.000E+00  2.728E-04 2.237E-04 1.844E-04 1.544E-04 1.304E-04 1.110E-04 9.535E-05 8.239E-05 7.171E-05 6.275E-05 5.510E-05 4.855E-05 3.830E-05 3.060E-05 1.833E-05 1.165E-05 7.584E-06 5.065E-06 2.163E-06 1.256E-06 1.656E-06 1.424E-06 1.263E-06 9.323E-07 7.024E-07 4.232E-07 2.848E-07 1.768E-07 9.146E-08 1.359E-07 1.121E-07 6.645E-08 3.913E-08 2.965E-08 2.755E-08 3.671E-08 3.219E-08 2.505E-08 1.897E-08 1.489E-08 1.248E-08 7.255E-09 5.223E-09 4.108E-09 5.088E-09 5.786E-09 6.548E-09 6.379E-09 6.439E-09 6.052E-09 5.859E-09 5.209E-09 4.774E-09 3.859E-09 3.033E-09 2.493E-09 1.698E-09 1.122E-09 8.344E-10 4.492E-10 2.763E-10
  4.000E+00  2.372E-04 2.000E-04 1.681E-04 1.427E-04 1.218E-04 1.045E-04 9.033E-05 7.847E-05 6.858E-05 6.022E-05 5.304E-05 4.686E-05 3.710E-05 2.975E-05 1.791E-05 1.143E-05 7.453E-06 4.985E-06 2.131E-06 1.244E-06 1.643E-06 1.412E-06 1.252E-06 9.247E-07 6.969E-07 4.201E-07 2.828E-07 1.757E-07 9.094E-08 1.353E-07 1.115E-07 6.613E-08 3.895E-08 2.951E-08 2.743E-08 3.656E-08 3.207E-08 2.495E-08 1.889E-08 1.483E-08 1.244E-08 7.229E-09 5.205E-09 4.095E-09 5.075E-09 5.772E-09 6.534E-09 6.366E-09 6.426E-09 6.041E-09 5.849E-09 5.200E-09 4.765E-09 3.853E-09 3.029E-09 2.489E-09 1.696E-09 1.120E-09 8.332E-10 4.486E-10 2.759E-10
  5.000E+00  2.070E-04 1.787E-04 1.529E-04 1.314E-04 1.132E-04 9.789E-05 8.511E-05 7.432E-05 6.521E-05 5.747E-05 5.077E-05 4.498E-05 3.576E-05 2.877E-05 1.742E-05 1.116E-05 7.295E-06 4.888E-06 2.092E-06 1.230E-06 1.626E-06 1.398E-06 1.240E-06 9.153E-07 6.899E-07 4.162E-07 2.804E-07 1.742E-07 9.028E-08 1.344E-07 1.108E-07 6.572E-08 3.872E-08 2.934E-08 2.728E-08 3.638E-08 3.191E-08 2.483E-08 1.880E-08 1.476E-08 1.238E-08 7.196E-09 5.183E-09 4.079E-09 5.059E-09 5.755E-09 6.516E-09 6.349E-09 6.409E-09 6.027E-09 5.835E-09 5.188E-09 4.755E-09 3.845E-09 3.022E-09 2.484E-09 1.693E-09 1.118E-09 8.317E-10 4.478E-10 2.755E-10
  6.000E+00  1.816E-04 1.600E-04 1.390E-04 1.207E-04 1.049E-04 9.140E-05 7.991E-05 7.012E-05 6.175E-05 5.461E-05 4.839E-05 4.298E-05 3.431E-05 2.770E-05 1.688E-05 1.085E-05 7.114E-06 4.776E-06 2.047E-06 1.213E-06 1.607E-06 1.381E-06 1.225E-06 9.041E-07 6.816E-07 4.115E-07 2.775E-07 1.725E-07 8.949E-08 1.334E-07 1.099E-07 6.522E-08 3.844E-08 2.913E-08 2.710E-08 3.616E-08 3.173E-08 2.469E-08 1.869E-08 1.468E-08 1.231E-08 7.157E-09 5.157E-09 4.060E-09 5.039E-09 5.734E-09 6.494E-09 6.329E-09 6.389E-09 6.009E-09 5.819E-09 5.174E-09 4.742E-09 3.835E-09 3.015E-09 2.478E-09 1.689E-09 1.116E-09 8.299E-10 4.469E-10 2.749E-10
  8.000E+00  1.420E-04 1.295E-04 1.153E-04 1.019E-04 8.984E-05 7.927E-05 6.997E-05 6.192E-05 5.490E-05 4.886E-05 4.354E-05 3.887E-05 3.128E-05 2.542E-05 1.567E-05 1.017E-05 6.702E-06 4.519E-06 1.943E-06 1.173E-06 1.561E-06 1.340E-06 1.188E-06 8.772E-07 6.617E-07 4.002E-07 2.704E-07 1.682E-07 8.758E-08 1.308E-07 1.078E-07 6.401E-08 3.776E-08 2.862E-08 2.665E-08 3.562E-08 3.127E-08 2.433E-08 1.842E-08 1.446E-08 1.213E-08 7.059E-09 5.090E-09 4.012E-09 4.989E-09 5.681E-09 6.440E-09 6.279E-09 6.339E-09 5.965E-09 5.778E-09 5.139E-09 4.710E-09 3.810E-09 2.996E-09 2.462E-09 1.679E-09 1.109E-09 8.253E-10 4.446E-10 2.735E-10
  1.000E+01  1.132E-04 1.060E-04 9.609E-05 8.615E-05 7.684E-05 6.848E-05 6.093E-05 5.431E-05 4.845E-05 4.336E-05 3.882E-05 3.480E-05 2.822E-05 2.308E-05 1.440E-05 9.424E-06 6.249E-06 4.232E-06 1.826E-06 1.127E-06 1.507E-06 1.292E-06 1.145E-06 8.453E-07 6.380E-07 3.868E-07 2.620E-07 1.631E-07 8.527E-08 1.277E-07 1.052E-07 6.253E-08 3.693E-08 2.800E-08 2.610E-08 3.495E-08 3.070E-08 2.389E-08 1.808E-08 1.420E-08 1.191E-08 6.939E-09 5.009E-09 3.953E-09 4.927E-09 5.615E-09 6.371E-09 6.215E-09 6.276E-09 5.910E-09 5.726E-09 5.093E-09 4.669E-09 3.778E-09 2.971E-09 2.443E-09 1.666E-09 1.101E-09 8.194E-10 4.415E-10 2.718E-10
  1.200E+01  9.176E-05 8.763E-05 8.051E-05 7.302E-05 6.574E-05 5.904E-05 5.288E-05 4.741E-05 4.253E-05 3.825E-05 3.439E-05 3.095E-05 2.527E-05 2.079E-05 1.312E-05 8.663E-06 5.777E-06 3.930E-06 1.701E-06 1.077E-06 1.447E-06 1.239E-06 1.097E-06 8.096E-07 6.116E-07 3.717E-07 2.524E-07 1.574E-07 8.266E-08 1.242E-07 1.022E-07 6.083E-08 3.597E-08 2.729E-08 2.547E-08 3.417E-08 3.004E-08 2.337E-08 1.769E-08 1.390E-08 1.166E-08 6.799E-09 4.913E-09 3.884E-09 4.854E-09 5.536E-09 6.289E-09 6.139E-09 6.200E-09 5.843E-09 5.663E-09 5.039E-09 4.620E-09 3.740E-09 2.942E-09 2.419E-09 1.650E-09 1.092E-09 8.123E-10 4.379E-10 2.696E-10
  1.400E+01  7.544E-05 7.305E-05 6.779E-05 6.201E-05 5.626E-05 5.083E-05 4.579E-05 4.127E-05 3.719E-05 3.360E-05 3.032E-05 2.737E-05 2.249E-05 1.861E-05 1.187E-05 7.909E-06 5.304E-06 3.625E-06 1.575E-06 1.024E-06 1.382E-06 1.181E-06 1.045E-06 7.714E-07 5.832E-07 3.555E-07 2.421E-07 1.511E-07 7.980E-08 1.203E-07 9.889E-08 5.895E-08 3.491E-08 2.650E-08 2.477E-08 3.330E-08 2.930E-08 2.280E-08 1.725E-08 1.356E-08 1.138E-08 6.642E-09 4.806E-09 3.806E-09 4.771E-09 5.446E-09 6.195E-09 6.052E-09 6.113E-09 5.766E-09 5.591E-09 4.976E-09 4.563E-09 3.695E-09 2.908E-09 2.392E-09 1.633E-09 1.080E-09 8.041E-10 4.337E-10 2.671E-10
  1.600E+01  6.276E-05 6.129E-05 5.733E-05 5.276E-05 4.816E-05 4.374E-05 3.958E-05 3.584E-05 3.242E-05 2.941E-05 2.663E-05 2.411E-05 1.993E-05 1.658E-05 1.069E-05 7.181E-06 4.843E-06 3.326E-06 1.451E-06 9.705E-07 1.315E-06 1.122E-06 9.917E-07 7.317E-07 5.536E-07 3.385E-07 2.312E-07 1.446E-07 7.678E-08 1.161E-07 9.536E-08 5.693E-08 3.378E-08 2.565E-08 2.402E-08 3.235E-08 2.849E-08 2.217E-08 1.677E-08 1.319E-08 1.107E-08 6.471E-09 4.689E-09 3.720E-09 4.678E-09 5.346E-09 6.090E-09 5.954E-09 6.015E-09 5.679E-09 5.510E-09 4.906E-09 4.499E-09 3.645E-09 2.869E-09 2.361E-09 1.612E-09 1.067E-09 7.947E-10 4.289E-10 2.643E-10
  1.800E+01  5.271E-05 5.169E-05 4.866E-05 4.495E-05 4.123E-05 3.762E-05 3.418E-05 3.107E-05 2.821E-05 2.568E-05 2.333E-05 2.118E-05 1.761E-05 1.472E-05 9.581E-06 6.493E-06 4.403E-06 3.038E-06 1.331E-06 9.162E-07 1.247E-06 1.061E-06 9.371E-07 6.912E-07 5.235E-07 3.212E-07 2.200E-07 1.378E-07 7.364E-08 1.117E-07 9.167E-08 5.482E-08 3.258E-08 2.476E-08 2.322E-08 3.135E-08 2.764E-08 2.151E-08 1.626E-08 1.279E-08 1.075E-08 6.289E-09 4.564E-09 3.628E-09 4.577E-09 5.237E-09 5.975E-09 5.846E-09 5.908E-09 5.584E-09 5.420E-09 4.827E-09 4.428E-09 3.589E-09 2.827E-09 2.327E-09 1.590E-09 1.053E-09 7.842E-10 4.235E-10 2.611E-10
  2.000E+01  4.454E-05 4.379E-05 4.139E-05 3.836E-05 3.533E-05 3.235E-05 2.950E-05 2.691E-05 2.451E-05 2.238E-05 2.040E-05 1.856E-05 1.551E-05 1.303E-05 8.563E-06 5.851E-06 3.990E-06 2.766E-06 1.218E-06 8.626E-07 1.178E-06 9.997E-07 8.825E-07 6.509E-07 4.934E-07 3.037E-07 2.087E-07 1.310E-07 7.044E-08 1.072E-07 8.787E-08 5.264E-08 3.135E-08 2.384E-08 2.239E-08 3.030E-08 2.674E-08 2.081E-08 1.574E-08 1.238E-08 1.040E-08 6.099E-09 4.433E-09 3.530E-09 4.470E-09 5.120E-09 5.851E-09 5.730E-09 5.792E-09 5.481E-09 5.323E-09 4.742E-09 4.351E-09 3.529E-09 2.780E-09 2.289E-09 1.565E-09 1.037E-09 7.728E-10 4.176E-10 2.576E-10
  2.200E+01  3.781E-05 3.725E-05 3.527E-05 3.279E-05 3.030E-05 2.783E-05 2.545E-05 2.329E-05 2.128E-05 1.949E-05 1.781E-05 1.625E-05 1.364E-05 1.151E-05 7.635E-06 5.259E-06 3.606E-06 2.512E-06 1.111E-06 8.102E-07 1.110E-06 9.395E-07 8.287E-07 6.111E-07 4.638E-07 2.865E-07 1.975E-07 1.242E-07 6.722E-08 1.026E-07 8.402E-08 5.043E-08 3.009E-08 2.290E-08 2.155E-08 2.921E-08 2.581E-08 2.009E-08 1.519E-08 1.196E-08 1.005E-08 5.902E-09 4.296E-09 3.428E-09 4.357E-09 4.996E-09 5.720E-09 5.607E-09 5.669E-09 5.370E-09 5.218E-09 4.651E-09 4.269E-09 3.464E-09 2.730E-09 2.249E-09 1.539E-09 1.020E-09 7.605E-10 4.112E-10 2.538E-10
  2.400E+01  3.222E-05 3.177E-05 3.012E-05 2.808E-05 2.601E-05 2.396E-05 2.197E-05 2.016E-05 1.846E-05 1.696E-05 1.553E-05 1.420E-05 1.198E-05 1.015E-05 6.796E-06 4.718E-06 3.252E-06 2.276E-06 1.012E-06 7.595E-07 1.044E-06 8.808E-07 7.762E-07 5.723E-07 4.348E-07 2.696E-07 1.865E-07 1.175E-07 6.401E-08 9.798E-08 8.016E-08 4.821E-08 2.882E-08 2.196E-08 2.069E-08 2.811E-08 2.486E-08 1.936E-08 1.463E-08 1.153E-08 9.694E-09 5.700E-09 4.156E-09 3.323E-09 4.239E-09 4.867E-09 5.582E-09 5.477E-09 5.539E-09 5.253E-09 5.108E-09 4.555E-09 4.181E-09 3.395E-09 2.677E-09 2.206E-09 1.510E-09 1.002E-09 7.473E-10 4.044E-10 2.498E-10
  2.600E+01  2.759E-05 2.716E-05 2.578E-05 2.407E-05 2.236E-05 2.063E-05 1.897E-05 1.745E-05 1.602E-05 1.476E-05 1.355E-05 1.241E-05 1.052E-05 8.949E-06 6.042E-06 4.228E-06 2.929E-06 2.060E-06 9.205E-07 7.107E-07 9.794E-07 8.239E-07 7.254E-07 5.349E-07 4.069E-07 2.531E-07 1.757E-07 1.109E-07 6.083E-08 9.339E-08 7.632E-08 4.599E-08 2.755E-08 2.101E-08 1.983E-08 2.700E-08 2.390E-08 1.861E-08 1.407E-08 1.109E-08 9.331E-09 5.496E-09 4.013E-09 3.216E-09 4.117E-09 4.733E-09 5.438E-09 5.341E-09 5.403E-09 5.131E-09 4.992E-09 4.454E-09 4.089E-09 3.323E-09 2.621E-09 2.161E-09 1.480E-09 9.830E-10 7.333E-10 3.972E-10 2.455E-10
  2.800E+01  2.372E-05 2.328E-05 2.211E-05 2.067E-05 1.924E-05 1.779E-05 1.639E-05 1.511E-05 1.391E-05 1.285E-05 1.182E-05 1.085E-05 9.232E-06 7.886E-06 5.369E-06 3.785E-06 2.636E-06 1.862E-06 8.367E-07 6.641E-07 9.173E-07 7.693E-07 6.768E-07 4.990E-07 3.801E-07 2.373E-07 1.653E-07 1.046E-07 5.773E-08 8.885E-08 7.254E-08 4.381E-08 2.630E-08 2.007E-08 1.898E-08 2.588E-08 2.294E-08 1.787E-08 1.351E-08 1.065E-08 8.967E-09 5.290E-09 3.870E-09 3.107E-09 3.993E-09 4.596E-09 5.290E-09 5.201E-09 5.263E-09 5.004E-09 4.872E-09 4.348E-09 3.994E-09 3.247E-09 2.563E-09 2.114E-09 1.449E-09 9.630E-10 7.186E-10 3.896E-10 2.410E-10
  3.000E+01  2.046E-05 2.001E-05 1.901E-05 1.777E-05 1.657E-05 1.536E-05 1.417E-05 1.310E-05 1.209E-05 1.119E-05 1.031E-05 9.486E-06 8.105E-06 6.950E-06 4.770E-06 3.387E-06 2.371E-06 1.683E-06 7.601E-07 6.198E-07 8.578E-07 7.172E-07 6.304E-07 4.649E-07 3.545E-07 2.222E-07 1.552E-07 9.841E-08 5.470E-08 8.440E-08 6.884E-08 4.166E-08 2.507E-08 1.915E-08 1.813E-08 2.477E-08 2.198E-08 1.713E-08 1.295E-08 1.022E-08 8.604E-09 5.085E-09 3.725E-09 2.998E-09 3.867E-09 4.456E-09 5.138E-09 5.057E-09 5.119E-09 4.874E-09 4.748E-09 4.239E-09 3.895E-09 3.169E-09 2.502E-09 2.065E-09 1.417E-09 9.421E-10 7.034E-10 3.817E-10 2.363E-10
  3.200E+01  1.768E-05 1.725E-05 1.638E-05 1.532E-05 1.430E-05 1.328E-05 1.228E-05 1.137E-05 1.051E-05 9.750E-06 9.008E-06 8.301E-06 7.120E-06 6.127E-06 4.238E-06 3.031E-06 2.132E-06 1.520E-06 6.904E-07 5.779E-07 8.011E-07 6.678E-07 5.865E-07 4.326E-07 3.303E-07 2.077E-07 1.456E-07 9.252E-08 5.176E-08 8.006E-08 6.524E-08 3.956E-08 2.386E-08 1.824E-08 1.730E-08 2.368E-08 2.103E-08 1.639E-08 1.239E-08 9.786E-09 8.245E-09 4.881E-09 3.582E-09 2.888E-09 3.739E-09 4.314E-09 4.984E-09 4.911E-09 4.972E-09 4.740E-09 4.620E-09 4.128E-09 3.793E-09 3.088E-09 2.440E-09 2.014E-09 1.383E-09 9.205E-10 6.876E-10 3.735E-10 2.314E-10
  3.400E+01  1.531E-05 1.491E-05 1.413E-05 1.324E-05 1.237E-05 1.150E-05 1.065E-05 9.885E-06 9.155E-06 8.510E-06 7.875E-06 7.270E-06 6.259E-06 5.405E-06 3.767E-06 2.712E-06 1.917E-06 1.373E-06 6.271E-07 5.383E-07 7.473E-07 6.211E-07 5.451E-07 4.021E-07 3.074E-07 1.941E-07 1.364E-07 8.689E-08 4.893E-08 7.584E-08 6.175E-08 3.752E-08 2.268E-08 1.736E-08 1.648E-08 2.260E-08 2.010E-08 1.567E-08 1.185E-08 9.361E-09 7.891E-09 4.679E-09 3.439E-09 2.779E-09 3.611E-09 4.172E-09 4.829E-09 4.762E-09 4.823E-09 4.605E-09 4.491E-09 4.014E-09 3.690E-09 3.006E-09 2.376E-09 1.962E-09 1.349E-09 8.984E-10 6.714E-10 3.651E-10 2.263E-10
  3.600E+01  1.329E-05 1.292E-05 1.222E-05 1.146E-05 1.073E-05 9.984E-06 9.260E-06 8.605E-06 7.986E-06 7.438E-06 6.895E-06 6.375E-06 5.509E-06 4.773E-06 3.350E-06 2.428E-06 1.725E-06 1.240E-06 5.697E-07 5.012E-07 6.965E-07 5.771E-07 5.061E-07 3.734E-07 2.859E-07 1.811E-07 1.277E-07 8.153E-08 4.620E-08 7.177E-08 5.838E-08 3.555E-08 2.153E-08 1.650E-08 1.569E-08 2.155E-08 1.918E-08 1.496E-08 1.131E-08 8.944E-09 7.543E-09 4.481E-09 3.299E-09 2.671E-09 3.483E-09 4.029E-09 4.673E-09 4.613E-09 4.673E-09 4.467E-09 4.360E-09 3.899E-09 3.585E-09 2.922E-09 2.312E-09 1.910E-09 1.314E-09 8.758E-10 6.548E-10 3.564E-10 2.212E-10
  3.800E+01  1.158E-05 1.121E-05 1.060E-05 9.947E-06 9.318E-06 8.680E-06 8.064E-06 7.506E-06 6.978E-06 6.511E-06 6.046E-06 5.598E-06 4.854E-06 4.219E-06 2.982E-06 2.175E-06 1.552E-06 1.121E-06 5.176E-07 4.663E-07 6.486E-07 5.359E-07 4.696E-07 3.466E-07 2.657E-07 1.689E-07 1.195E-07 7.645E-08 4.359E-08 6.784E-08 5.514E-08 3.365E-08 2.043E-08 1.566E-08 1.492E-08 2.052E-08 1.829E-08 1.427E-08 1.079E-08 8.537E-09 7.203E-09 4.286E-09 3.161E-09 2.564E-09 3.356E-09 3.887E-09 4.516E-09 4.463E-09 4.523E-09 4.329E-09 4.228E-09 3.783E-09 3.479E-09 2.838E-09 2.246E-09 1.857E-09 1.278E-09 8.528E-10 6.380E-10 3.476E-10 2.159E-10
  4.000E+01  1.012E-05 9.755E-06 9.226E-06 8.648E-06 8.108E-06 7.564E-06 7.035E-06 6.561E-06 6.107E-06 5.709E-06 5.310E-06 4.924E-06 4.283E-06 3.734E-06 2.657E-06 1.949E-06 1.397E-06 1.013E-06 4.705E-07 4.337E-07 6.036E-07 4.972E-07 4.355E-07 3.216E-07 2.468E-07 1.575E-07 1.117E-07 7.164E-08 4.109E-08 6.408E-08 5.204E-08 3.183E-08 1.936E-08 1.486E-08 1.418E-08 1.953E-08 1.742E-08 1.360E-08 1.029E-08 8.141E-09 6.873E-09 4.097E-09 3.026E-09 2.460E-09 3.231E-09 3.747E-09 4.361E-09 4.314E-09 4.373E-09 4.191E-09 4.096E-09 3.666E-09 3.372E-09 2.753E-09 2.180E-09 1.803E-09 1.243E-09 8.296E-10 6.209E-10 3.387E-10 2.106E-10
  4.200E+01  8.867E-06 8.522E-06 8.047E-06 7.540E-06 7.072E-06 6.608E-06 6.152E-06 5.746E-06 5.356E-06 5.015E-06 4.672E-06 4.338E-06 3.785E-06 3.309E-06 2.370E-06 1.749E-06 1.259E-06 9.163E-07 4.279E-07 4.032E-07 5.614E-07 4.612E-07 4.037E-07 2.982E-07 2.291E-07 1.467E-07 1.044E-07 6.709E-08 3.872E-08 6.047E-08 4.908E-08 3.008E-08 1.834E-08 1.409E-08 1.346E-08 1.857E-08 1.658E-08 1.295E-08 9.794E-09 7.757E-09 6.552E-09 3.912E-09 2.894E-09 2.357E-09 3.108E-09 3.608E-09 4.207E-09 4.166E-09 4.224E-09 4.054E-09 3.964E-09 3.550E-09 3.266E-09 2.668E-09 2.114E-09 1.749E-09 1.207E-09 8.063E-10 6.038E-10 3.298E-10 2.052E-10
  4.400E+01  7.782E-06 7.461E-06 7.032E-06 6.592E-06 6.187E-06 5.786E-06 5.393E-06 5.042E-06 4.707E-06 4.414E-06 4.118E-06 3.829E-06 3.350E-06 2.938E-06 2.117E-06 1.571E-06 1.135E-06 8.295E-07 3.894E-07 3.748E-07 5.220E-07 4.277E-07 3.741E-07 2.765E-07 2.127E-07 1.366E-07 9.755E-08 6.281E-08 3.646E-08 5.704E-08 4.626E-08 2.841E-08 1.736E-08 1.335E-08 1.277E-08 1.764E-08 1.577E-08 1.232E-08 9.319E-09 7.386E-09 6.242E-09 3.733E-09 2.766E-09 2.257E-09 2.986E-09 3.472E-09 4.055E-09 4.020E-09 4.077E-09 3.918E-09 3.833E-09 3.434E-09 3.161E-09 2.584E-09 2.048E-09 1.696E-09 1.171E-09 7.830E-10 5.866E-10 3.208E-10 1.998E-10
  4.600E+01  6.843E-06 6.546E-06 6.159E-06 5.780E-06 5.429E-06 5.078E-06 4.738E-06 4.435E-06 4.147E-06 3.894E-06 3.637E-06 3.386E-06 2.971E-06 2.611E-06 1.893E-06 1.412E-06 1.025E-06 7.514E-07 3.546E-07 3.484E-07 4.852E-07 3.965E-07 3.466E-07 2.563E-07 1.974E-07 1.273E-07 9.110E-08 5.879E-08 3.432E-08 5.377E-08 4.358E-08 2.682E-08 1.643E-08 1.264E-08 1.211E-08 1.674E-08 1.498E-08 1.171E-08 8.862E-09 7.028E-09 5.942E-09 3.561E-09 2.642E-09 2.161E-09 2.868E-09 3.338E-09 3.906E-09 3.876E-09 3.932E-09 3.783E-09 3.703E-09 3.320E-09 3.056E-09 2.500E-09 1.983E-09 1.642E-09 1.135E-09 7.597E-10 5.695E-10 3.118E-10 1.944E-10
  4.800E+01  6.040E-06 5.755E-06 5.416E-06 5.079E-06 4.773E-06 4.468E-06 4.173E-06 3.910E-06 3.660E-06 3.442E-06 3.219E-06 3.000E-06 2.639E-06 2.325E-06 1.695E-06 1.271E-06 9.257E-07 6.813E-07 3.232E-07 3.239E-07 4.509E-07 3.675E-07 3.211E-07 2.375E-07 1.832E-07 1.185E-07 8.507E-08 5.501E-08 3.230E-08 5.066E-08 4.104E-08 2.531E-08 1.554E-08 1.197E-08 1.148E-08 1.589E-08 1.423E-08 1.113E-08 8.424E-09 6.685E-09 5.655E-09 3.394E-09 2.522E-09 2.067E-09 2.753E-09 3.208E-09 3.760E-09 3.734E-09 3.790E-09 3.651E-09 3.576E-09 3.207E-09 2.953E-09 2.417E-09 1.918E-09 1.590E-09 1.100E-09 7.367E-10 5.526E-10 3.029E-10 1.890E-10
  5.000E+01  5.349E-06 5.081E-06 4.775E-06 4.474E-06 4.206E-06 3.942E-06 3.684E-06 3.456E-06 3.238E-06 3.049E-06 2.855E-06 2.664E-06 2.349E-06 2.074E-06 1.520E-06 1.145E-06 8.373E-07 6.183E-07 2.948E-07 3.011E-07 4.190E-07 3.407E-07 2.975E-07 2.202E-07 1.701E-07 1.103E-07 7.942E-08 5.147E-08 3.039E-08 4.772E-08 3.863E-08 2.388E-08 1.469E-08 1.133E-08 1.087E-08 1.507E-08 1.351E-08 1.057E-08 8.003E-09 6.356E-09 5.379E-09 3.234E-09 2.407E-09 1.976E-09 2.641E-09 3.081E-09 3.617E-09 3.597E-09 3.651E-09 3.521E-09 3.451E-09 3.096E-09 2.852E-09 2.336E-09 1.855E-09 1.538E-09 1.065E-09 7.139E-10 5.358E-10 2.940E-10 1.837E-10
  5.200E+01  4.741E-06 4.502E-06 4.217E-06 3.955E-06 3.717E-06 3.487E-06 3.261E-06 3.061E-06 2.871E-06 2.707E-06 2.537E-06 2.370E-06 2.094E-06 1.854E-06 1.365E-06 1.033E-06 7.581E-07 5.616E-07 2.691E-07 2.800E-07 3.893E-07 3.158E-07 2.757E-07 2.042E-07 1.579E-07 1.027E-07 7.416E-08 4.817E-08 2.859E-08 4.495E-08 3.636E-08 2.253E-08 1.389E-08 1.072E-08 1.030E-08 1.429E-08 1.282E-08 1.004E-08 7.602E-09 6.041E-09 5.116E-09 3.081E-09 2.297E-09 1.889E-09 2.533E-09 2.958E-09 3.479E-09 3.462E-09 3.516E-09 3.395E-09 3.329E-09 2.988E-09 2.753E-09 2.256E-09 1.793E-09 1.487E-09 1.030E-09 6.915E-10 5.193E-10 2.853E-10 1.784E-10
  5.400E+01  4.211E-06 3.996E-06 3.735E-06 3.506E-06 3.296E-06 3.093E-06 2.894E-06 2.718E-06 2.553E-06 2.409E-06 2.260E-06 2.113E-06 1.871E-06 1.660E-06 1.228E-06 9.334E-07 6.873E-07 5.108E-07 2.459E-07 2.605E-07 3.618E-07 2.929E-07 2.556E-07 1.894E-07 1.466E-07 9.570E-08 6.926E-08 4.508E-08 2.690E-08 4.233E-08 3.423E-08 2.125E-08 1.312E-08 1.014E-08 9.757E-09 1.355E-08 1.217E-08 9.529E-09 7.220E-09 5.741E-09 4.865E-09 2.935E-09 2.191E-09 1.806E-09 2.429E-09 2.840E-09 3.346E-09 3.333E-09 3.385E-09 3.272E-09 3.210E-09 2.882E-09 2.656E-09 2.178E-09 1.732E-09 1.437E-09 9.968E-10 6.696E-10 5.031E-10 2.768E-10 1.733E-10
  5.600E+01  3.759E-06 3.549E-06 3.322E-06 3.114E-06 2.930E-06 2.749E-06 2.574E-06 2.420E-06 2.275E-06 2.149E-06 2.018E-06 1.888E-06 1.675E-06 1.489E-06 1.106E-06 8.445E-07 6.238E-07 4.650E-07 2.249E-07 2.425E-07 3.364E-07 2.716E-07 2.370E-07 1.757E-07 1.362E-07 8.917E-08 6.470E-08 4.220E-08 2.532E-08 3.986E-08 3.222E-08 2.004E-08 1.241E-08 9.595E-09 9.242E-09 1.284E-08 1.155E-08 9.047E-09 6.858E-09 5.457E-09 4.626E-09 2.796E-09 2.090E-09 1.726E-09 2.329E-09 2.726E-09 3.217E-09 3.207E-09 3.258E-09 3.153E-09 3.095E-09 2.780E-09 2.562E-09 2.103E-09 1.673E-09 1.389E-09 9.641E-10 6.482E-10 4.873E-10 2.684E-10 1.682E-10
  5.800E+01  3.367E-06 3.162E-06 2.964E-06 2.773E-06 2.611E-06 2.450E-06 2.295E-06 2.161E-06 2.032E-06 1.921E-06 1.806E-06 1.691E-06 1.503E-06 1.338E-06 9.983E-07 7.652E-07 5.670E-07 4.239E-07 2.059E-07 2.258E-07 3.128E-07 2.521E-07 2.199E-07 1.631E-07 1.266E-07 8.312E-08 6.046E-08 3.952E-08 2.383E-08 3.755E-08 3.033E-08 1.891E-08 1.173E-08 9.082E-09 8.757E-09 1.218E-08 1.096E-08 8.591E-09 6.514E-09 5.187E-09 4.399E-09 2.664E-09 1.994E-09 1.650E-09 2.234E-09 2.618E-09 3.093E-09 3.087E-09 3.136E-09 3.038E-09 2.984E-09 2.681E-09 2.472E-09 2.030E-09 1.615E-09 1.342E-09 9.324E-10 6.274E-10 4.720E-10 2.603E-10 1.633E-10
  6.000E+01  3.018E-06 2.834E-06 2.649E-06 2.478E-06 2.333E-06 2.191E-06 2.053E-06 1.934E-06 1.820E-06 1.722E-06 1.619E-06 1.518E-06 1.351E-06 1.205E-06 9.026E-07 6.944E-07 5.161E-07 3.869E-07 1.888E-07 2.105E-07 2.910E-07 2.341E-07 2.041E-07 1.515E-07 1.177E-07 7.752E-08 5.653E-08 3.702E-08 2.245E-08 3.538E-08 2.857E-08 1.785E-08 1.110E-08 8.598E-09 8.300E-09 1.155E-08 1.040E-08 8.159E-09 6.189E-09 4.932E-09 4.185E-09 2.539E-09 1.904E-09 1.578E-09 2.143E-09 2.514E-09 2.975E-09 2.971E-09 3.020E-09 2.928E-09 2.877E-09 2.586E-09 2.385E-09 1.959E-09 1.560E-09 1.296E-09 9.018E-10 6.074E-10 4.571E-10 2.525E-10 1.586E-10
  6.200E+01  2.707E-06 2.549E-06 2.372E-06 2.224E-06 2.091E-06 1.966E-06 1.842E-06 1.734E-06 1.634E-06 1.547E-06 1.456E-06 1.366E-06 1.218E-06 1.088E-06 8.175E-07 6.312E-07 4.705E-07 3.537E-07 1.733E-07 1.964E-07 2.709E-07 2.175E-07 1.896E-07 1.408E-07 1.096E-07 7.236E-08 5.289E-08 3.471E-08 2.116E-08 3.335E-08 2.692E-08 1.685E-08 1.050E-08 8.145E-09 7.870E-09 1.096E-08 9.876E-09 7.753E-09 5.883E-09 4.692E-09 3.984E-09 2.421E-09 1.818E-09 1.509E-09 2.057E-09 2.415E-09 2.862E-09 2.861E-09 2.909E-09 2.823E-09 2.774E-09 2.495E-09 2.301E-09 1.891E-09 1.507E-09 1.253E-09 8.724E-10 5.881E-10 4.429E-10 2.450E-10 1.541E-10
  6.400E+01  2.439E-06 2.292E-06 2.131E-06 2.000E-06 1.881E-06 1.767E-06 1.657E-06 1.560E-06 1.471E-06 1.394E-06 1.312E-06 1.232E-06 1.100E-06 9.838E-07 7.419E-07 5.748E-07 4.296E-07 3.238E-07 1.594E-07 1.834E-07 2.524E-07 2.022E-07 1.763E-07 1.310E-07 1.021E-07 6.759E-08 4.952E-08 3.257E-08 1.995E-08 3.146E-08 2.538E-08 1.592E-08 9.945E-09 7.722E-09 7.468E-09 1.040E-08 9.383E-09 7.371E-09 5.596E-09 4.466E-09 3.794E-09 2.310E-09 1.737E-09 1.445E-09 1.975E-09 2.322E-09 2.756E-09 2.757E-09 2.803E-09 2.723E-09 2.677E-09 2.408E-09 2.222E-09 1.827E-09 1.456E-09 1.211E-09 8.442E-10 5.696E-10 4.292E-10 2.377E-10 1.497E-10
  6.600E+01  2.208E-06 2.065E-06 1.924E-06 1.802E-06 1.695E-06 1.593E-06 1.494E-06 1.408E-06 1.328E-06 1.259E-06 1.186E-06 1.113E-06 9.957E-07 8.918E-07 6.747E-07 5.244E-07 3.929E-07 2.969E-07 1.467E-07 1.714E-07 2.353E-07 1.882E-07 1.640E-07 1.220E-07 9.516E-08 6.320E-08 4.641E-08 3.059E-08 1.884E-08 2.970E-08 2.395E-08 1.506E-08 9.426E-09 7.326E-09 7.092E-09 9.879E-09 8.921E-09 7.013E-09 5.327E-09 4.254E-09 3.616E-09 2.206E-09 1.661E-09 1.385E-09 1.899E-09 2.234E-09 2.655E-09 2.658E-09 2.703E-09 2.628E-09 2.584E-09 2.326E-09 2.146E-09 1.765E-09 1.408E-09 1.172E-09 8.174E-10 5.520E-10 4.162E-10 2.309E-10 1.456E-10
  6.800E+01  2.004E-06 1.872E-06 1.743E-06 1.628E-06 1.532E-06 1.441E-06 1.351E-06 1.274E-06 1.202E-06 1.140E-06 1.074E-06 1.009E-06 9.036E-07 8.102E-07 6.148E-07 4.792E-07 3.600E-07 2.727E-07 1.353E-07 1.605E-07 2.196E-07 1.753E-07 1.528E-07 1.138E-07 8.883E-08 5.916E-08 4.355E-08 2.877E-08 1.780E-08 2.807E-08 2.263E-08 1.426E-08 8.943E-09 6.958E-09 6.742E-09 9.393E-09 8.490E-09 6.679E-09 5.076E-09 4.057E-09 3.451E-09 2.108E-09 1.591E-09 1.328E-09 1.827E-09 2.151E-09 2.560E-09 2.565E-09 2.609E-09 2.538E-09 2.497E-09 2.248E-09 2.075E-09 1.707E-09 1.362E-09 1.134E-09 7.920E-10 5.354E-10 4.039E-10 2.244E-10 1.416E-10
  7.000E+01  1.821E-06 1.702E-06 1.580E-06 1.478E-06 1.390E-06 1.307E-06 1.226E-06 1.156E-06 1.091E-06 1.035E-06 9.760E-07 9.172E-07 8.220E-07 7.379E-07 5.615E-07 4.389E-07 3.305E-07 2.509E-07 1.251E-07 1.504E-07 2.051E-07 1.636E-07 1.425E-07 1.062E-07 8.303E-08 5.545E-08 4.091E-08 2.708E-08 1.685E-08 2.655E-08 2.140E-08 1.351E-08 8.495E-09 6.617E-09 6.417E-09 8.941E-09 8.088E-09 6.368E-09 4.842E-09 3.873E-09 3.296E-09 2.018E-09 1.525E-09 1.275E-09 1.760E-09 2.074E-09 2.471E-09 2.478E-09 2.521E-09 2.454E-09 2.415E-09 2.174E-09 2.007E-09 1.653E-09 1.319E-09 1.099E-09 7.681E-10 5.197E-10 3.923E-10 2.183E-10 1.380E-10
  7.200E+01  1.660E-06 1.547E-06 1.437E-06 1.346E-06 1.266E-06 1.188E-06 1.115E-06 1.052E-06 9.929E-07 9.427E-07 8.891E-07 8.357E-07 7.497E-07 6.736E-07 5.139E-07 4.028E-07 3.040E-07 2.314E-07 1.158E-07 1.413E-07 1.919E-07 1.528E-07 1.331E-07 9.928E-08 7.772E-08 5.205E-08 3.849E-08 2.554E-08 1.597E-08 2.515E-08 2.026E-08 1.282E-08 8.081E-09 6.301E-09 6.116E-09 8.522E-09 7.715E-09 6.080E-09 4.626E-09 3.703E-09 3.153E-09 1.934E-09 1.464E-09 1.226E-09 1.697E-09 2.002E-09 2.389E-09 2.397E-09 2.439E-09 2.376E-09 2.339E-09 2.106E-09 1.945E-09 1.601E-09 1.279E-09 1.066E-09 7.458E-10 5.050E-10 3.815E-10 2.126E-10 1.345E-10
  7.400E+01  1.520E-06 1.413E-06 1.314E-06 1.227E-06 1.155E-06 1.084E-06 1.018E-06 9.602E-07 9.064E-07 8.608E-07 8.121E-07 7.635E-07 6.855E-07 6.166E-07 4.715E-07 3.705E-07 2.803E-07 2.138E-07 1.074E-07 1.329E-07 1.798E-07 1.429E-07 1.245E-07 9.297E-08 7.288E-08 4.894E-08 3.627E-08 2.412E-08 1.516E-08 2.386E-08 1.922E-08 1.219E-08 7.700E-09 6.010E-09 5.839E-09 8.134E-09 7.371E-09 5.813E-09 4.425E-09 3.545E-09 3.021E-09 1.857E-09 1.407E-09 1.181E-09 1.640E-09 1.936E-09 2.313E-09 2.322E-09 2.363E-09 2.303E-09 2.267E-09 2.043E-09 1.886E-09 1.554E-09 1.242E-09 1.036E-09 7.250E-10 4.914E-10 3.715E-10 2.073E-10 1.314E-10
  7.600E+01  1.395E-06 1.299E-06 1.204E-06 1.124E-06 1.057E-06 9.933E-07 9.317E-07 8.789E-07 8.297E-07 7.882E-07 7.438E-07 6.997E-07 6.287E-07 5.659E-07 4.337E-07 3.416E-07 2.590E-07 1.980E-07 9.989E-08 1.252E-07 1.687E-07 1.339E-07 1.167E-07 8.721E-08 6.845E-08 4.610E-08 3.425E-08 2.283E-08 1.442E-08 2.267E-08 1.826E-08 1.161E-08 7.349E-09 5.743E-09 5.584E-09 7.777E-09 7.053E-09 5.568E-09 4.241E-09 3.401E-09 2.900E-09 1.786E-09 1.355E-09 1.140E-09 1.587E-09 1.875E-09 2.243E-09 2.253E-09 2.294E-09 2.236E-09 2.202E-09 1.984E-09 1.833E-09 1.510E-09 1.208E-09 1.007E-09 7.059E-10 4.789E-10 3.622E-10 2.024E-10 1.285E-10
  7.800E+01  1.281E-06 1.197E-06 1.105E-06 1.034E-06 9.709E-07 9.128E-07 8.560E-07 8.068E-07 7.620E-07 7.240E-07 6.833E-07 6.430E-07 5.781E-07 5.207E-07 3.999E-07 3.158E-07 2.399E-07 1.838E-07 9.311E-08 1.183E-07 1.585E-07 1.257E-07 1.096E-07 8.198E-08 6.443E-08 4.351E-08 3.240E-08 2.164E-08 1.375E-08 2.158E-08 1.738E-08 1.108E-08 7.029E-09 5.499E-09 5.351E-09 7.450E-09 6.762E-09 5.343E-09 4.073E-09 3.268E-09 2.789E-09 1.721E-09 1.308E-09 1.102E-09 1.539E-09 1.820E-09 2.179E-09 2.190E-09 2.230E-09 2.175E-09 2.142E-09 1.931E-09 1.783E-09 1.470E-09 1.176E-09 9.815E-10 6.884E-10 4.675E-10 3.538E-10 1.980E-10 1.258E-10
  8.000E+01  1.184E-06 1.103E-06 1.019E-06 9.535E-07 8.953E-07 8.406E-07 7.884E-07 7.434E-07 7.022E-07 6.672E-07 6.298E-07 5.926E-07 5.331E-07 4.805E-07 3.698E-07 2.926E-07 2.228E-07 1.710E-07 8.702E-08 1.119E-07 1.492E-07 1.183E-07 1.031E-07 7.722E-08 6.078E-08 4.116E-08 3.072E-08 2.057E-08 1.313E-08 2.059E-08 1.658E-08 1.059E-08 6.737E-09 5.277E-09 5.138E-09 7.151E-09 6.496E-09 5.138E-09 3.919E-09 3.148E-09 2.688E-09 1.662E-09 1.265E-09 1.068E-09 1.495E-09 1.770E-09 2.121E-09 2.133E-09 2.173E-09 2.120E-09 2.088E-09 1.882E-09 1.739E-09 1.433E-09 1.148E-09 9.581E-10 6.726E-10 4.571E-10 3.462E-10 1.941E-10 1.235E-10
  8.200E+01  1.101E-06 1.018E-06 9.462E-07 8.806E-07 8.282E-07 7.763E-07 7.282E-07 6.876E-07 6.490E-07 6.168E-07 5.824E-07 5.479E-07 4.931E-07 4.448E-07 3.429E-07 2.719E-07 2.075E-07 1.596E-07 8.155E-08 1.062E-07 1.408E-07 1.115E-07 9.722E-08 7.291E-08 5.746E-08 3.903E-08 2.919E-08 1.960E-08 1.257E-08 1.969E-08 1.585E-08 1.015E-08 6.473E-09 5.076E-09 4.946E-09 6.880E-09 6.255E-09 4.952E-09 3.780E-09 3.039E-09 2.596E-09 1.608E-09 1.226E-09 1.037E-09 1.456E-09 1.725E-09 2.069E-09 2.082E-09 2.121E-09 2.071E-09 2.039E-09 1.838E-09 1.699E-09 1.401E-09 1.122E-09 9.372E-10 6.585E-10 4.480E-10 3.395E-10 1.906E-10 1.215E-10
  8.400E+01  1.025E-06 9.459E-07 8.795E-07 8.174E-07 7.685E-07 7.202E-07 6.753E-07 6.376E-07 6.018E-07 5.719E-07 5.401E-07 5.082E-07 4.575E-07 4.130E-07 3.189E-07 2.534E-07 1.937E-07 1.493E-07 7.665E-08 1.010E-07 1.331E-07 1.054E-07 9.190E-08 6.901E-08 5.447E-08 3.710E-08 2.781E-08 1.872E-08 1.207E-08 1.887E-08 1.519E-08 9.754E-09 6.234E-09 4.895E-09 4.773E-09 6.635E-09 6.037E-09 4.784E-09 3.655E-09 2.941E-09 2.514E-09 1.561E-09 1.192E-09 1.010E-09 1.422E-09 1.685E-09 2.024E-09 2.037E-09 2.076E-09 2.027E-09 1.996E-09 1.800E-09 1.664E-09 1.372E-09 1.099E-09 9.187E-10 6.461E-10 4.399E-10 3.336E-10 1.876E-10 1.197E-10
  8.600E+01  9.545E-07 8.853E-07 8.182E-07 7.626E-07 7.157E-07 6.712E-07 6.289E-07 5.931E-07 5.599E-07 5.322E-07 5.025E-07 4.729E-07 4.259E-07 3.846E-07 2.975E-07 2.369E-07 1.815E-07 1.402E-07 7.227E-08 9.638E-08 1.262E-07 9.980E-08 8.709E-08 6.550E-08 5.178E-08 3.537E-08 2.657E-08 1.793E-08 1.162E-08 1.814E-08 1.460E-08 9.397E-09 6.021E-09 4.733E-09 4.618E-09 6.416E-09 5.842E-09 4.634E-09 3.544E-09 2.854E-09 2.441E-09 1.518E-09 1.161E-09 9.858E-10 1.391E-09 1.651E-09 1.984E-09 1.998E-09 2.036E-09 1.989E-09 1.959E-09 1.766E-09 1.633E-09 1.346E-09 1.080E-09 9.026E-10 6.354E-10 4.330E-10 3.286E-10 1.851E-10 1.183E-10
  8.800E+01  8.927E-07 8.288E-07 7.654E-07 7.135E-07 6.690E-07 6.270E-07 5.875E-07 5.539E-07 5.228E-07 4.969E-07 4.692E-07 4.415E-07 3.978E-07 3.594E-07 2.784E-07 2.221E-07 1.705E-07 1.320E-07 6.835E-08 9.219E-08 1.199E-07 9.480E-08 8.277E-08 6.234E-08 4.935E-08 3.381E-08 2.546E-08 1.722E-08 1.122E-08 1.748E-08 1.407E-08 9.078E-09 5.831E-09 4.589E-09 4.481E-09 6.220E-09 5.668E-09 4.502E-09 3.445E-09 2.777E-09 2.377E-09 1.481E-09 1.135E-09 9.648E-10 1.365E-09 1.621E-09 1.950E-09 1.965E-09 2.002E-09 1.956E-09 1.926E-09 1.737E-09 1.606E-09 1.325E-09 1.063E-09 8.889E-10 6.263E-10 4.272E-10 3.244E-10 1.830E-10 1.171E-10
  9.000E+01  8.398E-07 7.775E-07 7.198E-07 6.691E-07 6.277E-07 5.877E-07 5.505E-07 5.191E-07 4.899E-07 4.656E-07 4.396E-07 4.137E-07 3.728E-07 3.369E-07 2.615E-07 2.090E-07 1.607E-07 1.247E-07 6.487E-08 8.843E-08 1.142E-07 9.030E-08 7.888E-08 5.951E-08 4.719E-08 3.242E-08 2.447E-08 1.659E-08 1.086E-08 1.689E-08 1.360E-08 8.796E-09 5.664E-09 4.463E-09 4.360E-09 6.048E-09 5.515E-09 4.385E-09 3.358E-09 2.709E-09 2.321E-09 1.449E-09 1.112E-09 9.468E-10 1.343E-09 1.596E-09 1.921E-09 1.937E-09 1.974E-09 1.929E-09 1.899E-09 1.713E-09 1.584E-09 1.307E-09 1.049E-09 8.777E-10 6.189E-10 4.225E-10 3.211E-10 1.814E-10 1.163E-10
  9.200E+01  7.925E-07 7.347E-07 6.783E-07 6.305E-07 5.911E-07 5.535E-07 5.180E-07 4.882E-07 4.607E-07 4.377E-07 4.132E-07 3.890E-07 3.506E-07 3.170E-07 2.463E-07 1.973E-07 1.520E-07 1.182E-07 6.177E-08 8.508E-08 1.092E-07 8.627E-08 7.541E-08 5.698E-08 4.526E-08 3.119E-08 2.359E-08 1.603E-08 1.055E-08 1.637E-08 1.318E-08 8.549E-09 5.518E-09 4.353E-09 4.255E-09 5.897E-09 5.382E-09 4.283E-09 3.284E-09 2.651E-09 2.272E-09 1.422E-09 1.092E-09 9.317E-10 1.325E-09 1.575E-09 1.898E-09 1.914E-09 1.951E-09 1.907E-09 1.878E-09 1.694E-09 1.567E-09 1.292E-09 1.038E-09 8.687E-10 6.132E-10 4.190E-10 3.186E-10 1.803E-10 1.157E-10
  9.400E+01  7.506E-07 6.970E-07 6.416E-07 5.967E-07 5.585E-07 5.231E-07 4.893E-07 4.608E-07 4.347E-07 4.130E-07 3.899E-07 3.671E-07 3.309E-07 2.993E-07 2.329E-07 1.868E-07 1.443E-07 1.124E-07 5.903E-08 8.210E-08 1.046E-07 8.267E-08 7.231E-08 5.474E-08 4.355E-08 3.010E-08 2.282E-08 1.555E-08 1.028E-08 1.591E-08 1.282E-08 8.333E-09 5.392E-09 4.258E-09 4.165E-09 5.768E-09 5.267E-09 4.197E-09 3.220E-09 2.602E-09 2.232E-09 1.399E-09 1.076E-09 9.194E-10 1.311E-09 1.559E-09 1.880E-09 1.897E-09 1.934E-09 1.890E-09 1.861E-09 1.679E-09 1.553E-09 1.281E-09 1.030E-09 8.621E-10 6.090E-10 4.165E-10 3.169E-10 1.796E-10 1.154E-10
  9.600E+01  7.160E-07 6.603E-07 6.115E-07 5.656E-07 5.297E-07 4.956E-07 4.634E-07 4.370E-07 4.117E-07 3.912E-07 3.694E-07 3.477E-07 3.134E-07 2.836E-07 2.210E-07 1.776E-07 1.375E-07 1.073E-07 5.662E-08 7.947E-08 1.005E-07 7.947E-08 6.957E-08 5.276E-08 4.204E-08 2.914E-08 2.214E-08 1.512E-08 1.005E-08 1.552E-08 1.250E-08 8.149E-09 5.285E-09 4.179E-09 4.089E-09 5.658E-09 5.170E-09 4.124E-09 3.167E-09 2.561E-09 2.198E-09 1.380E-09 1.063E-09 9.098E-10 1.300E-09 1.547E-09 1.867E-09 1.884E-09 1.922E-09 1.878E-09 1.849E-09 1.669E-09 1.544E-09 1.274E-09 1.024E-09 8.578E-10 6.064E-10 4.151E-10 3.160E-10 1.794E-10 1.154E-10
  9.800E+01  6.848E-07 6.290E-07 5.846E-07 5.384E-07 5.046E-07 4.716E-07 4.407E-07 4.159E-07 3.915E-07 3.719E-07 3.512E-07 3.305E-07 2.979E-07 2.697E-07 2.105E-07 1.694E-07 1.314E-07 1.028E-07 5.450E-08 7.716E-08 9.688E-08 7.664E-08 6.715E-08 5.102E-08 4.072E-08 2.831E-08 2.155E-08 1.476E-08 9.847E-09 1.518E-08 1.223E-08 7.993E-09 5.196E-09 4.113E-09 4.026E-09 5.566E-09 5.090E-09 4.064E-09 3.123E-09 2.528E-09 2.171E-09 1.366E-09 1.053E-09 9.027E-10 1.292E-09 1.539E-09 1.858E-09 1.877E-09 1.914E-09 1.871E-09 1.842E-09 1.663E-09 1.538E-09 1.269E-09 1.021E-09 8.556E-10 6.054E-10 4.147E-10 3.159E-10 1.796E-10 1.157E-10
  1.000E+02  6.539E-07 6.051E-07 5.582E-07 5.164E-07 4.829E-07 4.513E-07 4.215E-07 3.969E-07 3.739E-07 3.550E-07 3.352E-07 3.154E-07 2.844E-07 2.575E-07 2.012E-07 1.622E-07 1.261E-07 9.883E-08 5.265E-08 7.514E-08 9.368E-08 7.416E-08 6.503E-08 4.950E-08 3.957E-08 2.759E-08 2.105E-08 1.445E-08 9.681E-09 1.489E-08 1.201E-08 7.864E-09 5.123E-09 4.060E-09 3.976E-09 5.492E-09 5.026E-09 4.017E-09 3.090E-09 2.503E-09 2.151E-09 1.355E-09 1.046E-09 8.980E-10 1.288E-09 1.535E-09 1.855E-09 1.874E-09 1.911E-09 1.869E-09 1.840E-09 1.661E-09 1.537E-09 1.268E-09 1.020E-09 8.555E-10 6.058E-10 4.154E-10 3.166E-10 1.802E-10 1.163E-10
  1.020E+02  6.261E-07 5.844E-07 5.353E-07 4.973E-07 4.639E-07 4.336E-07 4.046E-07 3.803E-07 3.584E-07 3.403E-07 3.210E-07 3.021E-07 2.725E-07 2.467E-07 1.930E-07 1.559E-07 1.214E-07 9.537E-08 5.105E-08 7.339E-08 9.087E-08 7.199E-08 6.319E-08 4.819E-08 3.859E-08 2.697E-08 2.063E-08 1.419E-08 9.546E-09 1.466E-08 1.182E-08 7.760E-09 5.066E-09 4.019E-09 3.938E-09 5.435E-09 4.977E-09 3.982E-09 3.065E-09 2.485E-09 2.136E-09 1.348E-09 1.042E-09 8.955E-10 1.287E-09 1.535E-09 1.856E-09 1.875E-09 1.913E-09 1.871E-09 1.842E-09 1.663E-09 1.539E-09 1.270E-09 1.022E-09 8.574E-10 6.077E-10 4.170E-10 3.180E-10 1.813E-10 1.171E-10
  1.040E+02  6.050E-07 5.641E-07 5.177E-07 4.795E-07 4.471E-07 4.178E-07 3.896E-07 3.661E-07 3.448E-07 3.273E-07 3.087E-07 2.906E-07 2.620E-07 2.373E-07 1.859E-07 1.504E-07 1.174E-07 9.237E-08 4.967E-08 7.189E-08 8.841E-08 7.012E-08 6.160E-08 4.708E-08 3.776E-08 2.646E-08 2.027E-08 1.398E-08 9.440E-09 1.447E-08 1.167E-08 7.680E-09 5.024E-09 3.989E-09 3.911E-09 5.394E-09 4.942E-09 3.957E-09 3.048E-09 2.473E-09 2.127E-09 1.345E-09 1.041E-09 8.952E-10 1.289E-09 1.538E-09 1.861E-09 1.881E-09 1.919E-09 1.877E-09 1.848E-09 1.668E-09 1.544E-09 1.275E-09 1.027E-09 8.613E-10 6.109E-10 4.195E-10 3.201E-10 1.828E-10 1.182E-10
  1.060E+02  5.878E-07 5.467E-07 5.032E-07 4.642E-07 4.326E-07 4.040E-07 3.765E-07 3.540E-07 3.330E-07 3.160E-07 2.981E-07 2.806E-07 2.529E-07 2.291E-07 1.797E-07 1.456E-07 1.138E-07 8.978E-08 4.850E-08 7.062E-08 8.629E-08 6.852E-08 6.026E-08 4.613E-08 3.706E-08 2.604E-08 1.999E-08 1.382E-08 9.360E-09 1.432E-08 1.156E-08 7.621E-09 4.996E-09 3.970E-09 3.894E-09 5.366E-09 4.919E-09 3.943E-09 3.040E-09 2.468E-09 2.124E-09 1.344E-09 1.041E-09 8.969E-10 1.294E-09 1.544E-09 1.870E-09 1.891E-09 1.930E-09 1.887E-09 1.858E-09 1.678E-09 1.553E-09 1.282E-09 1.033E-09 8.671E-10 6.154E-10 4.230E-10 3.230E-10 1.846E-10 1.195E-10
  1.080E+02  5.716E-07 5.334E-07 4.893E-07 4.524E-07 4.208E-07 3.926E-07 3.658E-07 3.434E-07 3.231E-07 3.064E-07 2.890E-07 2.719E-07 2.451E-07 2.221E-07 1.743E-07 1.415E-07 1.108E-07 8.757E-08 4.751E-08 6.956E-08 8.447E-08 6.716E-08 5.913E-08 4.535E-08 3.649E-08 2.570E-08 1.977E-08 1.369E-08 9.305E-09 1.421E-08 1.148E-08 7.583E-09 4.980E-09 3.961E-09 3.887E-09 5.353E-09 4.910E-09 3.938E-09 3.038E-09 2.468E-09 2.125E-09 1.347E-09 1.044E-09 9.005E-10 1.301E-09 1.554E-09 1.882E-09 1.904E-09 1.943E-09 1.901E-09 1.872E-09 1.691E-09 1.565E-09 1.292E-09 1.042E-09 8.746E-10 6.212E-10 4.272E-10 3.264E-10 1.868E-10 1.210E-10
  1.100E+02  5.576E-07 5.235E-07 4.780E-07 4.425E-07 4.110E-07 3.835E-07 3.568E-07 3.345E-07 3.146E-07 2.983E-07 2.812E-07 2.646E-07 2.385E-07 2.161E-07 1.698E-07 1.380E-07 1.083E-07 8.572E-08 4.669E-08 6.869E-08 8.293E-08 6.604E-08 5.820E-08 4.473E-08 3.603E-08 2.544E-08 1.960E-08 1.360E-08 9.272E-09 1.414E-08 1.142E-08 7.563E-09 4.976E-09 3.961E-09 3.888E-09 5.352E-09 4.911E-09 3.943E-09 3.043E-09 2.474E-09 2.131E-09 1.352E-09 1.049E-09 9.058E-10 1.311E-09 1.566E-09 1.898E-09 1.921E-09 1.961E-09 1.919E-09 1.889E-09 1.706E-09 1.580E-09 1.305E-09 1.052E-09 8.837E-10 6.282E-10 4.323E-10 3.305E-10 1.894E-10 1.228E-10
  1.120E+02  5.478E-07 5.144E-07 4.702E-07 4.340E-07 4.031E-07 3.758E-07 3.492E-07 3.273E-07 3.077E-07 2.916E-07 2.748E-07 2.585E-07 2.329E-07 2.110E-07 1.659E-07 1.350E-07 1.062E-07 8.417E-08 4.603E-08 6.800E-08 8.165E-08 6.513E-08 5.746E-08 4.423E-08 3.569E-08 2.525E-08 1.949E-08 1.355E-08 9.260E-09 1.410E-08 1.140E-08 7.561E-09 4.983E-09 3.970E-09 3.898E-09 5.362E-09 4.923E-09 3.955E-09 3.055E-09 2.485E-09 2.141E-09 1.360E-09 1.056E-09 9.126E-10 1.323E-09 1.581E-09 1.918E-09 1.941E-09 1.982E-09 1.940E-09 1.910E-09 1.725E-09 1.597E-09 1.319E-09 1.065E-09 8.945E-10 6.363E-10 4.382E-10 3.351E-10 1.922E-10 1.248E-10
  1.140E+02  5.407E-07 5.067E-07 4.643E-07 4.280E-07 3.973E-07 3.693E-07 3.432E-07 3.217E-07 3.022E-07 2.862E-07 2.696E-07 2.535E-07 2.283E-07 2.068E-07 1.628E-07 1.326E-07 1.044E-07 8.292E-08 4.551E-08 6.747E-08 8.061E-08 6.441E-08 5.688E-08 4.387E-08 3.544E-08 2.512E-08 1.942E-08 1.353E-08 9.267E-09 1.410E-08 1.140E-08 7.575E-09 5.000E-09 3.986E-09 3.915E-09 5.383E-09 4.945E-09 3.975E-09 3.072E-09 2.500E-09 2.155E-09 1.370E-09 1.065E-09 9.210E-10 1.337E-09 1.598E-09 1.940E-09 1.965E-09 2.006E-09 1.964E-09 1.934E-09 1.747E-09 1.618E-09 1.336E-09 1.079E-09 9.066E-10 6.453E-10 4.448E-10 3.403E-10 1.954E-10 1.270E-10
  1.160E+02  5.356E-07 5.024E-07 4.604E-07 4.244E-07 3.936E-07 3.648E-07 3.390E-07 3.174E-07 2.980E-07 2.821E-07 2.656E-07 2.494E-07 2.246E-07 2.035E-07 1.602E-07 1.306E-07 1.030E-07 8.194E-08 4.512E-08 6.708E-08 7.979E-08 6.387E-08 5.647E-08 4.362E-08 3.528E-08 2.506E-08 1.940E-08 1.354E-08 9.291E-09 1.412E-08 1.143E-08 7.603E-09 5.026E-09 4.009E-09 3.939E-09 5.414E-09 4.975E-09 4.002E-09 3.094E-09 2.519E-09 2.172E-09 1.383E-09 1.075E-09 9.307E-10 1.353E-09 1.618E-09 1.965E-09 1.991E-09 2.032E-09 1.990E-09 1.960E-09 1.771E-09 1.640E-09 1.355E-09 1.094E-09 9.201E-10 6.554E-10 4.520E-10 3.459E-10 1.989E-10 1.294E-10
  1.180E+02  5.340E-07 5.009E-07 4.591E-07 4.225E-07 3.913E-07 3.622E-07 3.362E-07 3.145E-07 2.950E-07 2.791E-07 2.626E-07 2.465E-07 2.219E-07 2.009E-07 1.582E-07 1.291E-07 1.020E-07 8.120E-08 4.484E-08 6.683E-08 7.916E-08 6.350E-08 5.620E-08 4.348E-08 3.520E-08 2.505E-08 1.942E-08 1.357E-08 9.331E-09 1.417E-08 1.147E-08 7.645E-09 5.059E-09 4.038E-09 3.969E-09 5.454E-09 5.013E-09 4.035E-09 3.121E-09 2.542E-09 2.193E-09 1.397E-09 1.087E-09 9.416E-10 1.370E-09 1.639E-09 1.992E-09 2.019E-09 2.062E-09 2.020E-09 1.989E-09 1.798E-09 1.665E-09 1.376E-09 1.112E-09 9.349E-10 6.663E-10 4.598E-10 3.521E-10 2.026E-10 1.319E-10
  1.200E+02  5.360E-07 5.022E-07 4.597E-07 4.222E-07 3.905E-07 3.612E-07 3.348E-07 3.128E-07 2.932E-07 2.771E-07 2.606E-07 2.445E-07 2.200E-07 1.991E-07 1.567E-07 1.280E-07 1.012E-07 8.069E-08 4.468E-08 6.670E-08 7.872E-08 6.327E-08 5.606E-08 4.344E-08 3.520E-08 2.509E-08 1.947E-08 1.363E-08 9.384E-09 1.424E-08 1.153E-08 7.698E-09 5.101E-09 4.073E-09 4.005E-09 5.501E-09 5.059E-09 4.073E-09 3.152E-09 2.569E-09 2.216E-09 1.413E-09 1.100E-09 9.535E-10 1.389E-09 1.663E-09 2.022E-09 2.050E-09 2.093E-09 2.051E-09 2.020E-09 1.826E-09 1.692E-09 1.399E-09 1.130E-09 9.507E-10 6.780E-10 4.681E-10 3.586E-10 2.065E-10 1.345E-10
  1.220E+02  5.398E-07 5.068E-07 4.626E-07 4.242E-07 3.917E-07 3.617E-07 3.348E-07 3.124E-07 2.925E-07 2.763E-07 2.596E-07 2.435E-07 2.188E-07 1.979E-07 1.558E-07 1.273E-07 1.007E-07 8.038E-08 4.461E-08 6.667E-08 7.844E-08 6.319E-08 5.604E-08 4.348E-08 3.527E-08 2.517E-08 1.956E-08 1.370E-08 9.450E-09 1.433E-08 1.161E-08 7.762E-09 5.149E-09 4.114E-09 4.046E-09 5.556E-09 5.111E-09 4.117E-09 3.188E-09 2.598E-09 2.242E-09 1.431E-09 1.115E-09 9.665E-10 1.409E-09 1.688E-09 2.053E-09 2.082E-09 2.127E-09 2.085E-09 2.054E-09 1.857E-09 1.720E-09 1.422E-09 1.150E-09 9.675E-10 6.904E-10 4.769E-10 3.655E-10 2.107E-10 1.374E-10
  1.240E+02  5.471E-07 5.137E-07 4.682E-07 4.281E-07 3.947E-07 3.638E-07 3.361E-07 3.134E-07 2.931E-07 2.765E-07 2.596E-07 2.433E-07 2.184E-07 1.974E-07 1.553E-07 1.269E-07 1.005E-07 8.026E-08 4.462E-08 6.674E-08 7.831E-08 6.322E-08 5.613E-08 4.361E-08 3.540E-08 2.529E-08 1.968E-08 1.380E-08 9.527E-09 1.444E-08 1.171E-08 7.835E-09 5.202E-09 4.158E-09 4.091E-09 5.617E-09 5.169E-09 4.165E-09 3.226E-09 2.631E-09 2.271E-09 1.450E-09 1.130E-09 9.802E-10 1.431E-09 1.714E-09 2.086E-09 2.117E-09 2.162E-09 2.120E-09 2.089E-09 1.889E-09 1.750E-09 1.448E-09 1.170E-09 9.852E-10 7.034E-10 4.862E-10 3.727E-10 2.150E-10 1.403E-10
  1.260E+02  5.599E-07 5.226E-07 4.769E-07 4.341E-07 3.996E-07 3.673E-07 3.389E-07 3.158E-07 2.947E-07 2.778E-07 2.606E-07 2.440E-07 2.187E-07 1.976E-07 1.553E-07 1.269E-07 1.005E-07 8.032E-08 4.472E-08 6.690E-08 7.832E-08 6.338E-08 5.632E-08 4.381E-08 3.559E-08 2.545E-08 1.982E-08 1.391E-08 9.614E-09 1.457E-08 1.182E-08 7.916E-09 5.261E-09 4.207E-09 4.140E-09 5.684E-09 5.232E-09 4.217E-09 3.267E-09 2.665E-09 2.301E-09 1.470E-09 1.146E-09 9.946E-10 1.453E-09 1.742E-09 2.121E-09 2.153E-09 2.199E-09 2.157E-09 2.126E-09 1.922E-09 1.781E-09 1.474E-09 1.192E-09 1.004E-09 7.169E-10 4.958E-10 3.802E-10 2.195E-10 1.433E-10
  1.280E+02  5.764E-07 5.353E-07 4.888E-07 4.422E-07 4.061E-07 3.725E-07 3.430E-07 3.194E-07 2.975E-07 2.801E-07 2.625E-07 2.456E-07 2.197E-07 1.983E-07 1.556E-07 1.271E-07 1.007E-07 8.053E-08 4.489E-08 6.713E-08 7.845E-08 6.363E-08 5.660E-08 4.407E-08 3.582E-08 2.564E-08 1.999E-08 1.404E-08 9.709E-09 1.471E-08 1.194E-08 8.005E-09 5.324E-09 4.258E-09 4.192E-09 5.755E-09 5.299E-09 4.272E-09 3.311E-09 2.701E-09 2.332E-09 1.491E-09 1.163E-09 1.010E-09 1.477E-09 1.770E-09 2.157E-09 2.190E-09 2.237E-09 2.195E-09 2.164E-09 1.957E-09 1.814E-09 1.501E-09 1.214E-09 1.023E-09 7.309E-10 5.057E-10 3.879E-10 2.241E-10 1.464E-10
  1.300E+02  5.950E-07 5.530E-07 5.026E-07 4.530E-07 4.147E-07 3.799E-07 3.488E-07 3.243E-07 3.014E-07 2.833E-07 2.654E-07 2.479E-07 2.215E-07 1.997E-07 1.564E-07 1.277E-07 1.012E-07 8.090E-08 4.512E-08 6.743E-08 7.868E-08 6.398E-08 5.696E-08 4.439E-08 3.611E-08 2.586E-08 2.017E-08 1.418E-08 9.811E-09 1.486E-08 1.207E-08 8.100E-09 5.391E-09 4.313E-09 4.246E-09 5.831E-09 5.370E-09 4.330E-09 3.357E-09 2.739E-09 2.366E-09 1.512E-09 1.180E-09 1.025E-09 1.501E-09 1.799E-09 2.193E-09 2.228E-09 2.276E-09 2.235E-09 2.203E-09 1.993E-09 1.847E-09 1.529E-09 1.237E-09 1.042E-09 7.452E-10 5.158E-10 3.958E-10 2.289E-10 1.496E-10
  1.320E+02  6.176E-07 5.753E-07 5.183E-07 4.671E-07 4.255E-07 3.891E-07 3.564E-07 3.302E-07 3.064E-07 2.877E-07 2.690E-07 2.511E-07 2.239E-07 2.015E-07 1.576E-07 1.285E-07 1.018E-07 8.139E-08 4.541E-08 6.779E-08 7.901E-08 6.440E-08 5.740E-08 4.477E-08 3.643E-08 2.610E-08 2.038E-08 1.434E-08 9.919E-09 1.502E-08 1.221E-08 8.200E-09 5.461E-09 4.370E-09 4.303E-09 5.910E-09 5.443E-09 4.390E-09 3.404E-09 2.779E-09 2.400E-09 1.535E-09 1.198E-09 1.041E-09 1.525E-09 1.829E-09 2.231E-09 2.266E-09 2.316E-09 2.275E-09 2.242E-09 2.029E-09 1.881E-09 1.557E-09 1.261E-09 1.062E-09 7.598E-10 5.262E-10 4.039E-10 2.337E-10 1.528E-10
  1.340E+02  6.454E-07 6.021E-07 5.374E-07 4.839E-07 4.385E-07 4.001E-07 3.654E-07 3.373E-07 3.127E-07 2.931E-07 2.735E-07 2.550E-07 2.270E-07 2.039E-07 1.590E-07 1.296E-07 1.026E-07 8.202E-08 4.575E-08 6.819E-08 7.943E-08 6.491E-08 5.790E-08 4.519E-08 3.678E-08 2.637E-08 2.060E-08 1.450E-08 1.003E-08 1.520E-08 1.236E-08 8.303E-09 5.533E-09 4.428E-09 4.362E-09 5.991E-09 5.519E-09 4.452E-09 3.453E-09 2.819E-09 2.435E-09 1.558E-09 1.216E-09 1.057E-09 1.550E-09 1.859E-09 2.269E-09 2.306E-09 2.356E-09 2.315E-09 2.283E-09 2.066E-09 1.915E-09 1.586E-09 1.284E-09 1.082E-09 7.746E-10 5.366E-10 4.120E-10 2.385E-10 1.560E-10
  1.360E+02  6.801E-07 6.304E-07 5.614E-07 5.019E-07 4.537E-07 4.122E-07 3.754E-07 3.460E-07 3.200E-07 2.994E-07 2.789E-07 2.597E-07 2.306E-07 2.068E-07 1.609E-07 1.309E-07 1.035E-07 8.275E-08 4.613E-08 6.864E-08 7.991E-08 6.547E-08 5.845E-08 4.566E-08 3.717E-08 2.665E-08 2.083E-08 1.467E-08 1.015E-08 1.538E-08 1.251E-08 8.410E-09 5.607E-09 4.488E-09 4.422E-09 6.074E-09 5.597E-09 4.515E-09 3.502E-09 2.860E-09 2.470E-09 1.581E-09 1.234E-09 1.073E-09 1.575E-09 1.890E-09 2.307E-09 2.345E-09 2.397E-09 2.356E-09 2.323E-09 2.103E-09 1.950E-09 1.615E-09 1.308E-09 1.103E-09 7.894E-10 5.471E-10 4.202E-10 2.434E-10 1.593E-10
  1.380E+02  7.215E-07 6.615E-07 5.886E-07 5.221E-07 4.710E-07 4.257E-07 3.867E-07 3.561E-07 3.283E-07 3.066E-07 2.853E-07 2.651E-07 2.348E-07 2.103E-07 1.630E-07 1.324E-07 1.046E-07 8.358E-08 4.656E-08 6.912E-08 8.046E-08 6.609E-08 5.906E-08 4.616E-08 3.758E-08 2.695E-08 2.107E-08 1.484E-08 1.027E-08 1.556E-08 1.267E-08 8.520E-09 5.682E-09 4.549E-09 4.482E-09 6.158E-09 5.676E-09 4.579E-09 3.552E-09 2.901E-09 2.506E-09 1.604E-09 1.253E-09 1.090E-09 1.599E-09 1.920E-09 2.345E-09 2.385E-09 2.437E-09 2.397E-09 2.364E-09 2.140E-09 1.985E-09 1.644E-09 1.332E-09 1.123E-09 8.043E-10 5.577E-10 4.284E-10 2.483E-10 1.626E-10
  1.400E+02  7.677E-07 6.999E-07 6.177E-07 5.458E-07 4.898E-07 4.413E-07 3.996E-07 3.669E-07 3.376E-07 3.147E-07 2.924E-07 2.711E-07 2.396E-07 2.141E-07 1.654E-07 1.341E-07 1.059E-07 8.450E-08 4.702E-08 6.963E-08 8.106E-08 6.676E-08 5.971E-08 4.668E-08 3.801E-08 2.725E-08 2.132E-08 1.502E-08 1.038E-08 1.575E-08 1.283E-08 8.630E-09 5.757E-09 4.610E-09 4.543E-09 6.243E-09 5.755E-09 4.643E-09 3.603E-09 2.942E-09 2.542E-09 1.627E-09 1.271E-09 1.106E-09 1.624E-09 1.950E-09 2.383E-09 2.424E-09 2.478E-09 2.437E-09 2.405E-09 2.177E-09 2.019E-09 1.673E-09 1.356E-09 1.143E-09 8.192E-10 5.681E-10 4.366E-10 2.531E-10 1.658E-10
  1.420E+02  8.183E-07 7.438E-07 6.491E-07 5.725E-07 5.103E-07 4.587E-07 4.142E-07 3.785E-07 3.478E-07 3.236E-07 2.999E-07 2.777E-07 2.449E-07 2.183E-07 1.681E-07 1.360E-07 1.072E-07 8.551E-08 4.750E-08 7.016E-08 8.170E-08 6.746E-08 6.039E-08 4.724E-08 3.845E-08 2.757E-08 2.157E-08 1.520E-08 1.051E-08 1.594E-08 1.299E-08 8.741E-09 5.833E-09 4.670E-09 4.604E-09 6.328E-09 5.834E-09 4.707E-09 3.653E-09 2.983E-09 2.577E-09 1.650E-09 1.289E-09 1.122E-09 1.649E-09 1.980E-09 2.421E-09 2.463E-09 2.518E-09 2.477E-09 2.445E-09 2.214E-09 2.053E-09 1.702E-09 1.380E-09 1.164E-09 8.338E-10 5.785E-10 4.446E-10 2.579E-10 1.690E-10
  1.440E+02  8.738E-07 7.888E-07 6.826E-07 5.998E-07 5.327E-07 4.768E-07 4.293E-07 3.908E-07 3.588E-07 3.332E-07 3.080E-07 2.849E-07 2.506E-07 2.229E-07 1.710E-07 1.381E-07 1.087E-07 8.658E-08 4.802E-08 7.070E-08 8.237E-08 6.820E-08 6.110E-08 4.781E-08 3.892E-08 2.789E-08 2.183E-08 1.538E-08 1.063E-08 1.613E-08 1.315E-08 8.852E-09 5.908E-09 4.731E-09 4.664E-09 6.413E-09 5.912E-09 4.771E-09 3.702E-09 3.024E-09 2.613E-09 1.673E-09 1.307E-09 1.138E-09 1.673E-09 2.010E-09 2.458E-09 2.501E-09 2.557E-09 2.517E-09 2.484E-09 2.250E-09 2.087E-09 1.730E-09 1.403E-09 1.183E-09 8.483E-10 5.887E-10 4.526E-10 2.626E-10 1.721E-10
  1.460E+02  9.331E-07 8.344E-07 7.164E-07 6.269E-07 5.556E-07 4.955E-07 4.445E-07 4.039E-07 3.701E-07 3.432E-07 3.168E-07 2.925E-07 2.566E-07 2.278E-07 1.741E-07 1.403E-07 1.102E-07 8.770E-08 4.855E-08 7.125E-08 8.306E-08 6.895E-08 6.183E-08 4.839E-08 3.938E-08 2.822E-08 2.208E-08 1.556E-08 1.074E-08 1.631E-08 1.331E-08 8.961E-09 5.982E-09 4.790E-09 4.723E-09 6.496E-09 5.990E-09 4.833E-09 3.751E-09 3.064E-09 2.647E-09 1.696E-09 1.325E-09 1.153E-09 1.696E-09 2.038E-09 2.494E-09 2.539E-09 2.595E-09 2.556E-09 2.523E-09 2.285E-09 2.120E-09 1.758E-09 1.425E-09 1.203E-09 8.624E-10 5.987E-10 4.603E-10 2.672E-10 1.752E-10
  1.480E+02  9.953E-07 8.800E-07 7.520E-07 6.536E-07 5.787E-07 5.139E-07 4.598E-07 4.178E-07 3.819E-07 3.536E-07 3.261E-07 3.002E-07 2.628E-07 2.329E-07 1.774E-07 1.425E-07 1.119E-07 8.888E-08 4.909E-08 7.180E-08 8.377E-08 6.972E-08 6.258E-08 4.898E-08 3.986E-08 2.854E-08 2.234E-08 1.574E-08 1.086E-08 1.650E-08 1.346E-08 9.069E-09 6.055E-09 4.849E-09 4.781E-09 6.578E-09 6.065E-09 4.894E-09 3.798E-09 3.103E-09 2.681E-09 1.717E-09 1.342E-09 1.168E-09 1.719E-09 2.066E-09 2.529E-09 2.575E-09 2.633E-09 2.593E-09 2.560E-09 2.320E-09 2.152E-09 1.785E-09 1.448E-09 1.222E-09 8.762E-10 6.084E-10 4.679E-10 2.717E-10 1.782E-10
  1.500E+02  1.061E-06 9.220E-07 7.895E-07 6.796E-07 6.013E-07 5.319E-07 4.752E-07 4.320E-07 3.937E-07 3.641E-07 3.354E-07 3.082E-07 2.691E-07 2.382E-07 1.808E-07 1.449E-07 1.135E-07 9.008E-08 4.964E-08 7.235E-08 8.448E-08 7.050E-08 6.333E-08 4.958E-08 4.033E-08 2.887E-08 2.260E-08 1.592E-08 1.097E-08 1.668E-08 1.362E-08 9.174E-09 6.125E-09 4.905E-09 4.838E-09 6.657E-09 6.139E-09 4.953E-09 3.844E-09 3.141E-09 2.714E-09 1.738E-09 1.358E-09 1.183E-09 1.741E-09 2.093E-09 2.563E-09 2.610E-09 2.669E-09 2.630E-09 2.597E-09 2.353E-09 2.183E-09 1.811E-09 1.469E-09 1.240E-09 8.895E-10 6.178E-10 4.752E-10 2.760E-10 1.811E-10
  1.520E+02  1.127E-06 9.652E-07 8.244E-07 7.049E-07 6.229E-07 5.505E-07 4.903E-07 4.454E-07 4.052E-07 3.744E-07 3.444E-07 3.163E-07 2.756E-07 2.436E-07 1.842E-07 1.473E-07 1.152E-07 9.131E-08 5.020E-08 7.289E-08 8.519E-08 7.127E-08 6.408E-08 5.017E-08 4.080E-08 2.919E-08 2.285E-08 1.610E-08 1.108E-08 1.686E-08 1.377E-08 9.276E-09 6.194E-09 4.960E-09 4.892E-09 6.734E-09 6.210E-09 5.011E-09 3.889E-09 3.177E-09 2.745E-09 1.759E-09 1.374E-09 1.197E-09 1.763E-09 2.119E-09 2.596E-09 2.644E-09 2.703E-09 2.665E-09 2.632E-09 2.385E-09 2.213E-09 1.836E-09 1.490E-09 1.257E-09 9.023E-10 6.268E-10 4.822E-10 2.802E-10 1.839E-10
  1.540E+02  1.182E-06 1.010E-06 8.538E-07 7.314E-07 6.436E-07 5.692E-07 5.061E-07 4.579E-07 4.167E-07 3.846E-07 3.532E-07 3.244E-07 2.821E-07 2.489E-07 1.876E-07 1.498E-07 1.169E-07 9.255E-08 5.076E-08 7.342E-08 8.589E-08 7.204E-08 6.482E-08 5.076E-08 4.126E-08 2.950E-08 2.309E-08 1.626E-08 1.119E-08 1.703E-08 1.391E-08 9.374E-09 6.259E-09 5.012E-09 4.944E-09 6.808E-09 6.279E-09 5.065E-09 3.931E-09 3.212E-09 2.775E-09 1.778E-09 1.389E-09 1.210E-09 1.783E-09 2.144E-09 2.627E-09 2.676E-09 2.736E-09 2.698E-09 2.665E-09 2.415E-09 2.241E-09 1.860E-09 1.509E-09 1.274E-09 9.145E-10 6.355E-10 4.889E-10 2.841E-10 1.865E-10
  1.560E+02  1.228E-06 1.049E-06 8.799E-07 7.583E-07 6.646E-07 5.868E-07 5.216E-07 4.701E-07 4.280E-07 3.947E-07 3.619E-07 3.320E-07 2.885E-07 2.540E-07 1.910E-07 1.522E-07 1.186E-07 9.379E-08 5.131E-08 7.393E-08 8.658E-08 7.278E-08 6.554E-08 5.133E-08 4.171E-08 2.980E-08 2.332E-08 1.643E-08 1.129E-08 1.719E-08 1.405E-08 9.468E-09 6.322E-09 5.062E-09 4.994E-09 6.878E-09 6.343E-09 5.117E-09 3.972E-09 3.245E-09 2.804E-09 1.796E-09 1.404E-09 1.223E-09 1.802E-09 2.167E-09 2.656E-09 2.706E-09 2.768E-09 2.730E-09 2.697E-09 2.444E-09 2.268E-09 1.883E-09 1.528E-09 1.290E-09 9.260E-10 6.436E-10 4.952E-10 2.879E-10 1.890E-10
  1.580E+02  1.273E-06 1.088E-06 9.065E-07 7.832E-07 6.849E-07 6.035E-07 5.357E-07 4.819E-07 4.387E-07 4.042E-07 3.700E-07 3.392E-07 2.944E-07 2.588E-07 1.942E-07 1.546E-07 1.203E-07 9.500E-08 5.185E-08 7.442E-08 8.724E-08 7.351E-08 6.624E-08 5.188E-08 4.215E-08 3.009E-08 2.355E-08 1.658E-08 1.138E-08 1.734E-08 1.418E-08 9.556E-09 6.381E-09 5.109E-09 5.040E-09 6.944E-09 6.405E-09 5.166E-09 4.010E-09 3.276E-09 2.831E-09 1.813E-09 1.417E-09 1.235E-09 1.820E-09 2.189E-09 2.684E-09 2.735E-09 2.797E-09 2.759E-09 2.726E-09 2.471E-09 2.294E-09 1.904E-09 1.545E-09 1.305E-09 9.369E-10 6.513E-10 5.012E-10 2.914E-10 1.914E-10
  1.600E+02  1.323E-06 1.125E-06 9.351E-07 8.047E-07 7.022E-07 6.185E-07 5.483E-07 4.924E-07 4.479E-07 4.123E-07 3.772E-07 3.457E-07 2.998E-07 2.633E-07 1.973E-07 1.568E-07 1.219E-07 9.617E-08 5.238E-08 7.488E-08 8.789E-08 7.420E-08 6.691E-08 5.241E-08 4.256E-08 3.036E-08 2.376E-08 1.673E-08 1.147E-08 1.749E-08 1.430E-08 9.639E-09 6.436E-09 5.153E-09 5.084E-09 7.006E-09 6.462E-09 5.212E-09 4.046E-09 3.305E-09 2.856E-09 1.829E-09 1.430E-09 1.246E-09 1.837E-09 2.210E-09 2.709E-09 2.762E-09 2.824E-09 2.787E-09 2.754E-09 2.497E-09 2.317E-09 1.924E-09 1.562E-09 1.319E-09 9.470E-10 6.584E-10 5.067E-10 2.947E-10 1.936E-10
  1.620E+02  1.373E-06 1.154E-06 9.616E-07 8.215E-07 7.149E-07 6.299E-07 5.578E-07 5.014E-07 4.548E-07 4.185E-07 3.831E-07 3.511E-07 3.041E-07 2.672E-07 2.000E-07 1.588E-07 1.234E-07 9.728E-08 5.288E-08 7.531E-08 8.850E-08 7.486E-08 6.754E-08 5.290E-08 4.295E-08 3.062E-08 2.396E-08 1.686E-08 1.155E-08 1.762E-08 1.442E-08 9.716E-09 6.487E-09 5.193E-09 5.124E-09 7.063E-09 6.515E-09 5.254E-09 4.078E-09 3.332E-09 2.879E-09 1.844E-09 1.441E-09 1.256E-09 1.852E-09 2.229E-09 2.733E-09 2.786E-09 2.849E-09 2.812E-09 2.779E-09 2.520E-09 2.339E-09 1.942E-09 1.576E-09 1.331E-09 9.563E-10 6.650E-10 5.118E-10 2.977E-10 1.956E-10
  1.640E+02  1.404E-06 1.173E-06 9.810E-07 8.308E-07 7.227E-07 6.365E-07 5.627E-07 5.069E-07 4.588E-07 4.221E-07 3.868E-07 3.546E-07 3.071E-07 2.700E-07 2.022E-07 1.605E-07 1.248E-07 9.832E-08 5.336E-08 7.571E-08 8.908E-08 7.548E-08 6.814E-08 5.337E-08 4.332E-08 3.086E-08 2.414E-08 1.699E-08 1.163E-08 1.775E-08 1.452E-08 9.786E-09 6.533E-09 5.230E-09 5.161E-09 7.115E-09 6.563E-09 5.293E-09 4.108E-09 3.356E-09 2.900E-09 1.857E-09 1.452E-09 1.265E-09 1.866E-09 2.246E-09 2.754E-09 2.808E-09 2.872E-09 2.835E-09 2.802E-09 2.541E-09 2.358E-09 1.959E-09 1.590E-09 1.343E-09 9.647E-10 6.709E-10 5.164E-10 3.005E-10 1.974E-10
  1.660E+02  1.392E-06 1.174E-06 9.786E-07 8.303E-07 7.228E-07 6.351E-07 5.618E-07 5.058E-07 4.590E-07 4.226E-07 3.872E-07 3.553E-07 3.084E-07 2.714E-07 2.038E-07 1.620E-07 1.260E-07 9.925E-08 5.380E-08 7.607E-08 8.962E-08 7.607E-08 6.869E-08 5.380E-08 4.365E-08 3.108E-08 2.431E-08 1.710E-08 1.170E-08 1.786E-08 1.462E-08 9.849E-09 6.575E-09 5.263E-09 5.194E-09 7.162E-09 6.606E-09 5.327E-09 4.135E-09 3.378E-09 2.918E-09 1.869E-09 1.461E-09 1.273E-09 1.878E-09 2.261E-09 2.774E-09 2.828E-09 2.892E-09 2.856E-09 2.823E-09 2.560E-09 2.376E-09 1.974E-09 1.602E-09 1.353E-09 9.723E-10 6.763E-10 5.206E-10 3.029E-10 1.990E-10
  1.680E+02  1.327E-06 1.145E-06 9.435E-07 8.128E-07 7.074E-07 6.222E-07 5.527E-07 4.968E-07 4.537E-07 4.185E-07 3.838E-07 3.529E-07 3.077E-07 2.714E-07 2.048E-07 1.632E-07 1.270E-07 1.001E-07 5.420E-08 7.639E-08 9.011E-08 7.662E-08 6.921E-08 5.419E-08 4.396E-08 3.128E-08 2.446E-08 1.720E-08 1.176E-08 1.795E-08 1.470E-08 9.905E-09 6.611E-09 5.292E-09 5.222E-09 7.203E-09 6.644E-09 5.357E-09 4.158E-09 3.397E-09 2.935E-09 1.880E-09 1.469E-09 1.280E-09 1.889E-09 2.274E-09 2.790E-09 2.845E-09 2.910E-09 2.874E-09 2.841E-09 2.576E-09 2.391E-09 1.987E-09 1.613E-09 1.362E-09 9.789E-10 6.809E-10 5.242E-10 3.051E-10 2.005E-10
  1.700E+02  1.214E-06 1.074E-06 8.819E-07 7.735E-07 6.749E-07 5.980E-07 5.347E-07 4.814E-07 4.428E-07 4.102E-07 3.773E-07 3.481E-07 3.056E-07 2.704E-07 2.055E-07 1.642E-07 1.279E-07 1.008E-07 5.455E-08 7.666E-08 9.056E-08 7.713E-08 6.969E-08 5.455E-08 4.423E-08 3.145E-08 2.459E-08 1.729E-08 1.181E-08 1.804E-08 1.477E-08 9.953E-09 6.643E-09 5.317E-09 5.247E-09 7.238E-09 6.676E-09 5.383E-09 4.178E-09 3.413E-09 2.949E-09 1.889E-09 1.476E-09 1.286E-09 1.899E-09 2.285E-09 2.805E-09 2.860E-09 2.926E-09 2.889E-09 2.856E-09 2.590E-09 2.405E-09 1.998E-09 1.622E-09 1.370E-09 9.845E-10 6.849E-10 5.273E-10 3.069E-10 2.017E-10
  1.720E+02  1.096E-06 9.826E-07 8.174E-07 7.234E-07 6.378E-07 5.712E-07 5.145E-07 4.665E-07 4.318E-07 4.021E-07 3.716E-07 3.442E-07 3.040E-07 2.701E-07 2.064E-07 1.653E-07 1.288E-07 1.015E-07 5.486E-08 7.689E-08 9.095E-08 7.759E-08 7.013E-08 5.487E-08 4.447E-08 3.160E-08 2.470E-08 1.736E-08 1.185E-08 1.811E-08 1.483E-08 9.992E-09 6.669E-09 5.337E-09 5.268E-09 7.267E-09 6.703E-09 5.404E-09 4.195E-09 3.427E-09 2.961E-09 1.896E-09 1.482E-09 1.292E-09 1.906E-09 2.295E-09 2.816E-09 2.872E-09 2.938E-09 2.902E-09 2.869E-09 2.602E-09 2.415E-09 2.007E-09 1.629E-09 1.376E-09 9.892E-10 6.882E-10 5.299E-10 3.084E-10 2.027E-10
  1.740E+02  1.051E-06 9.325E-07 7.965E-07 6.980E-07 6.236E-07 5.607E-07 5.076E-07 4.649E-07 4.304E-07 4.021E-07 3.729E-07 3.459E-07 3.058E-07 2.724E-07 2.083E-07 1.667E-07 1.299E-07 1.022E-07 5.513E-08 7.707E-08 9.126E-08 7.799E-08 7.051E-08 5.515E-08 4.468E-08 3.172E-08 2.479E-08 1.742E-08 1.188E-08 1.816E-08 1.488E-08 1.002E-08 6.689E-09 5.353E-09 5.284E-09 7.290E-09 6.724E-09 5.421E-09 4.208E-09 3.437E-09 2.970E-09 1.902E-09 1.486E-09 1.295E-09 1.912E-09 2.302E-09 2.826E-09 2.882E-09 2.948E-09 2.912E-09 2.879E-09 2.611E-09 2.424E-09 2.014E-09 1.635E-09 1.381E-09 9.929E-10 6.908E-10 5.319E-10 3.096E-10 2.035E-10
  1.760E+02  1.126E-06 9.949E-07 8.502E-07 7.336E-07 6.566E-07 5.862E-07 5.279E-07 4.852E-07 4.458E-07 4.154E-07 3.851E-07 3.559E-07 3.129E-07 2.782E-07 2.115E-07 1.686E-07 1.310E-07 1.029E-07 5.536E-08 7.720E-08 9.150E-08 7.830E-08 7.082E-08 5.537E-08 4.483E-08 3.182E-08 2.486E-08 1.746E-08 1.190E-08 1.820E-08 1.492E-08 1.005E-08 6.704E-09 5.365E-09 5.295E-09 7.307E-09 6.739E-09 5.433E-09 4.217E-09 3.445E-09 2.976E-09 1.906E-09 1.490E-09 1.298E-09 1.917E-09 2.307E-09 2.832E-09 2.889E-09 2.955E-09 2.919E-09 2.886E-09 2.618E-09 2.430E-09 2.019E-09 1.640E-09 1.385E-09 9.955E-10 6.926E-10 5.333E-10 3.105E-10 2.041E-10
  1.780E+02  1.308E-06 1.158E-06 9.670E-07 8.167E-07 7.243E-07 6.396E-07 5.676E-07 5.188E-07 4.713E-07 4.363E-07 4.030E-07 3.698E-07 3.226E-07 2.852E-07 2.149E-07 1.703E-07 1.320E-07 1.035E-07 5.553E-08 7.728E-08 9.164E-08 7.851E-08 7.102E-08 5.552E-08 4.494E-08 3.187E-08 2.490E-08 1.749E-08 1.192E-08 1.822E-08 1.494E-08 1.006E-08 6.713E-09 5.372E-09 5.302E-09 7.316E-09 6.748E-09 5.441E-09 4.223E-09 3.449E-09 2.980E-09 1.909E-09 1.492E-09 1.300E-09 1.919E-09 2.311E-09 2.836E-09 2.893E-09 2.959E-09 2.923E-09 2.890E-09 2.622E-09 2.434E-09 2.022E-09 1.642E-09 1.387E-09 9.970E-10 6.938E-10 5.342E-10 3.110E-10 2.044E-10
  1.800E+02  1.438E-06 1.268E-06 1.043E-06 8.677E-07 7.648E-07 6.712E-07 5.904E-07 5.373E-07 4.852E-07 4.474E-07 4.122E-07 3.769E-07 3.275E-07 2.886E-07 2.164E-07 1.711E-07 1.324E-07 1.037E-07 5.559E-08 7.731E-08 9.169E-08 7.858E-08 7.109E-08 5.557E-08 4.497E-08 3.189E-08 2.492E-08 1.750E-08 1.192E-08 1.823E-08 1.494E-08 1.006E-08 6.716E-09 5.374E-09 5.304E-09 7.320E-09 6.751E-09 5.443E-09 4.225E-09 3.451E-09 2.981E-09 1.909E-09 1.492E-09 1.301E-09 1.920E-09 2.312E-09 2.838E-09 2.894E-09 2.961E-09 2.925E-09 2.892E-09 2.623E-09 2.435E-09 2.023E-09 1.643E-09 1.388E-09 9.976E-10 6.941E-10 5.345E-10 3.111E-10 2.045E-10
