# water soluble (80%) 
#
# size distribution: lognormal
# ------------------
#
#   minimum radius, [um]:      6.700E-03
#   maximum radius, [um]:      2.980E+01
#                  sigma:      2.240E+00
#       Rmod (wet), [um]:      3.060E-02
#       Rmod (dry), [um]:      2.120E-02
#
# optical parameters:
# -------------------
#
# wavelength ext.coef  sca.coef  abs.coef  si.sc.alb  asym.par  ext.nor    ref.real  ref.imag
#     [um]     [1/km]    [1/km]    [1/km]
#
#  2.500E-01 2.169E-05 2.000E-05 1.685E-06 9.223E-01 0.748E+00 2.263E+00  1.418E+00 -9.976E-03
#  3.000E-01 1.885E-05 1.844E-05 4.059E-07 9.785E-01 0.736E+00 1.967E+00  1.409E+00 -2.660E-03
#  3.500E-01 1.637E-05 1.615E-05 2.160E-07 9.868E-01 0.730E+00 1.708E+00  1.405E+00 -1.663E-03
#  4.000E-01 1.423E-05 1.405E-05 1.842E-07 9.871E-01 0.724E+00 1.485E+00  1.403E+00 -1.663E-03
#  4.500E-01 1.244E-05 1.228E-05 1.603E-07 9.871E-01 0.718E+00 1.298E+00  1.401E+00 -1.663E-03
#  5.000E-01 1.090E-05 1.076E-05 1.411E-07 9.871E-01 0.710E+00 1.137E+00  1.400E+00 -1.663E-03
#  5.500E-01 9.584E-06 9.434E-06 1.503E-07 9.843E-01 0.704E+00 1.000E+00  1.399E+00 -1.995E-03
#  6.000E-01 8.472E-06 8.337E-06 1.352E-07 9.840E-01 0.696E+00 8.840E-01  1.398E+00 -1.995E-03
#  6.500E-01 7.521E-06 7.378E-06 1.425E-07 9.811E-01 0.689E+00 7.847E-01  1.397E+00 -2.328E-03
#  7.000E-01 6.711E-06 6.581E-06 1.299E-07 9.806E-01 0.681E+00 7.002E-01  1.397E+00 -2.328E-03
#  7.500E-01 6.004E-06 5.860E-06 1.443E-07 9.760E-01 0.674E+00 6.264E-01  1.397E+00 -2.827E-03
#  8.000E-01 5.326E-06 5.170E-06 1.558E-07 9.708E-01 0.668E+00 5.557E-01  1.393E+00 -3.325E-03
#  9.000E-01 4.347E-06 4.174E-06 1.738E-07 9.600E-01 0.653E+00 4.536E-01  1.392E+00 -4.323E-03
#  1.000E+00 3.592E-06 3.411E-06 1.809E-07 9.496E-01 0.639E+00 3.748E-01  1.391E+00 -5.156E-03
#  1.250E+00 2.286E-06 2.120E-06 1.663E-07 9.273E-01 0.607E+00 2.386E-01  1.385E+00 -6.324E-03
#  1.500E+00 1.571E-06 1.412E-06 1.586E-07 8.990E-01 0.575E+00 1.639E-01  1.384E+00 -7.616E-03
#  1.750E+00 1.010E-06 9.090E-07 1.010E-07 9.000E-01 0.550E+00 1.054E-01  1.365E+00 -5.886E-03
#  2.000E+00 6.406E-07 5.911E-07 4.946E-08 9.228E-01 0.527E+00 6.684E-02  1.344E+00 -3.395E-03
#  2.500E+00 3.338E-07 2.764E-07 5.746E-08 8.279E-01 0.480E+00 3.483E-02  1.314E+00 -5.152E-03
#  3.000E+00 1.780E-06 2.227E-07 1.557E-06 1.251E-01 0.385E+00 1.857E-01  1.387E+00 -1.889E-01
#  3.200E+00 7.702E-07 2.646E-07 5.056E-07 3.436E-01 0.404E+00 8.036E-02  1.462E+00 -6.433E-02
#  3.390E+00 3.423E-07 2.075E-07 1.348E-07 6.062E-01 0.404E+00 3.571E-02  1.425E+00 -1.779E-02
#  3.500E+00 2.439E-07 1.856E-07 5.829E-08 7.610E-01 0.399E+00 2.545E-02  1.417E+00 -7.937E-03
#  3.750E+00 1.642E-07 1.392E-07 2.503E-08 8.476E-01 0.385E+00 1.714E-02  1.397E+00 -3.666E-03
#  4.000E+00 1.386E-07 1.085E-07 3.010E-08 7.829E-01 0.371E+00 1.446E-02  1.386E+00 -4.733E-03
#  4.500E+00 1.447E-07 7.070E-08 7.397E-08 4.887E-01 0.342E+00 1.509E-02  1.375E+00 -1.327E-02
#  5.000E+00 1.100E-07 4.894E-08 6.105E-08 4.450E-01 0.319E+00 1.148E-02  1.367E+00 -1.227E-02
#  5.500E+00 9.424E-08 3.210E-08 6.214E-08 3.406E-01 0.296E+00 9.833E-03  1.345E+00 -1.373E-02
#  6.000E+00 3.486E-07 1.970E-08 3.289E-07 5.651E-02 0.261E+00 3.637E-02  1.313E+00 -7.907E-02
#  6.200E+00 2.884E-07 2.610E-08 2.623E-07 9.050E-02 0.262E+00 3.009E-02  1.385E+00 -6.772E-02
#  6.500E+00 1.596E-07 2.198E-08 1.376E-07 1.378E-01 0.258E+00 1.665E-02  1.379E+00 -3.714E-02
#  7.200E+00 1.643E-07 1.276E-08 1.515E-07 7.764E-02 0.233E+00 1.714E-02  1.341E+00 -4.470E-02
#  7.900E+00 1.476E-07 5.650E-09 1.419E-07 3.828E-02 0.209E+00 1.540E-02  1.263E+00 -4.424E-02
#  8.200E+00 1.838E-07 2.855E-09 1.809E-07 1.554E-02 0.193E+00 1.918E-02  1.194E+00 -5.668E-02
#  8.500E+00 2.870E-07 5.403E-09 2.816E-07 1.883E-02 0.189E+00 2.995E-02  1.285E+00 -9.599E-02
#  8.700E+00 2.981E-07 2.160E-08 2.765E-07 7.245E-02 0.211E+00 3.110E-02  1.647E+00 -1.217E-01
#  9.000E+00 3.382E-07 2.160E-08 3.166E-07 6.387E-02 0.205E+00 3.528E-02  1.694E+00 -1.497E-01
#  9.200E+00 3.914E-07 1.442E-08 3.770E-07 3.684E-02 0.189E+00 4.084E-02  1.569E+00 -1.674E-01
#  9.500E+00 2.019E-07 9.330E-09 1.925E-07 4.622E-02 0.188E+00 2.106E-02  1.478E+00 -8.284E-02
#  9.800E+00 1.537E-07 7.249E-09 1.465E-07 4.716E-02 0.183E+00 1.604E-02  1.442E+00 -6.356E-02
#  1.000E+01 1.524E-07 6.089E-09 1.463E-07 3.996E-02 0.177E+00 1.590E-02  1.418E+00 -6.384E-02
#  1.060E+01 1.556E-07 3.998E-09 1.516E-07 2.570E-02 0.163E+00 1.623E-02  1.372E+00 -6.826E-02
#  1.100E+01 1.799E-07 3.017E-09 1.769E-07 1.677E-02 0.153E+00 1.877E-02  1.342E+00 -8.124E-02
#  1.150E+01 2.367E-07 2.209E-09 2.345E-07 9.332E-03 0.141E+00 2.470E-02  1.307E+00 -1.104E-01
#  1.250E+01 3.777E-07 1.800E-09 3.759E-07 4.767E-03 0.121E+00 3.941E-02  1.288E+00 -1.905E-01
#  1.300E+01 4.186E-07 1.834E-09 4.168E-07 4.381E-03 0.115E+00 4.368E-02  1.304E+00 -2.219E-01
#  1.400E+01 4.678E-07 1.766E-09 4.660E-07 3.774E-03 0.104E+00 4.881E-02  1.326E+00 -2.712E-01
#  1.480E+01 4.874E-07 1.525E-09 4.859E-07 3.129E-03 0.960E-01 5.086E-02  1.319E+00 -2.976E-01
#  1.500E+01 5.407E-07 1.632E-09 5.390E-07 3.019E-03 0.926E-01 5.641E-02  1.320E+00 -3.348E-01
#  1.640E+01 4.456E-07 1.795E-09 4.438E-07 4.027E-03 0.919E-01 4.650E-02  1.480E+00 -3.382E-01
#  1.720E+01 4.146E-07 2.113E-09 4.125E-07 5.097E-03 0.929E-01 4.326E-02  1.617E+00 -3.668E-01
#  1.800E+01 3.741E-07 1.707E-09 3.724E-07 4.562E-03 0.891E-01 3.903E-02  1.608E+00 -3.442E-01
#  1.850E+01 3.650E-07 1.436E-09 3.636E-07 3.934E-03 0.852E-01 3.809E-02  1.578E+00 -3.375E-01
#  2.000E+01 3.062E-07 1.344E-09 3.049E-07 4.390E-03 0.837E-01 3.195E-02  1.693E+00 -3.355E-01
#  2.130E+01 2.848E-07 1.029E-09 2.837E-07 3.613E-03 0.774E-01 2.971E-02  1.680E+00 -3.295E-01
#  2.250E+01 2.691E-07 8.176E-10 2.683E-07 3.038E-03 0.721E-01 2.808E-02  1.670E+00 -3.268E-01
#  2.500E+01 2.491E-07 5.250E-10 2.485E-07 2.108E-03 0.622E-01 2.599E-02  1.647E+00 -3.307E-01
#  2.790E+01 2.177E-07 3.399E-10 2.173E-07 1.562E-03 0.540E-01 2.271E-02  1.646E+00 -3.227E-01
#  3.000E+01 2.006E-07 2.526E-10 2.003E-07 1.260E-03 0.489E-01 2.093E-02  1.640E+00 -3.187E-01
#  3.500E+01 1.889E-07 1.508E-10 1.887E-07 7.986E-04 0.392E-01 1.971E-02  1.661E+00 -3.573E-01
#  4.000E+01 1.994E-07 9.316E-11 1.993E-07 4.672E-04 0.307E-01 2.080E-02  1.632E+00 -4.232E-01
#
# volume phase function [1/km]:
# -----------------------------
#
# sca.ang. | wavelengths --->
# ---------|------------------
#          | 2.500E-01 3.000E-01 3.500E-01 4.000E-01 4.500E-01 5.000E-01 5.500E-01 6.000E-01 6.500E-01 7.000E-01 7.500E-01 8.000E-01 9.000E-01 1.000E+00 1.250E+00 1.500E+00 1.750E+00 2.000E+00 2.500E+00 3.000E+00 3.200E+00 3.390E+00 3.500E+00 3.750E+00 4.000E+00 4.500E+00 5.000E+00 5.500E+00 6.000E+00 6.200E+00 6.500E+00 7.200E+00 7.900E+00 8.200E+00 8.500E+00 8.700E+00 9.000E+00 9.200E+00 9.500E+00 9.800E+00 1.000E+01 1.060E+01 1.100E+01 1.150E+01 1.250E+01 1.300E+01 1.400E+01 1.480E+01 1.500E+01 1.640E+01 1.720E+01 1.800E+01 1.850E+01 2.000E+01 2.130E+01 2.250E+01 2.500E+01 2.790E+01 3.000E+01 3.500E+01 4.000E+01
#
  0.000E+00  4.838E-05 3.685E-05 2.852E-05 2.245E-05 1.805E-05 1.472E-05 1.213E-05 1.013E-05 8.505E-06 7.221E-06 6.156E-06 5.251E-06 3.927E-06 2.998E-06 1.622E-06 9.557E-07 5.685E-07 3.462E-07 1.413E-07 8.090E-08 9.721E-08 7.743E-08 6.871E-08 4.999E-08 3.753E-08 2.255E-08 1.461E-08 9.036E-09 5.005E-09 6.521E-09 5.452E-09 2.969E-09 1.244E-09 6.065E-10 1.111E-09 4.397E-09 4.298E-09 2.818E-09 1.847E-09 1.423E-09 1.183E-09 7.517E-10 5.533E-10 3.918E-10 3.011E-10 3.006E-10 2.801E-10 2.365E-10 2.506E-10 2.726E-10 3.195E-10 2.556E-10 2.132E-10 1.977E-10 1.490E-10 1.169E-10 7.323E-11 4.644E-11 3.407E-11 1.984E-11 1.200E-11
  1.000E-01  4.837E-05 3.685E-05 2.852E-05 2.245E-05 1.805E-05 1.472E-05 1.213E-05 1.013E-05 8.505E-06 7.220E-06 6.156E-06 5.250E-06 3.927E-06 2.998E-06 1.622E-06 9.557E-07 5.685E-07 3.462E-07 1.413E-07 8.089E-08 9.721E-08 7.743E-08 6.871E-08 4.999E-08 3.753E-08 2.255E-08 1.461E-08 9.036E-09 5.005E-09 6.521E-09 5.452E-09 2.969E-09 1.244E-09 6.065E-10 1.111E-09 4.397E-09 4.298E-09 2.818E-09 1.847E-09 1.423E-09 1.183E-09 7.517E-10 5.533E-10 3.918E-10 3.011E-10 3.006E-10 2.801E-10 2.365E-10 2.506E-10 2.726E-10 3.195E-10 2.556E-10 2.132E-10 1.977E-10 1.490E-10 1.169E-10 7.323E-11 4.644E-11 3.407E-11 1.984E-11 1.200E-11
  2.000E-01  4.834E-05 3.683E-05 2.851E-05 2.245E-05 1.805E-05 1.472E-05 1.213E-05 1.013E-05 8.503E-06 7.220E-06 6.155E-06 5.250E-06 3.926E-06 2.998E-06 1.622E-06 9.556E-07 5.685E-07 3.462E-07 1.413E-07 8.089E-08 9.721E-08 7.743E-08 6.871E-08 4.999E-08 3.752E-08 2.255E-08 1.461E-08 9.035E-09 5.005E-09 6.521E-09 5.452E-09 2.969E-09 1.244E-09 6.065E-10 1.111E-09 4.397E-09 4.298E-09 2.818E-09 1.847E-09 1.423E-09 1.183E-09 7.517E-10 5.533E-10 3.918E-10 3.011E-10 3.006E-10 2.801E-10 2.365E-10 2.506E-10 2.726E-10 3.195E-10 2.556E-10 2.132E-10 1.977E-10 1.490E-10 1.169E-10 7.323E-11 4.644E-11 3.407E-11 1.984E-11 1.200E-11
  3.000E-01  4.828E-05 3.680E-05 2.849E-05 2.244E-05 1.804E-05 1.471E-05 1.212E-05 1.012E-05 8.502E-06 7.218E-06 6.154E-06 5.249E-06 3.926E-06 2.997E-06 1.621E-06 9.556E-07 5.684E-07 3.461E-07 1.413E-07 8.089E-08 9.721E-08 7.742E-08 6.871E-08 4.999E-08 3.752E-08 2.254E-08 1.461E-08 9.035E-09 5.005E-09 6.521E-09 5.452E-09 2.969E-09 1.244E-09 6.065E-10 1.111E-09 4.397E-09 4.298E-09 2.818E-09 1.847E-09 1.423E-09 1.182E-09 7.517E-10 5.533E-10 3.918E-10 3.011E-10 3.006E-10 2.801E-10 2.365E-10 2.506E-10 2.726E-10 3.195E-10 2.556E-10 2.132E-10 1.977E-10 1.490E-10 1.169E-10 7.323E-11 4.644E-11 3.407E-11 1.984E-11 1.200E-11
  4.000E-01  4.821E-05 3.677E-05 2.847E-05 2.242E-05 1.803E-05 1.471E-05 1.212E-05 1.012E-05 8.499E-06 7.217E-06 6.153E-06 5.248E-06 3.925E-06 2.997E-06 1.621E-06 9.554E-07 5.684E-07 3.461E-07 1.413E-07 8.089E-08 9.720E-08 7.742E-08 6.870E-08 4.999E-08 3.752E-08 2.254E-08 1.461E-08 9.035E-09 5.004E-09 6.521E-09 5.451E-09 2.969E-09 1.244E-09 6.065E-10 1.111E-09 4.397E-09 4.298E-09 2.818E-09 1.847E-09 1.423E-09 1.182E-09 7.517E-10 5.533E-10 3.918E-10 3.011E-10 3.006E-10 2.801E-10 2.365E-10 2.506E-10 2.726E-10 3.195E-10 2.556E-10 2.132E-10 1.977E-10 1.490E-10 1.169E-10 7.323E-11 4.644E-11 3.407E-11 1.984E-11 1.200E-11
  5.000E-01  4.812E-05 3.672E-05 2.845E-05 2.241E-05 1.802E-05 1.470E-05 1.211E-05 1.012E-05 8.496E-06 7.214E-06 6.151E-06 5.247E-06 3.924E-06 2.996E-06 1.621E-06 9.553E-07 5.683E-07 3.461E-07 1.413E-07 8.088E-08 9.719E-08 7.741E-08 6.870E-08 4.999E-08 3.752E-08 2.254E-08 1.460E-08 9.034E-09 5.004E-09 6.520E-09 5.451E-09 2.969E-09 1.244E-09 6.064E-10 1.111E-09 4.397E-09 4.298E-09 2.818E-09 1.847E-09 1.423E-09 1.182E-09 7.516E-10 5.533E-10 3.918E-10 3.011E-10 3.006E-10 2.801E-10 2.365E-10 2.506E-10 2.726E-10 3.195E-10 2.556E-10 2.132E-10 1.977E-10 1.490E-10 1.169E-10 7.323E-11 4.644E-11 3.407E-11 1.984E-11 1.200E-11
  6.000E-01  4.801E-05 3.666E-05 2.841E-05 2.239E-05 1.801E-05 1.469E-05 1.211E-05 1.011E-05 8.493E-06 7.211E-06 6.148E-06 5.245E-06 3.923E-06 2.995E-06 1.621E-06 9.551E-07 5.682E-07 3.460E-07 1.413E-07 8.087E-08 9.719E-08 7.741E-08 6.869E-08 4.998E-08 3.752E-08 2.254E-08 1.460E-08 9.034E-09 5.004E-09 6.520E-09 5.451E-09 2.969E-09 1.244E-09 6.064E-10 1.111E-09 4.397E-09 4.298E-09 2.818E-09 1.847E-09 1.423E-09 1.182E-09 7.516E-10 5.533E-10 3.918E-10 3.011E-10 3.006E-10 2.801E-10 2.365E-10 2.506E-10 2.726E-10 3.195E-10 2.556E-10 2.132E-10 1.977E-10 1.490E-10 1.169E-10 7.323E-11 4.644E-11 3.407E-11 1.984E-11 1.200E-11
  7.000E-01  4.789E-05 3.660E-05 2.837E-05 2.236E-05 1.799E-05 1.468E-05 1.210E-05 1.011E-05 8.488E-06 7.208E-06 6.146E-06 5.243E-06 3.922E-06 2.995E-06 1.620E-06 9.549E-07 5.681E-07 3.460E-07 1.413E-07 8.086E-08 9.718E-08 7.740E-08 6.869E-08 4.998E-08 3.751E-08 2.254E-08 1.460E-08 9.033E-09 5.004E-09 6.520E-09 5.451E-09 2.969E-09 1.244E-09 6.064E-10 1.111E-09 4.397E-09 4.297E-09 2.817E-09 1.847E-09 1.423E-09 1.182E-09 7.516E-10 5.532E-10 3.918E-10 3.011E-10 3.006E-10 2.801E-10 2.365E-10 2.506E-10 2.726E-10 3.195E-10 2.556E-10 2.132E-10 1.977E-10 1.490E-10 1.169E-10 7.323E-11 4.644E-11 3.407E-11 1.984E-11 1.200E-11
  8.000E-01  4.775E-05 3.652E-05 2.833E-05 2.234E-05 1.797E-05 1.467E-05 1.209E-05 1.010E-05 8.483E-06 7.204E-06 6.143E-06 5.240E-06 3.920E-06 2.993E-06 1.620E-06 9.547E-07 5.680E-07 3.459E-07 1.412E-07 8.085E-08 9.717E-08 7.739E-08 6.868E-08 4.997E-08 3.751E-08 2.254E-08 1.460E-08 9.033E-09 5.003E-09 6.519E-09 5.450E-09 2.969E-09 1.243E-09 6.063E-10 1.111E-09 4.397E-09 4.297E-09 2.817E-09 1.847E-09 1.423E-09 1.182E-09 7.516E-10 5.532E-10 3.918E-10 3.011E-10 3.006E-10 2.801E-10 2.365E-10 2.506E-10 2.726E-10 3.195E-10 2.556E-10 2.132E-10 1.977E-10 1.490E-10 1.169E-10 7.322E-11 4.643E-11 3.407E-11 1.984E-11 1.200E-11
  9.000E-01  4.759E-05 3.644E-05 2.828E-05 2.231E-05 1.795E-05 1.465E-05 1.208E-05 1.009E-05 8.478E-06 7.200E-06 6.139E-06 5.238E-06 3.918E-06 2.992E-06 1.619E-06 9.544E-07 5.678E-07 3.458E-07 1.412E-07 8.084E-08 9.716E-08 7.738E-08 6.867E-08 4.997E-08 3.750E-08 2.253E-08 1.460E-08 9.032E-09 5.003E-09 6.519E-09 5.450E-09 2.968E-09 1.243E-09 6.063E-10 1.111E-09 4.396E-09 4.297E-09 2.817E-09 1.847E-09 1.423E-09 1.182E-09 7.515E-10 5.532E-10 3.918E-10 3.011E-10 3.006E-10 2.801E-10 2.365E-10 2.506E-10 2.726E-10 3.194E-10 2.556E-10 2.132E-10 1.977E-10 1.490E-10 1.169E-10 7.322E-11 4.643E-11 3.407E-11 1.984E-11 1.199E-11
  1.000E+00  4.742E-05 3.635E-05 2.823E-05 2.227E-05 1.793E-05 1.464E-05 1.207E-05 1.008E-05 8.472E-06 7.195E-06 6.136E-06 5.235E-06 3.916E-06 2.991E-06 1.619E-06 9.542E-07 5.677E-07 3.457E-07 1.412E-07 8.083E-08 9.714E-08 7.737E-08 6.866E-08 4.996E-08 3.750E-08 2.253E-08 1.460E-08 9.031E-09 5.002E-09 6.518E-09 5.449E-09 2.968E-09 1.243E-09 6.063E-10 1.111E-09 4.396E-09 4.297E-09 2.817E-09 1.847E-09 1.423E-09 1.182E-09 7.515E-10 5.532E-10 3.917E-10 3.010E-10 3.006E-10 2.801E-10 2.365E-10 2.506E-10 2.726E-10 3.194E-10 2.555E-10 2.131E-10 1.977E-10 1.490E-10 1.169E-10 7.322E-11 4.643E-11 3.407E-11 1.984E-11 1.199E-11
  1.100E+00  4.724E-05 3.625E-05 2.817E-05 2.224E-05 1.791E-05 1.462E-05 1.206E-05 1.007E-05 8.465E-06 7.190E-06 6.132E-06 5.231E-06 3.914E-06 2.989E-06 1.618E-06 9.538E-07 5.675E-07 3.456E-07 1.411E-07 8.082E-08 9.713E-08 7.736E-08 6.865E-08 4.995E-08 3.749E-08 2.253E-08 1.460E-08 9.030E-09 5.002E-09 6.518E-09 5.449E-09 2.968E-09 1.243E-09 6.062E-10 1.111E-09 4.396E-09 4.297E-09 2.817E-09 1.847E-09 1.423E-09 1.182E-09 7.514E-10 5.531E-10 3.917E-10 3.010E-10 3.006E-10 2.800E-10 2.364E-10 2.505E-10 2.726E-10 3.194E-10 2.555E-10 2.131E-10 1.977E-10 1.490E-10 1.168E-10 7.322E-11 4.643E-11 3.407E-11 1.984E-11 1.199E-11
  1.200E+00  4.704E-05 3.614E-05 2.811E-05 2.220E-05 1.788E-05 1.460E-05 1.204E-05 1.006E-05 8.457E-06 7.184E-06 6.127E-06 5.228E-06 3.912E-06 2.988E-06 1.617E-06 9.535E-07 5.673E-07 3.455E-07 1.411E-07 8.080E-08 9.711E-08 7.735E-08 6.864E-08 4.994E-08 3.749E-08 2.253E-08 1.459E-08 9.029E-09 5.001E-09 6.517E-09 5.448E-09 2.968E-09 1.243E-09 6.061E-10 1.110E-09 4.396E-09 4.296E-09 2.817E-09 1.846E-09 1.423E-09 1.182E-09 7.514E-10 5.531E-10 3.917E-10 3.010E-10 3.005E-10 2.800E-10 2.364E-10 2.505E-10 2.726E-10 3.194E-10 2.555E-10 2.131E-10 1.977E-10 1.490E-10 1.168E-10 7.321E-11 4.643E-11 3.406E-11 1.984E-11 1.199E-11
  1.300E+00  4.684E-05 3.603E-05 2.804E-05 2.215E-05 1.785E-05 1.458E-05 1.203E-05 1.005E-05 8.449E-06 7.178E-06 6.122E-06 5.224E-06 3.909E-06 2.986E-06 1.616E-06 9.531E-07 5.671E-07 3.454E-07 1.411E-07 8.079E-08 9.709E-08 7.733E-08 6.863E-08 4.993E-08 3.748E-08 2.252E-08 1.459E-08 9.027E-09 5.001E-09 6.516E-09 5.448E-09 2.967E-09 1.243E-09 6.061E-10 1.110E-09 4.395E-09 4.296E-09 2.817E-09 1.846E-09 1.423E-09 1.182E-09 7.513E-10 5.530E-10 3.917E-10 3.010E-10 3.005E-10 2.800E-10 2.364E-10 2.505E-10 2.725E-10 3.194E-10 2.555E-10 2.131E-10 1.977E-10 1.490E-10 1.168E-10 7.321E-11 4.643E-11 3.406E-11 1.983E-11 1.199E-11
  1.400E+00  4.662E-05 3.591E-05 2.797E-05 2.211E-05 1.782E-05 1.456E-05 1.201E-05 1.004E-05 8.441E-06 7.171E-06 6.117E-06 5.220E-06 3.906E-06 2.984E-06 1.616E-06 9.527E-07 5.669E-07 3.453E-07 1.410E-07 8.077E-08 9.708E-08 7.732E-08 6.861E-08 4.992E-08 3.748E-08 2.252E-08 1.459E-08 9.026E-09 5.000E-09 6.516E-09 5.447E-09 2.967E-09 1.243E-09 6.060E-10 1.110E-09 4.395E-09 4.296E-09 2.816E-09 1.846E-09 1.423E-09 1.182E-09 7.513E-10 5.530E-10 3.916E-10 3.010E-10 3.005E-10 2.800E-10 2.364E-10 2.505E-10 2.725E-10 3.194E-10 2.555E-10 2.131E-10 1.976E-10 1.489E-10 1.168E-10 7.321E-11 4.642E-11 3.406E-11 1.983E-11 1.199E-11
  1.500E+00  4.640E-05 3.579E-05 2.789E-05 2.206E-05 1.779E-05 1.454E-05 1.200E-05 1.003E-05 8.431E-06 7.164E-06 6.111E-06 5.215E-06 3.904E-06 2.982E-06 1.615E-06 9.522E-07 5.666E-07 3.451E-07 1.410E-07 8.075E-08 9.706E-08 7.730E-08 6.860E-08 4.991E-08 3.747E-08 2.251E-08 1.459E-08 9.025E-09 4.999E-09 6.515E-09 5.446E-09 2.967E-09 1.243E-09 6.060E-10 1.110E-09 4.394E-09 4.295E-09 2.816E-09 1.846E-09 1.422E-09 1.182E-09 7.512E-10 5.530E-10 3.916E-10 3.009E-10 3.005E-10 2.800E-10 2.364E-10 2.505E-10 2.725E-10 3.194E-10 2.555E-10 2.131E-10 1.976E-10 1.489E-10 1.168E-10 7.320E-11 4.642E-11 3.406E-11 1.983E-11 1.199E-11
  1.600E+00  4.616E-05 3.566E-05 2.782E-05 2.201E-05 1.775E-05 1.451E-05 1.198E-05 1.002E-05 8.422E-06 7.156E-06 6.105E-06 5.210E-06 3.900E-06 2.980E-06 1.614E-06 9.518E-07 5.664E-07 3.450E-07 1.409E-07 8.073E-08 9.703E-08 7.728E-08 6.858E-08 4.990E-08 3.746E-08 2.251E-08 1.459E-08 9.023E-09 4.999E-09 6.514E-09 5.446E-09 2.966E-09 1.242E-09 6.059E-10 1.110E-09 4.394E-09 4.295E-09 2.816E-09 1.846E-09 1.422E-09 1.182E-09 7.511E-10 5.529E-10 3.916E-10 3.009E-10 3.005E-10 2.800E-10 2.364E-10 2.505E-10 2.725E-10 3.193E-10 2.555E-10 2.131E-10 1.976E-10 1.489E-10 1.168E-10 7.320E-11 4.642E-11 3.406E-11 1.983E-11 1.199E-11
  1.700E+00  4.592E-05 3.552E-05 2.773E-05 2.196E-05 1.772E-05 1.449E-05 1.196E-05 1.000E-05 8.411E-06 7.148E-06 6.099E-06 5.205E-06 3.897E-06 2.978E-06 1.613E-06 9.513E-07 5.661E-07 3.448E-07 1.409E-07 8.071E-08 9.701E-08 7.727E-08 6.857E-08 4.989E-08 3.745E-08 2.251E-08 1.458E-08 9.022E-09 4.998E-09 6.513E-09 5.445E-09 2.966E-09 1.242E-09 6.058E-10 1.110E-09 4.394E-09 4.295E-09 2.816E-09 1.846E-09 1.422E-09 1.182E-09 7.511E-10 5.529E-10 3.915E-10 3.009E-10 3.004E-10 2.799E-10 2.364E-10 2.505E-10 2.725E-10 3.193E-10 2.554E-10 2.131E-10 1.976E-10 1.489E-10 1.168E-10 7.320E-11 4.642E-11 3.406E-11 1.983E-11 1.199E-11
  1.800E+00  4.567E-05 3.538E-05 2.765E-05 2.190E-05 1.768E-05 1.446E-05 1.194E-05 9.989E-06 8.400E-06 7.140E-06 6.092E-06 5.200E-06 3.894E-06 2.975E-06 1.612E-06 9.507E-07 5.658E-07 3.447E-07 1.408E-07 8.069E-08 9.699E-08 7.725E-08 6.855E-08 4.988E-08 3.744E-08 2.250E-08 1.458E-08 9.020E-09 4.997E-09 6.512E-09 5.444E-09 2.965E-09 1.242E-09 6.057E-10 1.110E-09 4.393E-09 4.294E-09 2.815E-09 1.845E-09 1.422E-09 1.181E-09 7.510E-10 5.528E-10 3.915E-10 3.009E-10 3.004E-10 2.799E-10 2.363E-10 2.504E-10 2.725E-10 3.193E-10 2.554E-10 2.131E-10 1.976E-10 1.489E-10 1.168E-10 7.319E-11 4.641E-11 3.405E-11 1.983E-11 1.199E-11
  1.900E+00  4.542E-05 3.524E-05 2.756E-05 2.185E-05 1.764E-05 1.444E-05 1.192E-05 9.974E-06 8.389E-06 7.131E-06 6.085E-06 5.194E-06 3.890E-06 2.973E-06 1.611E-06 9.502E-07 5.655E-07 3.445E-07 1.407E-07 8.067E-08 9.696E-08 7.722E-08 6.853E-08 4.987E-08 3.743E-08 2.250E-08 1.458E-08 9.018E-09 4.996E-09 6.511E-09 5.443E-09 2.965E-09 1.242E-09 6.056E-10 1.110E-09 4.393E-09 4.294E-09 2.815E-09 1.845E-09 1.422E-09 1.181E-09 7.509E-10 5.527E-10 3.915E-10 3.008E-10 3.004E-10 2.799E-10 2.363E-10 2.504E-10 2.724E-10 3.193E-10 2.554E-10 2.130E-10 1.976E-10 1.489E-10 1.168E-10 7.319E-11 4.641E-11 3.405E-11 1.983E-11 1.199E-11
  2.000E+00  4.516E-05 3.509E-05 2.747E-05 2.179E-05 1.760E-05 1.441E-05 1.190E-05 9.958E-06 8.377E-06 7.122E-06 6.078E-06 5.188E-06 3.886E-06 2.970E-06 1.609E-06 9.496E-07 5.652E-07 3.443E-07 1.407E-07 8.064E-08 9.693E-08 7.720E-08 6.851E-08 4.985E-08 3.742E-08 2.249E-08 1.457E-08 9.016E-09 4.995E-09 6.510E-09 5.442E-09 2.964E-09 1.242E-09 6.055E-10 1.109E-09 4.392E-09 4.293E-09 2.815E-09 1.845E-09 1.422E-09 1.181E-09 7.508E-10 5.527E-10 3.914E-10 3.008E-10 3.004E-10 2.799E-10 2.363E-10 2.504E-10 2.724E-10 3.192E-10 2.554E-10 2.130E-10 1.976E-10 1.489E-10 1.168E-10 7.318E-11 4.641E-11 3.405E-11 1.983E-11 1.199E-11
  3.000E+00  4.234E-05 3.343E-05 2.643E-05 2.110E-05 1.713E-05 1.407E-05 1.165E-05 9.768E-06 8.232E-06 7.008E-06 5.987E-06 5.116E-06 3.838E-06 2.937E-06 1.595E-06 9.421E-07 5.612E-07 3.420E-07 1.398E-07 8.033E-08 9.659E-08 7.692E-08 6.826E-08 4.968E-08 3.730E-08 2.242E-08 1.453E-08 8.992E-09 4.983E-09 6.495E-09 5.430E-09 2.958E-09 1.239E-09 6.044E-10 1.108E-09 4.386E-09 4.287E-09 2.811E-09 1.842E-09 1.420E-09 1.179E-09 7.497E-10 5.519E-10 3.909E-10 3.005E-10 3.000E-10 2.796E-10 2.360E-10 2.501E-10 2.721E-10 3.189E-10 2.551E-10 2.128E-10 1.974E-10 1.488E-10 1.167E-10 7.312E-11 4.637E-11 3.402E-11 1.981E-11 1.198E-11
  4.000E+00  3.938E-05 3.161E-05 2.523E-05 2.029E-05 1.655E-05 1.365E-05 1.134E-05 9.527E-06 8.046E-06 6.861E-06 5.870E-06 5.021E-06 3.774E-06 2.892E-06 1.575E-06 9.320E-07 5.557E-07 3.389E-07 1.387E-07 7.990E-08 9.611E-08 7.653E-08 6.792E-08 4.943E-08 3.712E-08 2.232E-08 1.447E-08 8.959E-09 4.967E-09 6.475E-09 5.414E-09 2.950E-09 1.236E-09 6.027E-10 1.105E-09 4.377E-09 4.279E-09 2.805E-09 1.838E-09 1.417E-09 1.177E-09 7.482E-10 5.508E-10 3.902E-10 2.999E-10 2.995E-10 2.791E-10 2.357E-10 2.498E-10 2.718E-10 3.185E-10 2.548E-10 2.125E-10 1.971E-10 1.486E-10 1.165E-10 7.302E-11 4.631E-11 3.398E-11 1.979E-11 1.197E-11
  5.000E+00  3.647E-05 2.974E-05 2.396E-05 1.942E-05 1.592E-05 1.318E-05 1.098E-05 9.250E-06 7.830E-06 6.690E-06 5.731E-06 4.908E-06 3.698E-06 2.839E-06 1.550E-06 9.195E-07 5.489E-07 3.350E-07 1.373E-07 7.936E-08 9.551E-08 7.604E-08 6.749E-08 4.913E-08 3.690E-08 2.220E-08 1.440E-08 8.916E-09 4.946E-09 6.450E-09 5.393E-09 2.939E-09 1.232E-09 6.007E-10 1.101E-09 4.366E-09 4.268E-09 2.798E-09 1.833E-09 1.413E-09 1.174E-09 7.463E-10 5.494E-10 3.892E-10 2.993E-10 2.989E-10 2.786E-10 2.352E-10 2.493E-10 2.713E-10 3.179E-10 2.543E-10 2.122E-10 1.968E-10 1.483E-10 1.163E-10 7.291E-11 4.624E-11 3.393E-11 1.976E-11 1.195E-11
  6.000E+00  3.371E-05 2.790E-05 2.268E-05 1.851E-05 1.525E-05 1.267E-05 1.060E-05 8.948E-06 7.592E-06 6.498E-06 5.576E-06 4.781E-06 3.611E-06 2.777E-06 1.522E-06 9.049E-07 5.409E-07 3.304E-07 1.356E-07 7.872E-08 9.479E-08 7.545E-08 6.697E-08 4.876E-08 3.663E-08 2.206E-08 1.431E-08 8.865E-09 4.921E-09 6.420E-09 5.367E-09 2.926E-09 1.226E-09 5.981E-10 1.097E-09 4.352E-09 4.255E-09 2.789E-09 1.828E-09 1.408E-09 1.170E-09 7.439E-10 5.477E-10 3.881E-10 2.985E-10 2.981E-10 2.779E-10 2.347E-10 2.487E-10 2.706E-10 3.172E-10 2.538E-10 2.117E-10 1.964E-10 1.480E-10 1.161E-10 7.276E-11 4.615E-11 3.386E-11 1.972E-11 1.193E-11
  8.000E+00  2.876E-05 2.444E-05 2.018E-05 1.668E-05 1.388E-05 1.162E-05 9.777E-06 8.296E-06 7.072E-06 6.077E-06 5.232E-06 4.498E-06 3.414E-06 2.637E-06 1.456E-06 8.704E-07 5.217E-07 3.194E-07 1.316E-07 7.714E-08 9.301E-08 7.401E-08 6.569E-08 4.785E-08 3.597E-08 2.169E-08 1.410E-08 8.737E-09 4.858E-09 6.343E-09 5.304E-09 2.894E-09 1.213E-09 5.919E-10 1.087E-09 4.317E-09 4.223E-09 2.768E-09 1.813E-09 1.397E-09 1.160E-09 7.380E-10 5.435E-10 3.852E-10 2.964E-10 2.961E-10 2.762E-10 2.333E-10 2.472E-10 2.691E-10 3.155E-10 2.524E-10 2.106E-10 1.953E-10 1.472E-10 1.155E-10 7.240E-11 4.592E-11 3.370E-11 1.963E-11 1.187E-11
  1.000E+01  2.457E-05 2.134E-05 1.787E-05 1.493E-05 1.252E-05 1.056E-05 8.937E-06 7.622E-06 6.524E-06 5.629E-06 4.862E-06 4.190E-06 3.198E-06 2.480E-06 1.380E-06 8.304E-07 4.994E-07 3.064E-07 1.268E-07 7.523E-08 9.085E-08 7.224E-08 6.413E-08 4.673E-08 3.517E-08 2.125E-08 1.383E-08 8.580E-09 4.780E-09 6.248E-09 5.225E-09 2.853E-09 1.197E-09 5.840E-10 1.074E-09 4.273E-09 4.182E-09 2.740E-09 1.794E-09 1.382E-09 1.148E-09 7.305E-10 5.381E-10 3.815E-10 2.939E-10 2.937E-10 2.740E-10 2.315E-10 2.454E-10 2.672E-10 3.132E-10 2.507E-10 2.091E-10 1.940E-10 1.463E-10 1.148E-10 7.194E-11 4.564E-11 3.349E-11 1.951E-11 1.180E-11
  1.200E+01  2.106E-05 1.862E-05 1.578E-05 1.329E-05 1.124E-05 9.536E-06 8.113E-06 6.953E-06 5.976E-06 5.175E-06 4.484E-06 3.875E-06 2.972E-06 2.316E-06 1.299E-06 7.868E-07 4.749E-07 2.921E-07 1.215E-07 7.305E-08 8.835E-08 7.020E-08 6.233E-08 4.545E-08 3.423E-08 2.073E-08 1.351E-08 8.396E-09 4.689E-09 6.136E-09 5.131E-09 2.805E-09 1.177E-09 5.748E-10 1.059E-09 4.220E-09 4.132E-09 2.707E-09 1.771E-09 1.364E-09 1.134E-09 7.215E-10 5.317E-10 3.772E-10 2.908E-10 2.907E-10 2.713E-10 2.293E-10 2.431E-10 2.648E-10 3.106E-10 2.485E-10 2.073E-10 1.924E-10 1.451E-10 1.138E-10 7.138E-11 4.529E-11 3.324E-11 1.937E-11 1.172E-11
  1.400E+01  1.810E-05 1.624E-05 1.391E-05 1.180E-05 1.004E-05 8.571E-06 7.327E-06 6.307E-06 5.441E-06 4.729E-06 4.111E-06 3.560E-06 2.745E-06 2.148E-06 1.215E-06 7.411E-07 4.490E-07 2.769E-07 1.158E-07 7.066E-08 8.559E-08 6.795E-08 6.034E-08 4.403E-08 3.320E-08 2.015E-08 1.316E-08 8.190E-09 4.587E-09 6.009E-09 5.026E-09 2.751E-09 1.155E-09 5.644E-10 1.041E-09 4.160E-09 4.075E-09 2.669E-09 1.745E-09 1.344E-09 1.117E-09 7.112E-10 5.243E-10 3.721E-10 2.872E-10 2.872E-10 2.683E-10 2.268E-10 2.405E-10 2.621E-10 3.074E-10 2.460E-10 2.053E-10 1.906E-10 1.437E-10 1.128E-10 7.073E-11 4.489E-11 3.295E-11 1.920E-11 1.162E-11
  1.600E+01  1.560E-05 1.417E-05 1.223E-05 1.045E-05 8.949E-06 7.675E-06 6.590E-06 5.696E-06 4.932E-06 4.301E-06 3.750E-06 3.255E-06 2.523E-06 1.983E-06 1.131E-06 6.946E-07 4.224E-07 2.613E-07 1.099E-07 6.812E-08 8.262E-08 6.553E-08 5.821E-08 4.250E-08 3.208E-08 1.953E-08 1.278E-08 7.965E-09 4.474E-09 5.869E-09 4.909E-09 2.691E-09 1.131E-09 5.528E-10 1.021E-09 4.092E-09 4.011E-09 2.626E-09 1.716E-09 1.322E-09 1.098E-09 6.997E-10 5.160E-10 3.664E-10 2.832E-10 2.833E-10 2.648E-10 2.240E-10 2.375E-10 2.590E-10 3.039E-10 2.432E-10 2.030E-10 1.885E-10 1.421E-10 1.116E-10 6.999E-11 4.443E-11 3.262E-11 1.902E-11 1.151E-11
  1.800E+01  1.348E-05 1.237E-05 1.075E-05 9.244E-06 7.954E-06 6.853E-06 5.909E-06 5.126E-06 4.454E-06 3.897E-06 3.408E-06 2.964E-06 2.308E-06 1.822E-06 1.049E-06 6.484E-07 3.958E-07 2.455E-07 1.039E-07 6.546E-08 7.951E-08 6.299E-08 5.596E-08 4.089E-08 3.091E-08 1.887E-08 1.238E-08 7.726E-09 4.353E-09 5.718E-09 4.784E-09 2.626E-09 1.105E-09 5.404E-10 9.999E-10 4.017E-09 3.940E-09 2.579E-09 1.683E-09 1.297E-09 1.078E-09 6.870E-10 5.069E-10 3.602E-10 2.788E-10 2.790E-10 2.610E-10 2.209E-10 2.342E-10 2.555E-10 2.999E-10 2.401E-10 2.004E-10 1.861E-10 1.404E-10 1.102E-10 6.916E-11 4.391E-11 3.225E-11 1.880E-11 1.138E-11
  2.000E+01  1.167E-05 1.080E-05 9.442E-06 8.162E-06 7.057E-06 6.106E-06 5.284E-06 4.600E-06 4.011E-06 3.520E-06 3.087E-06 2.690E-06 2.105E-06 1.669E-06 9.683E-07 6.030E-07 3.696E-07 2.299E-07 9.791E-08 6.274E-08 7.629E-08 6.037E-08 5.364E-08 3.923E-08 2.969E-08 1.818E-08 1.195E-08 7.475E-09 4.226E-09 5.558E-09 4.651E-09 2.558E-09 1.077E-09 5.271E-10 9.771E-10 3.935E-09 3.864E-09 2.528E-09 1.649E-09 1.270E-09 1.056E-09 6.733E-10 4.970E-10 3.535E-10 2.739E-10 2.744E-10 2.568E-10 2.174E-10 2.307E-10 2.517E-10 2.956E-10 2.366E-10 1.975E-10 1.835E-10 1.385E-10 1.087E-10 6.825E-11 4.335E-11 3.184E-11 1.857E-11 1.125E-11
  2.200E+01  1.012E-05 9.438E-06 8.292E-06 7.199E-06 6.251E-06 5.430E-06 4.716E-06 4.120E-06 3.603E-06 3.172E-06 2.789E-06 2.436E-06 1.915E-06 1.525E-06 8.917E-07 5.592E-07 3.441E-07 2.147E-07 9.202E-08 5.997E-08 7.301E-08 5.771E-08 5.128E-08 3.754E-08 2.845E-08 1.747E-08 1.152E-08 7.215E-09 4.094E-09 5.392E-09 4.512E-09 2.485E-09 1.048E-09 5.132E-10 9.530E-10 3.849E-09 3.782E-09 2.474E-09 1.612E-09 1.242E-09 1.032E-09 6.587E-10 4.865E-10 3.463E-10 2.688E-10 2.693E-10 2.523E-10 2.137E-10 2.268E-10 2.476E-10 2.909E-10 2.329E-10 1.944E-10 1.807E-10 1.364E-10 1.071E-10 6.727E-11 4.274E-11 3.139E-11 1.832E-11 1.110E-11
  2.400E+01  8.800E-06 8.251E-06 7.280E-06 6.345E-06 5.532E-06 4.823E-06 4.202E-06 3.683E-06 3.231E-06 2.852E-06 2.514E-06 2.200E-06 1.738E-06 1.389E-06 8.192E-07 5.173E-07 3.196E-07 2.001E-07 8.630E-08 5.721E-08 6.970E-08 5.503E-08 4.891E-08 3.584E-08 2.720E-08 1.676E-08 1.107E-08 6.951E-09 3.958E-09 5.219E-09 4.369E-09 2.411E-09 1.018E-09 4.988E-10 9.278E-10 3.758E-09 3.696E-09 2.416E-09 1.573E-09 1.212E-09 1.008E-09 6.434E-10 4.754E-10 3.387E-10 2.633E-10 2.640E-10 2.475E-10 2.098E-10 2.226E-10 2.433E-10 2.859E-10 2.290E-10 1.911E-10 1.777E-10 1.342E-10 1.054E-10 6.621E-11 4.208E-11 3.092E-11 1.805E-11 1.094E-11
  2.600E+01  7.661E-06 7.218E-06 6.392E-06 5.592E-06 4.893E-06 4.281E-06 3.741E-06 3.289E-06 2.893E-06 2.561E-06 2.264E-06 1.985E-06 1.574E-06 1.264E-06 7.511E-07 4.776E-07 2.963E-07 1.860E-07 8.077E-08 5.446E-08 6.641E-08 5.237E-08 4.656E-08 3.414E-08 2.595E-08 1.604E-08 1.062E-08 6.683E-09 3.820E-09 5.043E-09 4.222E-09 2.334E-09 9.867E-10 4.840E-10 9.018E-10 3.663E-09 3.605E-09 2.356E-09 1.533E-09 1.181E-09 9.820E-10 6.274E-10 4.639E-10 3.307E-10 2.575E-10 2.584E-10 2.425E-10 2.056E-10 2.183E-10 2.387E-10 2.805E-10 2.247E-10 1.876E-10 1.746E-10 1.318E-10 1.036E-10 6.509E-11 4.138E-11 3.041E-11 1.776E-11 1.077E-11
  2.800E+01  6.681E-06 6.320E-06 5.613E-06 4.929E-06 4.326E-06 3.797E-06 3.329E-06 2.935E-06 2.589E-06 2.298E-06 2.036E-06 1.788E-06 1.425E-06 1.148E-06 6.876E-07 4.403E-07 2.742E-07 1.727E-07 7.548E-08 5.176E-08 6.315E-08 4.974E-08 4.423E-08 3.247E-08 2.471E-08 1.532E-08 1.018E-08 6.415E-09 3.680E-09 4.865E-09 4.073E-09 2.256E-09 9.550E-10 4.689E-10 8.751E-10 3.564E-09 3.511E-09 2.294E-09 1.491E-09 1.149E-09 9.555E-10 6.109E-10 4.519E-10 3.225E-10 2.515E-10 2.525E-10 2.372E-10 2.013E-10 2.137E-10 2.338E-10 2.750E-10 2.203E-10 1.840E-10 1.712E-10 1.293E-10 1.016E-10 6.391E-11 4.065E-11 2.988E-11 1.746E-11 1.058E-11
  3.000E+01  5.835E-06 5.538E-06 4.933E-06 4.345E-06 3.826E-06 3.368E-06 2.961E-06 2.617E-06 2.315E-06 2.060E-06 1.829E-06 1.610E-06 1.288E-06 1.042E-06 6.288E-07 4.053E-07 2.534E-07 1.601E-07 7.045E-08 4.911E-08 5.995E-08 4.716E-08 4.194E-08 3.082E-08 2.350E-08 1.462E-08 9.732E-09 6.147E-09 3.540E-09 4.685E-09 3.923E-09 2.178E-09 9.230E-10 4.536E-10 8.480E-10 3.463E-09 3.415E-09 2.231E-09 1.448E-09 1.116E-09 9.283E-10 5.939E-10 4.397E-10 3.140E-10 2.454E-10 2.465E-10 2.318E-10 1.968E-10 2.090E-10 2.288E-10 2.692E-10 2.157E-10 1.802E-10 1.678E-10 1.267E-10 9.963E-11 6.267E-11 3.988E-11 2.932E-11 1.714E-11 1.040E-11
  3.200E+01  5.106E-06 4.858E-06 4.339E-06 3.832E-06 3.384E-06 2.988E-06 2.634E-06 2.334E-06 2.070E-06 1.847E-06 1.643E-06 1.448E-06 1.164E-06 9.447E-07 5.745E-07 3.727E-07 2.340E-07 1.483E-07 6.568E-08 4.654E-08 5.682E-08 4.465E-08 3.972E-08 2.922E-08 2.231E-08 1.392E-08 9.293E-09 5.883E-09 3.400E-09 4.506E-09 3.774E-09 2.099E-09 8.909E-10 4.382E-10 8.206E-10 3.360E-09 3.316E-09 2.166E-09 1.405E-09 1.082E-09 9.006E-10 5.766E-10 4.272E-10 3.054E-10 2.390E-10 2.403E-10 2.262E-10 1.921E-10 2.041E-10 2.236E-10 2.632E-10 2.110E-10 1.762E-10 1.641E-10 1.241E-10 9.755E-11 6.139E-11 3.908E-11 2.874E-11 1.681E-11 1.020E-11
  3.400E+01  4.475E-06 4.266E-06 3.820E-06 3.382E-06 2.995E-06 2.651E-06 2.343E-06 2.082E-06 1.850E-06 1.655E-06 1.476E-06 1.303E-06 1.051E-06 8.563E-07 5.245E-07 3.425E-07 2.158E-07 1.373E-07 6.118E-08 4.404E-08 5.379E-08 4.221E-08 3.756E-08 2.766E-08 2.115E-08 1.324E-08 8.862E-09 5.622E-09 3.262E-09 4.327E-09 3.625E-09 2.020E-09 8.588E-10 4.228E-10 7.930E-10 3.255E-09 3.216E-09 2.100E-09 1.361E-09 1.048E-09 8.725E-10 5.592E-10 4.145E-10 2.966E-10 2.326E-10 2.339E-10 2.204E-10 1.874E-10 1.991E-10 2.182E-10 2.570E-10 2.061E-10 1.721E-10 1.604E-10 1.213E-10 9.540E-11 6.007E-11 3.826E-11 2.814E-11 1.647E-11 9.997E-12
  3.600E+01  3.929E-06 3.752E-06 3.367E-06 2.987E-06 2.652E-06 2.354E-06 2.085E-06 1.858E-06 1.655E-06 1.483E-06 1.326E-06 1.172E-06 9.491E-07 7.761E-07 4.787E-07 3.145E-07 1.990E-07 1.269E-07 5.694E-08 4.163E-08 5.085E-08 3.987E-08 3.548E-08 2.616E-08 2.003E-08 1.258E-08 8.442E-09 5.366E-09 3.125E-09 4.150E-09 3.477E-09 1.942E-09 8.268E-10 4.075E-10 7.654E-10 3.149E-09 3.115E-09 2.033E-09 1.316E-09 1.014E-09 8.443E-10 5.415E-10 4.017E-10 2.877E-10 2.260E-10 2.275E-10 2.146E-10 1.825E-10 1.940E-10 2.128E-10 2.507E-10 2.011E-10 1.680E-10 1.566E-10 1.185E-10 9.320E-11 5.872E-11 3.741E-11 2.753E-11 1.612E-11 9.788E-12
  3.800E+01  3.456E-06 3.305E-06 2.971E-06 2.642E-06 2.351E-06 2.092E-06 1.857E-06 1.658E-06 1.480E-06 1.330E-06 1.191E-06 1.055E-06 8.572E-07 7.033E-07 4.368E-07 2.887E-07 1.833E-07 1.173E-07 5.297E-08 3.932E-08 4.803E-08 3.761E-08 3.348E-08 2.471E-08 1.895E-08 1.194E-08 8.032E-09 5.117E-09 2.991E-09 3.976E-09 3.332E-09 1.864E-09 7.952E-10 3.923E-10 7.380E-10 3.043E-09 3.013E-09 1.966E-09 1.272E-09 9.800E-10 8.161E-10 5.239E-10 3.888E-10 2.788E-10 2.194E-10 2.210E-10 2.087E-10 1.776E-10 1.888E-10 2.073E-10 2.443E-10 1.960E-10 1.637E-10 1.528E-10 1.156E-10 9.095E-11 5.733E-11 3.655E-11 2.690E-11 1.576E-11 9.575E-12
  4.000E+01  3.046E-06 2.916E-06 2.625E-06 2.339E-06 2.087E-06 1.861E-06 1.656E-06 1.482E-06 1.325E-06 1.193E-06 1.071E-06 9.496E-07 7.745E-07 6.375E-07 3.986E-07 2.650E-07 1.689E-07 1.084E-07 4.925E-08 3.710E-08 4.531E-08 3.545E-08 3.156E-08 2.332E-08 1.791E-08 1.132E-08 7.635E-09 4.874E-09 2.860E-09 3.805E-09 3.189E-09 1.788E-09 7.640E-10 3.773E-10 7.108E-10 2.938E-09 2.911E-09 1.899E-09 1.228E-09 9.460E-10 7.879E-10 5.062E-10 3.760E-10 2.698E-10 2.128E-10 2.144E-10 2.027E-10 1.726E-10 1.836E-10 2.017E-10 2.378E-10 1.908E-10 1.595E-10 1.488E-10 1.126E-10 8.868E-11 5.593E-11 3.567E-11 2.627E-11 1.540E-11 9.359E-12
  4.200E+01  2.689E-06 2.577E-06 2.323E-06 2.074E-06 1.854E-06 1.657E-06 1.477E-06 1.325E-06 1.188E-06 1.071E-06 9.630E-07 8.553E-07 7.000E-07 5.780E-07 3.637E-07 2.432E-07 1.556E-07 1.002E-07 4.578E-08 3.498E-08 4.272E-08 3.338E-08 2.973E-08 2.199E-08 1.692E-08 1.073E-08 7.252E-09 4.639E-09 2.732E-09 3.638E-09 3.050E-09 1.714E-09 7.334E-10 3.626E-10 6.840E-10 2.833E-09 2.809E-09 1.833E-09 1.184E-09 9.122E-10 7.600E-10 4.887E-10 3.633E-10 2.610E-10 2.061E-10 2.079E-10 1.967E-10 1.677E-10 1.784E-10 1.961E-10 2.313E-10 1.856E-10 1.552E-10 1.449E-10 1.097E-10 8.638E-11 5.452E-11 3.479E-11 2.562E-11 1.503E-11 9.139E-12
  4.400E+01  2.379E-06 2.281E-06 2.060E-06 1.842E-06 1.650E-06 1.477E-06 1.320E-06 1.186E-06 1.065E-06 9.626E-07 8.668E-07 7.709E-07 6.330E-07 5.243E-07 3.320E-07 2.232E-07 1.433E-07 9.254E-08 4.255E-08 3.297E-08 4.024E-08 3.142E-08 2.799E-08 2.073E-08 1.597E-08 1.016E-08 6.882E-09 4.412E-09 2.607E-09 3.475E-09 2.914E-09 1.641E-09 7.035E-10 3.482E-10 6.576E-10 2.729E-09 2.709E-09 1.767E-09 1.140E-09 8.789E-10 7.324E-10 4.714E-10 3.507E-10 2.522E-10 1.996E-10 2.014E-10 1.908E-10 1.627E-10 1.732E-10 1.904E-10 2.247E-10 1.804E-10 1.508E-10 1.409E-10 1.067E-10 8.408E-11 5.309E-11 3.390E-11 2.498E-11 1.466E-11 8.919E-12
  4.600E+01  2.109E-06 2.023E-06 1.829E-06 1.638E-06 1.470E-06 1.319E-06 1.180E-06 1.063E-06 9.561E-07 8.657E-07 7.810E-07 6.955E-07 5.729E-07 4.758E-07 3.031E-07 2.048E-07 1.320E-07 8.549E-08 3.954E-08 3.105E-08 3.788E-08 2.955E-08 2.633E-08 1.952E-08 1.506E-08 9.609E-09 6.528E-09 4.194E-09 2.487E-09 3.318E-09 2.783E-09 1.570E-09 6.743E-10 3.341E-10 6.318E-10 2.626E-09 2.609E-09 1.702E-09 1.098E-09 8.460E-10 7.053E-10 4.544E-10 3.382E-10 2.435E-10 1.930E-10 1.949E-10 1.849E-10 1.578E-10 1.680E-10 1.848E-10 2.182E-10 1.752E-10 1.465E-10 1.369E-10 1.038E-10 8.177E-11 5.167E-11 3.301E-11 2.433E-11 1.429E-11 8.698E-12
  4.800E+01  1.874E-06 1.798E-06 1.628E-06 1.459E-06 1.312E-06 1.179E-06 1.057E-06 9.535E-07 8.593E-07 7.795E-07 7.043E-07 6.280E-07 5.188E-07 4.321E-07 2.769E-07 1.881E-07 1.216E-07 7.899E-08 3.674E-08 2.923E-08 3.565E-08 2.779E-08 2.476E-08 1.838E-08 1.420E-08 9.087E-09 6.188E-09 3.984E-09 2.371E-09 3.165E-09 2.655E-09 1.501E-09 6.460E-10 3.204E-10 6.066E-10 2.525E-09 2.512E-09 1.639E-09 1.056E-09 8.139E-10 6.787E-10 4.376E-10 3.260E-10 2.349E-10 1.866E-10 1.886E-10 1.790E-10 1.529E-10 1.629E-10 1.793E-10 2.117E-10 1.701E-10 1.422E-10 1.330E-10 1.008E-10 7.948E-11 5.026E-11 3.212E-11 2.368E-11 1.392E-11 8.478E-12
  5.000E+01  1.669E-06 1.601E-06 1.451E-06 1.302E-06 1.173E-06 1.056E-06 9.481E-07 8.566E-07 7.733E-07 7.026E-07 6.358E-07 5.676E-07 4.703E-07 3.927E-07 2.530E-07 1.727E-07 1.120E-07 7.300E-08 3.415E-08 2.752E-08 3.353E-08 2.611E-08 2.328E-08 1.730E-08 1.338E-08 8.590E-09 5.863E-09 3.783E-09 2.259E-09 3.018E-09 2.532E-09 1.435E-09 6.185E-10 3.072E-10 5.822E-10 2.426E-09 2.416E-09 1.576E-09 1.015E-09 7.825E-10 6.527E-10 4.213E-10 3.141E-10 2.266E-10 1.803E-10 1.823E-10 1.733E-10 1.481E-10 1.578E-10 1.738E-10 2.053E-10 1.650E-10 1.380E-10 1.291E-10 9.791E-11 7.720E-11 4.885E-11 3.124E-11 2.304E-11 1.355E-11 8.259E-12
  5.200E+01  1.489E-06 1.428E-06 1.296E-06 1.164E-06 1.051E-06 9.466E-07 8.516E-07 7.707E-07 6.969E-07 6.341E-07 5.747E-07 5.136E-07 4.267E-07 3.572E-07 2.314E-07 1.587E-07 1.033E-07 6.748E-08 3.174E-08 2.590E-08 3.153E-08 2.454E-08 2.188E-08 1.628E-08 1.261E-08 8.119E-09 5.554E-09 3.591E-09 2.152E-09 2.876E-09 2.414E-09 1.371E-09 5.920E-10 2.944E-10 5.585E-10 2.330E-09 2.322E-09 1.515E-09 9.749E-10 7.519E-10 6.274E-10 4.054E-10 3.025E-10 2.184E-10 1.741E-10 1.762E-10 1.676E-10 1.434E-10 1.528E-10 1.684E-10 1.990E-10 1.599E-10 1.338E-10 1.253E-10 9.503E-11 7.496E-11 4.747E-11 3.038E-11 2.241E-11 1.319E-11 8.043E-12
  5.400E+01  1.332E-06 1.278E-06 1.160E-06 1.043E-06 9.424E-07 8.505E-07 7.662E-07 6.945E-07 6.288E-07 5.730E-07 5.200E-07 4.652E-07 3.876E-07 3.253E-07 2.118E-07 1.459E-07 9.526E-08 6.240E-08 2.951E-08 2.437E-08 2.965E-08 2.306E-08 2.057E-08 1.532E-08 1.188E-08 7.672E-09 5.261E-09 3.408E-09 2.050E-09 2.741E-09 2.301E-09 1.309E-09 5.666E-10 2.820E-10 5.356E-10 2.237E-09 2.231E-09 1.456E-09 9.363E-10 7.222E-10 6.028E-10 3.899E-10 2.912E-10 2.105E-10 1.681E-10 1.702E-10 1.621E-10 1.388E-10 1.480E-10 1.631E-10 1.928E-10 1.550E-10 1.297E-10 1.215E-10 9.220E-11 7.276E-11 4.611E-11 2.952E-11 2.179E-11 1.284E-11 7.831E-12
  5.600E+01  1.194E-06 1.146E-06 1.040E-06 9.367E-07 8.469E-07 7.655E-07 6.905E-07 6.267E-07 5.682E-07 5.185E-07 4.712E-07 4.220E-07 3.524E-07 2.965E-07 1.940E-07 1.342E-07 8.790E-08 5.774E-08 2.745E-08 2.294E-08 2.788E-08 2.166E-08 1.933E-08 1.441E-08 1.120E-08 7.249E-09 4.982E-09 3.234E-09 1.952E-09 2.611E-09 2.193E-09 1.251E-09 5.421E-10 2.702E-10 5.137E-10 2.146E-09 2.143E-09 1.399E-09 8.989E-10 6.936E-10 5.791E-10 3.750E-10 2.802E-10 2.028E-10 1.623E-10 1.645E-10 1.568E-10 1.343E-10 1.432E-10 1.580E-10 1.868E-10 1.502E-10 1.257E-10 1.178E-10 8.944E-11 7.061E-11 4.477E-11 2.869E-11 2.118E-11 1.249E-11 7.623E-12
  5.800E+01  1.072E-06 1.029E-06 9.346E-07 8.428E-07 7.627E-07 6.903E-07 6.235E-07 5.665E-07 5.143E-07 4.700E-07 4.276E-07 3.833E-07 3.209E-07 2.705E-07 1.778E-07 1.236E-07 8.117E-08 5.346E-08 2.555E-08 2.159E-08 2.621E-08 2.036E-08 1.817E-08 1.356E-08 1.055E-08 6.850E-09 4.719E-09 3.069E-09 1.859E-09 2.488E-09 2.090E-09 1.194E-09 5.188E-10 2.589E-10 4.926E-10 2.059E-09 2.057E-09 1.344E-09 8.630E-10 6.660E-10 5.563E-10 3.606E-10 2.697E-10 1.954E-10 1.567E-10 1.589E-10 1.516E-10 1.300E-10 1.386E-10 1.530E-10 1.809E-10 1.455E-10 1.219E-10 1.142E-10 8.675E-11 6.852E-11 4.348E-11 2.788E-11 2.059E-11 1.215E-11 7.421E-12
  6.000E+01  9.658E-07 9.265E-07 8.420E-07 7.597E-07 6.884E-07 6.236E-07 5.639E-07 5.130E-07 4.663E-07 4.266E-07 3.886E-07 3.486E-07 2.925E-07 2.471E-07 1.632E-07 1.139E-07 7.501E-08 4.953E-08 2.380E-08 2.034E-08 2.465E-08 1.913E-08 1.708E-08 1.277E-08 9.945E-09 6.475E-09 4.470E-09 2.914E-09 1.771E-09 2.370E-09 1.992E-09 1.141E-09 4.966E-10 2.482E-10 4.725E-10 1.975E-09 1.975E-09 1.291E-09 8.285E-10 6.396E-10 5.344E-10 3.468E-10 2.596E-10 1.883E-10 1.513E-10 1.535E-10 1.466E-10 1.258E-10 1.342E-10 1.482E-10 1.753E-10 1.410E-10 1.181E-10 1.107E-10 8.415E-11 6.649E-11 4.223E-11 2.709E-11 2.002E-11 1.182E-11 7.226E-12
  6.200E+01  8.721E-07 8.358E-07 7.607E-07 6.862E-07 6.226E-07 5.644E-07 5.109E-07 4.654E-07 4.235E-07 3.879E-07 3.537E-07 3.176E-07 2.670E-07 2.260E-07 1.499E-07 1.050E-07 6.939E-08 4.593E-08 2.218E-08 1.916E-08 2.319E-08 1.799E-08 1.607E-08 1.202E-08 9.378E-09 6.123E-09 4.237E-09 2.767E-09 1.688E-09 2.259E-09 1.899E-09 1.090E-09 4.755E-10 2.380E-10 4.533E-10 1.894E-09 1.896E-09 1.240E-09 7.955E-10 6.143E-10 5.135E-10 3.336E-10 2.500E-10 1.815E-10 1.461E-10 1.483E-10 1.419E-10 1.218E-10 1.300E-10 1.435E-10 1.698E-10 1.367E-10 1.145E-10 1.074E-10 8.165E-11 6.454E-11 4.102E-11 2.634E-11 1.947E-11 1.151E-11 7.038E-12
  6.400E+01  7.893E-07 7.561E-07 6.887E-07 6.212E-07 5.641E-07 5.119E-07 4.638E-07 4.230E-07 3.853E-07 3.533E-07 3.225E-07 2.898E-07 2.441E-07 2.071E-07 1.379E-07 9.698E-08 6.424E-08 4.264E-08 2.069E-08 1.807E-08 2.183E-08 1.693E-08 1.512E-08 1.133E-08 8.848E-09 5.793E-09 4.017E-09 2.629E-09 1.609E-09 2.154E-09 1.811E-09 1.042E-09 4.556E-10 2.283E-10 4.352E-10 1.817E-09 1.820E-09 1.191E-09 7.641E-10 5.903E-10 4.937E-10 3.211E-10 2.408E-10 1.750E-10 1.412E-10 1.434E-10 1.373E-10 1.180E-10 1.260E-10 1.391E-10 1.646E-10 1.325E-10 1.111E-10 1.041E-10 7.924E-11 6.267E-11 3.986E-11 2.561E-11 1.894E-11 1.120E-11 6.858E-12
  6.600E+01  7.160E-07 6.860E-07 6.246E-07 5.638E-07 5.124E-07 4.653E-07 4.219E-07 3.852E-07 3.512E-07 3.223E-07 2.945E-07 2.648E-07 2.235E-07 1.899E-07 1.270E-07 8.965E-08 5.955E-08 3.962E-08 1.932E-08 1.705E-08 2.056E-08 1.594E-08 1.424E-08 1.068E-08 8.355E-09 5.485E-09 3.812E-09 2.500E-09 1.536E-09 2.056E-09 1.729E-09 9.968E-10 4.368E-10 2.192E-10 4.180E-10 1.744E-09 1.748E-09 1.145E-09 7.343E-10 5.675E-10 4.748E-10 3.092E-10 2.321E-10 1.689E-10 1.365E-10 1.387E-10 1.330E-10 1.143E-10 1.221E-10 1.349E-10 1.596E-10 1.285E-10 1.078E-10 1.011E-10 7.695E-11 6.088E-11 3.876E-11 2.492E-11 1.844E-11 1.092E-11 6.687E-12
  6.800E+01  6.511E-07 6.240E-07 5.679E-07 5.130E-07 4.664E-07 4.239E-07 3.847E-07 3.514E-07 3.207E-07 2.946E-07 2.694E-07 2.425E-07 2.050E-07 1.745E-07 1.171E-07 8.298E-08 5.527E-08 3.687E-08 1.807E-08 1.610E-08 1.938E-08 1.502E-08 1.342E-08 1.008E-08 7.896E-09 5.198E-09 3.621E-09 2.380E-09 1.467E-09 1.963E-09 1.651E-09 9.544E-10 4.192E-10 2.107E-10 4.019E-10 1.675E-09 1.680E-09 1.102E-09 7.062E-10 5.460E-10 4.570E-10 2.980E-10 2.239E-10 1.631E-10 1.321E-10 1.343E-10 1.289E-10 1.109E-10 1.185E-10 1.309E-10 1.549E-10 1.248E-10 1.046E-10 9.818E-11 7.478E-11 5.919E-11 3.772E-11 2.427E-11 1.797E-11 1.064E-11 6.525E-12
  7.000E+01  5.936E-07 5.689E-07 5.176E-07 4.679E-07 4.256E-07 3.871E-07 3.515E-07 3.213E-07 2.935E-07 2.699E-07 2.470E-07 2.224E-07 1.884E-07 1.606E-07 1.082E-07 7.692E-08 5.137E-08 3.435E-08 1.692E-08 1.523E-08 1.829E-08 1.416E-08 1.267E-08 9.524E-09 7.470E-09 4.931E-09 3.442E-09 2.267E-09 1.402E-09 1.877E-09 1.579E-09 9.147E-10 4.027E-10 2.027E-10 3.869E-10 1.610E-09 1.616E-09 1.061E-09 6.797E-10 5.258E-10 4.403E-10 2.875E-10 2.162E-10 1.577E-10 1.280E-10 1.302E-10 1.251E-10 1.077E-10 1.151E-10 1.272E-10 1.505E-10 1.212E-10 1.017E-10 9.545E-11 7.274E-11 5.760E-11 3.674E-11 2.366E-11 1.752E-11 1.039E-11 6.374E-12
  7.200E+01  5.427E-07 5.202E-07 4.732E-07 4.278E-07 3.892E-07 3.542E-07 3.219E-07 2.945E-07 2.691E-07 2.477E-07 2.268E-07 2.044E-07 1.734E-07 1.481E-07 1.001E-07 7.142E-08 4.782E-08 3.206E-08 1.586E-08 1.442E-08 1.727E-08 1.338E-08 1.197E-08 9.009E-09 7.076E-09 4.684E-09 3.277E-09 2.163E-09 1.343E-09 1.796E-09 1.511E-09 8.778E-10 3.874E-10 1.953E-10 3.728E-10 1.548E-09 1.555E-09 1.022E-09 6.550E-10 5.069E-10 4.247E-10 2.777E-10 2.090E-10 1.527E-10 1.241E-10 1.264E-10 1.215E-10 1.047E-10 1.119E-10 1.237E-10 1.463E-10 1.179E-10 9.897E-11 9.289E-11 7.083E-11 5.612E-11 3.583E-11 2.309E-11 1.711E-11 1.015E-11 6.234E-12
  7.400E+01  4.975E-07 4.767E-07 4.338E-07 3.921E-07 3.569E-07 3.250E-07 2.954E-07 2.705E-07 2.474E-07 2.278E-07 2.088E-07 1.883E-07 1.600E-07 1.368E-07 9.280E-08 6.642E-08 4.460E-08 2.997E-08 1.490E-08 1.368E-08 1.634E-08 1.265E-08 1.132E-08 8.535E-09 6.713E-09 4.456E-09 3.124E-09 2.066E-09 1.287E-09 1.721E-09 1.449E-09 8.435E-10 3.732E-10 1.885E-10 3.598E-10 1.491E-09 1.498E-09 9.861E-10 6.319E-10 4.893E-10 4.102E-10 2.686E-10 2.024E-10 1.480E-10 1.205E-10 1.228E-10 1.182E-10 1.019E-10 1.090E-10 1.204E-10 1.424E-10 1.149E-10 9.643E-11 9.051E-11 6.906E-11 5.474E-11 3.498E-11 2.256E-11 1.672E-11 9.936E-12 6.105E-12
  7.600E+01  4.573E-07 4.379E-07 3.987E-07 3.603E-07 3.281E-07 2.988E-07 2.718E-07 2.490E-07 2.279E-07 2.100E-07 1.926E-07 1.738E-07 1.479E-07 1.266E-07 8.620E-08 6.189E-08 4.166E-08 2.807E-08 1.403E-08 1.299E-08 1.548E-08 1.198E-08 1.073E-08 8.098E-09 6.379E-09 4.245E-09 2.983E-09 1.978E-09 1.236E-09 1.652E-09 1.391E-09 8.120E-10 3.602E-10 1.822E-10 3.479E-10 1.437E-09 1.445E-09 9.528E-10 6.106E-10 4.730E-10 3.968E-10 2.602E-10 1.962E-10 1.437E-10 1.173E-10 1.195E-10 1.152E-10 9.939E-11 1.063E-10 1.174E-10 1.389E-10 1.120E-10 9.410E-11 8.833E-11 6.744E-11 5.348E-11 3.421E-11 2.208E-11 1.637E-11 9.738E-12 5.989E-12
  7.800E+01  4.216E-07 4.034E-07 3.675E-07 3.319E-07 3.025E-07 2.755E-07 2.507E-07 2.299E-07 2.105E-07 1.941E-07 1.781E-07 1.608E-07 1.370E-07 1.175E-07 8.023E-08 5.779E-08 3.901E-08 2.634E-08 1.323E-08 1.237E-08 1.468E-08 1.137E-08 1.018E-08 7.698E-09 6.072E-09 4.053E-09 2.854E-09 1.896E-09 1.190E-09 1.589E-09 1.338E-09 7.830E-10 3.483E-10 1.765E-10 3.369E-10 1.388E-09 1.396E-09 9.220E-10 5.910E-10 4.581E-10 3.845E-10 2.525E-10 1.906E-10 1.398E-10 1.143E-10 1.166E-10 1.124E-10 9.708E-11 1.039E-10 1.147E-10 1.357E-10 1.095E-10 9.198E-11 8.634E-11 6.596E-11 5.234E-11 3.351E-11 2.164E-11 1.606E-11 9.560E-12 5.884E-12
  8.000E+01  3.895E-07 3.731E-07 3.396E-07 3.068E-07 2.795E-07 2.547E-07 2.319E-07 2.127E-07 1.949E-07 1.798E-07 1.651E-07 1.491E-07 1.272E-07 1.093E-07 7.484E-08 5.407E-08 3.660E-08 2.478E-08 1.251E-08 1.180E-08 1.396E-08 1.081E-08 9.685E-09 7.333E-09 5.792E-09 3.876E-09 2.736E-09 1.822E-09 1.147E-09 1.531E-09 1.290E-09 7.566E-10 3.374E-10 1.713E-10 3.270E-10 1.342E-09 1.351E-09 8.938E-10 5.731E-10 4.445E-10 3.733E-10 2.455E-10 1.855E-10 1.362E-10 1.116E-10 1.139E-10 1.099E-10 9.502E-11 1.017E-10 1.123E-10 1.327E-10 1.072E-10 9.007E-11 8.454E-11 6.463E-11 5.131E-11 3.289E-11 2.126E-11 1.578E-11 9.403E-12 5.793E-12
  8.200E+01  3.609E-07 3.462E-07 3.146E-07 2.844E-07 2.590E-07 2.362E-07 2.151E-07 1.973E-07 1.809E-07 1.670E-07 1.534E-07 1.387E-07 1.184E-07 1.018E-07 6.999E-08 5.072E-08 3.442E-08 2.337E-08 1.185E-08 1.128E-08 1.330E-08 1.030E-08 9.232E-09 7.000E-09 5.538E-09 3.716E-09 2.628E-09 1.754E-09 1.109E-09 1.478E-09 1.246E-09 7.327E-10 3.277E-10 1.667E-10 3.180E-10 1.300E-09 1.310E-09 8.682E-10 5.568E-10 4.322E-10 3.632E-10 2.392E-10 1.810E-10 1.330E-10 1.092E-10 1.115E-10 1.077E-10 9.319E-11 9.981E-11 1.101E-10 1.302E-10 1.051E-10 8.838E-11 8.295E-11 6.345E-11 5.040E-11 3.234E-11 2.092E-11 1.554E-11 9.268E-12 5.715E-12
  8.400E+01  3.354E-07 3.220E-07 2.923E-07 2.644E-07 2.408E-07 2.197E-07 2.001E-07 1.836E-07 1.683E-07 1.555E-07 1.430E-07 1.293E-07 1.106E-07 9.518E-08 6.561E-08 4.769E-08 3.246E-08 2.209E-08 1.126E-08 1.081E-08 1.269E-08 9.834E-09 8.820E-09 6.698E-09 5.307E-09 3.571E-09 2.531E-09 1.693E-09 1.074E-09 1.431E-09 1.206E-09 7.112E-10 3.190E-10 1.625E-10 3.101E-10 1.262E-09 1.272E-09 8.451E-10 5.422E-10 4.212E-10 3.542E-10 2.336E-10 1.769E-10 1.302E-10 1.071E-10 1.094E-10 1.058E-10 9.160E-11 9.815E-11 1.083E-10 1.279E-10 1.033E-10 8.691E-11 8.157E-11 6.243E-11 4.962E-11 3.187E-11 2.063E-11 1.533E-11 9.154E-12 5.650E-12
  8.600E+01  3.127E-07 3.001E-07 2.727E-07 2.465E-07 2.245E-07 2.048E-07 1.866E-07 1.713E-07 1.572E-07 1.453E-07 1.336E-07 1.209E-07 1.035E-07 8.920E-08 6.168E-08 4.496E-08 3.069E-08 2.095E-08 1.073E-08 1.038E-08 1.215E-08 9.414E-09 8.448E-09 6.426E-09 5.099E-09 3.441E-09 2.444E-09 1.639E-09 1.043E-09 1.388E-09 1.171E-09 6.921E-10 3.113E-10 1.589E-10 3.030E-10 1.228E-09 1.238E-09 8.245E-10 5.293E-10 4.114E-10 3.462E-10 2.287E-10 1.734E-10 1.278E-10 1.053E-10 1.076E-10 1.042E-10 9.025E-11 9.673E-11 1.067E-10 1.259E-10 1.018E-10 8.566E-11 8.038E-11 6.157E-11 4.896E-11 3.148E-11 2.040E-11 1.517E-11 9.063E-12 5.599E-12
  8.800E+01  2.925E-07 2.806E-07 2.551E-07 2.304E-07 2.100E-07 1.915E-07 1.745E-07 1.603E-07 1.471E-07 1.361E-07 1.252E-07 1.133E-07 9.713E-08 8.384E-08 5.815E-08 4.252E-08 2.910E-08 1.992E-08 1.026E-08 9.999E-09 1.166E-08 9.036E-09 8.113E-09 6.181E-09 4.912E-09 3.324E-09 2.366E-09 1.590E-09 1.016E-09 1.351E-09 1.139E-09 6.753E-10 3.046E-10 1.557E-10 2.969E-10 1.198E-09 1.208E-09 8.064E-10 5.179E-10 4.029E-10 3.392E-10 2.244E-10 1.704E-10 1.257E-10 1.038E-10 1.061E-10 1.028E-10 8.914E-11 9.557E-11 1.053E-10 1.243E-10 1.005E-10 8.462E-11 7.941E-11 6.086E-11 4.842E-11 3.116E-11 2.021E-11 1.504E-11 8.994E-12 5.561E-12
  9.000E+01  2.744E-07 2.634E-07 2.394E-07 2.161E-07 1.970E-07 1.797E-07 1.638E-07 1.505E-07 1.382E-07 1.279E-07 1.177E-07 1.066E-07 9.145E-08 7.903E-08 5.498E-08 4.032E-08 2.768E-08 1.900E-08 9.832E-09 9.659E-09 1.121E-08 8.698E-09 7.814E-09 5.963E-09 4.746E-09 3.220E-09 2.298E-09 1.547E-09 9.918E-10 1.318E-09 1.112E-09 6.607E-10 2.988E-10 1.531E-10 2.917E-10 1.172E-09 1.182E-09 7.907E-10 5.081E-10 3.956E-10 3.333E-10 2.209E-10 1.678E-10 1.240E-10 1.025E-10 1.049E-10 1.017E-10 8.826E-11 9.466E-11 1.043E-10 1.230E-10 9.949E-11 8.381E-11 7.863E-11 6.030E-11 4.801E-11 3.093E-11 2.007E-11 1.494E-11 8.947E-12 5.537E-12
  9.200E+01  2.582E-07 2.480E-07 2.254E-07 2.034E-07 1.854E-07 1.691E-07 1.542E-07 1.417E-07 1.302E-07 1.205E-07 1.110E-07 1.005E-07 8.637E-08 7.473E-08 5.215E-08 3.835E-08 2.640E-08 1.818E-08 9.456E-09 9.358E-09 1.082E-08 8.397E-09 7.548E-09 5.770E-09 4.599E-09 3.129E-09 2.237E-09 1.510E-09 9.713E-10 1.289E-09 1.088E-09 6.483E-10 2.940E-10 1.509E-10 2.874E-10 1.148E-09 1.159E-09 7.773E-10 4.999E-10 3.894E-10 3.283E-10 2.179E-10 1.657E-10 1.226E-10 1.016E-10 1.040E-10 1.009E-10 8.762E-11 9.399E-11 1.035E-10 1.221E-10 9.873E-11 8.321E-11 7.806E-11 5.990E-11 4.771E-11 3.077E-11 1.999E-11 1.489E-11 8.922E-12 5.526E-12
  9.400E+01  2.437E-07 2.343E-07 2.128E-07 1.922E-07 1.751E-07 1.597E-07 1.457E-07 1.339E-07 1.231E-07 1.140E-07 1.050E-07 9.515E-08 8.184E-08 7.089E-08 4.962E-08 3.660E-08 2.527E-08 1.745E-08 9.124E-09 9.092E-09 1.047E-08 8.131E-09 7.313E-09 5.600E-09 4.471E-09 3.050E-09 2.185E-09 1.478E-09 9.539E-10 1.265E-09 1.068E-09 6.378E-10 2.901E-10 1.491E-10 2.839E-10 1.129E-09 1.139E-09 7.661E-10 4.931E-10 3.844E-10 3.243E-10 2.156E-10 1.641E-10 1.216E-10 1.009E-10 1.033E-10 1.003E-10 8.719E-11 9.357E-11 1.030E-10 1.214E-10 9.823E-11 8.283E-11 7.769E-11 5.966E-11 4.754E-11 3.069E-11 1.995E-11 1.487E-11 8.919E-12 5.529E-12
  9.600E+01  2.307E-07 2.222E-07 2.016E-07 1.822E-07 1.659E-07 1.514E-07 1.381E-07 1.269E-07 1.167E-07 1.081E-07 9.966E-08 9.036E-08 7.781E-08 6.747E-08 4.737E-08 3.505E-08 2.427E-08 1.681E-08 8.833E-09 8.861E-09 1.016E-08 7.898E-09 7.108E-09 5.452E-09 4.359E-09 2.981E-09 2.141E-09 1.451E-09 9.395E-10 1.244E-09 1.051E-09 6.294E-10 2.870E-10 1.478E-10 2.813E-10 1.112E-09 1.123E-09 7.572E-10 4.877E-10 3.805E-10 3.213E-10 2.139E-10 1.630E-10 1.209E-10 1.005E-10 1.029E-10 1.000E-10 8.699E-11 9.338E-11 1.028E-10 1.210E-10 9.798E-11 8.266E-11 7.751E-11 5.956E-11 4.749E-11 3.069E-11 1.997E-11 1.489E-11 8.938E-12 5.546E-12
  9.800E+01  2.192E-07 2.115E-07 1.916E-07 1.733E-07 1.577E-07 1.440E-07 1.313E-07 1.207E-07 1.110E-07 1.029E-07 9.492E-08 8.610E-08 7.423E-08 6.444E-08 4.538E-08 3.367E-08 2.339E-08 1.624E-08 8.580E-09 8.662E-09 9.892E-09 7.696E-09 6.930E-09 5.324E-09 4.264E-09 2.924E-09 2.104E-09 1.429E-09 9.281E-10 1.228E-09 1.038E-09 6.228E-10 2.847E-10 1.468E-10 2.794E-10 1.099E-09 1.110E-09 7.504E-10 4.837E-10 3.777E-10 3.191E-10 2.127E-10 1.623E-10 1.205E-10 1.003E-10 1.028E-10 1.000E-10 8.701E-11 9.343E-11 1.028E-10 1.210E-10 9.798E-11 8.269E-11 7.753E-11 5.961E-11 4.755E-11 3.076E-11 2.003E-11 1.494E-11 8.978E-12 5.576E-12
  1.000E+02  2.091E-07 2.017E-07 1.829E-07 1.653E-07 1.505E-07 1.374E-07 1.253E-07 1.153E-07 1.060E-07 9.833E-08 9.072E-08 8.233E-08 7.105E-08 6.175E-08 4.362E-08 3.246E-08 2.262E-08 1.575E-08 8.363E-09 8.492E-09 9.660E-09 7.522E-09 6.778E-09 5.216E-09 4.183E-09 2.876E-09 2.073E-09 1.412E-09 9.193E-10 1.215E-09 1.027E-09 6.180E-10 2.832E-10 1.463E-10 2.782E-10 1.089E-09 1.100E-09 7.456E-10 4.810E-10 3.759E-10 3.178E-10 2.121E-10 1.620E-10 1.204E-10 1.004E-10 1.029E-10 1.002E-10 8.723E-11 9.369E-11 1.030E-10 1.212E-10 9.821E-11 8.291E-11 7.773E-11 5.980E-11 4.773E-11 3.091E-11 2.014E-11 1.503E-11 9.039E-12 5.618E-12
  1.020E+02  2.002E-07 1.931E-07 1.754E-07 1.582E-07 1.441E-07 1.315E-07 1.200E-07 1.104E-07 1.016E-07 9.427E-08 8.702E-08 7.901E-08 6.825E-08 5.939E-08 4.208E-08 3.140E-08 2.195E-08 1.533E-08 8.177E-09 8.350E-09 9.462E-09 7.375E-09 6.650E-09 5.126E-09 4.117E-09 2.837E-09 2.050E-09 1.398E-09 9.131E-10 1.206E-09 1.020E-09 6.148E-10 2.825E-10 1.461E-10 2.778E-10 1.082E-09 1.093E-09 7.428E-10 4.796E-10 3.751E-10 3.172E-10 2.121E-10 1.621E-10 1.206E-10 1.007E-10 1.033E-10 1.006E-10 8.766E-11 9.417E-11 1.035E-10 1.217E-10 9.866E-11 8.333E-11 7.811E-11 6.013E-11 4.802E-11 3.112E-11 2.029E-11 1.515E-11 9.121E-12 5.673E-12
  1.040E+02  1.923E-07 1.856E-07 1.687E-07 1.520E-07 1.385E-07 1.264E-07 1.153E-07 1.062E-07 9.774E-08 9.070E-08 8.377E-08 7.609E-08 6.579E-08 5.732E-08 4.073E-08 3.048E-08 2.137E-08 1.497E-08 8.022E-09 8.234E-09 9.296E-09 7.254E-09 6.544E-09 5.053E-09 4.064E-09 2.807E-09 2.032E-09 1.389E-09 9.093E-10 1.200E-09 1.015E-09 6.133E-10 2.824E-10 1.462E-10 2.780E-10 1.078E-09 1.089E-09 7.418E-10 4.794E-10 3.752E-10 3.175E-10 2.125E-10 1.625E-10 1.211E-10 1.012E-10 1.039E-10 1.013E-10 8.827E-11 9.485E-11 1.042E-10 1.225E-10 9.934E-11 8.394E-11 7.867E-11 6.060E-11 4.841E-11 3.140E-11 2.049E-11 1.531E-11 9.222E-12 5.741E-12
  1.060E+02  1.853E-07 1.792E-07 1.628E-07 1.467E-07 1.336E-07 1.219E-07 1.113E-07 1.025E-07 9.435E-08 8.759E-08 8.092E-08 7.354E-08 6.365E-08 5.551E-08 3.957E-08 2.969E-08 2.087E-08 1.466E-08 7.895E-09 8.142E-09 9.160E-09 7.156E-09 6.460E-09 4.996E-09 4.023E-09 2.786E-09 2.020E-09 1.383E-09 9.078E-10 1.197E-09 1.013E-09 6.132E-10 2.830E-10 1.467E-10 2.788E-10 1.076E-09 1.088E-09 7.426E-10 4.803E-10 3.761E-10 3.185E-10 2.135E-10 1.634E-10 1.218E-10 1.020E-10 1.047E-10 1.021E-10 8.907E-11 9.573E-11 1.052E-10 1.236E-10 1.002E-10 8.472E-11 7.940E-11 6.119E-11 4.891E-11 3.175E-11 2.073E-11 1.549E-11 9.343E-12 5.820E-12
  1.080E+02  1.793E-07 1.737E-07 1.576E-07 1.421E-07 1.294E-07 1.181E-07 1.078E-07 9.925E-08 9.140E-08 8.489E-08 7.845E-08 7.133E-08 6.180E-08 5.395E-08 3.857E-08 2.901E-08 2.046E-08 1.441E-08 7.793E-09 8.072E-09 9.052E-09 7.080E-09 6.395E-09 4.954E-09 3.994E-09 2.771E-09 2.013E-09 1.381E-09 9.084E-10 1.196E-09 1.013E-09 6.146E-10 2.842E-10 1.475E-10 2.803E-10 1.077E-09 1.089E-09 7.451E-10 4.823E-10 3.779E-10 3.202E-10 2.148E-10 1.646E-10 1.228E-10 1.029E-10 1.057E-10 1.032E-10 9.004E-11 9.680E-11 1.063E-10 1.249E-10 1.013E-10 8.567E-11 8.028E-11 6.190E-11 4.950E-11 3.217E-11 2.102E-11 1.571E-11 9.481E-12 5.910E-12
  1.100E+02  1.741E-07 1.689E-07 1.532E-07 1.382E-07 1.258E-07 1.148E-07 1.047E-07 9.647E-08 8.888E-08 8.257E-08 7.633E-08 6.943E-08 6.021E-08 5.262E-08 3.772E-08 2.845E-08 2.012E-08 1.421E-08 7.715E-09 8.022E-09 8.970E-09 7.023E-09 6.348E-09 4.925E-09 3.976E-09 2.764E-09 2.011E-09 1.382E-09 9.109E-10 1.199E-09 1.016E-09 6.173E-10 2.860E-10 1.486E-10 2.823E-10 1.081E-09 1.092E-09 7.491E-10 4.853E-10 3.805E-10 3.226E-10 2.166E-10 1.661E-10 1.240E-10 1.041E-10 1.069E-10 1.044E-10 9.118E-11 9.804E-11 1.076E-10 1.264E-10 1.026E-10 8.678E-11 8.132E-11 6.273E-11 5.019E-11 3.264E-11 2.134E-11 1.596E-11 9.637E-12 6.011E-12
  1.120E+02  1.698E-07 1.649E-07 1.496E-07 1.348E-07 1.227E-07 1.120E-07 1.022E-07 9.413E-08 8.674E-08 8.060E-08 7.453E-08 6.782E-08 5.887E-08 5.149E-08 3.701E-08 2.798E-08 1.984E-08 1.405E-08 7.658E-09 7.991E-09 8.911E-09 6.986E-09 6.318E-09 4.908E-09 3.967E-09 2.763E-09 2.013E-09 1.386E-09 9.153E-10 1.204E-09 1.020E-09 6.212E-10 2.883E-10 1.499E-10 2.848E-10 1.086E-09 1.098E-09 7.546E-10 4.892E-10 3.838E-10 3.255E-10 2.189E-10 1.679E-10 1.255E-10 1.054E-10 1.083E-10 1.058E-10 9.247E-11 9.944E-11 1.092E-10 1.282E-10 1.041E-10 8.805E-11 8.249E-11 6.367E-11 5.096E-11 3.316E-11 2.169E-11 1.623E-11 9.809E-12 6.122E-12
  1.140E+02  1.663E-07 1.617E-07 1.467E-07 1.321E-07 1.202E-07 1.096E-07 1.001E-07 9.219E-08 8.495E-08 7.896E-08 7.304E-08 6.649E-08 5.775E-08 5.056E-08 3.642E-08 2.760E-08 1.962E-08 1.393E-08 7.621E-09 7.977E-09 8.874E-09 6.965E-09 6.303E-09 4.904E-09 3.968E-09 2.769E-09 2.020E-09 1.392E-09 9.213E-10 1.211E-09 1.027E-09 6.262E-10 2.911E-10 1.515E-10 2.878E-10 1.094E-09 1.106E-09 7.615E-10 4.940E-10 3.878E-10 3.290E-10 2.214E-10 1.699E-10 1.271E-10 1.069E-10 1.099E-10 1.074E-10 9.390E-11 1.010E-10 1.109E-10 1.302E-10 1.057E-10 8.945E-11 8.381E-11 6.471E-11 5.181E-11 3.374E-11 2.208E-11 1.653E-11 9.996E-12 6.243E-12
  1.160E+02  1.635E-07 1.593E-07 1.445E-07 1.299E-07 1.182E-07 1.078E-07 9.833E-08 9.062E-08 8.349E-08 7.762E-08 7.182E-08 6.540E-08 5.684E-08 4.980E-08 3.596E-08 2.731E-08 1.946E-08 1.384E-08 7.602E-09 7.980E-09 8.858E-09 6.961E-09 6.303E-09 4.909E-09 3.976E-09 2.779E-09 2.030E-09 1.401E-09 9.289E-10 1.221E-09 1.035E-09 6.322E-10 2.943E-10 1.533E-10 2.912E-10 1.104E-09 1.115E-09 7.696E-10 4.996E-10 3.925E-10 3.331E-10 2.243E-10 1.723E-10 1.289E-10 1.085E-10 1.116E-10 1.092E-10 9.546E-11 1.027E-10 1.127E-10 1.323E-10 1.075E-10 9.098E-11 8.524E-11 6.585E-11 5.274E-11 3.437E-11 2.251E-11 1.685E-11 1.020E-11 6.372E-12
  1.180E+02  1.614E-07 1.577E-07 1.428E-07 1.284E-07 1.166E-07 1.064E-07 9.701E-08 8.939E-08 8.235E-08 7.658E-08 7.086E-08 6.454E-08 5.612E-08 4.921E-08 3.561E-08 2.710E-08 1.935E-08 1.380E-08 7.599E-09 7.996E-09 8.859E-09 6.971E-09 6.315E-09 4.925E-09 3.993E-09 2.795E-09 2.045E-09 1.413E-09 9.379E-10 1.232E-09 1.045E-09 6.392E-10 2.980E-10 1.553E-10 2.950E-10 1.115E-09 1.127E-09 7.789E-10 5.060E-10 3.976E-10 3.376E-10 2.276E-10 1.748E-10 1.309E-10 1.103E-10 1.135E-10 1.110E-10 9.714E-11 1.045E-10 1.147E-10 1.346E-10 1.094E-10 9.263E-11 8.679E-11 6.707E-11 5.374E-11 3.504E-11 2.296E-11 1.720E-11 1.041E-11 6.510E-12
  1.200E+02  1.600E-07 1.566E-07 1.417E-07 1.273E-07 1.156E-07 1.054E-07 9.606E-08 8.848E-08 8.152E-08 7.580E-08 7.014E-08 6.390E-08 5.559E-08 4.877E-08 3.536E-08 2.695E-08 1.929E-08 1.378E-08 7.612E-09 8.026E-09 8.878E-09 6.994E-09 6.339E-09 4.949E-09 4.016E-09 2.815E-09 2.062E-09 1.426E-09 9.481E-10 1.245E-09 1.057E-09 6.470E-10 3.020E-10 1.575E-10 2.992E-10 1.128E-09 1.140E-09 7.892E-10 5.130E-10 4.033E-10 3.425E-10 2.311E-10 1.776E-10 1.331E-10 1.122E-10 1.154E-10 1.130E-10 9.893E-11 1.065E-10 1.169E-10 1.371E-10 1.114E-10 9.438E-11 8.844E-11 6.837E-11 5.480E-11 3.575E-11 2.344E-11 1.756E-11 1.064E-11 6.654E-12
  1.220E+02  1.594E-07 1.563E-07 1.412E-07 1.267E-07 1.150E-07 1.047E-07 9.544E-08 8.789E-08 8.096E-08 7.528E-08 6.966E-08 6.346E-08 5.522E-08 4.847E-08 3.520E-08 2.687E-08 1.927E-08 1.379E-08 7.637E-09 8.067E-09 8.912E-09 7.029E-09 6.374E-09 4.982E-09 4.045E-09 2.839E-09 2.082E-09 1.442E-09 9.594E-10 1.260E-09 1.070E-09 6.556E-10 3.063E-10 1.599E-10 3.037E-10 1.142E-09 1.155E-09 8.005E-10 5.206E-10 4.095E-10 3.479E-10 2.348E-10 1.806E-10 1.353E-10 1.142E-10 1.175E-10 1.152E-10 1.008E-10 1.085E-10 1.191E-10 1.398E-10 1.136E-10 9.624E-11 9.018E-11 6.975E-11 5.591E-11 3.650E-11 2.394E-11 1.794E-11 1.087E-11 6.805E-12
  1.240E+02  1.595E-07 1.566E-07 1.414E-07 1.267E-07 1.149E-07 1.045E-07 9.517E-08 8.762E-08 8.068E-08 7.501E-08 6.939E-08 6.322E-08 5.501E-08 4.830E-08 3.512E-08 2.685E-08 1.929E-08 1.382E-08 7.675E-09 8.118E-09 8.959E-09 7.074E-09 6.419E-09 5.021E-09 4.080E-09 2.867E-09 2.104E-09 1.459E-09 9.717E-10 1.276E-09 1.084E-09 6.648E-10 3.109E-10 1.624E-10 3.084E-10 1.158E-09 1.171E-09 8.126E-10 5.287E-10 4.160E-10 3.535E-10 2.388E-10 1.837E-10 1.377E-10 1.163E-10 1.197E-10 1.174E-10 1.028E-10 1.106E-10 1.215E-10 1.425E-10 1.158E-10 9.817E-11 9.200E-11 7.118E-11 5.708E-11 3.728E-11 2.446E-11 1.834E-11 1.112E-11 6.962E-12
  1.260E+02  1.604E-07 1.576E-07 1.422E-07 1.272E-07 1.152E-07 1.047E-07 9.523E-08 8.763E-08 8.065E-08 7.496E-08 6.933E-08 6.315E-08 5.495E-08 4.826E-08 3.513E-08 2.689E-08 1.935E-08 1.388E-08 7.723E-09 8.178E-09 9.018E-09 7.130E-09 6.472E-09 5.067E-09 4.120E-09 2.898E-09 2.129E-09 1.477E-09 9.848E-10 1.293E-09 1.099E-09 6.746E-10 3.158E-10 1.650E-10 3.134E-10 1.175E-09 1.188E-09 8.254E-10 5.373E-10 4.229E-10 3.595E-10 2.429E-10 1.869E-10 1.402E-10 1.185E-10 1.220E-10 1.196E-10 1.048E-10 1.128E-10 1.239E-10 1.454E-10 1.182E-10 1.002E-10 9.390E-11 7.267E-11 5.829E-11 3.809E-11 2.500E-11 1.875E-11 1.137E-11 7.124E-12
  1.280E+02  1.619E-07 1.595E-07 1.435E-07 1.282E-07 1.159E-07 1.052E-07 9.564E-08 8.792E-08 8.087E-08 7.513E-08 6.946E-08 6.326E-08 5.504E-08 4.833E-08 3.521E-08 2.698E-08 1.944E-08 1.396E-08 7.782E-09 8.247E-09 9.088E-09 7.193E-09 6.533E-09 5.119E-09 4.165E-09 2.932E-09 2.156E-09 1.497E-09 9.987E-10 1.311E-09 1.114E-09 6.849E-10 3.209E-10 1.677E-10 3.186E-10 1.193E-09 1.206E-09 8.389E-10 5.463E-10 4.301E-10 3.657E-10 2.472E-10 1.903E-10 1.428E-10 1.208E-10 1.244E-10 1.220E-10 1.069E-10 1.151E-10 1.264E-10 1.483E-10 1.206E-10 1.023E-10 9.585E-11 7.420E-11 5.953E-11 3.892E-11 2.555E-11 1.917E-11 1.163E-11 7.290E-12
  1.300E+02  1.642E-07 1.621E-07 1.455E-07 1.298E-07 1.171E-07 1.062E-07 9.635E-08 8.848E-08 8.133E-08 7.553E-08 6.979E-08 6.353E-08 5.525E-08 4.851E-08 3.535E-08 2.711E-08 1.955E-08 1.406E-08 7.848E-09 8.322E-09 9.168E-09 7.265E-09 6.600E-09 5.175E-09 4.213E-09 2.968E-09 2.184E-09 1.518E-09 1.013E-09 1.330E-09 1.131E-09 6.956E-10 3.261E-10 1.704E-10 3.240E-10 1.211E-09 1.225E-09 8.528E-10 5.556E-10 4.376E-10 3.721E-10 2.517E-10 1.938E-10 1.455E-10 1.231E-10 1.268E-10 1.244E-10 1.091E-10 1.174E-10 1.290E-10 1.513E-10 1.231E-10 1.044E-10 9.784E-11 7.576E-11 6.080E-11 3.977E-11 2.612E-11 1.959E-11 1.190E-11 7.459E-12
  1.320E+02  1.674E-07 1.654E-07 1.482E-07 1.318E-07 1.187E-07 1.074E-07 9.736E-08 8.933E-08 8.203E-08 7.613E-08 7.030E-08 6.396E-08 5.559E-08 4.879E-08 3.556E-08 2.728E-08 1.970E-08 1.418E-08 7.922E-09 8.403E-09 9.256E-09 7.342E-09 6.674E-09 5.236E-09 4.264E-09 3.007E-09 2.214E-09 1.539E-09 1.028E-09 1.350E-09 1.148E-09 7.066E-10 3.314E-10 1.733E-10 3.295E-10 1.231E-09 1.244E-09 8.672E-10 5.652E-10 4.452E-10 3.786E-10 2.562E-10 1.973E-10 1.482E-10 1.254E-10 1.292E-10 1.269E-10 1.112E-10 1.198E-10 1.316E-10 1.544E-10 1.256E-10 1.065E-10 9.988E-11 7.736E-11 6.209E-11 4.063E-11 2.669E-11 2.003E-11 1.217E-11 7.630E-12
  1.340E+02  1.714E-07 1.697E-07 1.516E-07 1.344E-07 1.207E-07 1.091E-07 9.868E-08 9.044E-08 8.295E-08 7.692E-08 7.098E-08 6.455E-08 5.604E-08 4.917E-08 3.583E-08 2.749E-08 1.986E-08 1.431E-08 8.002E-09 8.489E-09 9.350E-09 7.425E-09 6.752E-09 5.300E-09 4.318E-09 3.047E-09 2.244E-09 1.561E-09 1.043E-09 1.370E-09 1.166E-09 7.179E-10 3.369E-10 1.762E-10 3.350E-10 1.251E-09 1.265E-09 8.818E-10 5.749E-10 4.530E-10 3.853E-10 2.608E-10 2.009E-10 1.509E-10 1.278E-10 1.317E-10 1.293E-10 1.134E-10 1.222E-10 1.343E-10 1.575E-10 1.282E-10 1.087E-10 1.019E-10 7.897E-11 6.340E-11 4.150E-11 2.727E-11 2.047E-11 1.244E-11 7.803E-12
  1.360E+02  1.763E-07 1.748E-07 1.556E-07 1.375E-07 1.232E-07 1.111E-07 1.003E-07 9.181E-08 8.409E-08 7.791E-08 7.183E-08 6.527E-08 5.661E-08 4.963E-08 3.615E-08 2.774E-08 2.005E-08 1.445E-08 8.088E-09 8.578E-09 9.451E-09 7.513E-09 6.834E-09 5.367E-09 4.374E-09 3.088E-09 2.276E-09 1.584E-09 1.059E-09 1.390E-09 1.183E-09 7.293E-10 3.424E-10 1.791E-10 3.406E-10 1.271E-09 1.285E-09 8.967E-10 5.848E-10 4.608E-10 3.920E-10 2.654E-10 2.045E-10 1.536E-10 1.302E-10 1.342E-10 1.318E-10 1.157E-10 1.246E-10 1.369E-10 1.606E-10 1.307E-10 1.109E-10 1.040E-10 8.059E-11 6.471E-11 4.237E-11 2.786E-11 2.091E-11 1.271E-11 7.976E-12
  1.380E+02  1.821E-07 1.809E-07 1.604E-07 1.412E-07 1.261E-07 1.135E-07 1.022E-07 9.344E-08 8.545E-08 7.908E-08 7.284E-08 6.613E-08 5.728E-08 5.018E-08 3.651E-08 2.802E-08 2.026E-08 1.461E-08 8.178E-09 8.671E-09 9.555E-09 7.604E-09 6.919E-09 5.437E-09 4.432E-09 3.130E-09 2.308E-09 1.607E-09 1.075E-09 1.411E-09 1.202E-09 7.407E-10 3.479E-10 1.820E-10 3.463E-10 1.291E-09 1.306E-09 9.117E-10 5.947E-10 4.687E-10 3.988E-10 2.701E-10 2.081E-10 1.564E-10 1.326E-10 1.367E-10 1.343E-10 1.179E-10 1.270E-10 1.396E-10 1.638E-10 1.333E-10 1.131E-10 1.061E-10 8.221E-11 6.602E-11 4.324E-11 2.844E-11 2.135E-11 1.298E-11 8.149E-12
  1.400E+02  1.888E-07 1.878E-07 1.659E-07 1.455E-07 1.295E-07 1.162E-07 1.045E-07 9.531E-08 8.702E-08 8.044E-08 7.400E-08 6.712E-08 5.805E-08 5.080E-08 3.692E-08 2.832E-08 2.048E-08 1.477E-08 8.272E-09 8.765E-09 9.664E-09 7.698E-09 7.007E-09 5.508E-09 4.491E-09 3.173E-09 2.341E-09 1.630E-09 1.090E-09 1.432E-09 1.220E-09 7.522E-10 3.534E-10 1.849E-10 3.519E-10 1.312E-09 1.327E-09 9.267E-10 6.046E-10 4.766E-10 4.055E-10 2.747E-10 2.117E-10 1.591E-10 1.349E-10 1.391E-10 1.368E-10 1.201E-10 1.293E-10 1.422E-10 1.669E-10 1.359E-10 1.153E-10 1.081E-10 8.382E-11 6.733E-11 4.411E-11 2.902E-11 2.179E-11 1.325E-11 8.320E-12
  1.420E+02  1.966E-07 1.956E-07 1.723E-07 1.504E-07 1.334E-07 1.193E-07 1.070E-07 9.742E-08 8.880E-08 8.198E-08 7.531E-08 6.821E-08 5.890E-08 5.149E-08 3.737E-08 2.865E-08 2.072E-08 1.494E-08 8.368E-09 8.860E-09 9.774E-09 7.794E-09 7.097E-09 5.580E-09 4.550E-09 3.215E-09 2.373E-09 1.653E-09 1.106E-09 1.453E-09 1.238E-09 7.637E-10 3.589E-10 1.877E-10 3.574E-10 1.332E-09 1.348E-09 9.416E-10 6.144E-10 4.845E-10 4.122E-10 2.793E-10 2.153E-10 1.618E-10 1.373E-10 1.416E-10 1.392E-10 1.222E-10 1.317E-10 1.448E-10 1.700E-10 1.384E-10 1.174E-10 1.102E-10 8.541E-11 6.862E-11 4.497E-11 2.959E-11 2.222E-11 1.352E-11 8.490E-12
  1.440E+02  2.054E-07 2.045E-07 1.793E-07 1.557E-07 1.377E-07 1.228E-07 1.098E-07 9.975E-08 9.075E-08 8.366E-08 7.674E-08 6.942E-08 5.984E-08 5.224E-08 3.785E-08 2.899E-08 2.096E-08 1.512E-08 8.466E-09 8.956E-09 9.886E-09 7.891E-09 7.188E-09 5.652E-09 4.610E-09 3.258E-09 2.406E-09 1.676E-09 1.121E-09 1.474E-09 1.256E-09 7.749E-10 3.642E-10 1.905E-10 3.629E-10 1.353E-09 1.368E-09 9.564E-10 6.242E-10 4.922E-10 4.188E-10 2.838E-10 2.188E-10 1.645E-10 1.396E-10 1.440E-10 1.416E-10 1.243E-10 1.340E-10 1.474E-10 1.730E-10 1.409E-10 1.195E-10 1.122E-10 8.698E-11 6.989E-11 4.581E-11 3.015E-11 2.264E-11 1.378E-11 8.657E-12
  1.460E+02  2.152E-07 2.144E-07 1.870E-07 1.616E-07 1.423E-07 1.265E-07 1.128E-07 1.023E-07 9.284E-08 8.546E-08 7.828E-08 7.072E-08 6.084E-08 5.304E-08 3.835E-08 2.935E-08 2.122E-08 1.530E-08 8.565E-09 9.051E-09 9.998E-09 7.988E-09 7.278E-09 5.725E-09 4.670E-09 3.301E-09 2.438E-09 1.699E-09 1.136E-09 1.494E-09 1.273E-09 7.860E-10 3.695E-10 1.933E-10 3.683E-10 1.373E-09 1.389E-09 9.709E-10 6.337E-10 4.998E-10 4.253E-10 2.883E-10 2.222E-10 1.671E-10 1.418E-10 1.463E-10 1.440E-10 1.264E-10 1.362E-10 1.499E-10 1.760E-10 1.433E-10 1.216E-10 1.141E-10 8.852E-11 7.113E-11 4.663E-11 3.070E-11 2.306E-11 1.404E-11 8.820E-12
  1.480E+02  2.259E-07 2.253E-07 1.952E-07 1.679E-07 1.473E-07 1.305E-07 1.160E-07 1.049E-07 9.507E-08 8.737E-08 7.991E-08 7.210E-08 6.189E-08 5.388E-08 3.888E-08 2.973E-08 2.148E-08 1.548E-08 8.664E-09 9.145E-09 1.011E-08 8.085E-09 7.369E-09 5.797E-09 4.729E-09 3.343E-09 2.469E-09 1.721E-09 1.151E-09 1.514E-09 1.291E-09 7.968E-10 3.747E-10 1.960E-10 3.735E-10 1.392E-09 1.409E-09 9.850E-10 6.430E-10 5.072E-10 4.316E-10 2.926E-10 2.256E-10 1.696E-10 1.440E-10 1.486E-10 1.462E-10 1.285E-10 1.384E-10 1.524E-10 1.789E-10 1.457E-10 1.236E-10 1.160E-10 9.001E-11 7.234E-11 4.744E-11 3.123E-11 2.346E-11 1.429E-11 8.978E-12
  1.500E+02  2.372E-07 2.368E-07 2.038E-07 1.747E-07 1.525E-07 1.347E-07 1.194E-07 1.077E-07 9.739E-08 8.936E-08 8.159E-08 7.352E-08 6.298E-08 5.475E-08 3.942E-08 3.011E-08 2.175E-08 1.567E-08 8.762E-09 9.238E-09 1.022E-08 8.181E-09 7.458E-09 5.868E-09 4.787E-09 3.384E-09 2.500E-09 1.743E-09 1.166E-09 1.533E-09 1.307E-09 8.073E-10 3.796E-10 1.986E-10 3.785E-10 1.412E-09 1.428E-09 9.987E-10 6.521E-10 5.143E-10 4.377E-10 2.968E-10 2.288E-10 1.721E-10 1.462E-10 1.508E-10 1.484E-10 1.304E-10 1.405E-10 1.547E-10 1.817E-10 1.480E-10 1.256E-10 1.179E-10 9.146E-11 7.351E-11 4.821E-11 3.175E-11 2.386E-11 1.453E-11 9.132E-12
  1.520E+02  2.492E-07 2.485E-07 2.127E-07 1.816E-07 1.579E-07 1.390E-07 1.228E-07 1.105E-07 9.975E-08 9.139E-08 8.330E-08 7.495E-08 6.409E-08 5.563E-08 3.997E-08 3.049E-08 2.201E-08 1.585E-08 8.859E-09 9.327E-09 1.033E-08 8.274E-09 7.545E-09 5.937E-09 4.843E-09 3.424E-09 2.530E-09 1.764E-09 1.180E-09 1.552E-09 1.323E-09 8.174E-10 3.844E-10 2.011E-10 3.834E-10 1.430E-09 1.447E-09 1.012E-09 6.608E-10 5.212E-10 4.436E-10 3.008E-10 2.319E-10 1.744E-10 1.482E-10 1.529E-10 1.506E-10 1.323E-10 1.426E-10 1.570E-10 1.843E-10 1.502E-10 1.274E-10 1.197E-10 9.284E-11 7.463E-11 4.896E-11 3.225E-11 2.423E-11 1.476E-11 9.279E-12
  1.540E+02  2.613E-07 2.600E-07 2.219E-07 1.883E-07 1.632E-07 1.431E-07 1.261E-07 1.133E-07 1.021E-07 9.338E-08 8.501E-08 7.638E-08 6.518E-08 5.651E-08 4.052E-08 3.087E-08 2.227E-08 1.604E-08 8.954E-09 9.413E-09 1.043E-08 8.365E-09 7.630E-09 6.005E-09 4.898E-09 3.462E-09 2.559E-09 1.784E-09 1.193E-09 1.570E-09 1.339E-09 8.271E-10 3.889E-10 2.035E-10 3.880E-10 1.448E-09 1.465E-09 1.025E-09 6.691E-10 5.278E-10 4.492E-10 3.046E-10 2.349E-10 1.767E-10 1.501E-10 1.550E-10 1.526E-10 1.341E-10 1.445E-10 1.591E-10 1.869E-10 1.523E-10 1.292E-10 1.214E-10 9.417E-11 7.570E-11 4.967E-11 3.272E-11 2.459E-11 1.498E-11 9.419E-12
  1.560E+02  2.728E-07 2.710E-07 2.309E-07 1.943E-07 1.680E-07 1.469E-07 1.292E-07 1.160E-07 1.043E-07 9.527E-08 8.664E-08 7.775E-08 6.624E-08 5.736E-08 4.105E-08 3.125E-08 2.253E-08 1.622E-08 9.046E-09 9.496E-09 1.053E-08 8.453E-09 7.712E-09 6.069E-09 4.950E-09 3.499E-09 2.586E-09 1.803E-09 1.205E-09 1.587E-09 1.354E-09 8.362E-10 3.933E-10 2.057E-10 3.924E-10 1.464E-09 1.482E-09 1.037E-09 6.770E-10 5.341E-10 4.545E-10 3.082E-10 2.377E-10 1.788E-10 1.520E-10 1.569E-10 1.545E-10 1.358E-10 1.463E-10 1.612E-10 1.893E-10 1.542E-10 1.309E-10 1.230E-10 9.542E-11 7.672E-11 5.034E-11 3.317E-11 2.493E-11 1.519E-11 9.552E-12
  1.580E+02  2.828E-07 2.807E-07 2.386E-07 1.996E-07 1.723E-07 1.503E-07 1.319E-07 1.184E-07 1.062E-07 9.697E-08 8.812E-08 7.901E-08 6.722E-08 5.816E-08 4.157E-08 3.161E-08 2.278E-08 1.639E-08 9.135E-09 9.574E-09 1.063E-08 8.537E-09 7.790E-09 6.131E-09 5.000E-09 3.534E-09 2.612E-09 1.821E-09 1.217E-09 1.603E-09 1.368E-09 8.449E-10 3.973E-10 2.078E-10 3.965E-10 1.480E-09 1.498E-09 1.048E-09 6.844E-10 5.399E-10 4.595E-10 3.117E-10 2.404E-10 1.808E-10 1.537E-10 1.587E-10 1.563E-10 1.374E-10 1.480E-10 1.631E-10 1.916E-10 1.561E-10 1.325E-10 1.245E-10 9.660E-11 7.767E-11 5.097E-11 3.359E-11 2.525E-11 1.539E-11 9.677E-12
  1.600E+02  2.898E-07 2.883E-07 2.440E-07 2.039E-07 1.755E-07 1.530E-07 1.342E-07 1.202E-07 1.078E-07 9.840E-08 8.937E-08 8.011E-08 6.811E-08 5.890E-08 4.205E-08 3.195E-08 2.302E-08 1.655E-08 9.219E-09 9.647E-09 1.072E-08 8.616E-09 7.864E-09 6.189E-09 5.047E-09 3.566E-09 2.636E-09 1.838E-09 1.228E-09 1.618E-09 1.380E-09 8.529E-10 4.011E-10 2.098E-10 4.003E-10 1.495E-09 1.513E-09 1.058E-09 6.913E-10 5.454E-10 4.642E-10 3.148E-10 2.428E-10 1.827E-10 1.553E-10 1.603E-10 1.579E-10 1.388E-10 1.496E-10 1.649E-10 1.937E-10 1.578E-10 1.340E-10 1.259E-10 9.770E-11 7.856E-11 5.156E-11 3.398E-11 2.554E-11 1.557E-11 9.793E-12
  1.620E+02  2.923E-07 2.923E-07 2.463E-07 2.064E-07 1.774E-07 1.548E-07 1.357E-07 1.215E-07 1.090E-07 9.949E-08 9.034E-08 8.100E-08 6.888E-08 5.955E-08 4.250E-08 3.228E-08 2.325E-08 1.671E-08 9.298E-09 9.715E-09 1.081E-08 8.691E-09 7.934E-09 6.244E-09 5.091E-09 3.597E-09 2.659E-09 1.854E-09 1.238E-09 1.631E-09 1.392E-09 8.603E-10 4.046E-10 2.116E-10 4.039E-10 1.509E-09 1.527E-09 1.068E-09 6.977E-10 5.505E-10 4.685E-10 3.178E-10 2.451E-10 1.844E-10 1.568E-10 1.619E-10 1.595E-10 1.402E-10 1.511E-10 1.666E-10 1.957E-10 1.594E-10 1.353E-10 1.272E-10 9.871E-11 7.937E-11 5.210E-11 3.434E-11 2.582E-11 1.574E-11 9.899E-12
  1.640E+02  2.891E-07 2.910E-07 2.454E-07 2.064E-07 1.776E-07 1.552E-07 1.362E-07 1.220E-07 1.097E-07 1.002E-07 9.101E-08 8.166E-08 6.949E-08 6.010E-08 4.291E-08 3.258E-08 2.346E-08 1.686E-08 9.371E-09 9.777E-09 1.088E-08 8.760E-09 7.998E-09 6.294E-09 5.132E-09 3.624E-09 2.679E-09 1.868E-09 1.248E-09 1.644E-09 1.403E-09 8.670E-10 4.077E-10 2.132E-10 4.071E-10 1.521E-09 1.539E-09 1.077E-09 7.034E-10 5.550E-10 4.724E-10 3.204E-10 2.471E-10 1.859E-10 1.581E-10 1.633E-10 1.609E-10 1.414E-10 1.524E-10 1.681E-10 1.975E-10 1.609E-10 1.366E-10 1.283E-10 9.963E-11 8.011E-11 5.260E-11 3.467E-11 2.606E-11 1.589E-11 9.996E-12
  1.660E+02  2.799E-07 2.836E-07 2.413E-07 2.033E-07 1.758E-07 1.541E-07 1.357E-07 1.220E-07 1.098E-07 1.005E-07 9.142E-08 8.211E-08 6.998E-08 6.057E-08 4.329E-08 3.286E-08 2.366E-08 1.699E-08 9.439E-09 9.833E-09 1.096E-08 8.823E-09 8.057E-09 6.340E-09 5.168E-09 3.650E-09 2.698E-09 1.881E-09 1.256E-09 1.655E-09 1.413E-09 8.730E-10 4.105E-10 2.147E-10 4.099E-10 1.532E-09 1.551E-09 1.085E-09 7.086E-10 5.591E-10 4.759E-10 3.228E-10 2.490E-10 1.873E-10 1.593E-10 1.645E-10 1.621E-10 1.425E-10 1.536E-10 1.694E-10 1.990E-10 1.622E-10 1.377E-10 1.294E-10 1.004E-10 8.078E-11 5.304E-11 3.496E-11 2.628E-11 1.603E-11 1.008E-11
  1.680E+02  2.659E-07 2.714E-07 2.344E-07 1.980E-07 1.727E-07 1.520E-07 1.345E-07 1.215E-07 1.096E-07 1.005E-07 9.168E-08 8.244E-08 7.039E-08 6.100E-08 4.363E-08 3.312E-08 2.384E-08 1.712E-08 9.499E-09 9.882E-09 1.102E-08 8.880E-09 8.110E-09 6.381E-09 5.201E-09 3.672E-09 2.714E-09 1.892E-09 1.263E-09 1.665E-09 1.422E-09 8.783E-10 4.130E-10 2.160E-10 4.124E-10 1.542E-09 1.561E-09 1.092E-09 7.132E-10 5.627E-10 4.790E-10 3.249E-10 2.506E-10 1.885E-10 1.603E-10 1.656E-10 1.632E-10 1.435E-10 1.547E-10 1.706E-10 2.004E-10 1.633E-10 1.387E-10 1.303E-10 1.012E-10 8.136E-11 5.342E-11 3.522E-11 2.648E-11 1.615E-11 1.016E-11
  1.700E+02  2.514E-07 2.584E-07 2.264E-07 1.926E-07 1.695E-07 1.501E-07 1.335E-07 1.212E-07 1.096E-07 1.007E-07 9.202E-08 8.283E-08 7.084E-08 6.146E-08 4.398E-08 3.337E-08 2.401E-08 1.723E-08 9.552E-09 9.924E-09 1.107E-08 8.930E-09 8.157E-09 6.417E-09 5.230E-09 3.691E-09 2.728E-09 1.902E-09 1.269E-09 1.673E-09 1.429E-09 8.829E-10 4.151E-10 2.171E-10 4.146E-10 1.551E-09 1.569E-09 1.098E-09 7.171E-10 5.658E-10 4.816E-10 3.266E-10 2.519E-10 1.896E-10 1.612E-10 1.665E-10 1.641E-10 1.443E-10 1.556E-10 1.716E-10 2.016E-10 1.643E-10 1.395E-10 1.311E-10 1.018E-10 8.185E-11 5.375E-11 3.544E-11 2.664E-11 1.625E-11 1.022E-11
  1.720E+02  2.426E-07 2.508E-07 2.214E-07 1.902E-07 1.683E-07 1.498E-07 1.337E-07 1.216E-07 1.102E-07 1.014E-07 9.273E-08 8.350E-08 7.146E-08 6.199E-08 4.433E-08 3.361E-08 2.416E-08 1.733E-08 9.598E-09 9.959E-09 1.112E-08 8.972E-09 8.197E-09 6.448E-09 5.254E-09 3.707E-09 2.740E-09 1.910E-09 1.274E-09 1.680E-09 1.435E-09 8.866E-10 4.169E-10 2.180E-10 4.163E-10 1.557E-09 1.576E-09 1.103E-09 7.203E-10 5.684E-10 4.837E-10 3.281E-10 2.531E-10 1.904E-10 1.620E-10 1.673E-10 1.649E-10 1.450E-10 1.563E-10 1.724E-10 2.026E-10 1.651E-10 1.402E-10 1.317E-10 1.023E-10 8.226E-11 5.402E-11 3.562E-11 2.678E-11 1.634E-11 1.028E-11
  1.740E+02  2.448E-07 2.534E-07 2.235E-07 1.930E-07 1.709E-07 1.523E-07 1.359E-07 1.234E-07 1.119E-07 1.029E-07 9.401E-08 8.458E-08 7.230E-08 6.265E-08 4.469E-08 3.384E-08 2.429E-08 1.741E-08 9.635E-09 9.986E-09 1.116E-08 9.007E-09 8.229E-09 6.472E-09 5.273E-09 3.720E-09 2.749E-09 1.916E-09 1.278E-09 1.686E-09 1.440E-09 8.895E-10 4.182E-10 2.187E-10 4.177E-10 1.563E-09 1.582E-09 1.106E-09 7.228E-10 5.703E-10 4.854E-10 3.293E-10 2.540E-10 1.911E-10 1.625E-10 1.679E-10 1.655E-10 1.455E-10 1.569E-10 1.730E-10 2.034E-10 1.657E-10 1.407E-10 1.323E-10 1.027E-10 8.258E-11 5.423E-11 3.576E-11 2.689E-11 1.640E-11 1.032E-11
  1.760E+02  2.582E-07 2.667E-07 2.340E-07 2.011E-07 1.773E-07 1.572E-07 1.397E-07 1.265E-07 1.144E-07 1.050E-07 9.573E-08 8.595E-08 7.326E-08 6.334E-08 4.503E-08 3.404E-08 2.441E-08 1.748E-08 9.664E-09 1.001E-08 1.119E-08 9.032E-09 8.253E-09 6.490E-09 5.287E-09 3.729E-09 2.756E-09 1.921E-09 1.281E-09 1.690E-09 1.443E-09 8.916E-10 4.192E-10 2.192E-10 4.187E-10 1.567E-09 1.586E-09 1.109E-09 7.246E-10 5.718E-10 4.866E-10 3.301E-10 2.546E-10 1.916E-10 1.630E-10 1.683E-10 1.659E-10 1.459E-10 1.573E-10 1.735E-10 2.039E-10 1.662E-10 1.411E-10 1.326E-10 1.030E-10 8.281E-11 5.439E-11 3.586E-11 2.696E-11 1.645E-11 1.035E-11
  1.780E+02  2.758E-07 2.847E-07 2.482E-07 2.108E-07 1.846E-07 1.626E-07 1.438E-07 1.298E-07 1.169E-07 1.070E-07 9.731E-08 8.718E-08 7.406E-08 6.390E-08 4.529E-08 3.418E-08 2.449E-08 1.753E-08 9.681E-09 1.002E-08 1.120E-08 9.048E-09 8.268E-09 6.502E-09 5.296E-09 3.735E-09 2.760E-09 1.924E-09 1.283E-09 1.692E-09 1.445E-09 8.929E-10 4.198E-10 2.195E-10 4.193E-10 1.569E-09 1.588E-09 1.111E-09 7.257E-10 5.726E-10 4.874E-10 3.306E-10 2.550E-10 1.918E-10 1.632E-10 1.686E-10 1.662E-10 1.461E-10 1.575E-10 1.738E-10 2.042E-10 1.664E-10 1.413E-10 1.328E-10 1.031E-10 8.295E-11 5.448E-11 3.592E-11 2.701E-11 1.648E-11 1.037E-11
  1.800E+02  2.844E-07 2.940E-07 2.553E-07 2.156E-07 1.881E-07 1.650E-07 1.456E-07 1.312E-07 1.180E-07 1.079E-07 9.797E-08 8.768E-08 7.438E-08 6.413E-08 4.539E-08 3.423E-08 2.451E-08 1.754E-08 9.688E-09 1.002E-08 1.121E-08 9.053E-09 8.273E-09 6.505E-09 5.299E-09 3.737E-09 2.761E-09 1.925E-09 1.284E-09 1.693E-09 1.446E-09 8.933E-10 4.200E-10 2.196E-10 4.195E-10 1.570E-09 1.589E-09 1.111E-09 7.260E-10 5.729E-10 4.876E-10 3.307E-10 2.551E-10 1.919E-10 1.633E-10 1.687E-10 1.663E-10 1.462E-10 1.576E-10 1.739E-10 2.043E-10 1.665E-10 1.414E-10 1.329E-10 1.032E-10 8.300E-11 5.451E-11 3.594E-11 2.703E-11 1.649E-11 1.037E-11
