# water soluble (98%) 
#
# size distribution: lognormal
# ------------------
#
#   minimum radius, [um]:      7.800E-03
#   maximum radius, [um]:      5.850E+01
#                  sigma:      2.240E+00
#       Rmod (wet), [um]:      4.760E-02
#       Rmod (dry), [um]:      2.120E-02
#
# optical parameters:
# -------------------
#
# wavelength ext.coef  sca.coef  abs.coef  si.sc.alb  asym.par  ext.nor    ref.real  ref.imag
#     [um]     [1/km]    [1/km]    [1/km]
#
#  2.500E-01 6.157E-05 5.977E-05 1.806E-06 9.707E-01 0.773E+00 1.809E+00  1.377E+00 -2.650E-03
#  3.000E-01 5.616E-05 5.575E-05 4.131E-07 9.926E-01 0.774E+00 1.650E+00  1.365E+00 -7.068E-04
#  3.500E-01 5.096E-05 5.074E-05 2.193E-07 9.957E-01 0.773E+00 1.497E+00  1.360E+00 -4.417E-04
#  4.000E-01 4.605E-05 4.586E-05 1.876E-07 9.959E-01 0.772E+00 1.353E+00  1.356E+00 -4.417E-04
#  4.500E-01 4.167E-05 4.150E-05 1.647E-07 9.960E-01 0.768E+00 1.224E+00  1.354E+00 -4.417E-04
#  5.000E-01 3.766E-05 3.751E-05 1.459E-07 9.961E-01 0.765E+00 1.106E+00  1.352E+00 -4.417E-04
#  5.500E-01 3.404E-05 3.388E-05 1.564E-07 9.954E-01 0.761E+00 1.000E+00  1.350E+00 -5.301E-04
#  6.000E-01 3.088E-05 3.074E-05 1.414E-07 9.954E-01 0.756E+00 9.072E-01  1.349E+00 -5.301E-04
#  6.500E-01 2.805E-05 2.790E-05 1.500E-07 9.947E-01 0.751E+00 8.240E-01  1.349E+00 -6.184E-04
#  7.000E-01 2.560E-05 2.546E-05 1.375E-07 9.946E-01 0.745E+00 7.520E-01  1.349E+00 -6.185E-04
#  7.500E-01 2.334E-05 2.318E-05 1.537E-07 9.934E-01 0.740E+00 6.856E-01  1.348E+00 -7.511E-04
#  8.000E-01 2.125E-05 2.108E-05 1.669E-07 9.921E-01 0.736E+00 6.241E-01  1.346E+00 -8.836E-04
#  9.000E-01 1.788E-05 1.769E-05 1.880E-07 9.895E-01 0.725E+00 5.252E-01  1.345E+00 -1.149E-03
#  1.000E+00 1.516E-05 1.496E-05 1.972E-07 9.870E-01 0.714E+00 4.454E-01  1.344E+00 -1.372E-03
#  1.250E+00 1.023E-05 1.005E-05 1.836E-07 9.821E-01 0.689E+00 3.007E-01  1.340E+00 -1.687E-03
#  1.500E+00 7.265E-06 7.077E-06 1.881E-07 9.741E-01 0.663E+00 2.134E-01  1.338E+00 -2.170E-03
#  1.750E+00 5.043E-06 4.926E-06 1.168E-07 9.768E-01 0.642E+00 1.481E-01  1.327E+00 -1.637E-03
#  2.000E+00 3.591E-06 3.488E-06 1.029E-07 9.713E-01 0.621E+00 1.055E-01  1.316E+00 -1.710E-03
#  2.500E+00 1.730E-06 1.610E-06 1.201E-07 9.306E-01 0.586E+00 5.081E-02  1.275E+00 -2.646E-03
#  3.000E+00 9.133E-06 1.521E-06 7.612E-06 1.665E-01 0.462E+00 2.683E-01  1.375E+00 -2.499E-01
#  3.200E+00 4.670E-06 1.992E-06 2.678E-06 4.265E-01 0.488E+00 1.372E-01  1.474E+00 -8.494E-02
#  3.390E+00 2.290E-06 1.612E-06 6.784E-07 7.038E-01 0.495E+00 6.728E-02  1.424E+00 -2.172E-02
#  3.500E+00 1.687E-06 1.413E-06 2.739E-07 8.376E-01 0.493E+00 4.955E-02  1.404E+00 -9.011E-03
#  3.750E+00 1.148E-06 1.048E-06 9.958E-08 9.132E-01 0.483E+00 3.371E-02  1.376E+00 -3.544E-03
#  4.000E+00 9.300E-07 8.095E-07 1.205E-07 8.704E-01 0.470E+00 2.732E-02  1.360E+00 -4.635E-03
#  4.500E+00 8.255E-07 5.240E-07 3.016E-07 6.347E-01 0.442E+00 2.425E-02  1.343E+00 -1.336E-02
#  5.000E+00 6.224E-07 3.748E-07 2.476E-07 6.022E-01 0.419E+00 1.829E-02  1.336E+00 -1.236E-02
#  5.500E+00 4.643E-07 2.441E-07 2.202E-07 5.258E-01 0.396E+00 1.364E-02  1.311E+00 -1.217E-02
#  6.000E+00 1.765E-06 1.474E-07 1.618E-06 8.348E-02 0.349E+00 5.186E-02  1.278E+00 -9.958E-02
#  6.200E+00 1.482E-06 2.238E-07 1.258E-06 1.511E-01 0.351E+00 4.353E-02  1.369E+00 -8.261E-02
#  6.500E+00 7.500E-07 1.813E-07 5.687E-07 2.417E-01 0.351E+00 2.203E-02  1.350E+00 -3.865E-02
#  7.200E+00 5.843E-07 1.122E-07 4.722E-07 1.920E-01 0.328E+00 1.717E-02  1.320E+00 -3.545E-02
#  7.900E+00 5.155E-07 6.752E-08 4.480E-07 1.310E-01 0.304E+00 1.514E-02  1.286E+00 -3.665E-02
#  8.200E+00 5.350E-07 5.054E-08 4.844E-07 9.447E-02 0.293E+00 1.572E-02  1.262E+00 -4.083E-02
#  8.500E+00 6.449E-07 5.144E-08 5.935E-07 7.976E-02 0.284E+00 1.895E-02  1.280E+00 -5.245E-02
#  8.700E+00 7.172E-07 8.208E-08 6.352E-07 1.144E-01 0.284E+00 2.107E-02  1.372E+00 -6.017E-02
#  9.000E+00 7.758E-07 7.545E-08 7.003E-07 9.725E-02 0.275E+00 2.279E-02  1.377E+00 -6.906E-02
#  9.200E+00 8.140E-07 5.757E-08 7.565E-07 7.072E-02 0.267E+00 2.391E-02  1.338E+00 -7.494E-02
#  9.500E+00 5.854E-07 4.270E-08 5.427E-07 7.294E-02 0.262E+00 1.720E-02  1.305E+00 -5.461E-02
#  9.800E+00 5.396E-07 3.396E-08 5.057E-07 6.293E-02 0.254E+00 1.585E-02  1.286E+00 -5.206E-02
#  1.000E+01 5.483E-07 2.882E-08 5.195E-07 5.256E-02 0.248E+00 1.611E-02  1.271E+00 -5.426E-02
#  1.060E+01 6.386E-07 1.777E-08 6.209E-07 2.782E-02 0.230E+00 1.876E-02  1.230E+00 -6.763E-02
#  1.100E+01 8.416E-07 1.334E-08 8.283E-07 1.585E-02 0.216E+00 2.472E-02  1.203E+00 -9.267E-02
#  1.150E+01 1.166E-06 1.083E-08 1.155E-06 9.289E-03 0.198E+00 3.425E-02  1.174E+00 -1.336E-01
#  1.250E+01 1.934E-06 1.392E-08 1.920E-06 7.197E-03 0.169E+00 5.681E-02  1.167E+00 -2.408E-01
#  1.300E+01 2.165E-06 1.618E-08 2.148E-06 7.474E-03 0.160E+00 6.359E-02  1.188E+00 -2.829E-01
#  1.400E+01 2.376E-06 1.892E-08 2.357E-06 7.960E-03 0.147E+00 6.981E-02  1.241E+00 -3.438E-01
#  1.480E+01 2.371E-06 1.871E-08 2.352E-06 7.893E-03 0.140E+00 6.965E-02  1.274E+00 -3.698E-01
#  1.500E+01 2.416E-06 1.915E-08 2.397E-06 7.924E-03 0.137E+00 7.098E-02  1.283E+00 -3.842E-01
#  1.640E+01 2.174E-06 1.868E-08 2.155E-06 8.592E-03 0.131E+00 6.385E-02  1.382E+00 -4.034E-01
#  1.720E+01 2.022E-06 1.865E-08 2.003E-06 9.222E-03 0.129E+00 5.940E-02  1.447E+00 -4.125E-01
#  1.800E+01 1.858E-06 1.655E-08 1.841E-06 8.911E-03 0.125E+00 5.457E-02  1.472E+00 -4.043E-01
#  1.850E+01 1.773E-06 1.513E-08 1.758E-06 8.533E-03 0.123E+00 5.208E-02  1.479E+00 -3.988E-01
#  2.000E+01 1.486E-06 1.257E-08 1.473E-06 8.457E-03 0.119E+00 4.365E-02  1.537E+00 -3.777E-01
#  2.130E+01 1.343E-06 9.980E-09 1.333E-06 7.429E-03 0.113E+00 3.946E-02  1.541E+00 -3.658E-01
#  2.250E+01 1.236E-06 8.266E-09 1.228E-06 6.687E-03 0.108E+00 3.631E-02  1.550E+00 -3.585E-01
#  2.500E+01 1.070E-06 5.722E-09 1.064E-06 5.348E-03 0.979E-01 3.143E-02  1.562E+00 -3.493E-01
#  2.790E+01 9.069E-07 3.852E-09 9.030E-07 4.248E-03 0.882E-01 2.664E-02  1.575E+00 -3.347E-01
#  3.000E+01 8.189E-07 2.905E-09 8.160E-07 3.548E-03 0.816E-01 2.406E-02  1.575E+00 -3.255E-01
#  3.500E+01 7.383E-07 1.635E-09 7.367E-07 2.215E-03 0.670E-01 2.169E-02  1.566E+00 -3.417E-01
#  4.000E+01 7.538E-07 1.036E-09 7.527E-07 1.375E-03 0.544E-01 2.214E-02  1.549E+00 -3.952E-01
#
# volume phase function [1/km]:
# -----------------------------
#
# sca.ang. | wavelengths --->
# ---------|------------------
#          | 2.500E-01 3.000E-01 3.500E-01 4.000E-01 4.500E-01 5.000E-01 5.500E-01 6.000E-01 6.500E-01 7.000E-01 7.500E-01 8.000E-01 9.000E-01 1.000E+00 1.250E+00 1.500E+00 1.750E+00 2.000E+00 2.500E+00 3.000E+00 3.200E+00 3.390E+00 3.500E+00 3.750E+00 4.000E+00 4.500E+00 5.000E+00 5.500E+00 6.000E+00 6.200E+00 6.500E+00 7.200E+00 7.900E+00 8.200E+00 8.500E+00 8.700E+00 9.000E+00 9.200E+00 9.500E+00 9.800E+00 1.000E+01 1.060E+01 1.100E+01 1.150E+01 1.250E+01 1.300E+01 1.400E+01 1.480E+01 1.500E+01 1.640E+01 1.720E+01 1.800E+01 1.850E+01 2.000E+01 2.130E+01 2.250E+01 2.500E+01 2.790E+01 3.000E+01 3.500E+01 4.000E+01
#
  0.000E+00  2.464E-04 1.864E-04 1.462E-04 1.172E-04 9.625E-05 8.011E-05 6.742E-05 5.744E-05 4.921E-05 4.255E-05 3.699E-05 3.228E-05 2.499E-05 1.970E-05 1.145E-05 7.114E-06 4.536E-06 2.973E-06 1.239E-06 7.297E-07 9.500E-07 8.012E-07 7.068E-07 5.171E-07 3.874E-07 2.317E-07 1.544E-07 9.523E-08 4.982E-08 7.323E-08 5.999E-08 3.502E-08 1.988E-08 1.449E-08 1.421E-08 2.196E-08 1.964E-08 1.478E-08 1.093E-08 8.544E-09 7.149E-09 4.202E-09 3.024E-09 2.327E-09 2.722E-09 3.068E-09 3.430E-09 3.307E-09 3.357E-09 3.186E-09 3.142E-09 2.759E-09 2.503E-09 2.047E-09 1.599E-09 1.305E-09 8.790E-10 5.765E-10 4.273E-10 2.316E-10 1.421E-10
  1.000E-01  2.463E-04 1.863E-04 1.461E-04 1.172E-04 9.624E-05 8.010E-05 6.741E-05 5.743E-05 4.921E-05 4.254E-05 3.699E-05 3.228E-05 2.499E-05 1.970E-05 1.145E-05 7.114E-06 4.536E-06 2.973E-06 1.239E-06 7.297E-07 9.500E-07 8.012E-07 7.068E-07 5.171E-07 3.874E-07 2.317E-07 1.544E-07 9.523E-08 4.982E-08 7.323E-08 5.999E-08 3.502E-08 1.988E-08 1.449E-08 1.421E-08 2.196E-08 1.964E-08 1.478E-08 1.093E-08 8.544E-09 7.149E-09 4.202E-09 3.024E-09 2.327E-09 2.722E-09 3.068E-09 3.430E-09 3.307E-09 3.357E-09 3.186E-09 3.142E-09 2.759E-09 2.503E-09 2.047E-09 1.599E-09 1.305E-09 8.790E-10 5.765E-10 4.273E-10 2.316E-10 1.421E-10
  2.000E-01  2.459E-04 1.861E-04 1.460E-04 1.171E-04 9.619E-05 8.007E-05 6.739E-05 5.742E-05 4.919E-05 4.253E-05 3.698E-05 3.228E-05 2.499E-05 1.970E-05 1.145E-05 7.113E-06 4.535E-06 2.972E-06 1.239E-06 7.296E-07 9.500E-07 8.012E-07 7.068E-07 5.171E-07 3.874E-07 2.317E-07 1.544E-07 9.523E-08 4.982E-08 7.323E-08 5.999E-08 3.501E-08 1.988E-08 1.449E-08 1.421E-08 2.196E-08 1.964E-08 1.478E-08 1.093E-08 8.544E-09 7.149E-09 4.202E-09 3.024E-09 2.327E-09 2.722E-09 3.068E-09 3.430E-09 3.307E-09 3.357E-09 3.186E-09 3.142E-09 2.759E-09 2.503E-09 2.047E-09 1.599E-09 1.305E-09 8.790E-10 5.765E-10 4.273E-10 2.316E-10 1.421E-10
  3.000E-01  2.452E-04 1.857E-04 1.458E-04 1.170E-04 9.612E-05 8.001E-05 6.736E-05 5.739E-05 4.917E-05 4.252E-05 3.697E-05 3.227E-05 2.498E-05 1.969E-05 1.144E-05 7.112E-06 4.535E-06 2.972E-06 1.239E-06 7.296E-07 9.499E-07 8.011E-07 7.068E-07 5.171E-07 3.874E-07 2.317E-07 1.544E-07 9.523E-08 4.982E-08 7.323E-08 5.999E-08 3.501E-08 1.988E-08 1.449E-08 1.421E-08 2.196E-08 1.964E-08 1.478E-08 1.093E-08 8.544E-09 7.148E-09 4.202E-09 3.024E-09 2.327E-09 2.722E-09 3.068E-09 3.430E-09 3.307E-09 3.357E-09 3.186E-09 3.142E-09 2.759E-09 2.503E-09 2.047E-09 1.599E-09 1.305E-09 8.790E-10 5.765E-10 4.273E-10 2.316E-10 1.421E-10
  4.000E-01  2.443E-04 1.853E-04 1.456E-04 1.168E-04 9.601E-05 7.994E-05 6.731E-05 5.735E-05 4.915E-05 4.250E-05 3.696E-05 3.225E-05 2.497E-05 1.969E-05 1.144E-05 7.111E-06 4.534E-06 2.972E-06 1.238E-06 7.295E-07 9.498E-07 8.011E-07 7.067E-07 5.171E-07 3.874E-07 2.317E-07 1.544E-07 9.522E-08 4.981E-08 7.323E-08 5.999E-08 3.501E-08 1.988E-08 1.449E-08 1.421E-08 2.196E-08 1.964E-08 1.478E-08 1.093E-08 8.544E-09 7.148E-09 4.202E-09 3.024E-09 2.327E-09 2.722E-09 3.068E-09 3.430E-09 3.307E-09 3.357E-09 3.186E-09 3.142E-09 2.759E-09 2.503E-09 2.047E-09 1.599E-09 1.305E-09 8.790E-10 5.765E-10 4.273E-10 2.316E-10 1.421E-10
  5.000E-01  2.432E-04 1.847E-04 1.452E-04 1.166E-04 9.588E-05 7.985E-05 6.724E-05 5.731E-05 4.911E-05 4.247E-05 3.693E-05 3.224E-05 2.496E-05 1.968E-05 1.144E-05 7.109E-06 4.533E-06 2.971E-06 1.238E-06 7.295E-07 9.498E-07 8.010E-07 7.067E-07 5.170E-07 3.873E-07 2.317E-07 1.544E-07 9.521E-08 4.981E-08 7.322E-08 5.998E-08 3.501E-08 1.988E-08 1.449E-08 1.421E-08 2.196E-08 1.964E-08 1.478E-08 1.093E-08 8.543E-09 7.148E-09 4.201E-09 3.024E-09 2.326E-09 2.722E-09 3.068E-09 3.430E-09 3.307E-09 3.357E-09 3.186E-09 3.142E-09 2.758E-09 2.503E-09 2.047E-09 1.599E-09 1.305E-09 8.790E-10 5.765E-10 4.273E-10 2.316E-10 1.421E-10
  6.000E-01  2.419E-04 1.840E-04 1.449E-04 1.164E-04 9.572E-05 7.974E-05 6.716E-05 5.725E-05 4.907E-05 4.244E-05 3.691E-05 3.221E-05 2.495E-05 1.967E-05 1.143E-05 7.107E-06 4.532E-06 2.970E-06 1.238E-06 7.294E-07 9.496E-07 8.009E-07 7.066E-07 5.169E-07 3.873E-07 2.317E-07 1.544E-07 9.520E-08 4.981E-08 7.322E-08 5.998E-08 3.501E-08 1.988E-08 1.449E-08 1.421E-08 2.196E-08 1.964E-08 1.478E-08 1.093E-08 8.543E-09 7.148E-09 4.201E-09 3.024E-09 2.326E-09 2.722E-09 3.068E-09 3.430E-09 3.307E-09 3.357E-09 3.186E-09 3.142E-09 2.758E-09 2.503E-09 2.047E-09 1.599E-09 1.305E-09 8.790E-10 5.764E-10 4.273E-10 2.316E-10 1.421E-10
  7.000E-01  2.405E-04 1.833E-04 1.444E-04 1.161E-04 9.553E-05 7.962E-05 6.707E-05 5.718E-05 4.902E-05 4.240E-05 3.688E-05 3.219E-05 2.493E-05 1.966E-05 1.143E-05 7.104E-06 4.531E-06 2.970E-06 1.238E-06 7.292E-07 9.495E-07 8.008E-07 7.065E-07 5.169E-07 3.872E-07 2.316E-07 1.544E-07 9.519E-08 4.980E-08 7.321E-08 5.997E-08 3.500E-08 1.988E-08 1.449E-08 1.421E-08 2.196E-08 1.964E-08 1.478E-08 1.092E-08 8.542E-09 7.147E-09 4.201E-09 3.024E-09 2.326E-09 2.722E-09 3.067E-09 3.430E-09 3.307E-09 3.356E-09 3.186E-09 3.142E-09 2.758E-09 2.502E-09 2.047E-09 1.599E-09 1.305E-09 8.790E-10 5.764E-10 4.273E-10 2.316E-10 1.421E-10
  8.000E-01  2.388E-04 1.824E-04 1.439E-04 1.158E-04 9.532E-05 7.947E-05 6.697E-05 5.711E-05 4.896E-05 4.235E-05 3.684E-05 3.216E-05 2.491E-05 1.965E-05 1.142E-05 7.101E-06 4.529E-06 2.969E-06 1.237E-06 7.291E-07 9.494E-07 8.006E-07 7.064E-07 5.168E-07 3.872E-07 2.316E-07 1.543E-07 9.518E-08 4.979E-08 7.320E-08 5.997E-08 3.500E-08 1.988E-08 1.449E-08 1.420E-08 2.196E-08 1.964E-08 1.477E-08 1.092E-08 8.542E-09 7.147E-09 4.201E-09 3.024E-09 2.326E-09 2.722E-09 3.067E-09 3.430E-09 3.307E-09 3.356E-09 3.186E-09 3.142E-09 2.758E-09 2.502E-09 2.047E-09 1.599E-09 1.305E-09 8.789E-10 5.764E-10 4.273E-10 2.316E-10 1.421E-10
  9.000E-01  2.371E-04 1.814E-04 1.434E-04 1.154E-04 9.509E-05 7.931E-05 6.686E-05 5.702E-05 4.889E-05 4.230E-05 3.680E-05 3.213E-05 2.489E-05 1.963E-05 1.142E-05 7.098E-06 4.527E-06 2.967E-06 1.237E-06 7.290E-07 9.492E-07 8.005E-07 7.062E-07 5.167E-07 3.871E-07 2.316E-07 1.543E-07 9.517E-08 4.979E-08 7.320E-08 5.996E-08 3.500E-08 1.987E-08 1.448E-08 1.420E-08 2.195E-08 1.964E-08 1.477E-08 1.092E-08 8.541E-09 7.146E-09 4.200E-09 3.023E-09 2.326E-09 2.722E-09 3.067E-09 3.429E-09 3.307E-09 3.356E-09 3.185E-09 3.142E-09 2.758E-09 2.502E-09 2.047E-09 1.599E-09 1.305E-09 8.789E-10 5.764E-10 4.273E-10 2.315E-10 1.421E-10
  1.000E+00  2.352E-04 1.804E-04 1.428E-04 1.151E-04 9.484E-05 7.913E-05 6.673E-05 5.693E-05 4.882E-05 4.225E-05 3.676E-05 3.210E-05 2.487E-05 1.962E-05 1.141E-05 7.094E-06 4.525E-06 2.966E-06 1.236E-06 7.288E-07 9.490E-07 8.003E-07 7.061E-07 5.166E-07 3.870E-07 2.315E-07 1.543E-07 9.515E-08 4.978E-08 7.319E-08 5.995E-08 3.499E-08 1.987E-08 1.448E-08 1.420E-08 2.195E-08 1.963E-08 1.477E-08 1.092E-08 8.540E-09 7.145E-09 4.200E-09 3.023E-09 2.326E-09 2.722E-09 3.067E-09 3.429E-09 3.307E-09 3.356E-09 3.185E-09 3.142E-09 2.758E-09 2.502E-09 2.047E-09 1.599E-09 1.305E-09 8.789E-10 5.764E-10 4.273E-10 2.315E-10 1.421E-10
  1.100E+00  2.333E-04 1.793E-04 1.421E-04 1.147E-04 9.456E-05 7.894E-05 6.659E-05 5.683E-05 4.875E-05 4.219E-05 3.671E-05 3.206E-05 2.485E-05 1.960E-05 1.140E-05 7.090E-06 4.523E-06 2.965E-06 1.236E-06 7.286E-07 9.488E-07 8.002E-07 7.059E-07 5.165E-07 3.870E-07 2.315E-07 1.543E-07 9.513E-08 4.977E-08 7.318E-08 5.994E-08 3.499E-08 1.987E-08 1.448E-08 1.420E-08 2.195E-08 1.963E-08 1.477E-08 1.092E-08 8.539E-09 7.145E-09 4.200E-09 3.023E-09 2.326E-09 2.721E-09 3.067E-09 3.429E-09 3.306E-09 3.356E-09 3.185E-09 3.142E-09 2.758E-09 2.502E-09 2.047E-09 1.598E-09 1.305E-09 8.788E-10 5.763E-10 4.273E-10 2.315E-10 1.421E-10
  1.200E+00  2.312E-04 1.782E-04 1.414E-04 1.142E-04 9.427E-05 7.874E-05 6.644E-05 5.672E-05 4.866E-05 4.212E-05 3.666E-05 3.202E-05 2.482E-05 1.958E-05 1.139E-05 7.086E-06 4.520E-06 2.963E-06 1.235E-06 7.284E-07 9.486E-07 8.000E-07 7.057E-07 5.163E-07 3.869E-07 2.314E-07 1.542E-07 9.512E-08 4.977E-08 7.317E-08 5.993E-08 3.498E-08 1.987E-08 1.448E-08 1.420E-08 2.195E-08 1.963E-08 1.477E-08 1.092E-08 8.538E-09 7.144E-09 4.199E-09 3.023E-09 2.325E-09 2.721E-09 3.066E-09 3.429E-09 3.306E-09 3.356E-09 3.185E-09 3.141E-09 2.758E-09 2.502E-09 2.047E-09 1.598E-09 1.305E-09 8.788E-10 5.763E-10 4.272E-10 2.315E-10 1.421E-10
  1.300E+00  2.291E-04 1.770E-04 1.407E-04 1.138E-04 9.395E-05 7.852E-05 6.628E-05 5.660E-05 4.857E-05 4.205E-05 3.660E-05 3.197E-05 2.479E-05 1.956E-05 1.138E-05 7.081E-06 4.518E-06 2.962E-06 1.235E-06 7.282E-07 9.483E-07 7.997E-07 7.056E-07 5.162E-07 3.868E-07 2.314E-07 1.542E-07 9.510E-08 4.976E-08 7.315E-08 5.992E-08 3.498E-08 1.986E-08 1.448E-08 1.420E-08 2.194E-08 1.963E-08 1.477E-08 1.092E-08 8.537E-09 7.143E-09 4.199E-09 3.022E-09 2.325E-09 2.721E-09 3.066E-09 3.429E-09 3.306E-09 3.355E-09 3.185E-09 3.141E-09 2.758E-09 2.502E-09 2.046E-09 1.598E-09 1.305E-09 8.787E-10 5.763E-10 4.272E-10 2.315E-10 1.421E-10
  1.400E+00  2.269E-04 1.758E-04 1.400E-04 1.133E-04 9.362E-05 7.828E-05 6.611E-05 5.647E-05 4.847E-05 4.198E-05 3.654E-05 3.193E-05 2.476E-05 1.954E-05 1.137E-05 7.076E-06 4.515E-06 2.960E-06 1.234E-06 7.279E-07 9.481E-07 7.995E-07 7.054E-07 5.161E-07 3.867E-07 2.313E-07 1.542E-07 9.507E-08 4.975E-08 7.314E-08 5.991E-08 3.497E-08 1.986E-08 1.447E-08 1.419E-08 2.194E-08 1.963E-08 1.477E-08 1.092E-08 8.536E-09 7.142E-09 4.198E-09 3.022E-09 2.325E-09 2.721E-09 3.066E-09 3.428E-09 3.306E-09 3.355E-09 3.185E-09 3.141E-09 2.757E-09 2.502E-09 2.046E-09 1.598E-09 1.305E-09 8.787E-10 5.763E-10 4.272E-10 2.315E-10 1.420E-10
  1.500E+00  2.247E-04 1.745E-04 1.392E-04 1.128E-04 9.328E-05 7.804E-05 6.594E-05 5.634E-05 4.837E-05 4.190E-05 3.648E-05 3.187E-05 2.472E-05 1.951E-05 1.136E-05 7.070E-06 4.511E-06 2.958E-06 1.233E-06 7.277E-07 9.478E-07 7.993E-07 7.051E-07 5.159E-07 3.865E-07 2.312E-07 1.541E-07 9.505E-08 4.974E-08 7.313E-08 5.990E-08 3.497E-08 1.986E-08 1.447E-08 1.419E-08 2.194E-08 1.962E-08 1.476E-08 1.092E-08 8.535E-09 7.141E-09 4.198E-09 3.022E-09 2.325E-09 2.720E-09 3.066E-09 3.428E-09 3.305E-09 3.355E-09 3.184E-09 3.141E-09 2.757E-09 2.501E-09 2.046E-09 1.598E-09 1.305E-09 8.786E-10 5.762E-10 4.272E-10 2.315E-10 1.420E-10
  1.600E+00  2.224E-04 1.732E-04 1.384E-04 1.122E-04 9.291E-05 7.778E-05 6.575E-05 5.620E-05 4.827E-05 4.181E-05 3.642E-05 3.182E-05 2.469E-05 1.949E-05 1.135E-05 7.064E-06 4.508E-06 2.956E-06 1.232E-06 7.274E-07 9.475E-07 7.990E-07 7.049E-07 5.157E-07 3.864E-07 2.312E-07 1.541E-07 9.502E-08 4.972E-08 7.311E-08 5.989E-08 3.496E-08 1.985E-08 1.447E-08 1.419E-08 2.194E-08 1.962E-08 1.476E-08 1.091E-08 8.534E-09 7.140E-09 4.197E-09 3.021E-09 2.324E-09 2.720E-09 3.065E-09 3.428E-09 3.305E-09 3.355E-09 3.184E-09 3.141E-09 2.757E-09 2.501E-09 2.046E-09 1.598E-09 1.305E-09 8.786E-10 5.762E-10 4.271E-10 2.315E-10 1.420E-10
  1.700E+00  2.201E-04 1.718E-04 1.376E-04 1.117E-04 9.254E-05 7.752E-05 6.556E-05 5.605E-05 4.815E-05 4.173E-05 3.634E-05 3.176E-05 2.465E-05 1.946E-05 1.134E-05 7.058E-06 4.505E-06 2.954E-06 1.232E-06 7.271E-07 9.471E-07 7.987E-07 7.046E-07 5.155E-07 3.863E-07 2.311E-07 1.540E-07 9.500E-08 4.971E-08 7.310E-08 5.988E-08 3.495E-08 1.985E-08 1.447E-08 1.419E-08 2.193E-08 1.962E-08 1.476E-08 1.091E-08 8.533E-09 7.139E-09 4.196E-09 3.021E-09 2.324E-09 2.720E-09 3.065E-09 3.427E-09 3.305E-09 3.354E-09 3.184E-09 3.140E-09 2.757E-09 2.501E-09 2.046E-09 1.598E-09 1.305E-09 8.785E-10 5.762E-10 4.271E-10 2.315E-10 1.420E-10
  1.800E+00  2.178E-04 1.705E-04 1.367E-04 1.111E-04 9.215E-05 7.724E-05 6.535E-05 5.590E-05 4.804E-05 4.163E-05 3.627E-05 3.171E-05 2.461E-05 1.943E-05 1.133E-05 7.051E-06 4.501E-06 2.952E-06 1.231E-06 7.268E-07 9.468E-07 7.984E-07 7.044E-07 5.154E-07 3.861E-07 2.310E-07 1.540E-07 9.497E-08 4.970E-08 7.308E-08 5.986E-08 3.494E-08 1.984E-08 1.446E-08 1.418E-08 2.193E-08 1.961E-08 1.476E-08 1.091E-08 8.531E-09 7.138E-09 4.196E-09 3.020E-09 2.324E-09 2.720E-09 3.065E-09 3.427E-09 3.305E-09 3.354E-09 3.184E-09 3.140E-09 2.757E-09 2.501E-09 2.046E-09 1.598E-09 1.305E-09 8.785E-10 5.761E-10 4.271E-10 2.314E-10 1.420E-10
  1.900E+00  2.154E-04 1.691E-04 1.358E-04 1.106E-04 9.175E-05 7.695E-05 6.514E-05 5.574E-05 4.791E-05 4.154E-05 3.619E-05 3.164E-05 2.457E-05 1.940E-05 1.131E-05 7.044E-06 4.497E-06 2.950E-06 1.230E-06 7.265E-07 9.464E-07 7.981E-07 7.041E-07 5.151E-07 3.860E-07 2.309E-07 1.539E-07 9.494E-08 4.969E-08 7.306E-08 5.985E-08 3.494E-08 1.984E-08 1.446E-08 1.418E-08 2.192E-08 1.961E-08 1.475E-08 1.091E-08 8.530E-09 7.137E-09 4.195E-09 3.020E-09 2.323E-09 2.719E-09 3.064E-09 3.427E-09 3.304E-09 3.354E-09 3.183E-09 3.140E-09 2.756E-09 2.501E-09 2.046E-09 1.598E-09 1.304E-09 8.784E-10 5.761E-10 4.271E-10 2.314E-10 1.420E-10
  2.000E+00  2.131E-04 1.677E-04 1.349E-04 1.100E-04 9.134E-05 7.666E-05 6.492E-05 5.558E-05 4.779E-05 4.144E-05 3.611E-05 3.158E-05 2.453E-05 1.937E-05 1.130E-05 7.037E-06 4.493E-06 2.947E-06 1.229E-06 7.261E-07 9.460E-07 7.978E-07 7.038E-07 5.149E-07 3.858E-07 2.308E-07 1.539E-07 9.491E-08 4.967E-08 7.304E-08 5.983E-08 3.493E-08 1.984E-08 1.446E-08 1.418E-08 2.192E-08 1.961E-08 1.475E-08 1.091E-08 8.528E-09 7.135E-09 4.194E-09 3.019E-09 2.323E-09 2.719E-09 3.064E-09 3.426E-09 3.304E-09 3.353E-09 3.183E-09 3.139E-09 2.756E-09 2.500E-09 2.045E-09 1.597E-09 1.304E-09 8.783E-10 5.760E-10 4.270E-10 2.314E-10 1.420E-10
  3.000E+00  1.895E-04 1.531E-04 1.255E-04 1.036E-04 8.677E-05 7.333E-05 6.244E-05 5.367E-05 4.630E-05 4.026E-05 3.517E-05 3.081E-05 2.400E-05 1.900E-05 1.112E-05 6.946E-06 4.441E-06 2.916E-06 1.217E-06 7.218E-07 9.412E-07 7.936E-07 7.001E-07 5.122E-07 3.838E-07 2.297E-07 1.532E-07 9.451E-08 4.949E-08 7.281E-08 5.963E-08 3.482E-08 1.978E-08 1.441E-08 1.414E-08 2.187E-08 1.956E-08 1.472E-08 1.088E-08 8.508E-09 7.118E-09 4.185E-09 3.013E-09 2.318E-09 2.714E-09 3.059E-09 3.421E-09 3.299E-09 3.349E-09 3.179E-09 3.136E-09 2.753E-09 2.498E-09 2.043E-09 1.596E-09 1.303E-09 8.774E-10 5.755E-10 4.266E-10 2.312E-10 1.419E-10
  4.000E+00  1.677E-04 1.389E-04 1.158E-04 9.674E-05 8.177E-05 6.958E-05 5.957E-05 5.142E-05 4.453E-05 3.884E-05 3.400E-05 2.986E-05 2.334E-05 1.853E-05 1.090E-05 6.826E-06 4.372E-06 2.875E-06 1.201E-06 7.159E-07 9.345E-07 7.878E-07 6.949E-07 5.085E-07 3.811E-07 2.282E-07 1.523E-07 9.395E-08 4.924E-08 7.248E-08 5.936E-08 3.466E-08 1.969E-08 1.435E-08 1.409E-08 2.179E-08 1.950E-08 1.467E-08 1.084E-08 8.479E-09 7.095E-09 4.172E-09 3.004E-09 2.312E-09 2.708E-09 3.053E-09 3.415E-09 3.293E-09 3.343E-09 3.173E-09 3.130E-09 2.748E-09 2.494E-09 2.040E-09 1.593E-09 1.301E-09 8.762E-10 5.747E-10 4.260E-10 2.309E-10 1.417E-10
  5.000E+00  1.484E-04 1.258E-04 1.064E-04 8.997E-05 7.667E-05 6.568E-05 5.654E-05 4.900E-05 4.259E-05 3.727E-05 3.271E-05 2.878E-05 2.259E-05 1.798E-05 1.063E-05 6.682E-06 4.288E-06 2.824E-06 1.182E-06 7.085E-07 9.262E-07 7.806E-07 6.885E-07 5.038E-07 3.777E-07 2.263E-07 1.511E-07 9.325E-08 4.892E-08 7.206E-08 5.901E-08 3.447E-08 1.959E-08 1.428E-08 1.402E-08 2.170E-08 1.942E-08 1.461E-08 1.080E-08 8.443E-09 7.065E-09 4.155E-09 2.993E-09 2.304E-09 2.700E-09 3.044E-09 3.406E-09 3.285E-09 3.335E-09 3.166E-09 3.124E-09 2.743E-09 2.488E-09 2.036E-09 1.590E-09 1.298E-09 8.746E-10 5.737E-10 4.253E-10 2.305E-10 1.415E-10
  6.000E+00  1.316E-04 1.140E-04 9.764E-05 8.347E-05 7.166E-05 6.178E-05 5.345E-05 4.650E-05 4.057E-05 3.561E-05 3.132E-05 2.762E-05 2.176E-05 1.738E-05 1.033E-05 6.517E-06 4.192E-06 2.765E-06 1.159E-06 6.999E-07 9.163E-07 7.720E-07 6.808E-07 4.982E-07 3.736E-07 2.240E-07 1.497E-07 9.241E-08 4.854E-08 7.156E-08 5.859E-08 3.424E-08 1.946E-08 1.419E-08 1.393E-08 2.158E-08 1.932E-08 1.453E-08 1.074E-08 8.400E-09 7.029E-09 4.135E-09 2.979E-09 2.294E-09 2.691E-09 3.034E-09 3.396E-09 3.276E-09 3.325E-09 3.158E-09 3.116E-09 2.735E-09 2.482E-09 2.031E-09 1.586E-09 1.295E-09 8.726E-10 5.724E-10 4.244E-10 2.301E-10 1.412E-10
  8.000E+00  1.048E-04 9.397E-05 8.221E-05 7.158E-05 6.228E-05 5.427E-05 4.738E-05 4.151E-05 3.647E-05 3.219E-05 2.845E-05 2.519E-05 2.000E-05 1.607E-05 9.655E-06 6.141E-06 3.970E-06 2.629E-06 1.105E-06 6.793E-07 8.924E-07 7.512E-07 6.623E-07 4.846E-07 3.636E-07 2.185E-07 1.462E-07 9.037E-08 4.761E-08 7.033E-08 5.756E-08 3.366E-08 1.915E-08 1.397E-08 1.373E-08 2.130E-08 1.907E-08 1.435E-08 1.060E-08 8.292E-09 6.940E-09 4.085E-09 2.945E-09 2.270E-09 2.666E-09 3.008E-09 3.369E-09 3.251E-09 3.301E-09 3.136E-09 3.095E-09 2.718E-09 2.466E-09 2.018E-09 1.577E-09 1.288E-09 8.677E-10 5.693E-10 4.221E-10 2.289E-10 1.405E-10
  1.000E+01  8.489E-05 7.799E-05 6.943E-05 6.128E-05 5.390E-05 4.739E-05 4.169E-05 3.677E-05 3.249E-05 2.883E-05 2.560E-05 2.275E-05 1.819E-05 1.470E-05 8.931E-06 5.729E-06 3.723E-06 2.475E-06 1.044E-06 6.552E-07 8.639E-07 7.264E-07 6.402E-07 4.685E-07 3.517E-07 2.118E-07 1.421E-07 8.790E-08 4.648E-08 6.882E-08 5.630E-08 3.296E-08 1.877E-08 1.369E-08 1.348E-08 2.095E-08 1.877E-08 1.412E-08 1.043E-08 8.159E-09 6.830E-09 4.023E-09 2.902E-09 2.240E-09 2.636E-09 2.976E-09 3.336E-09 3.221E-09 3.270E-09 3.109E-09 3.069E-09 2.695E-09 2.446E-09 2.002E-09 1.565E-09 1.278E-09 8.614E-10 5.653E-10 4.192E-10 2.274E-10 1.396E-10
  1.200E+01  6.970E-05 6.517E-05 5.883E-05 5.245E-05 4.656E-05 4.124E-05 3.651E-05 3.239E-05 2.877E-05 2.565E-05 2.286E-05 2.039E-05 1.641E-05 1.334E-05 8.191E-06 5.299E-06 3.462E-06 2.312E-06 9.793E-07 6.287E-07 8.320E-07 6.985E-07 6.154E-07 4.503E-07 3.383E-07 2.043E-07 1.374E-07 8.508E-08 4.519E-08 6.708E-08 5.484E-08 3.215E-08 1.833E-08 1.338E-08 1.318E-08 2.053E-08 1.841E-08 1.385E-08 1.023E-08 8.002E-09 6.700E-09 3.950E-09 2.853E-09 2.204E-09 2.600E-09 2.937E-09 3.296E-09 3.184E-09 3.233E-09 3.076E-09 3.037E-09 2.668E-09 2.422E-09 1.983E-09 1.550E-09 1.266E-09 8.537E-10 5.605E-10 4.158E-10 2.256E-10 1.385E-10
  1.400E+01  5.785E-05 5.480E-05 4.999E-05 4.491E-05 4.017E-05 3.580E-05 3.187E-05 2.842E-05 2.535E-05 2.270E-05 2.031E-05 1.817E-05 1.472E-05 1.202E-05 7.463E-06 4.869E-06 3.198E-06 2.145E-06 9.125E-07 6.004E-07 7.976E-07 6.684E-07 5.885E-07 4.306E-07 3.239E-07 1.961E-07 1.322E-07 8.201E-08 4.377E-08 6.514E-08 5.322E-08 3.125E-08 1.784E-08 1.302E-08 1.286E-08 2.007E-08 1.801E-08 1.354E-08 9.999E-09 7.826E-09 6.554E-09 3.868E-09 2.796E-09 2.164E-09 2.559E-09 2.893E-09 3.250E-09 3.141E-09 3.191E-09 3.038E-09 3.000E-09 2.637E-09 2.393E-09 1.961E-09 1.533E-09 1.253E-09 8.449E-10 5.549E-10 4.117E-10 2.235E-10 1.373E-10
  1.600E+01  4.842E-05 4.634E-05 4.256E-05 3.850E-05 3.463E-05 3.104E-05 2.775E-05 2.486E-05 2.227E-05 2.001E-05 1.797E-05 1.613E-05 1.314E-05 1.079E-05 6.763E-06 4.450E-06 2.939E-06 1.980E-06 8.459E-07 5.713E-07 7.615E-07 6.369E-07 5.604E-07 4.101E-07 3.087E-07 1.875E-07 1.267E-07 7.876E-08 4.225E-08 6.306E-08 5.148E-08 3.027E-08 1.731E-08 1.264E-08 1.250E-08 1.956E-08 1.757E-08 1.321E-08 9.750E-09 7.633E-09 6.395E-09 3.778E-09 2.734E-09 2.119E-09 2.513E-09 2.844E-09 3.198E-09 3.094E-09 3.143E-09 2.994E-09 2.959E-09 2.601E-09 2.361E-09 1.935E-09 1.514E-09 1.237E-09 8.348E-10 5.485E-10 4.070E-10 2.211E-10 1.359E-10
  1.800E+01  4.078E-05 3.934E-05 3.630E-05 3.303E-05 2.986E-05 2.688E-05 2.413E-05 2.170E-05 1.951E-05 1.760E-05 1.585E-05 1.426E-05 1.168E-05 9.638E-06 6.103E-06 4.049E-06 2.688E-06 1.819E-06 7.811E-07 5.417E-07 7.245E-07 6.045E-07 5.316E-07 3.890E-07 2.931E-07 1.786E-07 1.211E-07 7.538E-08 4.067E-08 6.086E-08 4.965E-08 2.924E-08 1.675E-08 1.224E-08 1.212E-08 1.901E-08 1.709E-08 1.285E-08 9.484E-09 7.427E-09 6.224E-09 3.681E-09 2.668E-09 2.071E-09 2.463E-09 2.789E-09 3.142E-09 3.041E-09 3.090E-09 2.947E-09 2.913E-09 2.562E-09 2.326E-09 1.907E-09 1.492E-09 1.220E-09 8.236E-10 5.414E-10 4.019E-10 2.184E-10 1.343E-10
  2.000E+01  3.454E-05 3.350E-05 3.102E-05 2.836E-05 2.574E-05 2.326E-05 2.096E-05 1.891E-05 1.706E-05 1.544E-05 1.394E-05 1.258E-05 1.036E-05 8.587E-06 5.489E-06 3.672E-06 2.451E-06 1.666E-06 7.189E-07 5.123E-07 6.871E-07 5.719E-07 5.026E-07 3.678E-07 2.775E-07 1.696E-07 1.154E-07 7.195E-08 3.904E-08 5.858E-08 4.775E-08 2.817E-08 1.616E-08 1.182E-08 1.173E-08 1.843E-08 1.659E-08 1.248E-08 9.203E-09 7.210E-09 6.044E-09 3.580E-09 2.597E-09 2.020E-09 2.409E-09 2.731E-09 3.081E-09 2.984E-09 3.033E-09 2.895E-09 2.864E-09 2.519E-09 2.288E-09 1.877E-09 1.469E-09 1.201E-09 8.114E-10 5.336E-10 3.962E-10 2.154E-10 1.325E-10
  2.200E+01  2.942E-05 2.859E-05 2.657E-05 2.436E-05 2.219E-05 2.012E-05 1.819E-05 1.646E-05 1.490E-05 1.352E-05 1.225E-05 1.108E-05 9.166E-06 7.633E-06 4.925E-06 3.321E-06 2.228E-06 1.522E-06 6.601E-07 4.832E-07 6.499E-07 5.396E-07 4.738E-07 3.468E-07 2.619E-07 1.606E-07 1.096E-07 6.849E-08 3.739E-08 5.624E-08 4.582E-08 2.708E-08 1.556E-08 1.139E-08 1.132E-08 1.783E-08 1.607E-08 1.209E-08 8.911E-09 6.984E-09 5.857E-09 3.473E-09 2.524E-09 1.966E-09 2.352E-09 2.669E-09 3.015E-09 2.923E-09 2.972E-09 2.840E-09 2.810E-09 2.473E-09 2.246E-09 1.844E-09 1.443E-09 1.181E-09 7.982E-10 5.252E-10 3.901E-10 2.122E-10 1.306E-10
  2.400E+01  2.517E-05 2.446E-05 2.279E-05 2.094E-05 1.914E-05 1.741E-05 1.578E-05 1.433E-05 1.300E-05 1.184E-05 1.075E-05 9.741E-06 8.100E-06 6.775E-06 4.410E-06 2.997E-06 2.022E-06 1.387E-06 6.049E-07 4.549E-07 6.132E-07 5.077E-07 4.456E-07 3.261E-07 2.466E-07 1.518E-07 1.039E-07 6.506E-08 3.574E-08 5.389E-08 4.386E-08 2.598E-08 1.496E-08 1.096E-08 1.091E-08 1.722E-08 1.553E-08 1.168E-08 8.612E-09 6.752E-09 5.665E-09 3.364E-09 2.448E-09 1.910E-09 2.292E-09 2.605E-09 2.947E-09 2.859E-09 2.907E-09 2.781E-09 2.754E-09 2.424E-09 2.202E-09 1.809E-09 1.417E-09 1.159E-09 7.841E-10 5.162E-10 3.836E-10 2.088E-10 1.286E-10
  2.600E+01  2.160E-05 2.098E-05 1.959E-05 1.802E-05 1.651E-05 1.506E-05 1.369E-05 1.247E-05 1.134E-05 1.036E-05 9.426E-06 8.562E-06 7.151E-06 6.007E-06 3.945E-06 2.701E-06 1.832E-06 1.262E-06 5.536E-07 4.274E-07 5.774E-07 4.768E-07 4.181E-07 3.061E-07 2.318E-07 1.432E-07 9.831E-08 6.168E-08 3.409E-08 5.153E-08 4.191E-08 2.487E-08 1.435E-08 1.052E-08 1.049E-08 1.660E-08 1.498E-08 1.127E-08 8.308E-09 6.516E-09 5.469E-09 3.253E-09 2.370E-09 1.853E-09 2.231E-09 2.537E-09 2.875E-09 2.792E-09 2.840E-09 2.720E-09 2.694E-09 2.372E-09 2.156E-09 1.772E-09 1.388E-09 1.137E-09 7.692E-10 5.067E-10 3.766E-10 2.052E-10 1.264E-10
  2.800E+01  1.858E-05 1.804E-05 1.685E-05 1.553E-05 1.427E-05 1.305E-05 1.189E-05 1.085E-05 9.896E-06 9.059E-06 8.265E-06 7.523E-06 6.312E-06 5.323E-06 3.525E-06 2.432E-06 1.658E-06 1.148E-06 5.062E-07 4.010E-07 5.427E-07 4.469E-07 3.916E-07 2.868E-07 2.174E-07 1.348E-07 9.285E-08 5.838E-08 3.246E-08 4.918E-08 3.997E-08 2.377E-08 1.374E-08 1.008E-08 1.007E-08 1.597E-08 1.443E-08 1.086E-08 8.001E-09 6.278E-09 5.271E-09 3.140E-09 2.291E-09 1.794E-09 2.167E-09 2.468E-09 2.801E-09 2.722E-09 2.770E-09 2.656E-09 2.632E-09 2.319E-09 2.108E-09 1.733E-09 1.358E-09 1.113E-09 7.535E-10 4.967E-10 3.694E-10 2.014E-10 1.242E-10
  3.000E+01  1.602E-05 1.555E-05 1.452E-05 1.341E-05 1.234E-05 1.131E-05 1.033E-05 9.450E-06 8.639E-06 7.929E-06 7.250E-06 6.612E-06 5.571E-06 4.716E-06 3.149E-06 2.188E-06 1.499E-06 1.042E-06 4.625E-07 3.758E-07 5.093E-07 4.182E-07 3.662E-07 2.682E-07 2.036E-07 1.267E-07 8.756E-08 5.518E-08 3.087E-08 4.687E-08 3.806E-08 2.268E-08 1.314E-08 9.650E-09 9.653E-09 1.534E-08 1.388E-08 1.044E-08 7.693E-09 6.040E-09 5.073E-09 3.027E-09 2.211E-09 1.735E-09 2.103E-09 2.397E-09 2.725E-09 2.651E-09 2.698E-09 2.589E-09 2.568E-09 2.263E-09 2.057E-09 1.693E-09 1.328E-09 1.088E-09 7.373E-10 4.863E-10 3.618E-10 1.974E-10 1.218E-10
  3.200E+01  1.385E-05 1.342E-05 1.253E-05 1.160E-05 1.069E-05 9.820E-06 8.985E-06 8.239E-06 7.549E-06 6.944E-06 6.363E-06 5.814E-06 4.918E-06 4.179E-06 2.813E-06 1.969E-06 1.355E-06 9.464E-07 4.224E-07 3.517E-07 4.772E-07 3.908E-07 3.420E-07 2.506E-07 1.905E-07 1.190E-07 8.247E-08 5.208E-08 2.932E-08 4.460E-08 3.619E-08 2.161E-08 1.254E-08 9.223E-09 9.240E-09 1.471E-08 1.332E-08 1.003E-08 7.387E-09 5.802E-09 4.876E-09 2.913E-09 2.132E-09 1.676E-09 2.037E-09 2.325E-09 2.647E-09 2.578E-09 2.624E-09 2.522E-09 2.502E-09 2.206E-09 2.006E-09 1.652E-09 1.296E-09 1.062E-09 7.204E-10 4.755E-10 3.539E-10 1.933E-10 1.193E-10
  3.400E+01  1.202E-05 1.161E-05 1.085E-05 1.004E-05 9.278E-06 8.536E-06 7.825E-06 7.192E-06 6.603E-06 6.088E-06 5.589E-06 5.116E-06 4.344E-06 3.705E-06 2.513E-06 1.771E-06 1.225E-06 8.591E-07 3.857E-07 3.288E-07 4.466E-07 3.647E-07 3.190E-07 2.339E-07 1.780E-07 1.116E-07 7.758E-08 4.911E-08 2.781E-08 4.238E-08 3.437E-08 2.057E-08 1.196E-08 8.804E-09 8.834E-09 1.409E-08 1.277E-08 9.619E-09 7.084E-09 5.567E-09 4.680E-09 2.801E-09 2.052E-09 1.616E-09 1.971E-09 2.252E-09 2.568E-09 2.503E-09 2.549E-09 2.452E-09 2.435E-09 2.148E-09 1.953E-09 1.609E-09 1.263E-09 1.036E-09 7.032E-10 4.645E-10 3.458E-10 1.891E-10 1.168E-10
  3.600E+01  1.046E-05 1.006E-05 9.417E-06 8.715E-06 8.064E-06 7.431E-06 6.825E-06 6.287E-06 5.782E-06 5.343E-06 4.915E-06 4.506E-06 3.841E-06 3.287E-06 2.246E-06 1.593E-06 1.107E-06 7.798E-07 3.521E-07 3.072E-07 4.176E-07 3.401E-07 2.973E-07 2.181E-07 1.662E-07 1.045E-07 7.291E-08 4.626E-08 2.635E-08 4.023E-08 3.260E-08 1.955E-08 1.140E-08 8.394E-09 8.436E-09 1.348E-08 1.223E-08 9.214E-09 6.785E-09 5.335E-09 4.487E-09 2.689E-09 1.973E-09 1.557E-09 1.905E-09 2.179E-09 2.489E-09 2.428E-09 2.473E-09 2.382E-09 2.367E-09 2.088E-09 1.900E-09 1.566E-09 1.230E-09 1.009E-09 6.855E-10 4.531E-10 3.375E-10 1.847E-10 1.142E-10
  3.800E+01  9.119E-06 8.748E-06 8.185E-06 7.579E-06 7.022E-06 6.482E-06 5.963E-06 5.504E-06 5.071E-06 4.695E-06 4.327E-06 3.974E-06 3.399E-06 2.919E-06 2.008E-06 1.434E-06 1.001E-06 7.079E-07 3.215E-07 2.869E-07 3.901E-07 3.169E-07 2.769E-07 2.032E-07 1.551E-07 9.787E-08 6.847E-08 4.353E-08 2.494E-08 3.815E-08 3.090E-08 1.857E-08 1.085E-08 7.996E-09 8.048E-09 1.288E-08 1.170E-08 8.816E-09 6.491E-09 5.107E-09 4.297E-09 2.580E-09 1.895E-09 1.498E-09 1.839E-09 2.106E-09 2.410E-09 2.353E-09 2.397E-09 2.312E-09 2.298E-09 2.029E-09 1.846E-09 1.523E-09 1.197E-09 9.821E-10 6.676E-10 4.416E-10 3.291E-10 1.803E-10 1.115E-10
  4.000E+01  7.961E-06 7.630E-06 7.127E-06 6.608E-06 6.129E-06 5.667E-06 5.221E-06 4.826E-06 4.455E-06 4.133E-06 3.815E-06 3.509E-06 3.012E-06 2.594E-06 1.797E-06 1.291E-06 9.053E-07 6.428E-07 2.937E-07 2.677E-07 3.642E-07 2.950E-07 2.577E-07 1.892E-07 1.446E-07 9.157E-08 6.425E-08 4.094E-08 2.359E-08 3.614E-08 2.925E-08 1.762E-08 1.031E-08 7.610E-09 7.670E-09 1.229E-08 1.118E-08 8.427E-09 6.205E-09 4.884E-09 4.112E-09 2.472E-09 1.819E-09 1.440E-09 1.774E-09 2.033E-09 2.330E-09 2.278E-09 2.321E-09 2.241E-09 2.229E-09 1.968E-09 1.792E-09 1.479E-09 1.163E-09 9.547E-10 6.495E-10 4.300E-10 3.206E-10 1.758E-10 1.089E-10
  4.200E+01  6.969E-06 6.667E-06 6.222E-06 5.775E-06 5.362E-06 4.964E-06 4.580E-06 4.240E-06 3.921E-06 3.644E-06 3.369E-06 3.103E-06 2.672E-06 2.309E-06 1.610E-06 1.163E-06 8.193E-07 5.840E-07 2.683E-07 2.497E-07 3.397E-07 2.746E-07 2.397E-07 1.760E-07 1.347E-07 8.563E-08 6.026E-08 3.848E-08 2.230E-08 3.421E-08 2.767E-08 1.670E-08 9.798E-09 7.237E-09 7.304E-09 1.172E-08 1.067E-08 8.048E-09 5.925E-09 4.667E-09 3.931E-09 2.367E-09 1.744E-09 1.383E-09 1.709E-09 1.961E-09 2.251E-09 2.203E-09 2.245E-09 2.170E-09 2.160E-09 1.908E-09 1.737E-09 1.435E-09 1.129E-09 9.272E-10 6.313E-10 4.183E-10 3.120E-10 1.712E-10 1.061E-10
  4.400E+01  6.123E-06 5.837E-06 5.449E-06 5.057E-06 4.701E-06 4.356E-06 4.025E-06 3.733E-06 3.457E-06 3.218E-06 2.980E-06 2.749E-06 2.374E-06 2.057E-06 1.444E-06 1.049E-06 7.419E-07 5.308E-07 2.452E-07 2.329E-07 3.168E-07 2.554E-07 2.229E-07 1.638E-07 1.255E-07 8.004E-08 5.649E-08 3.615E-08 2.106E-08 3.236E-08 2.616E-08 1.583E-08 9.302E-09 6.877E-09 6.951E-09 1.117E-08 1.018E-08 7.680E-09 5.654E-09 4.456E-09 3.755E-09 2.265E-09 1.671E-09 1.328E-09 1.645E-09 1.890E-09 2.173E-09 2.128E-09 2.170E-09 2.100E-09 2.091E-09 1.848E-09 1.683E-09 1.391E-09 1.095E-09 8.997E-10 6.131E-10 4.065E-10 3.034E-10 1.667E-10 1.034E-10
  4.600E+01  5.397E-06 5.123E-06 4.785E-06 4.438E-06 4.131E-06 3.832E-06 3.545E-06 3.293E-06 3.054E-06 2.847E-06 2.641E-06 2.439E-06 2.113E-06 1.836E-06 1.296E-06 9.468E-07 6.723E-07 4.828E-07 2.243E-07 2.171E-07 2.953E-07 2.375E-07 2.072E-07 1.523E-07 1.169E-07 7.480E-08 5.293E-08 3.395E-08 1.989E-08 3.059E-08 2.472E-08 1.499E-08 8.827E-09 6.532E-09 6.610E-09 1.064E-08 9.706E-09 7.323E-09 5.392E-09 4.251E-09 3.584E-09 2.165E-09 1.600E-09 1.273E-09 1.583E-09 1.821E-09 2.097E-09 2.055E-09 2.096E-09 2.030E-09 2.023E-09 1.789E-09 1.629E-09 1.347E-09 1.061E-09 8.723E-10 5.950E-10 3.948E-10 2.948E-10 1.621E-10 1.007E-10
  4.800E+01  4.763E-06 4.513E-06 4.212E-06 3.906E-06 3.638E-06 3.379E-06 3.130E-06 2.911E-06 2.703E-06 2.524E-06 2.344E-06 2.168E-06 1.883E-06 1.640E-06 1.165E-06 8.554E-07 6.097E-07 4.394E-07 2.052E-07 2.025E-07 2.752E-07 2.208E-07 1.925E-07 1.417E-07 1.089E-07 6.988E-08 4.959E-08 3.188E-08 1.877E-08 2.891E-08 2.335E-08 1.418E-08 8.372E-09 6.201E-09 6.284E-09 1.012E-08 9.246E-09 6.979E-09 5.139E-09 4.054E-09 3.420E-09 2.069E-09 1.531E-09 1.221E-09 1.522E-09 1.752E-09 2.021E-09 1.983E-09 2.023E-09 1.962E-09 1.956E-09 1.730E-09 1.576E-09 1.304E-09 1.028E-09 8.452E-10 5.770E-10 3.832E-10 2.862E-10 1.576E-10 9.794E-11
  5.000E+01  4.212E-06 3.985E-06 3.714E-06 3.448E-06 3.214E-06 2.987E-06 2.770E-06 2.579E-06 2.398E-06 2.242E-06 2.085E-06 1.931E-06 1.681E-06 1.468E-06 1.048E-06 7.736E-07 5.535E-07 4.002E-07 1.879E-07 1.888E-07 2.564E-07 2.053E-07 1.790E-07 1.318E-07 1.014E-07 6.528E-08 4.645E-08 2.992E-08 1.771E-08 2.730E-08 2.204E-08 1.342E-08 7.938E-09 5.886E-09 5.971E-09 9.630E-09 8.803E-09 6.648E-09 4.896E-09 3.865E-09 3.261E-09 1.976E-09 1.464E-09 1.170E-09 1.463E-09 1.686E-09 1.948E-09 1.913E-09 1.952E-09 1.895E-09 1.890E-09 1.672E-09 1.524E-09 1.262E-09 9.945E-10 8.185E-10 5.592E-10 3.717E-10 2.778E-10 1.531E-10 9.524E-11
  5.200E+01  3.737E-06 3.524E-06 3.286E-06 3.051E-06 2.847E-06 2.646E-06 2.456E-06 2.290E-06 2.132E-06 1.996E-06 1.859E-06 1.722E-06 1.503E-06 1.316E-06 9.445E-07 7.004E-07 5.029E-07 3.649E-07 1.722E-07 1.760E-07 2.389E-07 1.909E-07 1.663E-07 1.226E-07 9.442E-08 6.099E-08 4.351E-08 2.809E-08 1.671E-08 2.578E-08 2.081E-08 1.269E-08 7.525E-09 5.585E-09 5.672E-09 9.157E-09 8.379E-09 6.331E-09 4.663E-09 3.683E-09 3.109E-09 1.887E-09 1.400E-09 1.120E-09 1.406E-09 1.622E-09 1.876E-09 1.844E-09 1.882E-09 1.829E-09 1.825E-09 1.616E-09 1.473E-09 1.220E-09 9.622E-10 7.922E-10 5.417E-10 3.604E-10 2.695E-10 1.487E-10 9.258E-11
  5.400E+01  3.328E-06 3.127E-06 2.917E-06 2.705E-06 2.527E-06 2.350E-06 2.183E-06 2.038E-06 1.900E-06 1.781E-06 1.660E-06 1.540E-06 1.347E-06 1.182E-06 8.523E-07 6.349E-07 4.574E-07 3.329E-07 1.579E-07 1.642E-07 2.226E-07 1.775E-07 1.546E-07 1.140E-07 8.795E-08 5.698E-08 4.075E-08 2.637E-08 1.577E-08 2.434E-08 1.964E-08 1.201E-08 7.132E-09 5.299E-09 5.388E-09 8.705E-09 7.973E-09 6.027E-09 4.440E-09 3.509E-09 2.964E-09 1.802E-09 1.339E-09 1.073E-09 1.350E-09 1.559E-09 1.807E-09 1.777E-09 1.814E-09 1.765E-09 1.762E-09 1.560E-09 1.423E-09 1.179E-09 9.305E-10 7.665E-10 5.246E-10 3.493E-10 2.613E-10 1.444E-10 8.997E-11
  5.600E+01  2.969E-06 2.786E-06 2.595E-06 2.406E-06 2.247E-06 2.094E-06 1.946E-06 1.818E-06 1.696E-06 1.592E-06 1.485E-06 1.379E-06 1.209E-06 1.063E-06 7.702E-07 5.762E-07 4.166E-07 3.041E-07 1.449E-07 1.532E-07 2.074E-07 1.651E-07 1.438E-07 1.061E-07 8.194E-08 5.325E-08 3.818E-08 2.476E-08 1.488E-08 2.299E-08 1.854E-08 1.136E-08 6.761E-09 5.027E-09 5.118E-09 8.275E-09 7.586E-09 5.738E-09 4.227E-09 3.343E-09 2.825E-09 1.721E-09 1.280E-09 1.028E-09 1.297E-09 1.499E-09 1.740E-09 1.713E-09 1.749E-09 1.703E-09 1.701E-09 1.507E-09 1.374E-09 1.140E-09 8.997E-10 7.414E-10 5.079E-10 3.384E-10 2.533E-10 1.401E-10 8.741E-11
  5.800E+01  2.654E-06 2.489E-06 2.313E-06 2.148E-06 2.005E-06 1.870E-06 1.739E-06 1.626E-06 1.518E-06 1.426E-06 1.332E-06 1.238E-06 1.088E-06 9.580E-07 6.971E-07 5.237E-07 3.798E-07 2.781E-07 1.331E-07 1.431E-07 1.933E-07 1.536E-07 1.338E-07 9.877E-08 7.638E-08 4.979E-08 3.579E-08 2.325E-08 1.404E-08 2.171E-08 1.750E-08 1.074E-08 6.409E-09 4.771E-09 4.862E-09 7.866E-09 7.217E-09 5.462E-09 4.025E-09 3.185E-09 2.693E-09 1.643E-09 1.224E-09 9.843E-10 1.246E-09 1.442E-09 1.675E-09 1.651E-09 1.686E-09 1.643E-09 1.642E-09 1.455E-09 1.327E-09 1.101E-09 8.698E-10 7.172E-10 4.917E-10 3.279E-10 2.456E-10 1.360E-10 8.493E-11
  6.000E+01  2.379E-06 2.227E-06 2.069E-06 1.921E-06 1.795E-06 1.674E-06 1.558E-06 1.457E-06 1.362E-06 1.281E-06 1.197E-06 1.114E-06 9.801E-07 8.649E-07 6.320E-07 4.766E-07 3.467E-07 2.546E-07 1.225E-07 1.337E-07 1.803E-07 1.430E-07 1.245E-07 9.200E-08 7.124E-08 4.657E-08 3.355E-08 2.185E-08 1.326E-08 2.050E-08 1.653E-08 1.017E-08 6.078E-09 4.529E-09 4.620E-09 7.479E-09 6.868E-09 5.201E-09 3.834E-09 3.036E-09 2.568E-09 1.569E-09 1.171E-09 9.431E-10 1.197E-09 1.387E-09 1.613E-09 1.591E-09 1.626E-09 1.585E-09 1.585E-09 1.405E-09 1.282E-09 1.064E-09 8.410E-10 6.937E-10 4.761E-10 3.177E-10 2.381E-10 1.320E-10 8.253E-11
  6.200E+01  2.141E-06 1.996E-06 1.858E-06 1.722E-06 1.611E-06 1.502E-06 1.398E-06 1.310E-06 1.225E-06 1.153E-06 1.079E-06 1.004E-06 8.850E-07 7.823E-07 5.739E-07 4.344E-07 3.170E-07 2.334E-07 1.128E-07 1.250E-07 1.682E-07 1.332E-07 1.159E-07 8.575E-08 6.648E-08 4.358E-08 3.148E-08 2.054E-08 1.253E-08 1.938E-08 1.561E-08 9.626E-09 5.767E-09 4.302E-09 4.392E-09 7.113E-09 6.538E-09 4.954E-09 3.653E-09 2.894E-09 2.450E-09 1.499E-09 1.120E-09 9.039E-10 1.151E-09 1.334E-09 1.554E-09 1.534E-09 1.568E-09 1.530E-09 1.530E-09 1.357E-09 1.238E-09 1.028E-09 8.133E-10 6.712E-10 4.610E-10 3.079E-10 2.309E-10 1.282E-10 8.022E-11
  6.400E+01  1.932E-06 1.796E-06 1.673E-06 1.549E-06 1.449E-06 1.351E-06 1.259E-06 1.181E-06 1.104E-06 1.040E-06 9.739E-07 9.070E-07 8.009E-07 7.091E-07 5.221E-07 3.966E-07 2.902E-07 2.142E-07 1.040E-07 1.170E-07 1.570E-07 1.241E-07 1.081E-07 7.998E-08 6.209E-08 4.082E-08 2.956E-08 1.933E-08 1.185E-08 1.832E-08 1.476E-08 9.119E-09 5.475E-09 4.088E-09 4.178E-09 6.769E-09 6.226E-09 4.722E-09 3.483E-09 2.761E-09 2.339E-09 1.434E-09 1.072E-09 8.670E-10 1.107E-09 1.284E-09 1.499E-09 1.480E-09 1.513E-09 1.478E-09 1.478E-09 1.311E-09 1.197E-09 9.944E-10 7.868E-10 6.496E-10 4.466E-10 2.986E-10 2.240E-10 1.245E-10 7.800E-11
  6.600E+01  1.747E-06 1.623E-06 1.509E-06 1.398E-06 1.307E-06 1.220E-06 1.137E-06 1.066E-06 9.982E-07 9.407E-07 8.813E-07 8.215E-07 7.264E-07 6.441E-07 4.758E-07 3.627E-07 2.661E-07 1.969E-07 9.603E-08 1.096E-07 1.467E-07 1.158E-07 1.008E-07 7.468E-08 5.805E-08 3.827E-08 2.778E-08 1.820E-08 1.121E-08 1.734E-08 1.396E-08 8.646E-09 5.203E-09 3.889E-09 3.978E-09 6.445E-09 5.934E-09 4.503E-09 3.323E-09 2.636E-09 2.234E-09 1.372E-09 1.028E-09 8.322E-10 1.066E-09 1.237E-09 1.446E-09 1.429E-09 1.461E-09 1.428E-09 1.429E-09 1.268E-09 1.157E-09 9.620E-10 7.616E-10 6.291E-10 4.329E-10 2.896E-10 2.174E-10 1.210E-10 7.590E-11
  6.800E+01  1.583E-06 1.472E-06 1.364E-06 1.265E-06 1.183E-06 1.104E-06 1.029E-06 9.654E-07 9.046E-07 8.530E-07 7.996E-07 7.457E-07 6.603E-07 5.862E-07 4.345E-07 3.322E-07 2.444E-07 1.814E-07 8.882E-08 1.028E-07 1.372E-07 1.081E-07 9.413E-08 6.980E-08 5.433E-08 3.592E-08 2.613E-08 1.716E-08 1.062E-08 1.642E-08 1.322E-08 8.205E-09 4.948E-09 3.703E-09 3.791E-09 6.142E-09 5.660E-09 4.298E-09 3.173E-09 2.519E-09 2.136E-09 1.314E-09 9.857E-10 7.996E-10 1.027E-09 1.193E-09 1.396E-09 1.380E-09 1.412E-09 1.381E-09 1.382E-09 1.227E-09 1.120E-09 9.314E-10 7.377E-10 6.096E-10 4.199E-10 2.812E-10 2.112E-10 1.177E-10 7.391E-11
  7.000E+01  1.440E-06 1.336E-06 1.239E-06 1.148E-06 1.074E-06 1.002E-06 9.344E-07 8.769E-07 8.219E-07 7.755E-07 7.273E-07 6.786E-07 6.016E-07 5.348E-07 3.976E-07 3.049E-07 2.249E-07 1.673E-07 8.229E-08 9.657E-08 1.285E-07 1.011E-07 8.801E-08 6.533E-08 5.091E-08 3.376E-08 2.461E-08 1.620E-08 1.008E-08 1.557E-08 1.253E-08 7.796E-09 4.712E-09 3.530E-09 3.617E-09 5.859E-09 5.404E-09 4.107E-09 3.033E-09 2.410E-09 2.045E-09 1.260E-09 9.466E-10 7.692E-10 9.904E-10 1.152E-09 1.349E-09 1.335E-09 1.366E-09 1.337E-09 1.338E-09 1.188E-09 1.085E-09 9.026E-10 7.153E-10 5.913E-10 4.076E-10 2.732E-10 2.054E-10 1.146E-10 7.204E-11
  7.200E+01  1.315E-06 1.217E-06 1.129E-06 1.044E-06 9.770E-07 9.120E-07 8.506E-07 7.987E-07 7.487E-07 7.068E-07 6.632E-07 6.191E-07 5.495E-07 4.891E-07 3.646E-07 2.805E-07 2.074E-07 1.546E-07 7.639E-08 9.086E-08 1.204E-07 9.465E-08 8.240E-08 6.122E-08 4.777E-08 3.177E-08 2.321E-08 1.531E-08 9.571E-09 1.478E-08 1.190E-08 7.417E-09 4.493E-09 3.370E-09 3.456E-09 5.597E-09 5.165E-09 3.930E-09 2.904E-09 2.309E-09 1.960E-09 1.210E-09 9.103E-10 7.409E-10 9.566E-10 1.114E-09 1.306E-09 1.293E-09 1.323E-09 1.296E-09 1.297E-09 1.152E-09 1.052E-09 8.756E-10 6.943E-10 5.742E-10 3.962E-10 2.658E-10 1.999E-10 1.117E-10 7.030E-11
  7.400E+01  1.204E-06 1.113E-06 1.032E-06 9.538E-07 8.919E-07 8.329E-07 7.767E-07 7.295E-07 6.840E-07 6.460E-07 6.064E-07 5.663E-07 5.031E-07 4.483E-07 3.351E-07 2.585E-07 1.916E-07 1.432E-07 7.105E-08 8.563E-08 1.130E-07 8.873E-08 7.726E-08 5.747E-08 4.490E-08 2.994E-08 2.193E-08 1.450E-08 9.107E-09 1.405E-08 1.131E-08 7.067E-09 4.292E-09 3.222E-09 3.307E-09 5.353E-09 4.945E-09 3.765E-09 2.784E-09 2.215E-09 1.882E-09 1.164E-09 8.767E-10 7.149E-10 9.255E-10 1.078E-09 1.266E-09 1.254E-09 1.284E-09 1.257E-09 1.259E-09 1.118E-09 1.022E-09 8.505E-10 6.748E-10 5.584E-10 3.856E-10 2.589E-10 1.948E-10 1.090E-10 6.870E-11
  7.600E+01  1.104E-06 1.021E-06 9.448E-07 8.739E-07 8.173E-07 7.627E-07 7.114E-07 6.682E-07 6.268E-07 5.921E-07 5.561E-07 5.194E-07 4.619E-07 4.119E-07 3.088E-07 2.388E-07 1.774E-07 1.329E-07 6.623E-08 8.085E-08 1.063E-07 8.333E-08 7.256E-08 5.404E-08 4.228E-08 2.827E-08 2.076E-08 1.376E-08 8.682E-09 1.338E-08 1.077E-08 6.746E-09 4.106E-09 3.087E-09 3.170E-09 5.129E-09 4.741E-09 3.614E-09 2.673E-09 2.129E-09 1.809E-09 1.121E-09 8.459E-10 6.909E-10 8.969E-10 1.046E-09 1.229E-09 1.219E-09 1.247E-09 1.222E-09 1.224E-09 1.088E-09 9.939E-10 8.274E-10 6.568E-10 5.437E-10 3.758E-10 2.526E-10 1.902E-10 1.066E-10 6.724E-11
  7.800E+01  1.017E-06 9.368E-07 8.690E-07 8.026E-07 7.513E-07 7.003E-07 6.534E-07 6.140E-07 5.761E-07 5.444E-07 5.114E-07 4.777E-07 4.252E-07 3.796E-07 2.852E-07 2.211E-07 1.647E-07 1.236E-07 6.189E-08 7.650E-08 1.001E-07 7.839E-08 6.828E-08 5.091E-08 3.989E-08 2.675E-08 1.968E-08 1.307E-08 8.293E-09 1.277E-08 1.028E-08 6.452E-09 3.936E-09 2.963E-09 3.045E-09 4.923E-09 4.554E-09 3.475E-09 2.572E-09 2.050E-09 1.743E-09 1.082E-09 8.177E-10 6.691E-10 8.708E-10 1.016E-09 1.195E-09 1.186E-09 1.214E-09 1.190E-09 1.192E-09 1.059E-09 9.683E-10 8.063E-10 6.403E-10 5.303E-10 3.669E-10 2.468E-10 1.859E-10 1.044E-10 6.592E-11
  8.000E+01  9.394E-07 8.650E-07 8.020E-07 7.399E-07 6.923E-07 6.455E-07 6.021E-07 5.659E-07 5.309E-07 5.018E-07 4.715E-07 4.407E-07 3.925E-07 3.507E-07 2.641E-07 2.053E-07 1.532E-07 1.153E-07 5.798E-08 7.255E-08 9.439E-08 7.390E-08 6.439E-08 4.806E-08 3.772E-08 2.537E-08 1.871E-08 1.246E-08 7.939E-09 1.221E-08 9.824E-09 6.183E-09 3.782E-09 2.850E-09 2.931E-09 4.734E-09 4.383E-09 3.348E-09 2.480E-09 1.978E-09 1.683E-09 1.047E-09 7.922E-10 6.493E-10 8.473E-10 9.895E-10 1.165E-09 1.157E-09 1.184E-09 1.161E-09 1.163E-09 1.034E-09 9.452E-10 7.871E-10 6.255E-10 5.183E-10 3.589E-10 2.416E-10 1.821E-10 1.024E-10 6.475E-11
  8.200E+01  8.704E-07 8.039E-07 7.418E-07 6.850E-07 6.397E-07 5.974E-07 5.568E-07 5.230E-07 4.908E-07 4.640E-07 4.361E-07 4.078E-07 3.634E-07 3.249E-07 2.452E-07 1.911E-07 1.429E-07 1.078E-07 5.446E-08 6.896E-08 8.923E-08 6.981E-08 6.085E-08 4.548E-08 3.574E-08 2.411E-08 1.782E-08 1.189E-08 7.618E-09 1.170E-08 9.414E-09 5.940E-09 3.642E-09 2.748E-09 2.827E-09 4.563E-09 4.228E-09 3.233E-09 2.396E-09 1.913E-09 1.629E-09 1.015E-09 7.692E-10 6.315E-10 8.262E-10 9.656E-10 1.138E-09 1.130E-09 1.158E-09 1.135E-09 1.137E-09 1.011E-09 9.245E-10 7.700E-10 6.122E-10 5.075E-10 3.518E-10 2.370E-10 1.788E-10 1.006E-10 6.373E-11
  8.400E+01  8.091E-07 7.476E-07 6.890E-07 6.362E-07 5.936E-07 5.543E-07 5.166E-07 4.850E-07 4.553E-07 4.305E-07 4.046E-07 3.784E-07 3.375E-07 3.020E-07 2.284E-07 1.784E-07 1.337E-07 1.011E-07 5.130E-08 6.571E-08 8.454E-08 6.611E-08 5.764E-08 4.315E-08 3.396E-08 2.297E-08 1.702E-08 1.139E-08 7.329E-09 1.124E-08 9.043E-09 5.720E-09 3.516E-09 2.656E-09 2.734E-09 4.409E-09 4.088E-09 3.130E-09 2.321E-09 1.855E-09 1.580E-09 9.868E-10 7.487E-10 6.157E-10 8.076E-10 9.444E-10 1.114E-09 1.107E-09 1.134E-09 1.113E-09 1.114E-09 9.908E-10 9.062E-10 7.549E-10 6.005E-10 4.980E-10 3.455E-10 2.330E-10 1.759E-10 9.914E-11 6.286E-11
  8.600E+01  7.551E-07 6.957E-07 6.423E-07 5.923E-07 5.531E-07 5.157E-07 4.807E-07 4.515E-07 4.237E-07 4.007E-07 3.767E-07 3.523E-07 3.144E-07 2.815E-07 2.133E-07 1.670E-07 1.255E-07 9.507E-08 4.848E-08 6.278E-08 8.029E-08 6.276E-08 5.474E-08 4.104E-08 3.235E-08 2.195E-08 1.630E-08 1.093E-08 7.070E-09 1.082E-08 8.710E-09 5.523E-09 3.403E-09 2.574E-09 2.652E-09 4.270E-09 3.962E-09 3.037E-09 2.254E-09 1.803E-09 1.537E-09 9.616E-10 7.306E-10 6.018E-10 7.913E-10 9.260E-10 1.093E-09 1.087E-09 1.114E-09 1.093E-09 1.094E-09 9.733E-10 8.903E-10 7.418E-10 5.903E-10 4.898E-10 3.401E-10 2.296E-10 1.734E-10 9.789E-11 6.215E-11
  8.800E+01  7.070E-07 6.508E-07 6.010E-07 5.535E-07 5.168E-07 4.816E-07 4.488E-07 4.217E-07 3.957E-07 3.742E-07 3.518E-07 3.291E-07 2.938E-07 2.632E-07 1.999E-07 1.568E-07 1.181E-07 8.968E-08 4.595E-08 6.015E-08 7.644E-08 5.974E-08 5.213E-08 3.915E-08 3.091E-08 2.103E-08 1.565E-08 1.052E-08 6.839E-09 1.045E-08 8.412E-09 5.347E-09 3.303E-09 2.502E-09 2.578E-09 4.147E-09 3.851E-09 2.955E-09 2.195E-09 1.757E-09 1.499E-09 9.396E-10 7.149E-10 5.898E-10 7.773E-10 9.103E-10 1.076E-09 1.070E-09 1.097E-09 1.076E-09 1.077E-09 9.584E-10 8.769E-10 7.306E-10 5.818E-10 4.829E-10 3.356E-10 2.268E-10 1.714E-10 9.689E-11 6.159E-11
  9.000E+01  6.640E-07 6.122E-07 5.644E-07 5.194E-07 4.847E-07 4.517E-07 4.207E-07 3.951E-07 3.707E-07 3.507E-07 3.297E-07 3.084E-07 2.755E-07 2.470E-07 1.879E-07 1.477E-07 1.115E-07 8.488E-08 4.370E-08 5.780E-08 7.297E-08 5.702E-08 4.979E-08 3.745E-08 2.962E-08 2.021E-08 1.507E-08 1.016E-08 6.635E-09 1.012E-08 8.147E-09 5.192E-09 3.215E-09 2.438E-09 2.514E-09 4.039E-09 3.753E-09 2.884E-09 2.144E-09 1.717E-09 1.466E-09 9.206E-10 7.014E-10 5.796E-10 7.657E-10 8.972E-10 1.061E-09 1.056E-09 1.082E-09 1.062E-09 1.063E-09 9.461E-10 8.658E-10 7.214E-10 5.748E-10 4.773E-10 3.320E-10 2.245E-10 1.698E-10 9.613E-11 6.118E-11
  9.200E+01  6.261E-07 5.768E-07 5.317E-07 4.893E-07 4.564E-07 4.249E-07 3.957E-07 3.715E-07 3.487E-07 3.298E-07 3.100E-07 2.901E-07 2.592E-07 2.325E-07 1.772E-07 1.396E-07 1.057E-07 8.060E-08 4.170E-08 5.570E-08 6.986E-08 5.459E-08 4.770E-08 3.594E-08 2.847E-08 1.948E-08 1.457E-08 9.843E-09 6.457E-09 9.831E-09 7.915E-09 5.057E-09 3.139E-09 2.383E-09 2.459E-09 3.944E-09 3.667E-09 2.822E-09 2.099E-09 1.683E-09 1.438E-09 9.045E-10 6.900E-10 5.711E-10 7.561E-10 8.865E-10 1.049E-09 1.045E-09 1.071E-09 1.051E-09 1.052E-09 9.364E-10 8.570E-10 7.142E-10 5.693E-10 4.730E-10 3.293E-10 2.229E-10 1.686E-10 9.561E-11 6.093E-11
  9.400E+01  5.922E-07 5.456E-07 5.026E-07 4.627E-07 4.312E-07 4.012E-07 3.736E-07 3.506E-07 3.290E-07 3.112E-07 2.926E-07 2.738E-07 2.447E-07 2.197E-07 1.678E-07 1.324E-07 1.004E-07 7.680E-08 3.994E-08 5.383E-08 6.707E-08 5.242E-08 4.584E-08 3.460E-08 2.745E-08 1.884E-08 1.412E-08 9.564E-09 6.302E-09 9.577E-09 7.712E-09 4.940E-09 3.074E-09 2.337E-09 2.411E-09 3.863E-09 3.594E-09 2.769E-09 2.062E-09 1.654E-09 1.414E-09 8.912E-10 6.808E-10 5.643E-10 7.487E-10 8.784E-10 1.040E-09 1.036E-09 1.063E-09 1.043E-09 1.044E-09 9.291E-10 8.505E-10 7.088E-10 5.653E-10 4.698E-10 3.274E-10 2.218E-10 1.679E-10 9.534E-11 6.083E-11
  9.600E+01  5.614E-07 5.200E-07 4.768E-07 4.395E-07 4.089E-07 3.806E-07 3.542E-07 3.320E-07 3.117E-07 2.948E-07 2.771E-07 2.593E-07 2.319E-07 2.083E-07 1.593E-07 1.261E-07 9.582E-08 7.344E-08 3.838E-08 5.219E-08 6.458E-08 5.050E-08 4.419E-08 3.342E-08 2.656E-08 1.828E-08 1.373E-08 9.322E-09 6.169E-09 9.358E-09 7.538E-09 4.840E-09 3.019E-09 2.298E-09 2.372E-09 3.795E-09 3.533E-09 2.725E-09 2.031E-09 1.631E-09 1.395E-09 8.806E-10 6.735E-10 5.590E-10 7.434E-10 8.725E-10 1.034E-09 1.031E-09 1.057E-09 1.037E-09 1.038E-09 9.242E-10 8.462E-10 7.053E-10 5.628E-10 4.679E-10 3.264E-10 2.212E-10 1.676E-10 9.530E-11 6.088E-11
  9.800E+01  5.344E-07 4.971E-07 4.539E-07 4.188E-07 3.892E-07 3.624E-07 3.370E-07 3.156E-07 2.963E-07 2.802E-07 2.634E-07 2.466E-07 2.206E-07 1.982E-07 1.519E-07 1.204E-07 9.175E-08 7.048E-08 3.701E-08 5.075E-08 6.238E-08 4.881E-08 4.274E-08 3.239E-08 2.578E-08 1.780E-08 1.339E-08 9.116E-09 6.058E-09 9.172E-09 7.390E-09 4.757E-09 2.974E-09 2.266E-09 2.340E-09 3.739E-09 3.483E-09 2.690E-09 2.006E-09 1.612E-09 1.380E-09 8.726E-10 6.681E-10 5.553E-10 7.399E-10 8.690E-10 1.031E-09 1.027E-09 1.054E-09 1.034E-09 1.035E-09 9.217E-10 8.440E-10 7.035E-10 5.617E-10 4.672E-10 3.261E-10 2.213E-10 1.677E-10 9.550E-11 6.108E-11
  1.000E+02  5.119E-07 4.746E-07 4.350E-07 4.001E-07 3.720E-07 3.458E-07 3.215E-07 3.014E-07 2.828E-07 2.674E-07 2.514E-07 2.353E-07 2.105E-07 1.893E-07 1.453E-07 1.155E-07 8.816E-08 6.788E-08 3.583E-08 4.950E-08 6.044E-08 4.732E-08 4.148E-08 3.149E-08 2.510E-08 1.738E-08 1.311E-08 8.943E-09 5.967E-09 9.016E-09 7.267E-09 4.689E-09 2.938E-09 2.241E-09 2.315E-09 3.695E-09 3.444E-09 2.663E-09 1.987E-09 1.598E-09 1.369E-09 8.669E-10 6.646E-10 5.531E-10 7.383E-10 8.676E-10 1.030E-09 1.027E-09 1.053E-09 1.034E-09 1.035E-09 9.215E-10 8.440E-10 7.035E-10 5.619E-10 4.676E-10 3.267E-10 2.218E-10 1.682E-10 9.592E-11 6.142E-11
  1.020E+02  4.929E-07 4.546E-07 4.187E-07 3.838E-07 3.571E-07 3.313E-07 3.081E-07 2.890E-07 2.709E-07 2.562E-07 2.409E-07 2.254E-07 2.017E-07 1.814E-07 1.396E-07 1.111E-07 8.503E-08 6.562E-08 3.480E-08 4.843E-08 5.875E-08 4.603E-08 4.039E-08 3.072E-08 2.453E-08 1.703E-08 1.287E-08 8.800E-09 5.893E-09 8.889E-09 7.168E-09 4.635E-09 2.910E-09 2.223E-09 2.297E-09 3.661E-09 3.414E-09 2.643E-09 1.974E-09 1.589E-09 1.361E-09 8.635E-10 6.627E-10 5.522E-10 7.385E-10 8.682E-10 1.031E-09 1.029E-09 1.055E-09 1.036E-09 1.037E-09 9.234E-10 8.459E-10 7.052E-10 5.635E-10 4.691E-10 3.280E-10 2.229E-10 1.692E-10 9.656E-11 6.190E-11
  1.040E+02  4.754E-07 4.392E-07 4.037E-07 3.703E-07 3.442E-07 3.191E-07 2.965E-07 2.780E-07 2.606E-07 2.464E-07 2.316E-07 2.167E-07 1.940E-07 1.746E-07 1.345E-07 1.073E-07 8.230E-08 6.365E-08 3.392E-08 4.751E-08 5.727E-08 4.493E-08 3.945E-08 3.006E-08 2.404E-08 1.674E-08 1.267E-08 8.686E-09 5.837E-09 8.790E-09 7.091E-09 4.595E-09 2.891E-09 2.210E-09 2.285E-09 3.638E-09 3.394E-09 2.630E-09 1.966E-09 1.584E-09 1.357E-09 8.623E-10 6.624E-10 5.526E-10 7.404E-10 8.708E-10 1.035E-09 1.033E-09 1.060E-09 1.041E-09 1.041E-09 9.275E-10 8.497E-10 7.084E-10 5.664E-10 4.717E-10 3.301E-10 2.244E-10 1.704E-10 9.741E-11 6.251E-11
  1.060E+02  4.595E-07 4.266E-07 3.907E-07 3.587E-07 3.329E-07 3.086E-07 2.866E-07 2.684E-07 2.516E-07 2.378E-07 2.235E-07 2.092E-07 1.873E-07 1.686E-07 1.301E-07 1.040E-07 7.995E-08 6.197E-08 3.317E-08 4.674E-08 5.601E-08 4.398E-08 3.866E-08 2.952E-08 2.364E-08 1.650E-08 1.252E-08 8.598E-09 5.797E-09 8.715E-09 7.034E-09 4.568E-09 2.880E-09 2.204E-09 2.279E-09 3.624E-09 3.383E-09 2.624E-09 1.963E-09 1.582E-09 1.357E-09 8.631E-10 6.637E-10 5.543E-10 7.438E-10 8.752E-10 1.041E-09 1.039E-09 1.066E-09 1.047E-09 1.048E-09 9.335E-10 8.553E-10 7.132E-10 5.705E-10 4.753E-10 3.328E-10 2.265E-10 1.721E-10 9.846E-11 6.325E-11
  1.080E+02  4.466E-07 4.147E-07 3.803E-07 3.484E-07 3.231E-07 2.994E-07 2.780E-07 2.603E-07 2.439E-07 2.305E-07 2.166E-07 2.027E-07 1.816E-07 1.635E-07 1.263E-07 1.011E-07 7.793E-08 6.054E-08 3.255E-08 4.611E-08 5.494E-08 4.320E-08 3.801E-08 2.907E-08 2.332E-08 1.631E-08 1.240E-08 8.534E-09 5.771E-09 8.664E-09 6.996E-09 4.553E-09 2.875E-09 2.202E-09 2.278E-09 3.619E-09 3.380E-09 2.624E-09 1.964E-09 1.584E-09 1.359E-09 8.658E-10 6.663E-10 5.571E-10 7.487E-10 8.814E-10 1.049E-09 1.048E-09 1.075E-09 1.056E-09 1.057E-09 9.413E-10 8.627E-10 7.194E-10 5.757E-10 4.798E-10 3.362E-10 2.290E-10 1.741E-10 9.971E-11 6.411E-11
  1.100E+02  4.365E-07 4.049E-07 3.714E-07 3.399E-07 3.153E-07 2.917E-07 2.707E-07 2.534E-07 2.374E-07 2.243E-07 2.108E-07 1.972E-07 1.766E-07 1.591E-07 1.231E-07 9.874E-08 7.624E-08 5.934E-08 3.204E-08 4.560E-08 5.404E-08 4.255E-08 3.748E-08 2.872E-08 2.307E-08 1.618E-08 1.231E-08 8.493E-09 5.760E-09 8.634E-09 6.975E-09 4.548E-09 2.878E-09 2.206E-09 2.283E-09 3.622E-09 3.385E-09 2.630E-09 1.970E-09 1.590E-09 1.365E-09 8.702E-10 6.703E-10 5.609E-10 7.549E-10 8.892E-10 1.058E-09 1.058E-09 1.086E-09 1.067E-09 1.067E-09 9.510E-10 8.716E-10 7.270E-10 5.820E-10 4.853E-10 3.403E-10 2.319E-10 1.764E-10 1.011E-10 6.509E-11
  1.120E+02  4.284E-07 3.978E-07 3.645E-07 3.333E-07 3.089E-07 2.855E-07 2.647E-07 2.477E-07 2.320E-07 2.191E-07 2.058E-07 1.925E-07 1.725E-07 1.554E-07 1.204E-07 9.672E-08 7.482E-08 5.835E-08 3.164E-08 4.521E-08 5.331E-08 4.204E-08 3.706E-08 2.845E-08 2.289E-08 1.608E-08 1.226E-08 8.472E-09 5.760E-09 8.625E-09 6.971E-09 4.553E-09 2.886E-09 2.214E-09 2.291E-09 3.633E-09 3.396E-09 2.641E-09 1.980E-09 1.599E-09 1.373E-09 8.763E-10 6.754E-10 5.657E-10 7.625E-10 8.984E-10 1.070E-09 1.070E-09 1.098E-09 1.079E-09 1.080E-09 9.623E-10 8.821E-10 7.359E-10 5.893E-10 4.915E-10 3.449E-10 2.352E-10 1.790E-10 1.027E-10 6.619E-11
  1.140E+02  4.225E-07 3.924E-07 3.598E-07 3.282E-07 3.036E-07 2.806E-07 2.600E-07 2.431E-07 2.275E-07 2.148E-07 2.018E-07 1.888E-07 1.690E-07 1.523E-07 1.182E-07 9.505E-08 7.368E-08 5.756E-08 3.132E-08 4.492E-08 5.272E-08 4.165E-08 3.675E-08 2.826E-08 2.276E-08 1.603E-08 1.224E-08 8.471E-09 5.772E-09 8.633E-09 6.982E-09 4.568E-09 2.899E-09 2.226E-09 2.305E-09 3.651E-09 3.415E-09 2.657E-09 1.993E-09 1.610E-09 1.383E-09 8.838E-10 6.817E-10 5.714E-10 7.712E-10 9.091E-10 1.083E-09 1.084E-09 1.112E-09 1.093E-09 1.094E-09 9.751E-10 8.940E-10 7.459E-10 5.976E-10 4.986E-10 3.501E-10 2.389E-10 1.819E-10 1.045E-10 6.738E-11
  1.160E+02  4.190E-07 3.888E-07 3.565E-07 3.243E-07 2.995E-07 2.769E-07 2.563E-07 2.396E-07 2.239E-07 2.114E-07 1.986E-07 1.857E-07 1.663E-07 1.499E-07 1.164E-07 9.372E-08 7.277E-08 5.694E-08 3.109E-08 4.473E-08 5.228E-08 4.137E-08 3.654E-08 2.814E-08 2.269E-08 1.601E-08 1.224E-08 8.487E-09 5.794E-09 8.659E-09 7.006E-09 4.591E-09 2.918E-09 2.241E-09 2.322E-09 3.676E-09 3.439E-09 2.678E-09 2.010E-09 1.624E-09 1.396E-09 8.927E-10 6.890E-10 5.780E-10 7.810E-10 9.209E-10 1.098E-09 1.099E-09 1.128E-09 1.109E-09 1.110E-09 9.894E-10 9.072E-10 7.571E-10 6.068E-10 5.064E-10 3.558E-10 2.430E-10 1.850E-10 1.064E-10 6.867E-11
  1.180E+02  4.170E-07 3.877E-07 3.546E-07 3.220E-07 2.971E-07 2.745E-07 2.537E-07 2.371E-07 2.214E-07 2.089E-07 1.962E-07 1.835E-07 1.642E-07 1.479E-07 1.150E-07 9.269E-08 7.208E-08 5.649E-08 3.094E-08 4.462E-08 5.196E-08 4.119E-08 3.642E-08 2.809E-08 2.268E-08 1.602E-08 1.227E-08 8.518E-09 5.826E-09 8.699E-09 7.042E-09 4.622E-09 2.941E-09 2.261E-09 2.342E-09 3.706E-09 3.469E-09 2.703E-09 2.029E-09 1.641E-09 1.410E-09 9.028E-10 6.972E-10 5.853E-10 7.918E-10 9.340E-10 1.114E-09 1.115E-09 1.145E-09 1.126E-09 1.127E-09 1.005E-09 9.216E-10 7.692E-10 6.168E-10 5.149E-10 3.620E-10 2.473E-10 1.884E-10 1.085E-10 7.004E-11
  1.200E+02  4.167E-07 3.880E-07 3.541E-07 3.215E-07 2.962E-07 2.732E-07 2.522E-07 2.355E-07 2.198E-07 2.072E-07 1.945E-07 1.818E-07 1.626E-07 1.465E-07 1.139E-07 9.195E-08 7.160E-08 5.619E-08 3.086E-08 4.459E-08 5.175E-08 4.110E-08 3.637E-08 2.810E-08 2.270E-08 1.607E-08 1.232E-08 8.564E-09 5.866E-09 8.754E-09 7.090E-09 4.659E-09 2.969E-09 2.283E-09 2.366E-09 3.742E-09 3.503E-09 2.731E-09 2.052E-09 1.660E-09 1.427E-09 9.140E-10 7.063E-10 5.932E-10 8.034E-10 9.480E-10 1.132E-09 1.133E-09 1.164E-09 1.145E-09 1.146E-09 1.022E-09 9.370E-10 7.823E-10 6.275E-10 5.240E-10 3.686E-10 2.520E-10 1.920E-10 1.106E-10 7.150E-11
  1.220E+02  4.190E-07 3.899E-07 3.556E-07 3.224E-07 2.966E-07 2.730E-07 2.518E-07 2.348E-07 2.190E-07 2.064E-07 1.936E-07 1.809E-07 1.617E-07 1.456E-07 1.132E-07 9.146E-08 7.131E-08 5.602E-08 3.084E-08 4.462E-08 5.165E-08 4.110E-08 3.641E-08 2.816E-08 2.278E-08 1.614E-08 1.239E-08 8.622E-09 5.914E-09 8.821E-09 7.148E-09 4.703E-09 3.000E-09 2.308E-09 2.392E-09 3.782E-09 3.542E-09 2.763E-09 2.076E-09 1.680E-09 1.445E-09 9.262E-10 7.160E-10 6.018E-10 8.158E-10 9.630E-10 1.150E-09 1.152E-09 1.183E-09 1.164E-09 1.165E-09 1.039E-09 9.534E-10 7.962E-10 6.388E-10 5.336E-10 3.756E-10 2.569E-10 1.958E-10 1.129E-10 7.302E-11
  1.240E+02  4.238E-07 3.943E-07 3.589E-07 3.248E-07 2.982E-07 2.741E-07 2.525E-07 2.351E-07 2.191E-07 2.063E-07 1.933E-07 1.806E-07 1.613E-07 1.452E-07 1.129E-07 9.122E-08 7.118E-08 5.598E-08 3.088E-08 4.472E-08 5.164E-08 4.118E-08 3.651E-08 2.827E-08 2.288E-08 1.623E-08 1.248E-08 8.692E-09 5.968E-09 8.898E-09 7.215E-09 4.752E-09 3.034E-09 2.335E-09 2.421E-09 3.827E-09 3.585E-09 2.798E-09 2.103E-09 1.703E-09 1.464E-09 9.393E-10 7.264E-10 6.108E-10 8.288E-10 9.788E-10 1.170E-09 1.172E-09 1.204E-09 1.185E-09 1.186E-09 1.058E-09 9.707E-10 8.107E-10 6.507E-10 5.437E-10 3.829E-10 2.620E-10 1.998E-10 1.153E-10 7.461E-11
  1.260E+02  4.306E-07 4.014E-07 3.639E-07 3.291E-07 3.011E-07 2.765E-07 2.542E-07 2.363E-07 2.199E-07 2.069E-07 1.937E-07 1.808E-07 1.614E-07 1.452E-07 1.128E-07 9.120E-08 7.122E-08 5.606E-08 3.098E-08 4.488E-08 5.172E-08 4.132E-08 3.667E-08 2.842E-08 2.303E-08 1.635E-08 1.258E-08 8.772E-09 6.029E-09 8.986E-09 7.289E-09 4.806E-09 3.071E-09 2.365E-09 2.452E-09 3.876E-09 3.632E-09 2.835E-09 2.132E-09 1.726E-09 1.485E-09 9.531E-10 7.373E-10 6.203E-10 8.424E-10 9.952E-10 1.190E-09 1.192E-09 1.225E-09 1.206E-09 1.208E-09 1.077E-09 9.886E-10 8.259E-10 6.631E-10 5.542E-10 3.905E-10 2.673E-10 2.040E-10 1.178E-10 7.625E-11
  1.280E+02  4.400E-07 4.114E-07 3.706E-07 3.350E-07 3.053E-07 2.801E-07 2.570E-07 2.383E-07 2.216E-07 2.082E-07 1.948E-07 1.817E-07 1.620E-07 1.456E-07 1.130E-07 9.139E-08 7.141E-08 5.624E-08 3.112E-08 4.508E-08 5.187E-08 4.153E-08 3.688E-08 2.862E-08 2.320E-08 1.649E-08 1.270E-08 8.861E-09 6.094E-09 9.082E-09 7.370E-09 4.864E-09 3.111E-09 2.396E-09 2.485E-09 3.927E-09 3.681E-09 2.875E-09 2.162E-09 1.751E-09 1.507E-09 9.675E-10 7.487E-10 6.302E-10 8.565E-10 1.012E-09 1.211E-09 1.214E-09 1.247E-09 1.228E-09 1.230E-09 1.098E-09 1.007E-09 8.416E-10 6.759E-10 5.650E-10 3.983E-10 2.728E-10 2.082E-10 1.203E-10 7.793E-11
  1.300E+02  4.528E-07 4.232E-07 3.795E-07 3.420E-07 3.111E-07 2.847E-07 2.607E-07 2.413E-07 2.241E-07 2.103E-07 1.965E-07 1.832E-07 1.631E-07 1.464E-07 1.136E-07 9.177E-08 7.173E-08 5.651E-08 3.130E-08 4.533E-08 5.210E-08 4.179E-08 3.715E-08 2.885E-08 2.340E-08 1.664E-08 1.282E-08 8.957E-09 6.163E-09 9.185E-09 7.458E-09 4.926E-09 3.152E-09 2.428E-09 2.520E-09 3.982E-09 3.733E-09 2.916E-09 2.194E-09 1.777E-09 1.529E-09 9.824E-10 7.605E-10 6.403E-10 8.710E-10 1.030E-09 1.232E-09 1.236E-09 1.270E-09 1.251E-09 1.253E-09 1.118E-09 1.026E-09 8.577E-10 6.890E-10 5.761E-10 4.063E-10 2.784E-10 2.125E-10 1.229E-10 7.964E-11
  1.320E+02  4.691E-07 4.367E-07 3.911E-07 3.507E-07 3.184E-07 2.904E-07 2.653E-07 2.453E-07 2.274E-07 2.131E-07 1.989E-07 1.852E-07 1.646E-07 1.476E-07 1.143E-07 9.234E-08 7.218E-08 5.688E-08 3.152E-08 4.562E-08 5.237E-08 4.211E-08 3.746E-08 2.911E-08 2.362E-08 1.681E-08 1.296E-08 9.060E-09 6.236E-09 9.294E-09 7.550E-09 4.990E-09 3.196E-09 2.462E-09 2.555E-09 4.038E-09 3.786E-09 2.958E-09 2.226E-09 1.804E-09 1.553E-09 9.977E-10 7.725E-10 6.507E-10 8.857E-10 1.047E-09 1.254E-09 1.258E-09 1.293E-09 1.274E-09 1.276E-09 1.139E-09 1.046E-09 8.741E-10 7.024E-10 5.875E-10 4.145E-10 2.841E-10 2.170E-10 1.255E-10 8.139E-11
  1.340E+02  4.891E-07 4.529E-07 4.051E-07 3.615E-07 3.272E-07 2.972E-07 2.710E-07 2.503E-07 2.315E-07 2.167E-07 2.020E-07 1.877E-07 1.665E-07 1.492E-07 1.153E-07 9.308E-08 7.274E-08 5.732E-08 3.177E-08 4.593E-08 5.271E-08 4.246E-08 3.780E-08 2.941E-08 2.386E-08 1.699E-08 1.311E-08 9.168E-09 6.311E-09 9.407E-09 7.646E-09 5.057E-09 3.240E-09 2.497E-09 2.592E-09 4.096E-09 3.842E-09 3.002E-09 2.260E-09 1.831E-09 1.576E-09 1.013E-09 7.848E-10 6.612E-10 9.006E-10 1.065E-09 1.276E-09 1.280E-09 1.316E-09 1.297E-09 1.300E-09 1.160E-09 1.065E-09 8.908E-10 7.160E-10 5.989E-10 4.227E-10 2.899E-10 2.214E-10 1.282E-10 8.314E-11
  1.360E+02  5.133E-07 4.735E-07 4.210E-07 3.740E-07 3.372E-07 3.056E-07 2.778E-07 2.559E-07 2.363E-07 2.208E-07 2.055E-07 1.908E-07 1.689E-07 1.511E-07 1.165E-07 9.397E-08 7.340E-08 5.783E-08 3.205E-08 4.627E-08 5.308E-08 4.286E-08 3.819E-08 2.972E-08 2.413E-08 1.718E-08 1.327E-08 9.280E-09 6.389E-09 9.525E-09 7.744E-09 5.125E-09 3.285E-09 2.532E-09 2.629E-09 4.156E-09 3.898E-09 3.047E-09 2.293E-09 1.859E-09 1.600E-09 1.029E-09 7.971E-10 6.718E-10 9.157E-10 1.083E-09 1.298E-09 1.303E-09 1.339E-09 1.321E-09 1.323E-09 1.182E-09 1.085E-09 9.075E-10 7.296E-10 6.105E-10 4.310E-10 2.957E-10 2.259E-10 1.308E-10 8.491E-11
  1.380E+02  5.412E-07 4.976E-07 4.390E-07 3.885E-07 3.485E-07 3.153E-07 2.857E-07 2.624E-07 2.418E-07 2.256E-07 2.096E-07 1.944E-07 1.717E-07 1.534E-07 1.180E-07 9.500E-08 7.417E-08 5.841E-08 3.235E-08 4.664E-08 5.349E-08 4.329E-08 3.860E-08 3.005E-08 2.440E-08 1.738E-08 1.343E-08 9.395E-09 6.467E-09 9.645E-09 7.846E-09 5.195E-09 3.331E-09 2.568E-09 2.667E-09 4.216E-09 3.955E-09 3.092E-09 2.328E-09 1.887E-09 1.624E-09 1.045E-09 8.095E-10 6.824E-10 9.307E-10 1.101E-09 1.320E-09 1.326E-09 1.363E-09 1.344E-09 1.347E-09 1.203E-09 1.105E-09 9.243E-10 7.433E-10 6.220E-10 4.393E-10 3.015E-10 2.304E-10 1.335E-10 8.667E-11
  1.400E+02  5.727E-07 5.236E-07 4.597E-07 4.044E-07 3.613E-07 3.258E-07 2.944E-07 2.698E-07 2.480E-07 2.310E-07 2.143E-07 1.985E-07 1.749E-07 1.560E-07 1.196E-07 9.617E-08 7.501E-08 5.905E-08 3.268E-08 4.701E-08 5.394E-08 4.374E-08 3.903E-08 3.041E-08 2.469E-08 1.759E-08 1.359E-08 9.513E-09 6.547E-09 9.767E-09 7.948E-09 5.265E-09 3.377E-09 2.604E-09 2.704E-09 4.277E-09 4.012E-09 3.137E-09 2.362E-09 1.915E-09 1.649E-09 1.060E-09 8.218E-10 6.930E-10 9.456E-10 1.119E-09 1.343E-09 1.348E-09 1.386E-09 1.368E-09 1.371E-09 1.225E-09 1.125E-09 9.410E-10 7.569E-10 6.335E-10 4.476E-10 3.073E-10 2.349E-10 1.362E-10 8.842E-11
  1.420E+02  6.083E-07 5.520E-07 4.830E-07 4.217E-07 3.757E-07 3.372E-07 3.038E-07 2.781E-07 2.549E-07 2.370E-07 2.196E-07 2.029E-07 1.784E-07 1.588E-07 1.214E-07 9.745E-08 7.594E-08 5.973E-08 3.302E-08 4.740E-08 5.440E-08 4.422E-08 3.948E-08 3.077E-08 2.498E-08 1.780E-08 1.376E-08 9.631E-09 6.627E-09 9.890E-09 8.051E-09 5.335E-09 3.423E-09 2.639E-09 2.742E-09 4.337E-09 4.070E-09 3.181E-09 2.396E-09 1.943E-09 1.673E-09 1.076E-09 8.340E-10 7.034E-10 9.604E-10 1.137E-09 1.364E-09 1.370E-09 1.409E-09 1.391E-09 1.394E-09 1.246E-09 1.144E-09 9.576E-10 7.703E-10 6.449E-10 4.558E-10 3.130E-10 2.393E-10 1.388E-10 9.015E-11
  1.440E+02  6.484E-07 5.830E-07 5.076E-07 4.404E-07 3.912E-07 3.495E-07 3.140E-07 2.869E-07 2.624E-07 2.435E-07 2.253E-07 2.077E-07 1.822E-07 1.619E-07 1.234E-07 9.884E-08 7.692E-08 6.046E-08 3.338E-08 4.780E-08 5.489E-08 4.471E-08 3.995E-08 3.114E-08 2.529E-08 1.801E-08 1.393E-08 9.750E-09 6.706E-09 1.001E-08 8.154E-09 5.405E-09 3.469E-09 2.674E-09 2.779E-09 4.397E-09 4.126E-09 3.226E-09 2.430E-09 1.970E-09 1.696E-09 1.092E-09 8.461E-10 7.137E-10 9.749E-10 1.154E-09 1.386E-09 1.392E-09 1.431E-09 1.414E-09 1.417E-09 1.267E-09 1.163E-09 9.738E-10 7.836E-10 6.561E-10 4.638E-10 3.186E-10 2.436E-10 1.413E-10 9.185E-11
  1.460E+02  6.912E-07 6.153E-07 5.327E-07 4.600E-07 4.072E-07 3.623E-07 3.248E-07 2.960E-07 2.702E-07 2.504E-07 2.312E-07 2.129E-07 1.863E-07 1.652E-07 1.255E-07 1.003E-07 7.797E-08 6.122E-08 3.375E-08 4.820E-08 5.539E-08 4.522E-08 4.043E-08 3.153E-08 2.559E-08 1.823E-08 1.409E-08 9.869E-09 6.784E-09 1.013E-08 8.256E-09 5.474E-09 3.513E-09 2.709E-09 2.816E-09 4.456E-09 4.182E-09 3.269E-09 2.463E-09 1.997E-09 1.720E-09 1.107E-09 8.579E-10 7.238E-10 9.891E-10 1.171E-09 1.407E-09 1.414E-09 1.453E-09 1.436E-09 1.440E-09 1.287E-09 1.182E-09 9.898E-10 7.965E-10 6.670E-10 4.717E-10 3.241E-10 2.479E-10 1.439E-10 9.351E-11
  1.480E+02  7.359E-07 6.501E-07 5.589E-07 4.797E-07 4.232E-07 3.760E-07 3.358E-07 3.054E-07 2.783E-07 2.575E-07 2.373E-07 2.184E-07 1.905E-07 1.687E-07 1.276E-07 1.019E-07 7.906E-08 6.201E-08 3.412E-08 4.860E-08 5.589E-08 4.573E-08 4.092E-08 3.191E-08 2.590E-08 1.844E-08 1.426E-08 9.985E-09 6.860E-09 1.025E-08 8.356E-09 5.541E-09 3.557E-09 2.743E-09 2.851E-09 4.514E-09 4.237E-09 3.312E-09 2.495E-09 2.023E-09 1.742E-09 1.121E-09 8.693E-10 7.336E-10 1.003E-09 1.188E-09 1.427E-09 1.435E-09 1.475E-09 1.458E-09 1.462E-09 1.307E-09 1.200E-09 1.005E-09 8.091E-10 6.777E-10 4.794E-10 3.295E-10 2.520E-10 1.463E-10 9.513E-11
  1.500E+02  7.803E-07 6.868E-07 5.844E-07 5.001E-07 4.395E-07 3.902E-07 3.473E-07 3.149E-07 2.865E-07 2.647E-07 2.436E-07 2.240E-07 1.950E-07 1.723E-07 1.299E-07 1.035E-07 8.017E-08 6.282E-08 3.450E-08 4.900E-08 5.639E-08 4.624E-08 4.140E-08 3.229E-08 2.621E-08 1.865E-08 1.442E-08 1.010E-08 6.935E-09 1.037E-08 8.455E-09 5.607E-09 3.600E-09 2.776E-09 2.886E-09 4.570E-09 4.290E-09 3.354E-09 2.526E-09 2.049E-09 1.764E-09 1.136E-09 8.804E-10 7.430E-10 1.016E-09 1.204E-09 1.447E-09 1.455E-09 1.496E-09 1.479E-09 1.483E-09 1.326E-09 1.218E-09 1.020E-09 8.213E-10 6.880E-10 4.868E-10 3.347E-10 2.560E-10 1.487E-10 9.669E-11
  1.520E+02  8.232E-07 7.213E-07 6.082E-07 5.212E-07 4.561E-07 4.039E-07 3.590E-07 3.244E-07 2.949E-07 2.721E-07 2.500E-07 2.295E-07 1.995E-07 1.759E-07 1.322E-07 1.051E-07 8.131E-08 6.364E-08 3.488E-08 4.939E-08 5.690E-08 4.675E-08 4.189E-08 3.267E-08 2.651E-08 1.886E-08 1.459E-08 1.021E-08 7.007E-09 1.048E-08 8.550E-09 5.671E-09 3.641E-09 2.808E-09 2.919E-09 4.624E-09 4.341E-09 3.394E-09 2.556E-09 2.073E-09 1.785E-09 1.149E-09 8.911E-10 7.521E-10 1.029E-09 1.219E-09 1.466E-09 1.474E-09 1.516E-09 1.499E-09 1.504E-09 1.344E-09 1.235E-09 1.035E-09 8.331E-10 6.979E-10 4.939E-10 3.396E-10 2.599E-10 1.509E-10 9.819E-11
  1.540E+02  8.672E-07 7.504E-07 6.328E-07 5.406E-07 4.722E-07 4.166E-07 3.700E-07 3.340E-07 3.032E-07 2.795E-07 2.564E-07 2.350E-07 2.038E-07 1.795E-07 1.345E-07 1.067E-07 8.246E-08 6.447E-08 3.526E-08 4.977E-08 5.739E-08 4.725E-08 4.236E-08 3.305E-08 2.681E-08 1.906E-08 1.474E-08 1.032E-08 7.076E-09 1.059E-08 8.641E-09 5.732E-09 3.681E-09 2.838E-09 2.951E-09 4.676E-09 4.390E-09 3.432E-09 2.585E-09 2.097E-09 1.806E-09 1.162E-09 9.012E-10 7.608E-10 1.041E-09 1.234E-09 1.484E-09 1.492E-09 1.535E-09 1.518E-09 1.523E-09 1.362E-09 1.251E-09 1.048E-09 8.443E-10 7.074E-10 5.007E-10 3.444E-10 2.635E-10 1.531E-10 9.963E-11
  1.560E+02  9.124E-07 7.769E-07 6.582E-07 5.571E-07 4.874E-07 4.283E-07 3.799E-07 3.435E-07 3.111E-07 2.864E-07 2.627E-07 2.403E-07 2.081E-07 1.830E-07 1.368E-07 1.083E-07 8.360E-08 6.528E-08 3.564E-08 5.013E-08 5.787E-08 4.774E-08 4.283E-08 3.341E-08 2.710E-08 1.925E-08 1.489E-08 1.042E-08 7.142E-09 1.069E-08 8.729E-09 5.790E-09 3.718E-09 2.867E-09 2.981E-09 4.726E-09 4.437E-09 3.468E-09 2.613E-09 2.119E-09 1.825E-09 1.175E-09 9.109E-10 7.690E-10 1.053E-09 1.248E-09 1.501E-09 1.510E-09 1.553E-09 1.536E-09 1.542E-09 1.378E-09 1.267E-09 1.062E-09 8.549E-10 7.163E-10 5.072E-10 3.489E-10 2.670E-10 1.552E-10 1.010E-10
  1.580E+02  9.538E-07 8.032E-07 6.815E-07 5.724E-07 5.016E-07 4.396E-07 3.891E-07 3.522E-07 3.183E-07 2.929E-07 2.684E-07 2.452E-07 2.120E-07 1.864E-07 1.390E-07 1.099E-07 8.471E-08 6.608E-08 3.600E-08 5.048E-08 5.833E-08 4.821E-08 4.327E-08 3.376E-08 2.737E-08 1.944E-08 1.504E-08 1.052E-08 7.204E-09 1.079E-08 8.811E-09 5.846E-09 3.753E-09 2.894E-09 3.010E-09 4.773E-09 4.481E-09 3.502E-09 2.639E-09 2.140E-09 1.843E-09 1.186E-09 9.199E-10 7.767E-10 1.063E-09 1.261E-09 1.517E-09 1.526E-09 1.569E-09 1.553E-09 1.559E-09 1.394E-09 1.281E-09 1.074E-09 8.648E-10 7.247E-10 5.132E-10 3.531E-10 2.702E-10 1.571E-10 1.023E-10
  1.600E+02  9.876E-07 8.292E-07 7.007E-07 5.880E-07 5.138E-07 4.498E-07 3.978E-07 3.594E-07 3.247E-07 2.985E-07 2.734E-07 2.496E-07 2.157E-07 1.894E-07 1.411E-07 1.114E-07 8.578E-08 6.686E-08 3.635E-08 5.081E-08 5.878E-08 4.866E-08 4.370E-08 3.410E-08 2.764E-08 1.962E-08 1.517E-08 1.061E-08 7.262E-09 1.088E-08 8.889E-09 5.897E-09 3.786E-09 2.919E-09 3.037E-09 4.816E-09 4.522E-09 3.534E-09 2.663E-09 2.160E-09 1.860E-09 1.197E-09 9.283E-10 7.838E-10 1.074E-09 1.273E-09 1.532E-09 1.541E-09 1.585E-09 1.569E-09 1.575E-09 1.409E-09 1.294E-09 1.085E-09 8.741E-10 7.325E-10 5.188E-10 3.570E-10 2.733E-10 1.589E-10 1.034E-10
  1.620E+02  1.011E-06 8.524E-07 7.137E-07 6.018E-07 5.232E-07 4.581E-07 4.049E-07 3.647E-07 3.296E-07 3.029E-07 2.773E-07 2.532E-07 2.187E-07 1.919E-07 1.429E-07 1.128E-07 8.678E-08 6.759E-08 3.669E-08 5.111E-08 5.920E-08 4.909E-08 4.411E-08 3.441E-08 2.788E-08 1.978E-08 1.530E-08 1.070E-08 7.315E-09 1.097E-08 8.961E-09 5.945E-09 3.817E-09 2.942E-09 3.061E-09 4.856E-09 4.560E-09 3.563E-09 2.685E-09 2.178E-09 1.875E-09 1.207E-09 9.360E-10 7.904E-10 1.083E-09 1.284E-09 1.545E-09 1.555E-09 1.600E-09 1.584E-09 1.590E-09 1.422E-09 1.307E-09 1.096E-09 8.826E-10 7.397E-10 5.240E-10 3.606E-10 2.761E-10 1.605E-10 1.045E-10
  1.640E+02  1.020E-06 8.668E-07 7.195E-07 6.088E-07 5.280E-07 4.627E-07 4.086E-07 3.673E-07 3.324E-07 3.055E-07 2.795E-07 2.555E-07 2.209E-07 1.939E-07 1.444E-07 1.140E-07 8.770E-08 6.828E-08 3.700E-08 5.139E-08 5.960E-08 4.949E-08 4.449E-08 3.471E-08 2.812E-08 1.994E-08 1.541E-08 1.078E-08 7.364E-09 1.105E-08 9.027E-09 5.988E-09 3.845E-09 2.964E-09 3.083E-09 4.893E-09 4.595E-09 3.590E-09 2.705E-09 2.194E-09 1.889E-09 1.216E-09 9.430E-10 7.964E-10 1.091E-09 1.294E-09 1.558E-09 1.568E-09 1.613E-09 1.597E-09 1.603E-09 1.434E-09 1.318E-09 1.105E-09 8.903E-10 7.463E-10 5.287E-10 3.639E-10 2.786E-10 1.620E-10 1.055E-10
  1.660E+02  1.011E-06 8.589E-07 7.175E-07 6.034E-07 5.247E-07 4.600E-07 4.066E-07 3.667E-07 3.320E-07 3.055E-07 2.800E-07 2.562E-07 2.219E-07 1.951E-07 1.457E-07 1.150E-07 8.854E-08 6.891E-08 3.730E-08 5.165E-08 5.996E-08 4.987E-08 4.484E-08 3.498E-08 2.833E-08 2.007E-08 1.552E-08 1.085E-08 7.407E-09 1.112E-08 9.086E-09 6.027E-09 3.869E-09 2.982E-09 3.103E-09 4.926E-09 4.626E-09 3.614E-09 2.723E-09 2.208E-09 1.902E-09 1.224E-09 9.493E-10 8.017E-10 1.099E-09 1.303E-09 1.569E-09 1.579E-09 1.624E-09 1.609E-09 1.615E-09 1.445E-09 1.328E-09 1.114E-09 8.973E-10 7.521E-10 5.329E-10 3.668E-10 2.809E-10 1.634E-10 1.064E-10
  1.680E+02  9.688E-07 8.214E-07 6.987E-07 5.840E-07 5.111E-07 4.487E-07 3.985E-07 3.620E-07 3.281E-07 3.027E-07 2.785E-07 2.552E-07 2.217E-07 1.956E-07 1.466E-07 1.159E-07 8.927E-08 6.947E-08 3.756E-08 5.187E-08 6.030E-08 5.022E-08 4.517E-08 3.523E-08 2.852E-08 2.020E-08 1.561E-08 1.092E-08 7.446E-09 1.118E-08 9.138E-09 6.062E-09 3.891E-09 2.999E-09 3.121E-09 4.955E-09 4.653E-09 3.635E-09 2.739E-09 2.221E-09 1.913E-09 1.231E-09 9.548E-10 8.063E-10 1.105E-09 1.311E-09 1.579E-09 1.589E-09 1.635E-09 1.619E-09 1.626E-09 1.454E-09 1.337E-09 1.121E-09 9.033E-10 7.572E-10 5.366E-10 3.694E-10 2.828E-10 1.645E-10 1.072E-10
  1.700E+02  8.913E-07 7.616E-07 6.593E-07 5.527E-07 4.895E-07 4.314E-07 3.861E-07 3.538E-07 3.218E-07 2.981E-07 2.755E-07 2.531E-07 2.209E-07 1.956E-07 1.474E-07 1.167E-07 8.993E-08 6.998E-08 3.779E-08 5.206E-08 6.060E-08 5.054E-08 4.547E-08 3.545E-08 2.869E-08 2.031E-08 1.570E-08 1.097E-08 7.479E-09 1.123E-08 9.183E-09 6.091E-09 3.910E-09 3.013E-09 3.136E-09 4.980E-09 4.676E-09 3.653E-09 2.752E-09 2.232E-09 1.922E-09 1.237E-09 9.595E-10 8.103E-10 1.111E-09 1.318E-09 1.587E-09 1.598E-09 1.643E-09 1.628E-09 1.635E-09 1.463E-09 1.344E-09 1.127E-09 9.085E-10 7.616E-10 5.397E-10 3.716E-10 2.845E-10 1.655E-10 1.078E-10
  1.720E+02  8.081E-07 7.040E-07 6.152E-07 5.217E-07 4.681E-07 4.162E-07 3.750E-07 3.459E-07 3.165E-07 2.945E-07 2.731E-07 2.517E-07 2.207E-07 1.960E-07 1.482E-07 1.175E-07 9.057E-08 7.045E-08 3.800E-08 5.222E-08 6.085E-08 5.082E-08 4.573E-08 3.565E-08 2.884E-08 2.040E-08 1.577E-08 1.102E-08 7.506E-09 1.127E-08 9.221E-09 6.116E-09 3.925E-09 3.025E-09 3.148E-09 5.000E-09 4.695E-09 3.668E-09 2.763E-09 2.241E-09 1.930E-09 1.242E-09 9.634E-10 8.136E-10 1.115E-09 1.323E-09 1.594E-09 1.605E-09 1.651E-09 1.635E-09 1.642E-09 1.469E-09 1.350E-09 1.133E-09 9.128E-10 7.652E-10 5.423E-10 3.734E-10 2.859E-10 1.664E-10 1.084E-10
  1.740E+02  7.730E-07 6.872E-07 5.976E-07 5.140E-07 4.622E-07 4.151E-07 3.747E-07 3.454E-07 3.175E-07 2.960E-07 2.746E-07 2.536E-07 2.228E-07 1.979E-07 1.496E-07 1.185E-07 9.125E-08 7.091E-08 3.818E-08 5.235E-08 6.106E-08 5.106E-08 4.596E-08 3.581E-08 2.896E-08 2.048E-08 1.582E-08 1.105E-08 7.527E-09 1.131E-08 9.250E-09 6.135E-09 3.938E-09 3.034E-09 3.158E-09 5.016E-09 4.710E-09 3.679E-09 2.772E-09 2.248E-09 1.936E-09 1.246E-09 9.664E-10 8.162E-10 1.119E-09 1.328E-09 1.599E-09 1.610E-09 1.656E-09 1.641E-09 1.648E-09 1.474E-09 1.355E-09 1.137E-09 9.161E-10 7.681E-10 5.444E-10 3.748E-10 2.870E-10 1.670E-10 1.088E-10
  1.760E+02  8.225E-07 7.339E-07 6.315E-07 5.443E-07 4.845E-07 4.346E-07 3.905E-07 3.572E-07 3.278E-07 3.049E-07 2.818E-07 2.602E-07 2.276E-07 2.015E-07 1.515E-07 1.197E-07 9.194E-08 7.134E-08 3.832E-08 5.244E-08 6.121E-08 5.125E-08 4.614E-08 3.594E-08 2.906E-08 2.053E-08 1.586E-08 1.108E-08 7.542E-09 1.133E-08 9.271E-09 6.149E-09 3.946E-09 3.041E-09 3.165E-09 5.028E-09 4.721E-09 3.688E-09 2.779E-09 2.253E-09 1.940E-09 1.249E-09 9.686E-10 8.180E-10 1.122E-09 1.331E-09 1.603E-09 1.614E-09 1.660E-09 1.645E-09 1.652E-09 1.478E-09 1.359E-09 1.140E-09 9.185E-10 7.701E-10 5.458E-10 3.759E-10 2.878E-10 1.675E-10 1.091E-10
  1.780E+02  9.350E-07 8.337E-07 7.045E-07 6.007E-07 5.271E-07 4.668E-07 4.155E-07 3.760E-07 3.432E-07 3.174E-07 2.919E-07 2.687E-07 2.333E-07 2.055E-07 1.534E-07 1.207E-07 9.250E-08 7.167E-08 3.842E-08 5.250E-08 6.130E-08 5.136E-08 4.626E-08 3.603E-08 2.912E-08 2.057E-08 1.589E-08 1.110E-08 7.552E-09 1.135E-08 9.284E-09 6.157E-09 3.952E-09 3.045E-09 3.169E-09 5.035E-09 4.728E-09 3.693E-09 2.782E-09 2.257E-09 1.943E-09 1.251E-09 9.699E-10 8.192E-10 1.123E-09 1.333E-09 1.605E-09 1.616E-09 1.663E-09 1.648E-09 1.655E-09 1.480E-09 1.361E-09 1.142E-09 9.200E-10 7.713E-10 5.467E-10 3.765E-10 2.883E-10 1.678E-10 1.093E-10
  1.800E+02  1.008E-06 8.991E-07 7.498E-07 6.340E-07 5.518E-07 4.848E-07 4.290E-07 3.859E-07 3.512E-07 3.238E-07 2.969E-07 2.728E-07 2.360E-07 2.074E-07 1.542E-07 1.211E-07 9.273E-08 7.180E-08 3.846E-08 5.252E-08 6.133E-08 5.140E-08 4.630E-08 3.606E-08 2.914E-08 2.058E-08 1.590E-08 1.110E-08 7.555E-09 1.135E-08 9.289E-09 6.160E-09 3.953E-09 3.046E-09 3.170E-09 5.037E-09 4.730E-09 3.695E-09 2.784E-09 2.258E-09 1.944E-09 1.251E-09 9.703E-10 8.195E-10 1.124E-09 1.333E-09 1.606E-09 1.617E-09 1.663E-09 1.648E-09 1.656E-09 1.481E-09 1.361E-09 1.142E-09 9.205E-10 7.717E-10 5.470E-10 3.767E-10 2.884E-10 1.679E-10 1.094E-10
