# water soluble (70%) 
#
# size distribution: lognormal
# ------------------
#
#   minimum radius, [um]:      6.400E-03
#   maximum radius, [um]:      2.740E+01
#                  sigma:      2.240E+00
#       Rmod (wet), [um]:      2.850E-02
#       Rmod (dry), [um]:      2.120E-02
#
# optical parameters:
# -------------------
#
# wavelength ext.coef  sca.coef  abs.coef  si.sc.alb  asym.par  ext.nor    ref.real  ref.imag
#     [um]     [1/km]    [1/km]    [1/km]
#
#  2.500E-01 1.835E-05 1.669E-05 1.662E-06 9.094E-01 0.740E+00 2.319E+00  1.431E+00 -1.235E-02
#  3.000E-01 1.587E-05 1.546E-05 4.065E-07 9.744E-01 0.726E+00 2.006E+00  1.423E+00 -3.293E-03
#  3.500E-01 1.371E-05 1.350E-05 2.157E-07 9.843E-01 0.719E+00 1.733E+00  1.420E+00 -2.058E-03
#  4.000E-01 1.188E-05 1.169E-05 1.847E-07 9.844E-01 0.712E+00 1.501E+00  1.418E+00 -2.058E-03
#  4.500E-01 1.034E-05 1.017E-05 1.601E-07 9.845E-01 0.705E+00 1.306E+00  1.416E+00 -2.058E-03
#  5.000E-01 9.024E-06 8.883E-06 1.409E-07 9.844E-01 0.697E+00 1.140E+00  1.415E+00 -2.058E-03
#  5.500E-01 7.913E-06 7.763E-06 1.499E-07 9.811E-01 0.690E+00 1.000E+00  1.414E+00 -2.470E-03
#  6.000E-01 6.973E-06 6.838E-06 1.345E-07 9.807E-01 0.682E+00 8.812E-01  1.413E+00 -2.470E-03
#  6.500E-01 6.174E-06 6.032E-06 1.416E-07 9.771E-01 0.674E+00 7.803E-01  1.413E+00 -2.881E-03
#  7.000E-01 5.493E-06 5.364E-06 1.290E-07 9.765E-01 0.666E+00 6.942E-01  1.413E+00 -2.881E-03
#  7.500E-01 4.905E-06 4.762E-06 1.431E-07 9.708E-01 0.659E+00 6.199E-01  1.412E+00 -3.499E-03
#  8.000E-01 4.334E-06 4.180E-06 1.542E-07 9.644E-01 0.653E+00 5.477E-01  1.408E+00 -4.116E-03
#  9.000E-01 3.528E-06 3.356E-06 1.717E-07 9.513E-01 0.638E+00 4.458E-01  1.407E+00 -5.351E-03
#  1.000E+00 2.909E-06 2.730E-06 1.784E-07 9.387E-01 0.624E+00 3.676E-01  1.406E+00 -6.381E-03
#  1.250E+00 1.841E-06 1.677E-06 1.636E-07 9.111E-01 0.591E+00 2.326E-01  1.400E+00 -7.825E-03
#  1.500E+00 1.264E-06 1.109E-06 1.551E-07 8.773E-01 0.559E+00 1.597E-01  1.399E+00 -9.379E-03
#  1.750E+00 8.021E-07 7.031E-07 9.897E-08 8.766E-01 0.534E+00 1.014E-01  1.378E+00 -7.262E-03
#  2.000E+00 4.945E-07 4.488E-07 4.567E-08 9.076E-01 0.510E+00 6.249E-02  1.353E+00 -3.940E-03
#  2.500E+00 2.660E-07 2.130E-07 5.300E-08 8.007E-01 0.462E+00 3.361E-02  1.326E+00 -5.963E-03
#  3.000E+00 1.289E-06 1.614E-07 1.127E-06 1.253E-01 0.375E+00 1.628E-01  1.391E+00 -1.691E-01
#  3.200E+00 5.505E-07 1.873E-07 3.631E-07 3.403E-01 0.391E+00 6.956E-02  1.458E+00 -5.766E-02
#  3.390E+00 2.473E-07 1.474E-07 9.987E-08 5.961E-01 0.389E+00 3.125E-02  1.426E+00 -1.652E-02
#  3.500E+00 1.777E-07 1.333E-07 4.441E-08 7.501E-01 0.384E+00 2.246E-02  1.421E+00 -7.589E-03
#  3.750E+00 1.210E-07 1.008E-07 2.016E-08 8.334E-01 0.370E+00 1.529E-02  1.403E+00 -3.706E-03
#  4.000E+00 1.033E-07 7.910E-08 2.415E-08 7.661E-01 0.355E+00 1.305E-02  1.394E+00 -4.765E-03
#  4.500E+00 1.107E-07 5.185E-08 5.886E-08 4.684E-01 0.327E+00 1.399E-02  1.385E+00 -1.324E-02
#  5.000E+00 8.432E-08 3.571E-08 4.861E-08 4.235E-01 0.304E+00 1.066E-02  1.376E+00 -1.224E-02
#  5.500E+00 7.502E-08 2.357E-08 5.146E-08 3.141E-01 0.282E+00 9.481E-03  1.356E+00 -1.423E-02
#  6.000E+00 2.557E-07 1.451E-08 2.412E-07 5.676E-02 0.249E+00 3.231E-02  1.325E+00 -7.243E-02
#  6.200E+00 2.138E-07 1.847E-08 1.953E-07 8.637E-02 0.249E+00 2.702E-02  1.391E+00 -6.289E-02
#  6.500E+00 1.244E-07 1.583E-08 1.085E-07 1.273E-01 0.245E+00 1.572E-02  1.389E+00 -3.665E-02
#  7.200E+00 1.387E-07 9.061E-09 1.296E-07 6.534E-02 0.220E+00 1.753E-02  1.348E+00 -4.770E-02
#  7.900E+00 1.249E-07 3.650E-09 1.212E-07 2.923E-02 0.194E+00 1.578E-02  1.255E+00 -4.670E-02
#  8.200E+00 1.624E-07 1.591E-09 1.608E-07 9.801E-03 0.178E+00 2.052E-02  1.172E+00 -6.181E-02
#  8.500E+00 2.639E-07 3.808E-09 2.600E-07 1.443E-02 0.175E+00 3.334E-02  1.287E+00 -1.101E-01
#  8.700E+00 2.604E-07 1.823E-08 2.422E-07 7.001E-02 0.204E+00 3.291E-02  1.736E+00 -1.417E-01
#  9.000E+00 2.950E-07 1.839E-08 2.766E-07 6.235E-02 0.198E+00 3.728E-02  1.796E+00 -1.758E-01
#  9.200E+00 3.506E-07 1.214E-08 3.385E-07 3.462E-02 0.180E+00 4.431E-02  1.644E+00 -1.973E-01
#  9.500E+00 1.733E-07 7.709E-09 1.656E-07 4.448E-02 0.180E+00 2.190E-02  1.534E+00 -9.198E-02
#  9.800E+00 1.267E-07 5.978E-09 1.207E-07 4.719E-02 0.174E+00 1.601E-02  1.493E+00 -6.729E-02
#  1.000E+01 1.247E-07 5.017E-09 1.197E-07 4.022E-02 0.169E+00 1.576E-02  1.466E+00 -6.693E-02
#  1.060E+01 1.223E-07 3.342E-09 1.190E-07 2.733E-02 0.156E+00 1.546E-02  1.418E+00 -6.847E-02
#  1.100E+01 1.349E-07 2.540E-09 1.324E-07 1.883E-02 0.146E+00 1.705E-02  1.386E+00 -7.754E-02
#  1.150E+01 1.735E-07 1.850E-09 1.717E-07 1.066E-02 0.135E+00 2.193E-02  1.350E+00 -1.029E-01
#  1.250E+01 2.721E-07 1.392E-09 2.707E-07 5.117E-03 0.116E+00 3.439E-02  1.328E+00 -1.742E-01
#  1.300E+01 3.005E-07 1.366E-09 2.992E-07 4.546E-03 0.110E+00 3.798E-02  1.341E+00 -2.021E-01
#  1.400E+01 3.385E-07 1.226E-09 3.373E-07 3.622E-03 0.993E-01 4.278E-02  1.354E+00 -2.478E-01
#  1.480E+01 3.589E-07 1.002E-09 3.579E-07 2.791E-03 0.908E-01 4.535E-02  1.333E+00 -2.742E-01
#  1.500E+01 4.121E-07 1.081E-09 4.111E-07 2.622E-03 0.870E-01 5.208E-02  1.332E+00 -3.189E-01
#  1.640E+01 3.293E-07 1.249E-09 3.280E-07 3.794E-03 0.877E-01 4.161E-02  1.512E+00 -3.171E-01
#  1.720E+01 3.075E-07 1.537E-09 3.060E-07 4.999E-03 0.895E-01 3.886E-02  1.672E+00 -3.520E-01
#  1.800E+01 2.752E-07 1.213E-09 2.740E-07 4.408E-03 0.854E-01 3.478E-02  1.652E+00 -3.247E-01
#  1.850E+01 2.705E-07 9.969E-10 2.695E-07 3.686E-03 0.810E-01 3.418E-02  1.611E+00 -3.177E-01
#  2.000E+01 2.276E-07 9.644E-10 2.267E-07 4.237E-03 0.801E-01 2.877E-02  1.743E+00 -3.218E-01
#  2.130E+01 2.138E-07 7.316E-10 2.130E-07 3.423E-03 0.736E-01 2.701E-02  1.725E+00 -3.177E-01
#  2.250E+01 2.039E-07 5.755E-10 2.033E-07 2.822E-03 0.681E-01 2.577E-02  1.709E+00 -3.165E-01
#  2.500E+01 1.931E-07 3.627E-10 1.927E-07 1.878E-03 0.579E-01 2.440E-02  1.675E+00 -3.247E-01
#  2.790E+01 1.704E-07 2.328E-10 1.702E-07 1.366E-03 0.499E-01 2.154E-02  1.669E+00 -3.188E-01
#  3.000E+01 1.581E-07 1.727E-10 1.579E-07 1.092E-03 0.449E-01 1.998E-02  1.662E+00 -3.165E-01
#  3.500E+01 1.508E-07 1.050E-10 1.507E-07 6.963E-04 0.360E-01 1.906E-02  1.692E+00 -3.623E-01
#  4.000E+01 1.608E-07 6.452E-11 1.607E-07 4.013E-04 0.280E-01 2.032E-02  1.659E+00 -4.323E-01
#
# volume phase function [1/km]:
# -----------------------------
#
# sca.ang. | wavelengths --->
# ---------|------------------
#          | 2.500E-01 3.000E-01 3.500E-01 4.000E-01 4.500E-01 5.000E-01 5.500E-01 6.000E-01 6.500E-01 7.000E-01 7.500E-01 8.000E-01 9.000E-01 1.000E+00 1.250E+00 1.500E+00 1.750E+00 2.000E+00 2.500E+00 3.000E+00 3.200E+00 3.390E+00 3.500E+00 3.750E+00 4.000E+00 4.500E+00 5.000E+00 5.500E+00 6.000E+00 6.200E+00 6.500E+00 7.200E+00 7.900E+00 8.200E+00 8.500E+00 8.700E+00 9.000E+00 9.200E+00 9.500E+00 9.800E+00 1.000E+01 1.060E+01 1.100E+01 1.150E+01 1.250E+01 1.300E+01 1.400E+01 1.480E+01 1.500E+01 1.640E+01 1.720E+01 1.800E+01 1.850E+01 2.000E+01 2.130E+01 2.250E+01 2.500E+01 2.790E+01 3.000E+01 3.500E+01 4.000E+01
#
  0.000E+00  3.701E-05 2.827E-05 2.181E-05 1.718E-05 1.376E-05 1.120E-05 9.204E-06 7.654E-06 6.418E-06 5.437E-06 4.622E-06 3.929E-06 2.927E-06 2.225E-06 1.193E-06 6.990E-07 4.110E-07 2.467E-07 1.018E-07 5.663E-08 6.625E-08 5.258E-08 4.704E-08 3.444E-08 2.599E-08 1.573E-08 1.015E-08 6.320E-09 3.545E-09 4.440E-09 3.764E-09 2.021E-09 7.698E-10 3.228E-10 7.500E-10 3.586E-09 3.539E-09 2.289E-09 1.477E-09 1.137E-09 9.445E-10 6.108E-10 4.541E-10 3.208E-10 2.288E-10 2.204E-10 1.916E-10 1.529E-10 1.632E-10 1.873E-10 2.297E-10 1.796E-10 1.462E-10 1.402E-10 1.048E-10 8.132E-11 5.000E-11 3.146E-11 2.304E-11 1.369E-11 8.249E-12
  1.000E-01  3.701E-05 2.826E-05 2.180E-05 1.718E-05 1.376E-05 1.120E-05 9.203E-06 7.653E-06 6.418E-06 5.437E-06 4.622E-06 3.929E-06 2.927E-06 2.225E-06 1.193E-06 6.990E-07 4.110E-07 2.467E-07 1.018E-07 5.663E-08 6.625E-08 5.258E-08 4.704E-08 3.444E-08 2.599E-08 1.573E-08 1.015E-08 6.320E-09 3.545E-09 4.440E-09 3.764E-09 2.021E-09 7.698E-10 3.228E-10 7.500E-10 3.586E-09 3.539E-09 2.289E-09 1.477E-09 1.137E-09 9.445E-10 6.108E-10 4.541E-10 3.208E-10 2.288E-10 2.204E-10 1.916E-10 1.529E-10 1.632E-10 1.873E-10 2.297E-10 1.796E-10 1.462E-10 1.402E-10 1.048E-10 8.132E-11 5.000E-11 3.146E-11 2.304E-11 1.369E-11 8.249E-12
  2.000E-01  3.699E-05 2.825E-05 2.180E-05 1.718E-05 1.376E-05 1.119E-05 9.202E-06 7.653E-06 6.417E-06 5.437E-06 4.622E-06 3.928E-06 2.926E-06 2.225E-06 1.193E-06 6.989E-07 4.110E-07 2.467E-07 1.018E-07 5.663E-08 6.625E-08 5.258E-08 4.704E-08 3.444E-08 2.599E-08 1.573E-08 1.015E-08 6.320E-09 3.545E-09 4.440E-09 3.764E-09 2.021E-09 7.698E-10 3.228E-10 7.500E-10 3.586E-09 3.539E-09 2.289E-09 1.477E-09 1.137E-09 9.445E-10 6.108E-10 4.541E-10 3.208E-10 2.288E-10 2.204E-10 1.916E-10 1.529E-10 1.632E-10 1.873E-10 2.297E-10 1.796E-10 1.462E-10 1.402E-10 1.048E-10 8.132E-11 5.000E-11 3.146E-11 2.304E-11 1.369E-11 8.249E-12
  3.000E-01  3.695E-05 2.823E-05 2.179E-05 1.717E-05 1.376E-05 1.119E-05 9.200E-06 7.651E-06 6.416E-06 5.436E-06 4.621E-06 3.928E-06 2.926E-06 2.225E-06 1.193E-06 6.989E-07 4.110E-07 2.467E-07 1.018E-07 5.662E-08 6.625E-08 5.258E-08 4.704E-08 3.444E-08 2.599E-08 1.573E-08 1.015E-08 6.320E-09 3.545E-09 4.439E-09 3.764E-09 2.021E-09 7.698E-10 3.228E-10 7.500E-10 3.586E-09 3.539E-09 2.289E-09 1.477E-09 1.137E-09 9.445E-10 6.108E-10 4.541E-10 3.208E-10 2.288E-10 2.204E-10 1.916E-10 1.529E-10 1.632E-10 1.873E-10 2.297E-10 1.796E-10 1.462E-10 1.402E-10 1.047E-10 8.132E-11 5.000E-11 3.146E-11 2.304E-11 1.369E-11 8.249E-12
  4.000E-01  3.690E-05 2.821E-05 2.177E-05 1.716E-05 1.375E-05 1.119E-05 9.197E-06 7.649E-06 6.414E-06 5.434E-06 4.620E-06 3.927E-06 2.925E-06 2.225E-06 1.193E-06 6.988E-07 4.109E-07 2.466E-07 1.018E-07 5.662E-08 6.624E-08 5.258E-08 4.704E-08 3.444E-08 2.599E-08 1.573E-08 1.015E-08 6.319E-09 3.545E-09 4.439E-09 3.764E-09 2.021E-09 7.698E-10 3.227E-10 7.500E-10 3.586E-09 3.539E-09 2.289E-09 1.477E-09 1.137E-09 9.445E-10 6.107E-10 4.541E-10 3.208E-10 2.288E-10 2.204E-10 1.916E-10 1.529E-10 1.632E-10 1.873E-10 2.297E-10 1.796E-10 1.462E-10 1.402E-10 1.047E-10 8.132E-11 5.000E-11 3.146E-11 2.304E-11 1.369E-11 8.249E-12
  5.000E-01  3.684E-05 2.818E-05 2.175E-05 1.715E-05 1.374E-05 1.118E-05 9.193E-06 7.646E-06 6.412E-06 5.433E-06 4.619E-06 3.926E-06 2.925E-06 2.224E-06 1.193E-06 6.987E-07 4.109E-07 2.466E-07 1.018E-07 5.662E-08 6.624E-08 5.257E-08 4.704E-08 3.444E-08 2.599E-08 1.572E-08 1.015E-08 6.319E-09 3.544E-09 4.439E-09 3.763E-09 2.021E-09 7.697E-10 3.227E-10 7.500E-10 3.586E-09 3.539E-09 2.289E-09 1.477E-09 1.137E-09 9.445E-10 6.107E-10 4.540E-10 3.208E-10 2.288E-10 2.204E-10 1.916E-10 1.529E-10 1.632E-10 1.873E-10 2.297E-10 1.796E-10 1.462E-10 1.402E-10 1.047E-10 8.132E-11 5.000E-11 3.146E-11 2.304E-11 1.369E-11 8.249E-12
  6.000E-01  3.677E-05 2.814E-05 2.173E-05 1.714E-05 1.373E-05 1.118E-05 9.189E-06 7.643E-06 6.410E-06 5.431E-06 4.618E-06 3.925E-06 2.924E-06 2.224E-06 1.192E-06 6.986E-07 4.108E-07 2.466E-07 1.018E-07 5.661E-08 6.624E-08 5.257E-08 4.703E-08 3.443E-08 2.599E-08 1.572E-08 1.015E-08 6.319E-09 3.544E-09 4.439E-09 3.763E-09 2.021E-09 7.697E-10 3.227E-10 7.500E-10 3.585E-09 3.539E-09 2.289E-09 1.477E-09 1.137E-09 9.445E-10 6.107E-10 4.540E-10 3.208E-10 2.288E-10 2.204E-10 1.916E-10 1.529E-10 1.632E-10 1.873E-10 2.297E-10 1.796E-10 1.462E-10 1.402E-10 1.047E-10 8.132E-11 5.000E-11 3.146E-11 2.304E-11 1.369E-11 8.249E-12
  7.000E-01  3.669E-05 2.810E-05 2.171E-05 1.712E-05 1.372E-05 1.117E-05 9.184E-06 7.639E-06 6.407E-06 5.429E-06 4.616E-06 3.924E-06 2.923E-06 2.223E-06 1.192E-06 6.985E-07 4.108E-07 2.465E-07 1.018E-07 5.661E-08 6.623E-08 5.256E-08 4.703E-08 3.443E-08 2.598E-08 1.572E-08 1.015E-08 6.318E-09 3.544E-09 4.439E-09 3.763E-09 2.021E-09 7.697E-10 3.227E-10 7.499E-10 3.585E-09 3.539E-09 2.289E-09 1.477E-09 1.137E-09 9.444E-10 6.107E-10 4.540E-10 3.208E-10 2.288E-10 2.204E-10 1.916E-10 1.529E-10 1.632E-10 1.873E-10 2.297E-10 1.796E-10 1.462E-10 1.402E-10 1.047E-10 8.132E-11 5.000E-11 3.146E-11 2.304E-11 1.369E-11 8.248E-12
  8.000E-01  3.659E-05 2.805E-05 2.168E-05 1.710E-05 1.371E-05 1.116E-05 9.178E-06 7.635E-06 6.403E-06 5.426E-06 4.614E-06 3.922E-06 2.922E-06 2.222E-06 1.192E-06 6.983E-07 4.107E-07 2.465E-07 1.017E-07 5.660E-08 6.622E-08 5.256E-08 4.702E-08 3.443E-08 2.598E-08 1.572E-08 1.015E-08 6.318E-09 3.544E-09 4.438E-09 3.763E-09 2.021E-09 7.696E-10 3.227E-10 7.499E-10 3.585E-09 3.539E-09 2.289E-09 1.477E-09 1.137E-09 9.444E-10 6.107E-10 4.540E-10 3.208E-10 2.288E-10 2.203E-10 1.916E-10 1.529E-10 1.632E-10 1.873E-10 2.297E-10 1.795E-10 1.462E-10 1.402E-10 1.047E-10 8.132E-11 4.999E-11 3.146E-11 2.304E-11 1.369E-11 8.248E-12
  9.000E-01  3.649E-05 2.799E-05 2.165E-05 1.708E-05 1.370E-05 1.115E-05 9.171E-06 7.630E-06 6.400E-06 5.423E-06 4.611E-06 3.920E-06 2.921E-06 2.221E-06 1.191E-06 6.981E-07 4.106E-07 2.464E-07 1.017E-07 5.659E-08 6.622E-08 5.255E-08 4.702E-08 3.442E-08 2.598E-08 1.572E-08 1.015E-08 6.317E-09 3.544E-09 4.438E-09 3.763E-09 2.021E-09 7.696E-10 3.227E-10 7.499E-10 3.585E-09 3.539E-09 2.289E-09 1.476E-09 1.137E-09 9.443E-10 6.106E-10 4.540E-10 3.207E-10 2.288E-10 2.203E-10 1.916E-10 1.529E-10 1.632E-10 1.872E-10 2.297E-10 1.795E-10 1.461E-10 1.402E-10 1.047E-10 8.131E-11 4.999E-11 3.146E-11 2.304E-11 1.369E-11 8.248E-12
  1.000E+00  3.637E-05 2.793E-05 2.161E-05 1.706E-05 1.368E-05 1.114E-05 9.163E-06 7.624E-06 6.395E-06 5.420E-06 4.609E-06 3.918E-06 2.920E-06 2.221E-06 1.191E-06 6.979E-07 4.105E-07 2.464E-07 1.017E-07 5.659E-08 6.621E-08 5.255E-08 4.701E-08 3.442E-08 2.598E-08 1.572E-08 1.015E-08 6.317E-09 3.543E-09 4.438E-09 3.762E-09 2.020E-09 7.695E-10 3.226E-10 7.498E-10 3.585E-09 3.538E-09 2.289E-09 1.476E-09 1.137E-09 9.443E-10 6.106E-10 4.540E-10 3.207E-10 2.287E-10 2.203E-10 1.916E-10 1.529E-10 1.632E-10 1.872E-10 2.297E-10 1.795E-10 1.461E-10 1.402E-10 1.047E-10 8.131E-11 4.999E-11 3.146E-11 2.304E-11 1.369E-11 8.248E-12
  1.100E+00  3.625E-05 2.786E-05 2.157E-05 1.704E-05 1.367E-05 1.113E-05 9.155E-06 7.618E-06 6.391E-06 5.416E-06 4.606E-06 3.916E-06 2.918E-06 2.220E-06 1.191E-06 6.977E-07 4.104E-07 2.463E-07 1.017E-07 5.658E-08 6.620E-08 5.254E-08 4.701E-08 3.441E-08 2.597E-08 1.572E-08 1.015E-08 6.316E-09 3.543E-09 4.437E-09 3.762E-09 2.020E-09 7.695E-10 3.226E-10 7.498E-10 3.585E-09 3.538E-09 2.289E-09 1.476E-09 1.137E-09 9.442E-10 6.106E-10 4.539E-10 3.207E-10 2.287E-10 2.203E-10 1.916E-10 1.529E-10 1.632E-10 1.872E-10 2.297E-10 1.795E-10 1.461E-10 1.402E-10 1.047E-10 8.131E-11 4.999E-11 3.146E-11 2.304E-11 1.369E-11 8.247E-12
  1.200E+00  3.611E-05 2.779E-05 2.153E-05 1.701E-05 1.365E-05 1.112E-05 9.146E-06 7.611E-06 6.386E-06 5.412E-06 4.603E-06 3.913E-06 2.917E-06 2.218E-06 1.190E-06 6.975E-07 4.102E-07 2.462E-07 1.017E-07 5.657E-08 6.619E-08 5.253E-08 4.700E-08 3.441E-08 2.597E-08 1.571E-08 1.014E-08 6.315E-09 3.543E-09 4.437E-09 3.762E-09 2.020E-09 7.694E-10 3.226E-10 7.497E-10 3.584E-09 3.538E-09 2.289E-09 1.476E-09 1.137E-09 9.442E-10 6.105E-10 4.539E-10 3.207E-10 2.287E-10 2.203E-10 1.916E-10 1.529E-10 1.632E-10 1.872E-10 2.297E-10 1.795E-10 1.461E-10 1.402E-10 1.047E-10 8.130E-11 4.999E-11 3.146E-11 2.304E-11 1.369E-11 8.247E-12
  1.300E+00  3.597E-05 2.772E-05 2.148E-05 1.698E-05 1.363E-05 1.110E-05 9.136E-06 7.604E-06 6.380E-06 5.408E-06 4.600E-06 3.911E-06 2.915E-06 2.217E-06 1.190E-06 6.972E-07 4.101E-07 2.462E-07 1.016E-07 5.656E-08 6.618E-08 5.252E-08 4.699E-08 3.440E-08 2.596E-08 1.571E-08 1.014E-08 6.315E-09 3.542E-09 4.437E-09 3.761E-09 2.020E-09 7.693E-10 3.226E-10 7.496E-10 3.584E-09 3.538E-09 2.288E-09 1.476E-09 1.137E-09 9.441E-10 6.105E-10 4.539E-10 3.207E-10 2.287E-10 2.203E-10 1.916E-10 1.529E-10 1.632E-10 1.872E-10 2.297E-10 1.795E-10 1.461E-10 1.402E-10 1.047E-10 8.130E-11 4.999E-11 3.145E-11 2.304E-11 1.369E-11 8.247E-12
  1.400E+00  3.583E-05 2.764E-05 2.143E-05 1.695E-05 1.361E-05 1.109E-05 9.126E-06 7.597E-06 6.374E-06 5.404E-06 4.596E-06 3.908E-06 2.913E-06 2.216E-06 1.189E-06 6.970E-07 4.100E-07 2.461E-07 1.016E-07 5.655E-08 6.616E-08 5.251E-08 4.698E-08 3.440E-08 2.596E-08 1.571E-08 1.014E-08 6.314E-09 3.542E-09 4.436E-09 3.761E-09 2.020E-09 7.692E-10 3.225E-10 7.496E-10 3.584E-09 3.538E-09 2.288E-09 1.476E-09 1.137E-09 9.440E-10 6.104E-10 4.538E-10 3.206E-10 2.287E-10 2.203E-10 1.915E-10 1.529E-10 1.632E-10 1.872E-10 2.296E-10 1.795E-10 1.461E-10 1.402E-10 1.047E-10 8.130E-11 4.998E-11 3.145E-11 2.304E-11 1.369E-11 8.246E-12
  1.500E+00  3.567E-05 2.755E-05 2.138E-05 1.692E-05 1.359E-05 1.107E-05 9.114E-06 7.588E-06 6.368E-06 5.399E-06 4.592E-06 3.905E-06 2.911E-06 2.215E-06 1.188E-06 6.967E-07 4.098E-07 2.460E-07 1.016E-07 5.653E-08 6.615E-08 5.250E-08 4.697E-08 3.439E-08 2.596E-08 1.571E-08 1.014E-08 6.313E-09 3.541E-09 4.435E-09 3.760E-09 2.019E-09 7.692E-10 3.225E-10 7.495E-10 3.584E-09 3.537E-09 2.288E-09 1.476E-09 1.137E-09 9.440E-10 6.104E-10 4.538E-10 3.206E-10 2.287E-10 2.203E-10 1.915E-10 1.529E-10 1.632E-10 1.872E-10 2.296E-10 1.795E-10 1.461E-10 1.402E-10 1.047E-10 8.129E-11 4.998E-11 3.145E-11 2.303E-11 1.369E-11 8.246E-12
  1.600E+00  3.551E-05 2.746E-05 2.133E-05 1.688E-05 1.356E-05 1.106E-05 9.103E-06 7.580E-06 6.362E-06 5.394E-06 4.588E-06 3.902E-06 2.909E-06 2.213E-06 1.188E-06 6.963E-07 4.096E-07 2.459E-07 1.015E-07 5.652E-08 6.614E-08 5.249E-08 4.696E-08 3.438E-08 2.595E-08 1.570E-08 1.014E-08 6.312E-09 3.541E-09 4.435E-09 3.760E-09 2.019E-09 7.691E-10 3.225E-10 7.494E-10 3.583E-09 3.537E-09 2.288E-09 1.476E-09 1.137E-09 9.439E-10 6.103E-10 4.538E-10 3.206E-10 2.287E-10 2.202E-10 1.915E-10 1.529E-10 1.632E-10 1.872E-10 2.296E-10 1.795E-10 1.461E-10 1.402E-10 1.047E-10 8.129E-11 4.998E-11 3.145E-11 2.303E-11 1.369E-11 8.246E-12
  1.700E+00  3.535E-05 2.737E-05 2.128E-05 1.685E-05 1.354E-05 1.104E-05 9.090E-06 7.570E-06 6.355E-06 5.388E-06 4.584E-06 3.898E-06 2.907E-06 2.212E-06 1.187E-06 6.960E-07 4.095E-07 2.458E-07 1.015E-07 5.651E-08 6.612E-08 5.248E-08 4.695E-08 3.438E-08 2.595E-08 1.570E-08 1.014E-08 6.311E-09 3.540E-09 4.434E-09 3.759E-09 2.019E-09 7.690E-10 3.224E-10 7.493E-10 3.583E-09 3.537E-09 2.288E-09 1.476E-09 1.136E-09 9.438E-10 6.103E-10 4.537E-10 3.206E-10 2.286E-10 2.202E-10 1.915E-10 1.528E-10 1.631E-10 1.872E-10 2.296E-10 1.795E-10 1.461E-10 1.402E-10 1.047E-10 8.128E-11 4.997E-11 3.145E-11 2.303E-11 1.369E-11 8.245E-12
  1.800E+00  3.518E-05 2.727E-05 2.122E-05 1.681E-05 1.351E-05 1.102E-05 9.077E-06 7.561E-06 6.347E-06 5.382E-06 4.580E-06 3.895E-06 2.904E-06 2.210E-06 1.186E-06 6.957E-07 4.093E-07 2.457E-07 1.015E-07 5.649E-08 6.611E-08 5.247E-08 4.694E-08 3.437E-08 2.594E-08 1.570E-08 1.013E-08 6.310E-09 3.540E-09 4.434E-09 3.759E-09 2.019E-09 7.689E-10 3.224E-10 7.493E-10 3.583E-09 3.536E-09 2.288E-09 1.475E-09 1.136E-09 9.437E-10 6.102E-10 4.537E-10 3.205E-10 2.286E-10 2.202E-10 1.915E-10 1.528E-10 1.631E-10 1.872E-10 2.296E-10 1.795E-10 1.461E-10 1.402E-10 1.047E-10 8.128E-11 4.997E-11 3.145E-11 2.303E-11 1.369E-11 8.245E-12
  1.900E+00  3.500E-05 2.718E-05 2.116E-05 1.677E-05 1.349E-05 1.100E-05 9.063E-06 7.551E-06 6.339E-06 5.376E-06 4.575E-06 3.891E-06 2.902E-06 2.208E-06 1.186E-06 6.953E-07 4.091E-07 2.456E-07 1.014E-07 5.648E-08 6.609E-08 5.245E-08 4.693E-08 3.436E-08 2.593E-08 1.569E-08 1.013E-08 6.309E-09 3.539E-09 4.433E-09 3.758E-09 2.018E-09 7.688E-10 3.223E-10 7.492E-10 3.582E-09 3.536E-09 2.287E-09 1.475E-09 1.136E-09 9.436E-10 6.102E-10 4.536E-10 3.205E-10 2.286E-10 2.202E-10 1.915E-10 1.528E-10 1.631E-10 1.871E-10 2.296E-10 1.794E-10 1.461E-10 1.401E-10 1.047E-10 8.127E-11 4.997E-11 3.144E-11 2.303E-11 1.369E-11 8.244E-12
  2.000E+00  3.482E-05 2.707E-05 2.109E-05 1.673E-05 1.346E-05 1.098E-05 9.049E-06 7.540E-06 6.331E-06 5.370E-06 4.570E-06 3.887E-06 2.899E-06 2.207E-06 1.185E-06 6.949E-07 4.089E-07 2.455E-07 1.014E-07 5.646E-08 6.607E-08 5.244E-08 4.692E-08 3.435E-08 2.593E-08 1.569E-08 1.013E-08 6.307E-09 3.539E-09 4.432E-09 3.758E-09 2.018E-09 7.687E-10 3.223E-10 7.491E-10 3.582E-09 3.536E-09 2.287E-09 1.475E-09 1.136E-09 9.435E-10 6.101E-10 4.536E-10 3.205E-10 2.286E-10 2.202E-10 1.915E-10 1.528E-10 1.631E-10 1.871E-10 2.296E-10 1.794E-10 1.461E-10 1.401E-10 1.047E-10 8.127E-11 4.997E-11 3.144E-11 2.303E-11 1.369E-11 8.244E-12
  3.000E+00  3.285E-05 2.592E-05 2.038E-05 1.625E-05 1.313E-05 1.075E-05 8.876E-06 7.411E-06 6.232E-06 5.292E-06 4.509E-06 3.838E-06 2.866E-06 2.184E-06 1.175E-06 6.899E-07 4.062E-07 2.440E-07 1.008E-07 5.626E-08 6.585E-08 5.226E-08 4.676E-08 3.424E-08 2.585E-08 1.565E-08 1.010E-08 6.292E-09 3.531E-09 4.423E-09 3.750E-09 2.014E-09 7.672E-10 3.217E-10 7.479E-10 3.577E-09 3.531E-09 2.284E-09 1.473E-09 1.134E-09 9.422E-10 6.093E-10 4.530E-10 3.201E-10 2.283E-10 2.199E-10 1.913E-10 1.527E-10 1.629E-10 1.869E-10 2.293E-10 1.793E-10 1.459E-10 1.400E-10 1.046E-10 8.119E-11 4.992E-11 3.141E-11 2.301E-11 1.367E-11 8.237E-12
  4.000E+00  3.074E-05 2.463E-05 1.954E-05 1.568E-05 1.273E-05 1.046E-05 8.658E-06 7.246E-06 6.104E-06 5.192E-06 4.428E-06 3.773E-06 2.823E-06 2.154E-06 1.161E-06 6.832E-07 4.025E-07 2.419E-07 1.001E-07 5.597E-08 6.554E-08 5.201E-08 4.654E-08 3.408E-08 2.573E-08 1.558E-08 1.007E-08 6.270E-09 3.520E-09 4.410E-09 3.739E-09 2.009E-09 7.653E-10 3.209E-10 7.462E-10 3.570E-09 3.525E-09 2.280E-09 1.470E-09 1.132E-09 9.403E-10 6.081E-10 4.521E-10 3.195E-10 2.279E-10 2.196E-10 1.910E-10 1.524E-10 1.627E-10 1.867E-10 2.290E-10 1.790E-10 1.457E-10 1.398E-10 1.044E-10 8.109E-11 4.986E-11 3.138E-11 2.298E-11 1.366E-11 8.228E-12
  5.000E+00  2.863E-05 2.329E-05 1.865E-05 1.505E-05 1.228E-05 1.012E-05 8.407E-06 7.054E-06 5.953E-06 5.072E-06 4.333E-06 3.696E-06 2.771E-06 2.118E-06 1.145E-06 6.748E-07 3.980E-07 2.393E-07 9.916E-08 5.562E-08 6.515E-08 5.169E-08 4.626E-08 3.388E-08 2.559E-08 1.550E-08 1.002E-08 6.242E-09 3.506E-09 4.394E-09 3.726E-09 2.002E-09 7.627E-10 3.199E-10 7.440E-10 3.562E-09 3.517E-09 2.274E-09 1.467E-09 1.129E-09 9.380E-10 6.066E-10 4.511E-10 3.188E-10 2.275E-10 2.191E-10 1.906E-10 1.521E-10 1.624E-10 1.863E-10 2.286E-10 1.787E-10 1.455E-10 1.396E-10 1.043E-10 8.096E-11 4.978E-11 3.133E-11 2.295E-11 1.364E-11 8.216E-12
  6.000E+00  2.661E-05 2.195E-05 1.773E-05 1.439E-05 1.180E-05 9.765E-06 8.133E-06 6.843E-06 5.786E-06 4.939E-06 4.225E-06 3.608E-06 2.711E-06 2.075E-06 1.126E-06 6.649E-07 3.926E-07 2.363E-07 9.805E-08 5.519E-08 6.468E-08 5.132E-08 4.593E-08 3.365E-08 2.542E-08 1.541E-08 9.962E-09 6.209E-09 3.489E-09 4.374E-09 3.709E-09 1.994E-09 7.597E-10 3.186E-10 7.414E-10 3.551E-09 3.507E-09 2.268E-09 1.462E-09 1.126E-09 9.351E-10 6.048E-10 4.498E-10 3.179E-10 2.269E-10 2.186E-10 1.901E-10 1.518E-10 1.620E-10 1.859E-10 2.281E-10 1.783E-10 1.452E-10 1.393E-10 1.041E-10 8.080E-11 4.969E-11 3.127E-11 2.290E-11 1.361E-11 8.201E-12
  8.000E+00  2.292E-05 1.939E-05 1.591E-05 1.306E-05 1.081E-05 9.009E-06 7.546E-06 6.382E-06 5.419E-06 4.642E-06 3.984E-06 3.410E-06 2.574E-06 1.978E-06 1.080E-06 6.414E-07 3.798E-07 2.289E-07 9.537E-08 5.414E-08 6.353E-08 5.038E-08 4.510E-08 3.306E-08 2.499E-08 1.517E-08 9.821E-09 6.126E-09 3.447E-09 4.325E-09 3.668E-09 1.973E-09 7.520E-10 3.155E-10 7.349E-10 3.525E-09 3.482E-09 2.251E-09 1.451E-09 1.117E-09 9.279E-10 6.003E-10 4.464E-10 3.156E-10 2.254E-10 2.172E-10 1.890E-10 1.509E-10 1.611E-10 1.849E-10 2.269E-10 1.774E-10 1.444E-10 1.386E-10 1.035E-10 8.040E-11 4.944E-11 3.112E-11 2.280E-11 1.355E-11 8.164E-12
  1.000E+01  1.974E-05 1.707E-05 1.420E-05 1.177E-05 9.820E-06 8.240E-06 6.940E-06 5.897E-06 5.027E-06 4.323E-06 3.722E-06 3.193E-06 2.422E-06 1.869E-06 1.028E-06 6.141E-07 3.647E-07 2.203E-07 9.218E-08 5.287E-08 6.211E-08 4.924E-08 4.409E-08 3.234E-08 2.446E-08 1.488E-08 9.646E-09 6.023E-09 3.395E-09 4.264E-09 3.617E-09 1.947E-09 7.424E-10 3.116E-10 7.267E-10 3.492E-09 3.450E-09 2.230E-09 1.437E-09 1.106E-09 9.188E-10 5.945E-10 4.423E-10 3.128E-10 2.235E-10 2.154E-10 1.875E-10 1.498E-10 1.599E-10 1.836E-10 2.253E-10 1.762E-10 1.434E-10 1.377E-10 1.029E-10 7.988E-11 4.913E-11 3.093E-11 2.266E-11 1.347E-11 8.117E-12
  1.200E+01  1.703E-05 1.500E-05 1.262E-05 1.056E-05 8.871E-06 7.488E-06 6.339E-06 5.410E-06 4.631E-06 3.996E-06 3.451E-06 2.967E-06 2.262E-06 1.753E-06 9.721E-07 5.841E-07 3.480E-07 2.106E-07 8.859E-08 5.141E-08 6.048E-08 4.792E-08 4.292E-08 3.150E-08 2.385E-08 1.454E-08 9.441E-09 5.902E-09 3.334E-09 4.191E-09 3.556E-09 1.916E-09 7.311E-10 3.070E-10 7.169E-10 3.452E-09 3.412E-09 2.205E-09 1.420E-09 1.093E-09 9.079E-10 5.877E-10 4.373E-10 3.093E-10 2.212E-10 2.133E-10 1.858E-10 1.484E-10 1.585E-10 1.820E-10 2.235E-10 1.747E-10 1.422E-10 1.366E-10 1.020E-10 7.925E-11 4.876E-11 3.070E-11 2.249E-11 1.337E-11 8.060E-12
  1.400E+01  1.473E-05 1.317E-05 1.119E-05 9.434E-06 7.978E-06 6.772E-06 5.760E-06 4.936E-06 4.241E-06 3.673E-06 3.181E-06 2.741E-06 2.100E-06 1.634E-06 9.135E-07 5.524E-07 3.302E-07 2.003E-07 8.472E-08 4.980E-08 5.867E-08 4.646E-08 4.162E-08 3.057E-08 2.318E-08 1.416E-08 9.211E-09 5.766E-09 3.265E-09 4.109E-09 3.487E-09 1.882E-09 7.183E-10 3.017E-10 7.056E-10 3.406E-09 3.369E-09 2.176E-09 1.400E-09 1.078E-09 8.954E-10 5.797E-10 4.315E-10 3.054E-10 2.186E-10 2.109E-10 1.837E-10 1.468E-10 1.568E-10 1.802E-10 2.212E-10 1.730E-10 1.409E-10 1.353E-10 1.011E-10 7.852E-11 4.832E-11 3.043E-11 2.230E-11 1.326E-11 7.993E-12
  1.600E+01  1.276E-05 1.156E-05 9.902E-06 8.407E-06 7.150E-06 6.101E-06 5.211E-06 4.483E-06 3.866E-06 3.359E-06 2.918E-06 2.520E-06 1.940E-06 1.516E-06 8.541E-07 5.200E-07 3.119E-07 1.897E-07 8.068E-08 4.808E-08 5.671E-08 4.488E-08 4.022E-08 2.957E-08 2.244E-08 1.375E-08 8.959E-09 5.618E-09 3.189E-09 4.018E-09 3.410E-09 1.843E-09 7.040E-10 2.959E-10 6.931E-10 3.353E-09 3.319E-09 2.144E-09 1.378E-09 1.061E-09 8.812E-10 5.708E-10 4.249E-10 3.009E-10 2.157E-10 2.081E-10 1.814E-10 1.450E-10 1.549E-10 1.781E-10 2.187E-10 1.711E-10 1.393E-10 1.338E-10 1.000E-10 7.769E-11 4.782E-11 3.012E-11 2.207E-11 1.313E-11 7.916E-12
  1.800E+01  1.108E-05 1.015E-05 8.756E-06 7.475E-06 6.392E-06 5.479E-06 4.699E-06 4.058E-06 3.511E-06 3.060E-06 2.666E-06 2.307E-06 1.784E-06 1.400E-06 7.952E-07 4.874E-07 2.934E-07 1.789E-07 7.655E-08 4.628E-08 5.465E-08 4.322E-08 3.874E-08 2.851E-08 2.166E-08 1.331E-08 8.691E-09 5.459E-09 3.108E-09 3.919E-09 3.328E-09 1.801E-09 6.885E-10 2.896E-10 6.795E-10 3.296E-09 3.264E-09 2.107E-09 1.354E-09 1.042E-09 8.657E-10 5.609E-10 4.178E-10 2.960E-10 2.124E-10 2.050E-10 1.789E-10 1.431E-10 1.528E-10 1.757E-10 2.159E-10 1.689E-10 1.375E-10 1.322E-10 9.880E-11 7.677E-11 4.726E-11 2.978E-11 2.182E-11 1.299E-11 7.831E-12
  2.000E+01  9.640E-06 8.912E-06 7.735E-06 6.637E-06 5.702E-06 4.908E-06 4.225E-06 3.663E-06 3.179E-06 2.779E-06 2.427E-06 2.104E-06 1.635E-06 1.289E-06 7.378E-07 4.553E-07 2.750E-07 1.681E-07 7.240E-08 4.442E-08 5.252E-08 4.149E-08 3.721E-08 2.741E-08 2.086E-08 1.285E-08 8.410E-09 5.291E-09 3.021E-09 3.815E-09 3.240E-09 1.756E-09 6.721E-10 2.829E-10 6.648E-10 3.234E-09 3.205E-09 2.068E-09 1.327E-09 1.022E-09 8.489E-10 5.503E-10 4.100E-10 2.907E-10 2.088E-10 2.017E-10 1.761E-10 1.409E-10 1.506E-10 1.732E-10 2.129E-10 1.665E-10 1.356E-10 1.304E-10 9.748E-11 7.575E-11 4.665E-11 2.940E-11 2.155E-11 1.283E-11 7.737E-12
  2.200E+01  8.399E-06 7.825E-06 6.828E-06 5.886E-06 5.080E-06 4.389E-06 3.792E-06 3.298E-06 2.871E-06 2.517E-06 2.205E-06 1.915E-06 1.495E-06 1.183E-06 6.825E-07 4.240E-07 2.571E-07 1.576E-07 6.829E-08 4.254E-08 5.034E-08 3.974E-08 3.565E-08 2.628E-08 2.003E-08 1.238E-08 8.119E-09 5.118E-09 2.931E-09 3.705E-09 3.148E-09 1.709E-09 6.547E-10 2.758E-10 6.493E-10 3.167E-09 3.141E-09 2.026E-09 1.299E-09 1.000E-09 8.309E-10 5.389E-10 4.017E-10 2.850E-10 2.050E-10 1.981E-10 1.731E-10 1.385E-10 1.481E-10 1.704E-10 2.096E-10 1.640E-10 1.335E-10 1.284E-10 9.604E-11 7.465E-11 4.599E-11 2.899E-11 2.125E-11 1.266E-11 7.635E-12
  2.400E+01  7.330E-06 6.873E-06 6.026E-06 5.217E-06 4.520E-06 3.920E-06 3.398E-06 2.964E-06 2.588E-06 2.276E-06 1.998E-06 1.739E-06 1.363E-06 1.083E-06 6.298E-07 3.939E-07 2.397E-07 1.473E-07 6.427E-08 4.064E-08 4.813E-08 3.797E-08 3.407E-08 2.515E-08 1.919E-08 1.189E-08 7.821E-09 4.939E-09 2.838E-09 3.592E-09 3.052E-09 1.660E-09 6.367E-10 2.684E-10 6.330E-10 3.096E-09 3.073E-09 1.982E-09 1.270E-09 9.771E-10 8.120E-10 5.269E-10 3.929E-10 2.789E-10 2.009E-10 1.942E-10 1.699E-10 1.360E-10 1.454E-10 1.675E-10 2.060E-10 1.612E-10 1.313E-10 1.263E-10 9.450E-11 7.346E-11 4.527E-11 2.855E-11 2.094E-11 1.247E-11 7.525E-12
  2.600E+01  6.407E-06 6.039E-06 5.318E-06 4.621E-06 4.019E-06 3.497E-06 3.041E-06 2.661E-06 2.330E-06 2.054E-06 1.808E-06 1.576E-06 1.241E-06 9.899E-07 5.800E-07 3.652E-07 2.230E-07 1.375E-07 6.037E-08 3.875E-08 4.593E-08 3.620E-08 3.250E-08 2.401E-08 1.835E-08 1.141E-08 7.520E-09 4.759E-09 2.743E-09 3.475E-09 2.954E-09 1.610E-09 6.182E-10 2.608E-10 6.161E-10 3.022E-09 3.003E-09 1.935E-09 1.239E-09 9.532E-10 7.922E-10 5.144E-10 3.838E-10 2.726E-10 1.966E-10 1.902E-10 1.665E-10 1.334E-10 1.427E-10 1.644E-10 2.023E-10 1.583E-10 1.290E-10 1.241E-10 9.287E-11 7.221E-11 4.452E-11 2.808E-11 2.060E-11 1.227E-11 7.409E-12
  2.800E+01  5.608E-06 5.311E-06 4.694E-06 4.092E-06 3.571E-06 3.117E-06 2.719E-06 2.386E-06 2.095E-06 1.852E-06 1.634E-06 1.426E-06 1.128E-06 9.033E-07 5.332E-07 3.380E-07 2.072E-07 1.281E-07 5.661E-08 3.689E-08 4.375E-08 3.445E-08 3.094E-08 2.288E-08 1.751E-08 1.092E-08 7.218E-09 4.576E-09 2.646E-09 3.357E-09 2.855E-09 1.559E-09 5.992E-10 2.531E-10 5.987E-10 2.945E-09 2.929E-09 1.887E-09 1.207E-09 9.284E-10 7.717E-10 5.014E-10 3.742E-10 2.660E-10 1.922E-10 1.860E-10 1.629E-10 1.306E-10 1.397E-10 1.611E-10 1.983E-10 1.553E-10 1.265E-10 1.218E-10 9.115E-11 7.089E-11 4.372E-11 2.759E-11 2.024E-11 1.207E-11 7.286E-12
  3.000E+01  4.915E-06 4.674E-06 4.144E-06 3.624E-06 3.173E-06 2.778E-06 2.430E-06 2.139E-06 1.882E-06 1.668E-06 1.475E-06 1.290E-06 1.025E-06 8.234E-07 4.897E-07 3.123E-07 1.922E-07 1.191E-07 5.301E-08 3.506E-08 4.159E-08 3.273E-08 2.940E-08 2.177E-08 1.669E-08 1.044E-08 6.916E-09 4.394E-09 2.550E-09 3.238E-09 2.754E-09 1.507E-09 5.800E-10 2.452E-10 5.810E-10 2.866E-09 2.852E-09 1.837E-09 1.174E-09 9.029E-10 7.507E-10 4.880E-10 3.644E-10 2.593E-10 1.876E-10 1.816E-10 1.593E-10 1.278E-10 1.367E-10 1.577E-10 1.942E-10 1.521E-10 1.239E-10 1.193E-10 8.935E-11 6.951E-11 4.289E-11 2.708E-11 1.987E-11 1.185E-11 7.157E-12
  3.200E+01  4.315E-06 4.118E-06 3.661E-06 3.211E-06 2.820E-06 2.476E-06 2.171E-06 1.916E-06 1.691E-06 1.502E-06 1.331E-06 1.166E-06 9.297E-07 7.499E-07 4.492E-07 2.883E-07 1.781E-07 1.107E-07 4.958E-08 3.327E-08 3.949E-08 3.104E-08 2.790E-08 2.068E-08 1.588E-08 9.967E-09 6.618E-09 4.213E-09 2.453E-09 3.118E-09 2.653E-09 1.454E-09 5.606E-10 2.372E-10 5.631E-10 2.785E-09 2.774E-09 1.786E-09 1.140E-09 8.769E-10 7.292E-10 4.744E-10 3.544E-10 2.524E-10 1.829E-10 1.772E-10 1.555E-10 1.248E-10 1.336E-10 1.542E-10 1.900E-10 1.488E-10 1.212E-10 1.168E-10 8.749E-11 6.808E-11 4.202E-11 2.654E-11 1.948E-11 1.162E-11 7.023E-12
  3.400E+01  3.794E-06 3.630E-06 3.236E-06 2.846E-06 2.507E-06 2.207E-06 1.941E-06 1.717E-06 1.518E-06 1.352E-06 1.201E-06 1.053E-06 8.433E-07 6.826E-07 4.117E-07 2.659E-07 1.648E-07 1.027E-07 4.633E-08 3.153E-08 3.744E-08 2.941E-08 2.644E-08 1.962E-08 1.509E-08 9.501E-09 6.324E-09 4.034E-09 2.356E-09 2.999E-09 2.553E-09 1.402E-09 5.412E-10 2.293E-10 5.449E-10 2.703E-09 2.695E-09 1.734E-09 1.106E-09 8.505E-10 7.074E-10 4.605E-10 3.442E-10 2.453E-10 1.780E-10 1.726E-10 1.516E-10 1.218E-10 1.304E-10 1.506E-10 1.856E-10 1.454E-10 1.185E-10 1.142E-10 8.557E-11 6.660E-11 4.113E-11 2.599E-11 1.908E-11 1.139E-11 6.884E-12
  3.600E+01  3.341E-06 3.204E-06 2.863E-06 2.525E-06 2.230E-06 1.968E-06 1.735E-06 1.538E-06 1.364E-06 1.217E-06 1.083E-06 9.517E-07 7.647E-07 6.210E-07 3.772E-07 2.451E-07 1.525E-07 9.531E-08 4.326E-08 2.985E-08 3.545E-08 2.782E-08 2.503E-08 1.860E-08 1.432E-08 9.045E-09 6.035E-09 3.858E-09 2.261E-09 2.880E-09 2.453E-09 1.350E-09 5.218E-10 2.213E-10 5.268E-10 2.619E-09 2.614E-09 1.682E-09 1.071E-09 8.239E-10 6.853E-10 4.465E-10 3.339E-10 2.382E-10 1.731E-10 1.679E-10 1.477E-10 1.187E-10 1.271E-10 1.469E-10 1.811E-10 1.419E-10 1.157E-10 1.116E-10 8.360E-11 6.508E-11 4.022E-11 2.542E-11 1.867E-11 1.115E-11 6.741E-12
  3.800E+01  2.947E-06 2.832E-06 2.536E-06 2.242E-06 1.985E-06 1.756E-06 1.551E-06 1.379E-06 1.225E-06 1.096E-06 9.771E-07 8.598E-07 6.933E-07 5.650E-07 3.454E-07 2.258E-07 1.409E-07 8.837E-08 4.036E-08 2.823E-08 3.353E-08 2.630E-08 2.366E-08 1.760E-08 1.358E-08 8.602E-09 5.754E-09 3.686E-09 2.167E-09 2.763E-09 2.354E-09 1.298E-09 5.026E-10 2.134E-10 5.086E-10 2.535E-09 2.532E-09 1.629E-09 1.036E-09 7.972E-10 6.632E-10 4.324E-10 3.236E-10 2.310E-10 1.682E-10 1.632E-10 1.437E-10 1.155E-10 1.238E-10 1.431E-10 1.766E-10 1.383E-10 1.128E-10 1.088E-10 8.159E-11 6.354E-11 3.928E-11 2.484E-11 1.825E-11 1.090E-11 6.596E-12
  4.000E+01  2.605E-06 2.507E-06 2.249E-06 1.992E-06 1.768E-06 1.568E-06 1.388E-06 1.237E-06 1.101E-06 9.870E-07 8.818E-07 7.769E-07 6.287E-07 5.140E-07 3.163E-07 2.079E-07 1.302E-07 8.189E-08 3.763E-08 2.668E-08 3.168E-08 2.483E-08 2.235E-08 1.665E-08 1.286E-08 8.173E-09 5.480E-09 3.518E-09 2.075E-09 2.648E-09 2.257E-09 1.247E-09 4.836E-10 2.055E-10 4.906E-10 2.451E-09 2.450E-09 1.576E-09 1.001E-09 7.705E-10 6.412E-10 4.183E-10 3.132E-10 2.238E-10 1.632E-10 1.585E-10 1.396E-10 1.124E-10 1.204E-10 1.393E-10 1.720E-10 1.348E-10 1.099E-10 1.061E-10 7.955E-11 6.197E-11 3.833E-11 2.425E-11 1.782E-11 1.066E-11 6.448E-12
  4.200E+01  2.306E-06 2.223E-06 1.998E-06 1.773E-06 1.577E-06 1.401E-06 1.243E-06 1.110E-06 9.904E-07 8.894E-07 7.961E-07 7.023E-07 5.703E-07 4.676E-07 2.896E-07 1.914E-07 1.203E-07 7.586E-08 3.508E-08 2.519E-08 2.991E-08 2.343E-08 2.110E-08 1.573E-08 1.217E-08 7.758E-09 5.214E-09 3.354E-09 1.985E-09 2.535E-09 2.161E-09 1.197E-09 4.649E-10 1.978E-10 4.728E-10 2.367E-09 2.369E-09 1.523E-09 9.669E-10 7.439E-10 6.192E-10 4.043E-10 3.029E-10 2.166E-10 1.582E-10 1.538E-10 1.356E-10 1.092E-10 1.171E-10 1.355E-10 1.673E-10 1.311E-10 1.070E-10 1.033E-10 7.750E-11 6.039E-11 3.738E-11 2.366E-11 1.739E-11 1.040E-11 6.298E-12
  4.400E+01  2.045E-06 1.974E-06 1.777E-06 1.580E-06 1.408E-06 1.254E-06 1.115E-06 9.972E-07 8.913E-07 8.020E-07 7.191E-07 6.353E-07 5.175E-07 4.256E-07 2.652E-07 1.762E-07 1.111E-07 7.027E-08 3.269E-08 2.377E-08 2.821E-08 2.209E-08 1.990E-08 1.486E-08 1.151E-08 7.359E-09 4.957E-09 3.196E-09 1.898E-09 2.426E-09 2.068E-09 1.148E-09 4.466E-10 1.902E-10 4.552E-10 2.284E-09 2.287E-09 1.470E-09 9.327E-10 7.176E-10 5.974E-10 3.904E-10 2.927E-10 2.095E-10 1.533E-10 1.490E-10 1.316E-10 1.060E-10 1.137E-10 1.317E-10 1.627E-10 1.275E-10 1.040E-10 1.005E-10 7.543E-11 5.880E-11 3.641E-11 2.306E-11 1.695E-11 1.015E-11 6.147E-12
  4.600E+01  1.817E-06 1.755E-06 1.583E-06 1.410E-06 1.259E-06 1.123E-06 1.000E-06 8.966E-07 8.029E-07 7.237E-07 6.500E-07 5.750E-07 4.699E-07 3.875E-07 2.429E-07 1.622E-07 1.026E-07 6.508E-08 3.045E-08 2.241E-08 2.660E-08 2.081E-08 1.875E-08 1.402E-08 1.088E-08 6.976E-09 4.710E-09 3.043E-09 1.813E-09 2.319E-09 1.978E-09 1.100E-09 4.287E-10 1.828E-10 4.380E-10 2.201E-09 2.207E-09 1.419E-09 8.989E-10 6.916E-10 5.759E-10 3.766E-10 2.826E-10 2.024E-10 1.483E-10 1.443E-10 1.276E-10 1.029E-10 1.103E-10 1.279E-10 1.580E-10 1.239E-10 1.011E-10 9.772E-11 7.337E-11 5.720E-11 3.545E-11 2.246E-11 1.652E-11 9.895E-12 5.996E-12
  4.800E+01  1.618E-06 1.564E-06 1.412E-06 1.260E-06 1.127E-06 1.007E-06 8.990E-07 8.070E-07 7.240E-07 6.537E-07 5.881E-07 5.208E-07 4.269E-07 3.530E-07 2.225E-07 1.494E-07 9.482E-08 6.028E-08 2.837E-08 2.113E-08 2.507E-08 1.960E-08 1.767E-08 1.322E-08 1.027E-08 6.609E-09 4.473E-09 2.895E-09 1.730E-09 2.215E-09 1.890E-09 1.053E-09 4.112E-10 1.756E-10 4.212E-10 2.120E-09 2.127E-09 1.367E-09 8.657E-10 6.661E-10 5.548E-10 3.631E-10 2.726E-10 1.955E-10 1.435E-10 1.397E-10 1.236E-10 9.974E-11 1.070E-10 1.241E-10 1.534E-10 1.203E-10 9.817E-11 9.495E-11 7.131E-11 5.562E-11 3.449E-11 2.187E-11 1.609E-11 9.642E-12 5.845E-12
  5.000E+01  1.443E-06 1.397E-06 1.262E-06 1.128E-06 1.010E-06 9.048E-07 8.088E-07 7.272E-07 6.535E-07 5.910E-07 5.325E-07 4.721E-07 3.881E-07 3.218E-07 2.039E-07 1.376E-07 8.760E-08 5.584E-08 2.643E-08 1.991E-08 2.361E-08 1.845E-08 1.664E-08 1.247E-08 9.701E-09 6.259E-09 4.246E-09 2.754E-09 1.651E-09 2.115E-09 1.805E-09 1.008E-09 3.943E-10 1.686E-10 4.048E-10 2.040E-09 2.049E-09 1.317E-09 8.332E-10 6.412E-10 5.342E-10 3.499E-10 2.629E-10 1.886E-10 1.387E-10 1.352E-10 1.197E-10 9.665E-11 1.037E-10 1.203E-10 1.488E-10 1.167E-10 9.529E-11 9.220E-11 6.927E-11 5.405E-11 3.354E-11 2.127E-11 1.566E-11 9.390E-12 5.696E-12
  5.200E+01  1.290E-06 1.250E-06 1.130E-06 1.011E-06 9.073E-07 8.139E-07 7.286E-07 6.562E-07 5.906E-07 5.350E-07 4.827E-07 4.284E-07 3.531E-07 2.936E-07 1.870E-07 1.267E-07 8.095E-08 5.173E-08 2.462E-08 1.876E-08 2.223E-08 1.737E-08 1.567E-08 1.176E-08 9.158E-09 5.925E-09 4.029E-09 2.618E-09 1.575E-09 2.018E-09 1.723E-09 9.643E-10 3.780E-10 1.618E-10 3.888E-10 1.962E-09 1.973E-09 1.268E-09 8.014E-10 6.168E-10 5.141E-10 3.370E-10 2.534E-10 1.820E-10 1.341E-10 1.307E-10 1.159E-10 9.362E-11 1.005E-10 1.167E-10 1.443E-10 1.132E-10 9.244E-11 8.948E-11 6.726E-11 5.250E-11 3.260E-11 2.069E-11 1.523E-11 9.142E-12 5.548E-12
  5.400E+01  1.156E-06 1.120E-06 1.014E-06 9.085E-07 8.162E-07 7.332E-07 6.574E-07 5.929E-07 5.344E-07 4.848E-07 4.380E-07 3.892E-07 3.216E-07 2.680E-07 1.716E-07 1.168E-07 7.484E-08 4.795E-08 2.295E-08 1.767E-08 2.093E-08 1.635E-08 1.475E-08 1.108E-08 8.644E-09 5.609E-09 3.822E-09 2.489E-09 1.502E-09 1.926E-09 1.645E-09 9.224E-10 3.622E-10 1.553E-10 3.734E-10 1.886E-09 1.898E-09 1.220E-09 7.706E-10 5.932E-10 4.945E-10 3.245E-10 2.441E-10 1.755E-10 1.295E-10 1.263E-10 1.121E-10 9.066E-11 9.739E-11 1.130E-10 1.399E-10 1.098E-10 8.966E-11 8.682E-11 6.529E-11 5.098E-11 3.168E-11 2.012E-11 1.481E-11 8.897E-12 5.403E-12
  5.600E+01  1.038E-06 1.006E-06 9.115E-07 8.175E-07 7.355E-07 6.615E-07 5.939E-07 5.365E-07 4.842E-07 4.399E-07 3.980E-07 3.539E-07 2.932E-07 2.449E-07 1.575E-07 1.077E-07 6.922E-08 4.446E-08 2.139E-08 1.665E-08 1.970E-08 1.538E-08 1.389E-08 1.044E-08 8.158E-09 5.308E-09 3.625E-09 2.366E-09 1.432E-09 1.837E-09 1.570E-09 8.821E-10 3.471E-10 1.490E-10 3.586E-10 1.812E-09 1.825E-09 1.174E-09 7.407E-10 5.702E-10 4.755E-10 3.124E-10 2.352E-10 1.692E-10 1.251E-10 1.221E-10 1.085E-10 8.778E-11 9.432E-11 1.095E-10 1.355E-10 1.064E-10 8.693E-11 8.421E-11 6.336E-11 4.949E-11 3.077E-11 1.956E-11 1.441E-11 8.658E-12 5.261E-12
  5.800E+01  9.345E-07 9.053E-07 8.212E-07 7.370E-07 6.640E-07 5.978E-07 5.375E-07 4.862E-07 4.394E-07 3.996E-07 3.620E-07 3.222E-07 2.676E-07 2.240E-07 1.448E-07 9.942E-08 6.406E-08 4.125E-08 1.995E-08 1.569E-08 1.855E-08 1.448E-08 1.307E-08 9.844E-09 7.701E-09 5.025E-09 3.439E-09 2.249E-09 1.366E-09 1.752E-09 1.498E-09 8.436E-10 3.326E-10 1.430E-10 3.444E-10 1.741E-09 1.755E-09 1.129E-09 7.119E-10 5.481E-10 4.573E-10 3.007E-10 2.265E-10 1.632E-10 1.208E-10 1.180E-10 1.049E-10 8.499E-11 9.136E-11 1.061E-10 1.313E-10 1.032E-10 8.429E-11 8.167E-11 6.148E-11 4.804E-11 2.989E-11 1.901E-11 1.401E-11 8.426E-12 5.122E-12
  6.000E+01  8.427E-07 8.169E-07 7.412E-07 6.658E-07 6.004E-07 5.413E-07 4.872E-07 4.413E-07 3.993E-07 3.636E-07 3.298E-07 2.938E-07 2.445E-07 2.051E-07 1.332E-07 9.181E-08 5.933E-08 3.830E-08 1.862E-08 1.479E-08 1.747E-08 1.363E-08 1.231E-08 9.282E-09 7.271E-09 4.757E-09 3.263E-09 2.138E-09 1.302E-09 1.672E-09 1.430E-09 8.069E-10 3.188E-10 1.372E-10 3.307E-10 1.672E-09 1.687E-09 1.085E-09 6.841E-10 5.269E-10 4.397E-10 2.894E-10 2.182E-10 1.574E-10 1.167E-10 1.141E-10 1.015E-10 8.230E-11 8.850E-11 1.028E-10 1.273E-10 1.000E-10 8.172E-11 7.921E-11 5.965E-11 4.664E-11 2.904E-11 1.848E-11 1.362E-11 8.200E-12 4.989E-12
  6.200E+01  7.617E-07 7.389E-07 6.702E-07 6.029E-07 5.440E-07 4.912E-07 4.425E-07 4.011E-07 3.634E-07 3.313E-07 3.008E-07 2.682E-07 2.237E-07 1.880E-07 1.226E-07 8.486E-08 5.499E-08 3.558E-08 1.739E-08 1.395E-08 1.645E-08 1.283E-08 1.160E-08 8.755E-09 6.867E-09 4.505E-09 3.097E-09 2.033E-09 1.243E-09 1.595E-09 1.365E-09 7.720E-10 3.057E-10 1.318E-10 3.178E-10 1.606E-09 1.621E-09 1.044E-09 6.576E-10 5.066E-10 4.229E-10 2.787E-10 2.102E-10 1.518E-10 1.128E-10 1.103E-10 9.828E-11 7.972E-11 8.575E-11 9.964E-11 1.234E-10 9.695E-11 7.926E-11 7.684E-11 5.790E-11 4.528E-11 2.822E-11 1.797E-11 1.325E-11 7.984E-12 4.860E-12
  6.400E+01  6.901E-07 6.697E-07 6.075E-07 5.470E-07 4.940E-07 4.464E-07 4.026E-07 3.653E-07 3.313E-07 3.024E-07 2.748E-07 2.452E-07 2.050E-07 1.726E-07 1.130E-07 7.852E-08 5.101E-08 3.309E-08 1.625E-08 1.317E-08 1.551E-08 1.209E-08 1.093E-08 8.262E-09 6.490E-09 4.269E-09 2.941E-09 1.935E-09 1.186E-09 1.523E-09 1.303E-09 7.390E-10 2.933E-10 1.266E-10 3.054E-10 1.542E-09 1.558E-09 1.004E-09 6.322E-10 4.872E-10 4.069E-10 2.684E-10 2.027E-10 1.465E-10 1.090E-10 1.067E-10 9.517E-11 7.725E-11 8.313E-11 9.661E-11 1.196E-10 9.403E-11 7.690E-11 7.457E-11 5.622E-11 4.399E-11 2.744E-11 1.748E-11 1.290E-11 7.776E-12 4.737E-12
  6.600E+01  6.268E-07 6.083E-07 5.520E-07 4.973E-07 4.495E-07 4.065E-07 3.669E-07 3.333E-07 3.026E-07 2.764E-07 2.515E-07 2.246E-07 1.880E-07 1.586E-07 1.043E-07 7.272E-08 4.737E-08 3.080E-08 1.520E-08 1.244E-08 1.462E-08 1.140E-08 1.031E-08 7.803E-09 6.137E-09 4.048E-09 2.795E-09 1.843E-09 1.133E-09 1.455E-09 1.246E-09 7.079E-10 2.815E-10 1.218E-10 2.938E-10 1.482E-09 1.498E-09 9.665E-10 6.082E-10 4.688E-10 3.917E-10 2.587E-10 1.955E-10 1.414E-10 1.055E-10 1.033E-10 9.221E-11 7.491E-11 8.064E-11 9.372E-11 1.160E-10 9.125E-11 7.465E-11 7.240E-11 5.461E-11 4.275E-11 2.669E-11 1.702E-11 1.256E-11 7.579E-12 4.619E-12
  6.800E+01  5.707E-07 5.538E-07 5.028E-07 4.531E-07 4.099E-07 3.709E-07 3.351E-07 3.047E-07 2.768E-07 2.532E-07 2.305E-07 2.060E-07 1.728E-07 1.460E-07 9.635E-08 6.744E-08 4.405E-08 2.871E-08 1.424E-08 1.176E-08 1.380E-08 1.076E-08 9.735E-09 7.375E-09 5.809E-09 3.842E-09 2.658E-09 1.756E-09 1.083E-09 1.391E-09 1.191E-09 6.786E-10 2.705E-10 1.172E-10 2.829E-10 1.424E-09 1.441E-09 9.306E-10 5.854E-10 4.514E-10 3.773E-10 2.495E-10 1.887E-10 1.367E-10 1.021E-10 1.000E-10 8.942E-11 7.270E-11 7.828E-11 9.098E-11 1.126E-10 8.861E-11 7.252E-11 7.035E-11 5.309E-11 4.158E-11 2.598E-11 1.658E-11 1.224E-11 7.392E-12 4.509E-12
  7.000E+01  5.209E-07 5.055E-07 4.592E-07 4.138E-07 3.746E-07 3.392E-07 3.067E-07 2.791E-07 2.538E-07 2.323E-07 2.117E-07 1.893E-07 1.591E-07 1.347E-07 8.917E-08 6.263E-08 4.101E-08 2.680E-08 1.335E-08 1.113E-08 1.304E-08 1.016E-08 9.199E-09 6.978E-09 5.504E-09 3.650E-09 2.531E-09 1.675E-09 1.037E-09 1.331E-09 1.140E-09 6.512E-10 2.603E-10 1.129E-10 2.726E-10 1.370E-09 1.387E-09 8.968E-10 5.640E-10 4.351E-10 3.638E-10 2.408E-10 1.823E-10 1.322E-10 9.897E-11 9.700E-11 8.679E-11 7.062E-11 7.608E-11 8.841E-11 1.094E-10 8.613E-11 7.051E-11 6.841E-11 5.166E-11 4.048E-11 2.532E-11 1.617E-11 1.194E-11 7.218E-12 4.406E-12
  7.200E+01  4.767E-07 4.625E-07 4.203E-07 3.788E-07 3.431E-07 3.109E-07 2.813E-07 2.562E-07 2.331E-07 2.136E-07 1.948E-07 1.743E-07 1.467E-07 1.244E-07 8.265E-08 5.824E-08 3.824E-08 2.505E-08 1.254E-08 1.054E-08 1.233E-08 9.610E-09 8.703E-09 6.611E-09 5.221E-09 3.472E-09 2.413E-09 1.600E-09 9.939E-10 1.276E-09 1.093E-09 6.257E-10 2.507E-10 1.090E-10 2.631E-10 1.319E-09 1.336E-09 8.650E-10 5.439E-10 4.197E-10 3.512E-10 2.328E-10 1.764E-10 1.280E-10 9.603E-11 9.417E-11 8.435E-11 6.869E-11 7.402E-11 8.601E-11 1.065E-10 8.381E-11 6.864E-11 6.660E-11 5.032E-11 3.945E-11 2.470E-11 1.578E-11 1.167E-11 7.055E-12 4.310E-12
  7.400E+01  4.372E-07 4.243E-07 3.856E-07 3.477E-07 3.150E-07 2.856E-07 2.585E-07 2.356E-07 2.146E-07 1.967E-07 1.796E-07 1.608E-07 1.355E-07 1.151E-07 7.674E-08 5.426E-08 3.572E-08 2.345E-08 1.180E-08 1.001E-08 1.167E-08 9.101E-09 8.245E-09 6.271E-09 4.960E-09 3.307E-09 2.303E-09 1.531E-09 9.539E-10 1.224E-09 1.049E-09 6.020E-10 2.419E-10 1.053E-10 2.542E-10 1.271E-09 1.289E-09 8.354E-10 5.251E-10 4.055E-10 3.395E-10 2.253E-10 1.709E-10 1.242E-10 9.331E-11 9.155E-11 8.208E-11 6.690E-11 7.213E-11 8.379E-11 1.037E-10 8.165E-11 6.690E-11 6.492E-11 4.908E-11 3.850E-11 2.413E-11 1.543E-11 1.141E-11 6.906E-12 4.222E-12
  7.600E+01  4.020E-07 3.905E-07 3.546E-07 3.199E-07 2.899E-07 2.630E-07 2.382E-07 2.172E-07 1.979E-07 1.816E-07 1.659E-07 1.486E-07 1.254E-07 1.067E-07 7.139E-08 5.064E-08 3.342E-08 2.200E-08 1.112E-08 9.514E-09 1.107E-08 8.632E-09 7.824E-09 5.959E-09 4.720E-09 3.155E-09 2.202E-09 1.467E-09 9.171E-10 1.176E-09 1.009E-09 5.802E-10 2.337E-10 1.019E-10 2.461E-10 1.226E-09 1.244E-09 8.078E-10 5.078E-10 3.923E-10 3.286E-10 2.184E-10 1.658E-10 1.206E-10 9.081E-11 8.915E-11 8.001E-11 6.526E-11 7.039E-11 8.175E-11 1.011E-10 7.967E-11 6.530E-11 6.337E-11 4.794E-11 3.762E-11 2.360E-11 1.510E-11 1.118E-11 6.771E-12 4.143E-12
  7.800E+01  3.707E-07 3.604E-07 3.270E-07 2.951E-07 2.675E-07 2.428E-07 2.200E-07 2.007E-07 1.830E-07 1.681E-07 1.536E-07 1.377E-07 1.164E-07 9.912E-08 6.654E-08 4.735E-08 3.134E-08 2.068E-08 1.051E-08 9.062E-09 1.052E-08 8.202E-09 7.437E-09 5.672E-09 4.499E-09 3.016E-09 2.109E-09 1.408E-09 8.833E-10 1.132E-09 9.713E-10 5.602E-10 2.263E-10 9.889E-11 2.386E-10 1.185E-09 1.203E-09 7.823E-10 4.918E-10 3.801E-10 3.186E-10 2.120E-10 1.611E-10 1.174E-10 8.853E-11 8.696E-11 7.812E-11 6.378E-11 6.881E-11 7.989E-11 9.879E-11 7.786E-11 6.385E-11 6.196E-11 4.690E-11 3.683E-11 2.313E-11 1.481E-11 1.096E-11 6.649E-12 4.072E-12
  8.000E+01  3.428E-07 3.332E-07 3.025E-07 2.729E-07 2.475E-07 2.247E-07 2.037E-07 1.859E-07 1.697E-07 1.559E-07 1.426E-07 1.278E-07 1.082E-07 9.229E-08 6.216E-08 4.437E-08 2.944E-08 1.948E-08 9.948E-09 8.648E-09 1.001E-08 7.808E-09 7.083E-09 5.410E-09 4.298E-09 2.888E-09 2.025E-09 1.355E-09 8.525E-10 1.092E-09 9.373E-10 5.419E-10 2.195E-10 9.612E-11 2.319E-10 1.147E-09 1.164E-09 7.589E-10 4.772E-10 3.691E-10 3.095E-10 2.063E-10 1.569E-10 1.145E-10 8.647E-11 8.498E-11 7.642E-11 6.245E-11 6.740E-11 7.822E-11 9.669E-11 7.623E-11 6.255E-11 6.069E-11 4.597E-11 3.612E-11 2.271E-11 1.455E-11 1.078E-11 6.542E-12 4.009E-12
  8.200E+01  3.179E-07 3.089E-07 2.807E-07 2.531E-07 2.296E-07 2.085E-07 1.891E-07 1.727E-07 1.577E-07 1.450E-07 1.327E-07 1.190E-07 1.009E-07 8.614E-08 5.820E-08 4.167E-08 2.773E-08 1.839E-08 9.440E-09 8.273E-09 9.547E-09 7.449E-09 6.761E-09 5.172E-09 4.114E-09 2.773E-09 1.948E-09 1.306E-09 8.247E-10 1.056E-09 9.064E-10 5.254E-10 2.135E-10 9.364E-11 2.258E-10 1.111E-09 1.129E-09 7.377E-10 4.639E-10 3.590E-10 3.013E-10 2.011E-10 1.531E-10 1.118E-10 8.465E-11 8.323E-11 7.492E-11 6.127E-11 6.616E-11 7.674E-11 9.482E-11 7.479E-11 6.140E-11 5.956E-11 4.515E-11 3.549E-11 2.234E-11 1.433E-11 1.062E-11 6.450E-12 3.956E-12
  8.400E+01  2.956E-07 2.872E-07 2.612E-07 2.354E-07 2.136E-07 1.940E-07 1.760E-07 1.609E-07 1.469E-07 1.351E-07 1.237E-07 1.111E-07 9.426E-08 8.060E-08 5.464E-08 3.924E-08 2.618E-08 1.741E-08 8.981E-09 7.932E-09 9.126E-09 7.123E-09 6.468E-09 4.955E-09 3.948E-09 2.668E-09 1.878E-09 1.262E-09 7.996E-10 1.023E-09 8.785E-10 5.106E-10 2.080E-10 9.144E-11 2.204E-10 1.080E-09 1.097E-09 7.185E-10 4.520E-10 3.500E-10 2.939E-10 1.965E-10 1.497E-10 1.095E-10 8.304E-11 8.170E-11 7.361E-11 6.025E-11 6.508E-11 7.546E-11 9.318E-11 7.353E-11 6.039E-11 5.858E-11 4.444E-11 3.495E-11 2.202E-11 1.414E-11 1.048E-11 6.373E-12 3.912E-12
  8.600E+01  2.756E-07 2.680E-07 2.436E-07 2.196E-07 1.992E-07 1.810E-07 1.643E-07 1.502E-07 1.373E-07 1.263E-07 1.157E-07 1.039E-07 8.832E-08 7.562E-08 5.142E-08 3.704E-08 2.479E-08 1.653E-08 8.569E-09 7.625E-09 8.744E-09 6.829E-09 6.203E-09 4.760E-09 3.798E-09 2.573E-09 1.816E-09 1.223E-09 7.773E-10 9.938E-10 8.537E-10 4.975E-10 2.033E-10 8.952E-11 2.157E-10 1.051E-09 1.068E-09 7.014E-10 4.414E-10 3.421E-10 2.874E-10 1.924E-10 1.468E-10 1.075E-10 8.167E-11 8.038E-11 7.250E-11 5.939E-11 6.417E-11 7.436E-11 9.179E-11 7.246E-11 5.954E-11 5.775E-11 4.383E-11 3.450E-11 2.176E-11 1.398E-11 1.037E-11 6.311E-12 3.878E-12
  8.800E+01  2.577E-07 2.510E-07 2.278E-07 2.055E-07 1.864E-07 1.695E-07 1.538E-07 1.407E-07 1.286E-07 1.184E-07 1.086E-07 9.754E-08 8.299E-08 7.115E-08 4.853E-08 3.506E-08 2.353E-08 1.574E-08 8.199E-09 7.349E-09 8.400E-09 6.563E-09 5.966E-09 4.585E-09 3.663E-09 2.489E-09 1.760E-09 1.188E-09 7.576E-10 9.678E-10 8.317E-10 4.859E-10 1.991E-10 8.787E-11 2.116E-10 1.025E-09 1.043E-09 6.863E-10 4.321E-10 3.351E-10 2.818E-10 1.889E-10 1.443E-10 1.058E-10 8.051E-11 7.928E-11 7.157E-11 5.868E-11 6.343E-11 7.346E-11 9.062E-11 7.157E-11 5.885E-11 5.706E-11 4.334E-11 3.413E-11 2.155E-11 1.386E-11 1.028E-11 6.265E-12 3.853E-12
  9.000E+01  2.417E-07 2.357E-07 2.138E-07 1.928E-07 1.750E-07 1.591E-07 1.444E-07 1.322E-07 1.209E-07 1.114E-07 1.021E-07 9.181E-08 7.821E-08 6.713E-08 4.594E-08 3.329E-08 2.241E-08 1.503E-08 7.869E-09 7.103E-09 8.092E-09 6.326E-09 5.753E-09 4.429E-09 3.544E-09 2.414E-09 1.711E-09 1.157E-09 7.404E-10 9.451E-10 8.125E-10 4.760E-10 1.956E-10 8.648E-11 2.081E-10 1.003E-09 1.020E-09 6.732E-10 4.241E-10 3.292E-10 2.770E-10 1.860E-10 1.422E-10 1.044E-10 7.957E-11 7.840E-11 7.083E-11 5.813E-11 6.285E-11 7.275E-11 8.969E-11 7.087E-11 5.830E-11 5.652E-11 4.296E-11 3.385E-11 2.140E-11 1.377E-11 1.022E-11 6.234E-12 3.837E-12
  9.200E+01  2.275E-07 2.219E-07 2.013E-07 1.816E-07 1.647E-07 1.498E-07 1.361E-07 1.245E-07 1.139E-07 1.050E-07 9.639E-08 8.669E-08 7.393E-08 6.354E-08 4.361E-08 3.170E-08 2.140E-08 1.440E-08 7.577E-09 6.886E-09 7.817E-09 6.116E-09 5.564E-09 4.291E-09 3.438E-09 2.348E-09 1.668E-09 1.131E-09 7.257E-10 9.255E-10 7.959E-10 4.675E-10 1.927E-10 8.534E-11 2.053E-10 9.829E-10 1.000E-09 6.621E-10 4.174E-10 3.242E-10 2.730E-10 1.836E-10 1.405E-10 1.032E-10 7.885E-11 7.772E-11 7.029E-11 5.772E-11 6.244E-11 7.223E-11 8.899E-11 7.035E-11 5.790E-11 5.612E-11 4.269E-11 3.366E-11 2.130E-11 1.372E-11 1.019E-11 6.218E-12 3.831E-12
  9.400E+01  2.147E-07 2.096E-07 1.902E-07 1.715E-07 1.556E-07 1.415E-07 1.286E-07 1.177E-07 1.078E-07 9.940E-08 9.125E-08 8.210E-08 7.011E-08 6.033E-08 4.154E-08 3.028E-08 2.051E-08 1.384E-08 7.319E-09 6.694E-09 7.573E-09 5.930E-09 5.398E-09 4.169E-09 3.346E-09 2.291E-09 1.631E-09 1.108E-09 7.133E-10 9.089E-10 7.819E-10 4.604E-10 1.903E-10 8.444E-11 2.030E-10 9.661E-10 9.831E-10 6.528E-10 4.118E-10 3.201E-10 2.697E-10 1.817E-10 1.391E-10 1.024E-10 7.833E-11 7.725E-11 6.992E-11 5.747E-11 6.218E-11 7.189E-11 8.853E-11 7.001E-11 5.765E-11 5.586E-11 4.252E-11 3.355E-11 2.125E-11 1.370E-11 1.018E-11 6.218E-12 3.834E-12
  9.600E+01  2.034E-07 1.985E-07 1.804E-07 1.624E-07 1.475E-07 1.341E-07 1.219E-07 1.117E-07 1.023E-07 9.436E-08 8.667E-08 7.802E-08 6.670E-08 5.746E-08 3.969E-08 2.902E-08 1.972E-08 1.334E-08 7.093E-09 6.528E-09 7.359E-09 5.767E-09 5.253E-09 4.064E-09 3.266E-09 2.242E-09 1.599E-09 1.089E-09 7.031E-10 8.952E-10 7.704E-10 4.548E-10 1.885E-10 8.379E-11 2.013E-10 9.521E-10 9.690E-10 6.454E-10 4.074E-10 3.170E-10 2.673E-10 1.803E-10 1.382E-10 1.018E-10 7.802E-11 7.697E-11 6.973E-11 5.736E-11 6.209E-11 7.174E-11 8.828E-11 6.984E-11 5.755E-11 5.575E-11 4.246E-11 3.352E-11 2.125E-11 1.371E-11 1.020E-11 6.233E-12 3.846E-12
  9.800E+01  1.932E-07 1.888E-07 1.716E-07 1.544E-07 1.402E-07 1.275E-07 1.159E-07 1.063E-07 9.735E-08 8.988E-08 8.260E-08 7.439E-08 6.366E-08 5.492E-08 3.806E-08 2.791E-08 1.902E-08 1.291E-08 6.897E-09 6.385E-09 7.173E-09 5.627E-09 5.128E-09 3.974E-09 3.198E-09 2.201E-09 1.573E-09 1.073E-09 6.950E-10 8.841E-10 7.612E-10 4.504E-10 1.872E-10 8.335E-11 2.001E-10 9.408E-10 9.576E-10 6.398E-10 4.042E-10 3.147E-10 2.655E-10 1.793E-10 1.376E-10 1.015E-10 7.791E-11 7.689E-11 6.972E-11 5.739E-11 6.214E-11 7.176E-11 8.826E-11 6.985E-11 5.759E-11 5.577E-11 4.251E-11 3.357E-11 2.131E-11 1.376E-11 1.024E-11 6.263E-12 3.868E-12
  1.000E+02  1.842E-07 1.803E-07 1.637E-07 1.473E-07 1.338E-07 1.217E-07 1.107E-07 1.015E-07 9.299E-08 8.590E-08 7.898E-08 7.117E-08 6.098E-08 5.267E-08 3.661E-08 2.693E-08 1.841E-08 1.253E-08 6.728E-09 6.263E-09 7.014E-09 5.507E-09 5.021E-09 3.897E-09 3.141E-09 2.167E-09 1.552E-09 1.061E-09 6.890E-10 8.757E-10 7.542E-10 4.474E-10 1.864E-10 8.313E-11 1.995E-10 9.321E-10 9.488E-10 6.359E-10 4.021E-10 3.133E-10 2.645E-10 1.789E-10 1.374E-10 1.015E-10 7.799E-11 7.700E-11 6.987E-11 5.756E-11 6.234E-11 7.196E-11 8.844E-11 7.003E-11 5.776E-11 5.593E-11 4.266E-11 3.371E-11 2.142E-11 1.384E-11 1.030E-11 6.307E-12 3.898E-12
  1.020E+02  1.761E-07 1.727E-07 1.566E-07 1.412E-07 1.281E-07 1.166E-07 1.060E-07 9.724E-08 8.914E-08 8.238E-08 7.578E-08 6.833E-08 5.861E-08 5.068E-08 3.534E-08 2.607E-08 1.788E-08 1.221E-08 6.585E-09 6.162E-09 6.878E-09 5.406E-09 4.932E-09 3.834E-09 3.095E-09 2.140E-09 1.535E-09 1.052E-09 6.848E-10 8.698E-10 7.494E-10 4.455E-10 1.861E-10 8.312E-11 1.994E-10 9.259E-10 9.426E-10 6.336E-10 4.010E-10 3.127E-10 2.642E-10 1.789E-10 1.375E-10 1.017E-10 7.825E-11 7.729E-11 7.018E-11 5.786E-11 6.268E-11 7.232E-11 8.884E-11 7.037E-11 5.807E-11 5.622E-11 4.290E-11 3.392E-11 2.158E-11 1.395E-11 1.039E-11 6.366E-12 3.937E-12
  1.040E+02  1.690E-07 1.660E-07 1.505E-07 1.357E-07 1.231E-07 1.121E-07 1.019E-07 9.350E-08 8.576E-08 7.929E-08 7.296E-08 6.583E-08 5.653E-08 4.894E-08 3.424E-08 2.533E-08 1.742E-08 1.193E-08 6.466E-09 6.080E-09 6.766E-09 5.324E-09 4.860E-09 3.784E-09 3.058E-09 2.120E-09 1.523E-09 1.046E-09 6.825E-10 8.661E-10 7.466E-10 4.448E-10 1.863E-10 8.330E-11 1.997E-10 9.222E-10 9.388E-10 6.329E-10 4.009E-10 3.128E-10 2.645E-10 1.793E-10 1.380E-10 1.021E-10 7.869E-11 7.775E-11 7.066E-11 5.829E-11 6.316E-11 7.284E-11 8.943E-11 7.087E-11 5.851E-11 5.663E-11 4.325E-11 3.421E-11 2.178E-11 1.409E-11 1.050E-11 6.438E-12 3.985E-12
  1.060E+02  1.628E-07 1.602E-07 1.453E-07 1.309E-07 1.188E-07 1.081E-07 9.835E-08 9.025E-08 8.280E-08 7.659E-08 7.051E-08 6.365E-08 5.472E-08 4.742E-08 3.328E-08 2.469E-08 1.703E-08 1.170E-08 6.369E-09 6.016E-09 6.675E-09 5.258E-09 4.802E-09 3.745E-09 3.031E-09 2.105E-09 1.516E-09 1.042E-09 6.818E-10 8.647E-10 7.456E-10 4.451E-10 1.868E-10 8.366E-11 2.005E-10 9.207E-10 9.373E-10 6.337E-10 4.017E-10 3.137E-10 2.654E-10 1.802E-10 1.387E-10 1.027E-10 7.929E-11 7.838E-11 7.127E-11 5.883E-11 6.377E-11 7.351E-11 9.022E-11 7.152E-11 5.907E-11 5.716E-11 4.368E-11 3.457E-11 2.203E-11 1.426E-11 1.063E-11 6.524E-12 4.041E-12
  1.080E+02  1.574E-07 1.551E-07 1.407E-07 1.267E-07 1.150E-07 1.047E-07 9.522E-08 8.743E-08 8.022E-08 7.424E-08 6.838E-08 6.176E-08 5.314E-08 4.611E-08 3.245E-08 2.414E-08 1.671E-08 1.151E-08 6.292E-09 5.967E-09 6.604E-09 5.208E-09 4.759E-09 3.717E-09 3.011E-09 2.096E-09 1.512E-09 1.041E-09 6.827E-10 8.653E-10 7.464E-10 4.465E-10 1.878E-10 8.419E-11 2.017E-10 9.213E-10 9.379E-10 6.360E-10 4.035E-10 3.153E-10 2.669E-10 1.814E-10 1.398E-10 1.036E-10 8.005E-11 7.916E-11 7.203E-11 5.950E-11 6.451E-11 7.434E-11 9.118E-11 7.231E-11 5.975E-11 5.781E-11 4.420E-11 3.500E-11 2.232E-11 1.446E-11 1.078E-11 6.622E-12 4.104E-12
  1.100E+02  1.528E-07 1.508E-07 1.368E-07 1.231E-07 1.117E-07 1.017E-07 9.254E-08 8.499E-08 7.801E-08 7.222E-08 6.655E-08 6.013E-08 5.180E-08 4.499E-08 3.176E-08 2.369E-08 1.644E-08 1.136E-08 6.234E-09 5.934E-09 6.551E-09 5.172E-09 4.729E-09 3.698E-09 3.000E-09 2.093E-09 1.511E-09 1.043E-09 6.850E-10 8.678E-10 7.488E-10 4.488E-10 1.891E-10 8.488E-11 2.033E-10 9.240E-10 9.407E-10 6.395E-10 4.061E-10 3.175E-10 2.689E-10 1.830E-10 1.411E-10 1.047E-10 8.096E-11 8.009E-11 7.292E-11 6.027E-11 6.536E-11 7.529E-11 9.232E-11 7.324E-11 6.054E-11 5.857E-11 4.480E-11 3.549E-11 2.265E-11 1.469E-11 1.096E-11 6.733E-12 4.175E-12
  1.120E+02  1.489E-07 1.472E-07 1.335E-07 1.201E-07 1.090E-07 9.922E-08 9.027E-08 8.292E-08 7.613E-08 7.050E-08 6.499E-08 5.875E-08 5.065E-08 4.404E-08 3.118E-08 2.331E-08 1.623E-08 1.124E-08 6.193E-09 5.915E-09 6.516E-09 5.150E-09 4.711E-09 3.689E-09 2.996E-09 2.094E-09 1.515E-09 1.047E-09 6.888E-10 8.720E-10 7.528E-10 4.519E-10 1.908E-10 8.572E-11 2.052E-10 9.287E-10 9.454E-10 6.444E-10 4.095E-10 3.204E-10 2.714E-10 1.849E-10 1.427E-10 1.059E-10 8.202E-11 8.115E-11 7.394E-11 6.114E-11 6.632E-11 7.638E-11 9.362E-11 7.430E-11 6.144E-11 5.943E-11 4.549E-11 3.605E-11 2.303E-11 1.494E-11 1.115E-11 6.854E-12 4.254E-12
  1.140E+02  1.456E-07 1.442E-07 1.307E-07 1.176E-07 1.067E-07 9.715E-08 8.839E-08 8.119E-08 7.456E-08 6.907E-08 6.369E-08 5.760E-08 4.970E-08 4.326E-08 3.070E-08 2.301E-08 1.606E-08 1.115E-08 6.167E-09 5.908E-09 6.496E-09 5.140E-09 4.704E-09 3.689E-09 2.999E-09 2.099E-09 1.521E-09 1.052E-09 6.937E-10 8.779E-10 7.582E-10 4.559E-10 1.928E-10 8.669E-11 2.075E-10 9.351E-10 9.519E-10 6.503E-10 4.136E-10 3.238E-10 2.744E-10 1.871E-10 1.445E-10 1.073E-10 8.320E-11 8.235E-11 7.507E-11 6.211E-11 6.738E-11 7.759E-11 9.507E-11 7.547E-11 6.243E-11 6.039E-11 4.624E-11 3.666E-11 2.344E-11 1.521E-11 1.135E-11 6.987E-12 4.338E-12
  1.160E+02  1.430E-07 1.419E-07 1.286E-07 1.157E-07 1.049E-07 9.548E-08 8.685E-08 7.979E-08 7.328E-08 6.791E-08 6.263E-08 5.666E-08 4.893E-08 4.262E-08 3.032E-08 2.278E-08 1.594E-08 1.109E-08 6.156E-09 5.913E-09 6.490E-09 5.141E-09 4.708E-09 3.696E-09 3.008E-09 2.109E-09 1.530E-09 1.060E-09 6.998E-10 8.854E-10 7.649E-10 4.606E-10 1.951E-10 8.779E-11 2.102E-10 9.431E-10 9.601E-10 6.574E-10 4.184E-10 3.277E-10 2.779E-10 1.897E-10 1.465E-10 1.089E-10 8.449E-11 8.366E-11 7.631E-11 6.316E-11 6.854E-11 7.891E-11 9.666E-11 7.676E-11 6.352E-11 6.143E-11 4.706E-11 3.733E-11 2.388E-11 1.551E-11 1.158E-11 7.129E-12 4.429E-12
  1.180E+02  1.411E-07 1.402E-07 1.271E-07 1.142E-07 1.035E-07 9.417E-08 8.565E-08 7.869E-08 7.228E-08 6.699E-08 6.179E-08 5.592E-08 4.832E-08 4.212E-08 3.004E-08 2.261E-08 1.586E-08 1.106E-08 6.158E-09 5.929E-09 6.498E-09 5.153E-09 4.721E-09 3.711E-09 3.022E-09 2.122E-09 1.541E-09 1.069E-09 7.070E-10 8.941E-10 7.728E-10 4.660E-10 1.976E-10 8.900E-11 2.130E-10 9.527E-10 9.698E-10 6.655E-10 4.238E-10 3.321E-10 2.817E-10 1.924E-10 1.487E-10 1.106E-10 8.590E-11 8.507E-11 7.764E-11 6.429E-11 6.978E-11 8.034E-11 9.838E-11 7.815E-11 6.469E-11 6.256E-11 4.795E-11 3.804E-11 2.435E-11 1.582E-11 1.182E-11 7.280E-12 4.525E-12
  1.200E+02  1.397E-07 1.391E-07 1.261E-07 1.131E-07 1.025E-07 9.322E-08 8.476E-08 7.788E-08 7.152E-08 6.630E-08 6.116E-08 5.536E-08 4.786E-08 4.175E-08 2.983E-08 2.250E-08 1.582E-08 1.105E-08 6.171E-09 5.954E-09 6.517E-09 5.175E-09 4.743E-09 3.732E-09 3.042E-09 2.139E-09 1.555E-09 1.080E-09 7.151E-10 9.042E-10 7.817E-10 4.719E-10 2.004E-10 9.031E-11 2.162E-10 9.637E-10 9.810E-10 6.744E-10 4.298E-10 3.370E-10 2.860E-10 1.955E-10 1.511E-10 1.125E-10 8.741E-11 8.659E-11 7.906E-11 6.550E-11 7.110E-11 8.185E-11 1.002E-10 7.963E-11 6.593E-11 6.376E-11 4.889E-11 3.880E-11 2.485E-11 1.615E-11 1.207E-11 7.439E-12 4.626E-12
  1.220E+02  1.389E-07 1.386E-07 1.255E-07 1.125E-07 1.019E-07 9.262E-08 8.418E-08 7.733E-08 7.101E-08 6.583E-08 6.072E-08 5.498E-08 4.755E-08 4.150E-08 2.970E-08 2.244E-08 1.581E-08 1.107E-08 6.195E-09 5.988E-09 6.548E-09 5.204E-09 4.772E-09 3.758E-09 3.066E-09 2.158E-09 1.571E-09 1.092E-09 7.240E-10 9.153E-10 7.916E-10 4.785E-10 2.034E-10 9.171E-11 2.195E-10 9.759E-10 9.934E-10 6.842E-10 4.362E-10 3.422E-10 2.905E-10 1.987E-10 1.537E-10 1.144E-10 8.900E-11 8.818E-11 8.056E-11 6.677E-11 7.248E-11 8.345E-11 1.022E-10 8.119E-11 6.724E-11 6.503E-11 4.988E-11 3.960E-11 2.538E-11 1.650E-11 1.233E-11 7.606E-12 4.732E-12
  1.240E+02  1.387E-07 1.388E-07 1.255E-07 1.124E-07 1.017E-07 9.237E-08 8.390E-08 7.704E-08 7.073E-08 6.556E-08 6.047E-08 5.475E-08 4.736E-08 4.136E-08 2.965E-08 2.243E-08 1.583E-08 1.110E-08 6.229E-09 6.030E-09 6.588E-09 5.242E-09 4.809E-09 3.790E-09 3.094E-09 2.181E-09 1.589E-09 1.106E-09 7.336E-10 9.274E-10 8.023E-10 4.854E-10 2.066E-10 9.319E-11 2.231E-10 9.893E-10 1.007E-09 6.946E-10 4.432E-10 3.478E-10 2.953E-10 2.021E-10 1.564E-10 1.165E-10 9.067E-11 8.986E-11 8.213E-11 6.809E-11 7.393E-11 8.512E-11 1.042E-10 8.282E-11 6.861E-11 6.636E-11 5.092E-11 4.043E-11 2.593E-11 1.687E-11 1.261E-11 7.780E-12 4.842E-12
  1.260E+02  1.391E-07 1.396E-07 1.260E-07 1.127E-07 1.018E-07 9.244E-08 8.390E-08 7.700E-08 7.067E-08 6.549E-08 6.040E-08 5.469E-08 4.731E-08 4.132E-08 2.966E-08 2.247E-08 1.588E-08 1.116E-08 6.272E-09 6.078E-09 6.637E-09 5.286E-09 4.852E-09 3.827E-09 3.126E-09 2.206E-09 1.609E-09 1.120E-09 7.439E-10 9.404E-10 8.138E-10 4.928E-10 2.099E-10 9.473E-11 2.268E-10 1.004E-09 1.022E-09 7.057E-10 4.505E-10 3.537E-10 3.004E-10 2.057E-10 1.592E-10 1.186E-10 9.240E-11 9.160E-11 8.375E-11 6.946E-11 7.543E-11 8.685E-11 1.063E-10 8.452E-11 7.003E-11 6.774E-11 5.199E-11 4.130E-11 2.649E-11 1.724E-11 1.289E-11 7.958E-12 4.955E-12
  1.280E+02  1.402E-07 1.409E-07 1.271E-07 1.135E-07 1.024E-07 9.283E-08 8.417E-08 7.721E-08 7.082E-08 6.562E-08 6.050E-08 5.476E-08 4.737E-08 4.137E-08 2.972E-08 2.254E-08 1.596E-08 1.123E-08 6.322E-09 6.132E-09 6.693E-09 5.337E-09 4.900E-09 3.868E-09 3.161E-09 2.232E-09 1.630E-09 1.136E-09 7.548E-10 9.540E-10 8.259E-10 5.006E-10 2.134E-10 9.633E-11 2.307E-10 1.019E-09 1.037E-09 7.174E-10 4.581E-10 3.598E-10 3.056E-10 2.094E-10 1.621E-10 1.209E-10 9.418E-11 9.339E-11 8.542E-11 7.087E-11 7.697E-11 8.863E-11 1.085E-10 8.627E-11 7.149E-11 6.916E-11 5.310E-11 4.219E-11 2.708E-11 1.763E-11 1.319E-11 8.142E-12 5.071E-12
  1.300E+02  1.419E-07 1.430E-07 1.287E-07 1.146E-07 1.033E-07 9.354E-08 8.471E-08 7.766E-08 7.118E-08 6.592E-08 6.075E-08 5.498E-08 4.753E-08 4.152E-08 2.985E-08 2.266E-08 1.606E-08 1.131E-08 6.379E-09 6.191E-09 6.757E-09 5.393E-09 4.953E-09 3.913E-09 3.199E-09 2.261E-09 1.652E-09 1.152E-09 7.660E-10 9.683E-10 8.385E-10 5.086E-10 2.169E-10 9.797E-11 2.347E-10 1.035E-09 1.053E-09 7.295E-10 4.660E-10 3.661E-10 3.111E-10 2.132E-10 1.651E-10 1.231E-10 9.601E-11 9.522E-11 8.713E-11 7.231E-11 7.854E-11 9.046E-11 1.107E-10 8.806E-11 7.299E-11 7.061E-11 5.423E-11 4.310E-11 2.767E-11 1.802E-11 1.348E-11 8.329E-12 5.190E-12
  1.320E+02  1.442E-07 1.457E-07 1.309E-07 1.163E-07 1.046E-07 9.457E-08 8.552E-08 7.834E-08 7.173E-08 6.640E-08 6.116E-08 5.532E-08 4.781E-08 4.175E-08 3.002E-08 2.280E-08 1.618E-08 1.141E-08 6.442E-09 6.254E-09 6.825E-09 5.453E-09 5.010E-09 3.960E-09 3.240E-09 2.291E-09 1.675E-09 1.169E-09 7.776E-10 9.831E-10 8.516E-10 5.169E-10 2.206E-10 9.964E-11 2.387E-10 1.051E-09 1.070E-09 7.419E-10 4.742E-10 3.726E-10 3.166E-10 2.171E-10 1.682E-10 1.255E-10 9.787E-11 9.708E-11 8.887E-11 7.377E-11 8.014E-11 9.231E-11 1.130E-10 8.988E-11 7.451E-11 7.209E-11 5.538E-11 4.402E-11 2.828E-11 1.842E-11 1.378E-11 8.518E-12 5.309E-12
  1.340E+02  1.473E-07 1.491E-07 1.336E-07 1.184E-07 1.062E-07 9.591E-08 8.660E-08 7.923E-08 7.249E-08 6.705E-08 6.171E-08 5.579E-08 4.818E-08 4.206E-08 3.024E-08 2.298E-08 1.632E-08 1.151E-08 6.509E-09 6.321E-09 6.899E-09 5.517E-09 5.071E-09 4.010E-09 3.282E-09 2.323E-09 1.699E-09 1.186E-09 7.895E-10 9.983E-10 8.650E-10 5.253E-10 2.243E-10 1.013E-10 2.429E-10 1.068E-09 1.088E-09 7.546E-10 4.825E-10 3.792E-10 3.223E-10 2.211E-10 1.713E-10 1.278E-10 9.975E-11 9.897E-11 9.063E-11 7.525E-11 8.175E-11 9.419E-11 1.153E-10 9.172E-11 7.605E-11 7.359E-11 5.654E-11 4.495E-11 2.889E-11 1.883E-11 1.409E-11 8.710E-12 5.430E-12
  1.360E+02  1.510E-07 1.531E-07 1.369E-07 1.210E-07 1.083E-07 9.755E-08 8.794E-08 8.034E-08 7.343E-08 6.786E-08 6.240E-08 5.638E-08 4.864E-08 4.243E-08 3.051E-08 2.318E-08 1.648E-08 1.163E-08 6.581E-09 6.391E-09 6.977E-09 5.585E-09 5.134E-09 4.062E-09 3.326E-09 2.355E-09 1.723E-09 1.204E-09 8.016E-10 1.014E-09 8.785E-10 5.339E-10 2.280E-10 1.030E-10 2.470E-10 1.086E-09 1.105E-09 7.675E-10 4.908E-10 3.859E-10 3.280E-10 2.251E-10 1.744E-10 1.302E-10 1.016E-10 1.009E-10 9.239E-11 7.674E-11 8.337E-11 9.607E-11 1.176E-10 9.358E-11 7.759E-11 7.509E-11 5.771E-11 4.589E-11 2.950E-11 1.923E-11 1.439E-11 8.902E-12 5.551E-12
  1.380E+02  1.555E-07 1.580E-07 1.409E-07 1.241E-07 1.108E-07 9.950E-08 8.954E-08 8.167E-08 7.455E-08 6.883E-08 6.323E-08 5.707E-08 4.918E-08 4.288E-08 3.081E-08 2.341E-08 1.665E-08 1.176E-08 6.657E-09 6.463E-09 7.058E-09 5.654E-09 5.200E-09 4.116E-09 3.370E-09 2.388E-09 1.748E-09 1.222E-09 8.138E-10 1.029E-09 8.923E-10 5.424E-10 2.318E-10 1.047E-10 2.512E-10 1.103E-09 1.123E-09 7.805E-10 4.993E-10 3.926E-10 3.338E-10 2.291E-10 1.776E-10 1.326E-10 1.035E-10 1.028E-10 9.415E-11 7.822E-11 8.499E-11 9.795E-11 1.199E-10 9.543E-11 7.914E-11 7.660E-11 5.888E-11 4.683E-11 3.011E-11 1.963E-11 1.470E-11 9.093E-12 5.672E-12
  1.400E+02  1.607E-07 1.637E-07 1.454E-07 1.276E-07 1.136E-07 1.018E-07 9.137E-08 8.321E-08 7.583E-08 6.994E-08 6.418E-08 5.788E-08 4.981E-08 4.339E-08 3.114E-08 2.366E-08 1.683E-08 1.189E-08 6.735E-09 6.536E-09 7.141E-09 5.726E-09 5.268E-09 4.171E-09 3.416E-09 2.421E-09 1.773E-09 1.240E-09 8.259E-10 1.045E-09 9.060E-10 5.510E-10 2.355E-10 1.064E-10 2.553E-10 1.121E-09 1.141E-09 7.935E-10 5.077E-10 3.993E-10 3.395E-10 2.331E-10 1.807E-10 1.349E-10 1.054E-10 1.046E-10 9.591E-11 7.969E-11 8.660E-11 9.983E-11 1.222E-10 9.727E-11 8.068E-11 7.810E-11 6.005E-11 4.776E-11 3.072E-11 2.004E-11 1.500E-11 9.284E-12 5.793E-12
  1.420E+02  1.668E-07 1.703E-07 1.506E-07 1.316E-07 1.167E-07 1.044E-07 9.344E-08 8.494E-08 7.727E-08 7.118E-08 6.524E-08 5.878E-08 5.050E-08 4.395E-08 3.151E-08 2.393E-08 1.703E-08 1.203E-08 6.814E-09 6.609E-09 7.226E-09 5.799E-09 5.336E-09 4.226E-09 3.462E-09 2.454E-09 1.799E-09 1.258E-09 8.380E-10 1.060E-09 9.197E-10 5.596E-10 2.392E-10 1.081E-10 2.595E-10 1.139E-09 1.159E-09 8.065E-10 5.161E-10 4.060E-10 3.452E-10 2.370E-10 1.838E-10 1.372E-10 1.073E-10 1.065E-10 9.764E-11 8.115E-11 8.818E-11 1.017E-10 1.245E-10 9.910E-11 8.220E-11 7.959E-11 6.120E-11 4.869E-11 3.132E-11 2.043E-11 1.530E-11 9.472E-12 5.911E-12
  1.440E+02  1.736E-07 1.777E-07 1.564E-07 1.361E-07 1.202E-07 1.072E-07 9.573E-08 8.686E-08 7.886E-08 7.255E-08 6.641E-08 5.976E-08 5.126E-08 4.456E-08 3.190E-08 2.421E-08 1.723E-08 1.217E-08 6.896E-09 6.683E-09 7.311E-09 5.873E-09 5.405E-09 4.282E-09 3.509E-09 2.488E-09 1.824E-09 1.276E-09 8.500E-10 1.076E-09 9.333E-10 5.680E-10 2.429E-10 1.098E-10 2.635E-10 1.156E-09 1.177E-09 8.193E-10 5.244E-10 4.125E-10 3.508E-10 2.409E-10 1.869E-10 1.395E-10 1.091E-10 1.083E-10 9.934E-11 8.258E-11 8.974E-11 1.035E-10 1.267E-10 1.009E-10 8.370E-11 8.105E-11 6.233E-11 4.960E-11 3.191E-11 2.083E-11 1.560E-11 9.657E-12 6.028E-12
  1.460E+02  1.812E-07 1.858E-07 1.629E-07 1.410E-07 1.241E-07 1.103E-07 9.823E-08 8.893E-08 8.059E-08 7.403E-08 6.767E-08 6.081E-08 5.207E-08 4.520E-08 3.231E-08 2.451E-08 1.744E-08 1.232E-08 6.977E-09 6.757E-09 7.397E-09 5.946E-09 5.474E-09 4.338E-09 3.555E-09 2.521E-09 1.848E-09 1.293E-09 8.618E-10 1.091E-09 9.466E-10 5.762E-10 2.465E-10 1.114E-10 2.675E-10 1.173E-09 1.195E-09 8.318E-10 5.326E-10 4.190E-10 3.563E-10 2.448E-10 1.898E-10 1.418E-10 1.109E-10 1.101E-10 1.010E-10 8.397E-11 9.127E-11 1.053E-10 1.289E-10 1.027E-10 8.516E-11 8.248E-11 6.344E-11 5.048E-11 3.249E-11 2.121E-11 1.589E-11 9.838E-12 6.142E-12
  1.480E+02  1.894E-07 1.946E-07 1.699E-07 1.463E-07 1.283E-07 1.136E-07 1.009E-07 9.114E-08 8.243E-08 7.561E-08 6.900E-08 6.193E-08 5.292E-08 4.588E-08 3.274E-08 2.481E-08 1.765E-08 1.247E-08 7.059E-09 6.829E-09 7.482E-09 6.019E-09 5.543E-09 4.393E-09 3.600E-09 2.553E-09 1.873E-09 1.311E-09 8.732E-10 1.106E-09 9.596E-10 5.843E-10 2.499E-10 1.130E-10 2.713E-10 1.190E-09 1.212E-09 8.441E-10 5.405E-10 4.253E-10 3.617E-10 2.485E-10 1.927E-10 1.440E-10 1.126E-10 1.119E-10 1.026E-10 8.533E-11 9.275E-11 1.070E-10 1.310E-10 1.044E-10 8.659E-11 8.387E-11 6.452E-11 5.135E-11 3.306E-11 2.158E-11 1.617E-11 1.001E-11 6.253E-12
  1.500E+02  1.983E-07 2.041E-07 1.773E-07 1.518E-07 1.327E-07 1.170E-07 1.036E-07 9.344E-08 8.433E-08 7.723E-08 7.038E-08 6.308E-08 5.380E-08 4.658E-08 3.318E-08 2.512E-08 1.786E-08 1.262E-08 7.140E-09 6.900E-09 7.565E-09 6.091E-09 5.611E-09 4.447E-09 3.645E-09 2.585E-09 1.896E-09 1.327E-09 8.844E-10 1.120E-09 9.723E-10 5.921E-10 2.533E-10 1.145E-10 2.750E-10 1.207E-09 1.229E-09 8.560E-10 5.482E-10 4.314E-10 3.669E-10 2.521E-10 1.956E-10 1.461E-10 1.143E-10 1.135E-10 1.042E-10 8.665E-11 9.418E-11 1.087E-10 1.331E-10 1.060E-10 8.797E-11 8.522E-11 6.556E-11 5.218E-11 3.360E-11 2.194E-11 1.644E-11 1.018E-11 6.360E-12
  1.520E+02  2.074E-07 2.141E-07 1.850E-07 1.575E-07 1.371E-07 1.205E-07 1.064E-07 9.577E-08 8.624E-08 7.887E-08 7.177E-08 6.425E-08 5.469E-08 4.729E-08 3.362E-08 2.543E-08 1.808E-08 1.277E-08 7.220E-09 6.969E-09 7.647E-09 6.162E-09 5.677E-09 4.500E-09 3.688E-09 2.616E-09 1.919E-09 1.344E-09 8.951E-10 1.134E-09 9.845E-10 5.996E-10 2.565E-10 1.159E-10 2.786E-10 1.223E-09 1.245E-09 8.675E-10 5.556E-10 4.372E-10 3.719E-10 2.556E-10 1.983E-10 1.481E-10 1.159E-10 1.152E-10 1.057E-10 8.791E-11 9.556E-11 1.103E-10 1.351E-10 1.076E-10 8.929E-11 8.651E-11 6.657E-11 5.299E-11 3.412E-11 2.228E-11 1.670E-11 1.035E-11 6.463E-12
  1.540E+02  2.165E-07 2.242E-07 1.925E-07 1.632E-07 1.414E-07 1.241E-07 1.092E-07 9.804E-08 8.812E-08 8.049E-08 7.314E-08 6.540E-08 5.557E-08 4.799E-08 3.406E-08 2.574E-08 1.829E-08 1.291E-08 7.298E-09 7.035E-09 7.726E-09 6.230E-09 5.741E-09 4.551E-09 3.730E-09 2.645E-09 1.941E-09 1.359E-09 9.053E-10 1.147E-09 9.962E-10 6.068E-10 2.596E-10 1.173E-10 2.820E-10 1.238E-09 1.261E-09 8.785E-10 5.627E-10 4.429E-10 3.767E-10 2.589E-10 2.008E-10 1.500E-10 1.175E-10 1.167E-10 1.071E-10 8.911E-11 9.687E-11 1.118E-10 1.370E-10 1.091E-10 9.055E-11 8.774E-11 6.752E-11 5.376E-11 3.462E-11 2.261E-11 1.695E-11 1.050E-11 6.561E-12
  1.560E+02  2.250E-07 2.335E-07 1.993E-07 1.688E-07 1.455E-07 1.274E-07 1.118E-07 1.001E-07 8.991E-08 8.202E-08 7.443E-08 6.650E-08 5.643E-08 4.867E-08 3.449E-08 2.604E-08 1.850E-08 1.305E-08 7.373E-09 7.099E-09 7.803E-09 6.296E-09 5.803E-09 4.601E-09 3.770E-09 2.674E-09 1.962E-09 1.374E-09 9.150E-10 1.160E-09 1.007E-09 6.136E-10 2.625E-10 1.186E-10 2.853E-10 1.253E-09 1.276E-09 8.889E-10 5.694E-10 4.482E-10 3.812E-10 2.620E-10 2.033E-10 1.519E-10 1.189E-10 1.182E-10 1.085E-10 9.025E-11 9.811E-11 1.133E-10 1.388E-10 1.106E-10 9.175E-11 8.891E-11 6.843E-11 5.448E-11 3.510E-11 2.292E-11 1.718E-11 1.065E-11 6.654E-12
  1.580E+02  2.321E-07 2.415E-07 2.053E-07 1.735E-07 1.491E-07 1.302E-07 1.141E-07 1.020E-07 9.152E-08 8.342E-08 7.562E-08 6.751E-08 5.722E-08 4.932E-08 3.490E-08 2.633E-08 1.870E-08 1.319E-08 7.446E-09 7.159E-09 7.875E-09 6.358E-09 5.862E-09 4.648E-09 3.808E-09 2.701E-09 1.982E-09 1.388E-09 9.242E-10 1.172E-09 1.018E-09 6.201E-10 2.653E-10 1.199E-10 2.883E-10 1.266E-09 1.290E-09 8.987E-10 5.757E-10 4.532E-10 3.855E-10 2.650E-10 2.056E-10 1.536E-10 1.203E-10 1.195E-10 1.098E-10 9.131E-11 9.927E-11 1.147E-10 1.405E-10 1.119E-10 9.287E-11 9.001E-11 6.928E-11 5.516E-11 3.554E-11 2.322E-11 1.740E-11 1.079E-11 6.741E-12
  1.600E+02  2.369E-07 2.474E-07 2.100E-07 1.768E-07 1.518E-07 1.324E-07 1.159E-07 1.036E-07 9.284E-08 8.459E-08 7.665E-08 6.840E-08 5.794E-08 4.991E-08 3.529E-08 2.661E-08 1.889E-08 1.332E-08 7.514E-09 7.215E-09 7.944E-09 6.418E-09 5.918E-09 4.692E-09 3.844E-09 2.726E-09 2.001E-09 1.401E-09 9.327E-10 1.183E-09 1.028E-09 6.260E-10 2.678E-10 1.210E-10 2.911E-10 1.279E-09 1.303E-09 9.079E-10 5.816E-10 4.578E-10 3.895E-10 2.677E-10 2.077E-10 1.552E-10 1.215E-10 1.208E-10 1.109E-10 9.231E-11 1.004E-10 1.159E-10 1.420E-10 1.132E-10 9.392E-11 9.104E-11 7.008E-11 5.580E-11 3.595E-11 2.349E-11 1.761E-11 1.092E-11 6.823E-12
  1.620E+02  2.382E-07 2.500E-07 2.126E-07 1.783E-07 1.533E-07 1.336E-07 1.170E-07 1.047E-07 9.381E-08 8.549E-08 7.748E-08 6.914E-08 5.855E-08 5.044E-08 3.566E-08 2.687E-08 1.907E-08 1.345E-08 7.579E-09 7.267E-09 8.008E-09 6.473E-09 5.970E-09 4.733E-09 3.878E-09 2.749E-09 2.018E-09 1.413E-09 9.405E-10 1.193E-09 1.037E-09 6.315E-10 2.702E-10 1.221E-10 2.937E-10 1.291E-09 1.315E-09 9.163E-10 5.871E-10 4.621E-10 3.931E-10 2.702E-10 2.097E-10 1.567E-10 1.227E-10 1.220E-10 1.120E-10 9.322E-11 1.014E-10 1.171E-10 1.435E-10 1.143E-10 9.488E-11 9.198E-11 7.080E-11 5.638E-11 3.633E-11 2.374E-11 1.780E-11 1.104E-11 6.897E-12
  1.640E+02  2.352E-07 2.487E-07 2.122E-07 1.780E-07 1.533E-07 1.339E-07 1.174E-07 1.053E-07 9.437E-08 8.608E-08 7.808E-08 6.971E-08 5.907E-08 5.091E-08 3.599E-08 2.712E-08 1.924E-08 1.356E-08 7.639E-09 7.315E-09 8.067E-09 6.525E-09 6.018E-09 4.771E-09 3.909E-09 2.771E-09 2.034E-09 1.424E-09 9.477E-10 1.202E-09 1.045E-09 6.365E-10 2.723E-10 1.230E-10 2.961E-10 1.302E-09 1.326E-09 9.240E-10 5.920E-10 4.660E-10 3.964E-10 2.725E-10 2.114E-10 1.580E-10 1.238E-10 1.230E-10 1.130E-10 9.405E-11 1.023E-10 1.182E-10 1.448E-10 1.154E-10 9.575E-11 9.283E-11 7.147E-11 5.691E-11 3.668E-11 2.397E-11 1.797E-11 1.114E-11 6.965E-12
  1.660E+02  2.278E-07 2.433E-07 2.083E-07 1.760E-07 1.520E-07 1.333E-07 1.173E-07 1.053E-07 9.460E-08 8.642E-08 7.848E-08 7.014E-08 5.952E-08 5.132E-08 3.631E-08 2.735E-08 1.940E-08 1.367E-08 7.693E-09 7.357E-09 8.121E-09 6.572E-09 6.062E-09 4.806E-09 3.937E-09 2.790E-09 2.048E-09 1.434E-09 9.541E-10 1.210E-09 1.052E-09 6.410E-10 2.742E-10 1.239E-10 2.982E-10 1.311E-09 1.336E-09 9.309E-10 5.964E-10 4.695E-10 3.994E-10 2.746E-10 2.130E-10 1.592E-10 1.247E-10 1.240E-10 1.139E-10 9.479E-11 1.031E-10 1.191E-10 1.460E-10 1.163E-10 9.653E-11 9.360E-11 7.206E-11 5.739E-11 3.699E-11 2.417E-11 1.812E-11 1.124E-11 7.026E-12
  1.680E+02  2.179E-07 2.349E-07 2.022E-07 1.729E-07 1.499E-07 1.324E-07 1.168E-07 1.051E-07 9.470E-08 8.668E-08 7.882E-08 7.053E-08 5.994E-08 5.172E-08 3.660E-08 2.756E-08 1.955E-08 1.377E-08 7.742E-09 7.395E-09 8.169E-09 6.614E-09 6.102E-09 4.837E-09 3.962E-09 2.807E-09 2.061E-09 1.442E-09 9.597E-10 1.218E-09 1.059E-09 6.449E-10 2.759E-10 1.246E-10 3.001E-10 1.320E-09 1.345E-09 9.369E-10 6.003E-10 4.726E-10 4.020E-10 2.764E-10 2.144E-10 1.603E-10 1.256E-10 1.248E-10 1.147E-10 9.544E-11 1.038E-10 1.199E-10 1.470E-10 1.171E-10 9.722E-11 9.427E-11 7.258E-11 5.780E-11 3.726E-11 2.435E-11 1.826E-11 1.132E-11 7.079E-12
  1.700E+02  2.092E-07 2.264E-07 1.967E-07 1.700E-07 1.482E-07 1.316E-07 1.166E-07 1.052E-07 9.500E-08 8.710E-08 7.930E-08 7.100E-08 6.041E-08 5.215E-08 3.690E-08 2.777E-08 1.968E-08 1.386E-08 7.785E-09 7.427E-09 8.210E-09 6.651E-09 6.137E-09 4.864E-09 3.983E-09 2.822E-09 2.071E-09 1.450E-09 9.645E-10 1.224E-09 1.064E-09 6.483E-10 2.773E-10 1.253E-10 3.016E-10 1.327E-09 1.352E-09 9.420E-10 6.036E-10 4.752E-10 4.042E-10 2.779E-10 2.156E-10 1.612E-10 1.263E-10 1.255E-10 1.153E-10 9.599E-11 1.044E-10 1.206E-10 1.479E-10 1.178E-10 9.780E-11 9.484E-11 7.302E-11 5.816E-11 3.749E-11 2.450E-11 1.837E-11 1.140E-11 7.124E-12
  1.720E+02  2.058E-07 2.225E-07 1.949E-07 1.692E-07 1.484E-07 1.321E-07 1.174E-07 1.060E-07 9.588E-08 8.797E-08 8.012E-08 7.171E-08 6.101E-08 5.264E-08 3.720E-08 2.797E-08 1.980E-08 1.393E-08 7.822E-09 7.454E-09 8.245E-09 6.682E-09 6.166E-09 4.887E-09 4.002E-09 2.834E-09 2.080E-09 1.456E-09 9.684E-10 1.229E-09 1.069E-09 6.511E-10 2.785E-10 1.258E-10 3.029E-10 1.333E-09 1.358E-09 9.463E-10 6.064E-10 4.774E-10 4.061E-10 2.792E-10 2.166E-10 1.619E-10 1.268E-10 1.261E-10 1.159E-10 9.645E-11 1.049E-10 1.212E-10 1.486E-10 1.184E-10 9.829E-11 9.531E-11 7.339E-11 5.845E-11 3.768E-11 2.463E-11 1.847E-11 1.146E-11 7.162E-12
  1.740E+02  2.105E-07 2.266E-07 1.990E-07 1.723E-07 1.514E-07 1.346E-07 1.195E-07 1.080E-07 9.753E-08 8.940E-08 8.135E-08 7.269E-08 6.174E-08 5.321E-08 3.750E-08 2.815E-08 1.991E-08 1.400E-08 7.852E-09 7.475E-09 8.273E-09 6.707E-09 6.190E-09 4.905E-09 4.016E-09 2.844E-09 2.087E-09 1.461E-09 9.715E-10 1.233E-09 1.072E-09 6.532E-10 2.794E-10 1.262E-10 3.040E-10 1.338E-09 1.363E-09 9.496E-10 6.085E-10 4.791E-10 4.075E-10 2.802E-10 2.174E-10 1.625E-10 1.273E-10 1.266E-10 1.163E-10 9.681E-11 1.053E-10 1.217E-10 1.492E-10 1.189E-10 9.866E-11 9.568E-11 7.367E-11 5.868E-11 3.783E-11 2.473E-11 1.854E-11 1.150E-11 7.191E-12
  1.760E+02  2.224E-07 2.388E-07 2.084E-07 1.795E-07 1.570E-07 1.390E-07 1.229E-07 1.107E-07 9.970E-08 9.120E-08 8.280E-08 7.382E-08 6.252E-08 5.377E-08 3.777E-08 2.831E-08 2.000E-08 1.405E-08 7.875E-09 7.490E-09 8.293E-09 6.725E-09 6.208E-09 4.919E-09 4.027E-09 2.851E-09 2.092E-09 1.465E-09 9.738E-10 1.236E-09 1.075E-09 6.548E-10 2.801E-10 1.265E-10 3.047E-10 1.341E-09 1.366E-09 9.520E-10 6.101E-10 4.803E-10 4.086E-10 2.809E-10 2.179E-10 1.629E-10 1.276E-10 1.269E-10 1.166E-10 9.706E-11 1.055E-10 1.220E-10 1.496E-10 1.192E-10 9.893E-11 9.595E-11 7.388E-11 5.884E-11 3.794E-11 2.480E-11 1.859E-11 1.154E-11 7.212E-12
  1.780E+02  2.357E-07 2.536E-07 2.192E-07 1.876E-07 1.629E-07 1.434E-07 1.262E-07 1.132E-07 1.017E-07 9.279E-08 8.403E-08 7.478E-08 6.315E-08 5.420E-08 3.796E-08 2.841E-08 2.006E-08 1.409E-08 7.889E-09 7.500E-09 8.305E-09 6.737E-09 6.218E-09 4.927E-09 4.033E-09 2.855E-09 2.096E-09 1.467E-09 9.751E-10 1.238E-09 1.076E-09 6.557E-10 2.805E-10 1.267E-10 3.051E-10 1.343E-09 1.369E-09 9.535E-10 6.110E-10 4.810E-10 4.092E-10 2.813E-10 2.183E-10 1.631E-10 1.278E-10 1.271E-10 1.168E-10 9.722E-11 1.057E-10 1.222E-10 1.498E-10 1.194E-10 9.910E-11 9.611E-11 7.400E-11 5.894E-11 3.800E-11 2.484E-11 1.862E-11 1.156E-11 7.225E-12
  1.800E+02  2.418E-07 2.607E-07 2.244E-07 1.914E-07 1.656E-07 1.454E-07 1.276E-07 1.143E-07 1.025E-07 9.344E-08 8.453E-08 7.516E-08 6.339E-08 5.437E-08 3.804E-08 2.845E-08 2.008E-08 1.410E-08 7.894E-09 7.503E-09 8.309E-09 6.741E-09 6.222E-09 4.930E-09 4.035E-09 2.857E-09 2.097E-09 1.467E-09 9.755E-10 1.238E-09 1.077E-09 6.561E-10 2.806E-10 1.268E-10 3.053E-10 1.344E-09 1.369E-09 9.539E-10 6.113E-10 4.813E-10 4.094E-10 2.815E-10 2.184E-10 1.632E-10 1.279E-10 1.272E-10 1.169E-10 9.727E-11 1.058E-10 1.223E-10 1.499E-10 1.195E-10 9.915E-11 9.616E-11 7.405E-11 5.898E-11 3.802E-11 2.485E-11 1.864E-11 1.156E-11 7.229E-12
