# water soluble (0%)  
#
# size distribution: lognormal
# ------------------
#
#   minimum radius, [um]:      5.000E-03
#   maximum radius, [um]:      2.000E+01
#                  sigma:      2.240E+00
#       Rmod (wet), [um]:      2.120E-02
#       Rmod (dry), [um]:      2.120E-02
#
# optical parameters:
# -------------------
#
# wavelength ext.coef  sca.coef  abs.coef  si.sc.alb  asym.par  ext.nor    ref.real  ref.imag
#     [um]     [1/km]    [1/km]    [1/km]
#
#  2.500E-01 9.520E-06 7.959E-06 1.561E-06 8.360E-01 0.690E+00 2.438E+00  1.530E+00 -3.000E-02
#  3.000E-01 8.182E-06 7.767E-06 4.151E-07 9.493E-01 0.659E+00 2.095E+00  1.530E+00 -8.000E-03
#  3.500E-01 7.003E-06 6.780E-06 2.227E-07 9.682E-01 0.647E+00 1.793E+00  1.530E+00 -5.000E-03
#  4.000E-01 6.011E-06 5.822E-06 1.892E-07 9.685E-01 0.639E+00 1.539E+00  1.530E+00 -5.000E-03
#  4.500E-01 5.180E-06 5.017E-06 1.631E-07 9.685E-01 0.630E+00 1.326E+00  1.530E+00 -5.000E-03
#  5.000E-01 4.484E-06 4.341E-06 1.425E-07 9.682E-01 0.621E+00 1.148E+00  1.530E+00 -5.000E-03
#  5.500E-01 3.905E-06 3.755E-06 1.502E-07 9.615E-01 0.614E+00 1.000E+00  1.530E+00 -6.000E-03
#  6.000E-01 3.413E-06 3.279E-06 1.339E-07 9.608E-01 0.605E+00 8.739E-01  1.530E+00 -6.000E-03
#  6.500E-01 3.003E-06 2.863E-06 1.398E-07 9.535E-01 0.597E+00 7.689E-01  1.530E+00 -7.000E-03
#  7.000E-01 2.649E-06 2.522E-06 1.265E-07 9.522E-01 0.589E+00 6.782E-01  1.530E+00 -7.000E-03
#  7.500E-01 2.356E-06 2.217E-06 1.392E-07 9.409E-01 0.582E+00 6.032E-01  1.530E+00 -8.500E-03
#  8.000E-01 2.050E-06 1.901E-06 1.485E-07 9.276E-01 0.578E+00 5.249E-01  1.520E+00 -1.000E-02
#  9.000E-01 1.660E-06 1.497E-06 1.633E-07 9.016E-01 0.563E+00 4.251E-01  1.520E+00 -1.300E-02
#  1.000E+00 1.366E-06 1.198E-06 1.680E-07 8.770E-01 0.548E+00 3.497E-01  1.520E+00 -1.550E-02
#  1.250E+00 8.558E-07 7.042E-07 1.515E-07 8.229E-01 0.516E+00 2.191E-01  1.510E+00 -1.900E-02
#  1.500E+00 5.937E-07 4.530E-07 1.406E-07 7.631E-01 0.485E+00 1.520E-01  1.510E+00 -2.250E-02
#  1.750E+00 3.587E-07 2.684E-07 9.036E-08 7.481E-01 0.461E+00 9.186E-02  1.470E+00 -1.750E-02
#  2.000E+00 1.913E-07 1.558E-07 3.550E-08 8.144E-01 0.440E+00 4.897E-02  1.420E+00 -8.000E-03
#  2.500E+00 1.228E-07 8.215E-08 4.070E-08 6.687E-01 0.392E+00 3.146E-02  1.420E+00 -1.200E-02
#  3.000E+00 1.072E-07 4.702E-08 6.021E-08 4.385E-01 0.350E+00 2.746E-02  1.420E+00 -2.200E-02
#  3.200E+00 6.160E-08 4.128E-08 2.032E-08 6.701E-01 0.339E+00 1.577E-02  1.430E+00 -8.000E-03
#  3.390E+00 5.132E-08 3.455E-08 1.677E-08 6.732E-01 0.327E+00 1.314E-02  1.430E+00 -7.050E-03
#  3.500E+00 4.559E-08 3.422E-08 1.137E-08 7.506E-01 0.322E+00 1.167E-02  1.450E+00 -5.000E-03
#  3.750E+00 3.617E-08 2.776E-08 8.408E-09 7.675E-01 0.308E+00 9.260E-03  1.452E+00 -4.000E-03
#  4.000E+00 3.255E-08 2.280E-08 9.752E-09 7.004E-01 0.294E+00 8.335E-03  1.455E+00 -5.000E-03
#  4.500E+00 3.783E-08 1.567E-08 2.216E-08 4.141E-01 0.269E+00 9.687E-03  1.460E+00 -1.300E-02
#  5.000E+00 2.892E-08 1.057E-08 1.834E-08 3.656E-01 0.248E+00 7.404E-03  1.450E+00 -1.200E-02
#  5.500E+00 3.225E-08 7.284E-09 2.497E-08 2.258E-01 0.227E+00 8.258E-03  1.440E+00 -1.800E-02
#  6.000E+00 3.431E-08 4.698E-09 2.962E-08 1.369E-01 0.208E+00 8.786E-03  1.410E+00 -2.300E-02
#  6.200E+00 3.774E-08 4.581E-09 3.316E-08 1.214E-01 0.203E+00 9.664E-03  1.430E+00 -2.700E-02
#  6.500E+00 4.221E-08 4.400E-09 3.781E-08 1.042E-01 0.196E+00 1.081E-02  1.460E+00 -3.300E-02
#  7.200E+00 7.717E-08 2.353E-09 7.482E-08 3.049E-02 0.168E+00 1.976E-02  1.400E+00 -7.000E-02
#  7.900E+00 7.144E-08 4.721E-10 7.097E-08 6.609E-03 0.139E+00 1.829E-02  1.200E+00 -6.500E-02
#  8.200E+00 1.140E-07 9.404E-11 1.139E-07 8.250E-04 0.116E+00 2.919E-02  1.010E+00 -1.000E-01
#  8.500E+00 2.071E-07 1.042E-09 2.061E-07 5.033E-03 0.122E+00 5.303E-02  1.300E+00 -2.150E-01
#  8.700E+00 1.279E-07 9.050E-09 1.188E-07 7.077E-02 0.188E+00 3.274E-02  2.400E+00 -2.900E-01
#  9.000E+00 1.377E-07 9.054E-09 1.286E-07 6.576E-02 0.182E+00 3.525E-02  2.560E+00 -3.700E-01
#  9.200E+00 1.918E-07 6.135E-09 1.857E-07 3.198E-02 0.154E+00 4.912E-02  2.200E+00 -4.200E-01
#  9.500E+00 8.880E-08 3.846E-09 8.496E-08 4.331E-02 0.160E+00 2.274E-02  1.950E+00 -1.600E-01
#  9.800E+00 5.511E-08 3.010E-09 5.210E-08 5.462E-02 0.156E+00 1.411E-02  1.870E+00 -9.500E-02
#  1.000E+01 5.279E-08 2.537E-09 5.025E-08 4.806E-02 0.149E+00 1.352E-02  1.820E+00 -9.000E-02
#  1.060E+01 4.036E-08 1.804E-09 3.855E-08 4.470E-02 0.138E+00 1.033E-02  1.760E+00 -7.000E-02
#  1.100E+01 2.878E-08 1.437E-09 2.734E-08 4.994E-02 0.131E+00 7.369E-03  1.720E+00 -5.000E-02
#  1.150E+01 2.659E-08 1.074E-09 2.551E-08 4.040E-02 0.122E+00 6.808E-03  1.670E+00 -4.700E-02
#  1.250E+01 2.812E-08 6.833E-10 2.743E-08 2.430E-02 0.107E+00 7.199E-03  1.620E+00 -5.300E-02
#  1.300E+01 2.793E-08 5.882E-10 2.734E-08 2.106E-02 0.102E+00 7.152E-03  1.620E+00 -5.500E-02
#  1.400E+01 3.558E-08 3.718E-10 3.521E-08 1.045E-02 0.887E-01 9.110E-03  1.560E+00 -7.300E-02
#  1.480E+01 4.994E-08 2.002E-10 4.974E-08 4.009E-03 0.752E-01 1.279E-02  1.440E+00 -1.000E-01
#  1.500E+01 9.969E-08 2.007E-10 9.949E-08 2.013E-03 0.691E-01 2.553E-02  1.420E+00 -2.000E-01
#  1.640E+01 5.689E-08 3.357E-10 5.656E-08 5.901E-03 0.783E-01 1.457E-02  1.750E+00 -1.600E-01
#  1.720E+01 6.247E-08 4.835E-10 6.199E-08 7.740E-03 0.872E-01 1.600E-02  2.080E+00 -2.420E-01
#  1.800E+01 4.829E-08 3.491E-10 4.794E-08 7.229E-03 0.802E-01 1.236E-02  1.980E+00 -1.800E-01
#  1.850E+01 4.926E-08 2.544E-10 4.900E-08 5.165E-03 0.712E-01 1.261E-02  1.850E+00 -1.700E-01
#  2.000E+01 4.707E-08 2.786E-10 4.679E-08 5.919E-03 0.749E-01 1.205E-02  2.120E+00 -2.200E-01
#  2.130E+01 4.839E-08 2.023E-10 4.819E-08 4.181E-03 0.658E-01 1.239E-02  2.060E+00 -2.300E-01
#  2.250E+01 5.011E-08 1.512E-10 4.996E-08 3.017E-03 0.582E-01 1.283E-02  2.000E+00 -2.400E-01
#  2.500E+01 5.784E-08 8.573E-11 5.775E-08 1.482E-03 0.451E-01 1.481E-02  1.880E+00 -2.800E-01
#  2.790E+01 5.537E-08 5.256E-11 5.532E-08 9.493E-04 0.370E-01 1.418E-02  1.840E+00 -2.900E-01
#  3.000E+01 5.409E-08 3.848E-11 5.405E-08 7.114E-04 0.325E-01 1.385E-02  1.820E+00 -3.000E-01
#  3.500E+01 5.638E-08 2.578E-11 5.635E-08 4.573E-04 0.262E-01 1.444E-02  1.920E+00 -4.000E-01
#  4.000E+01 6.417E-08 1.545E-11 6.416E-08 2.407E-04 0.195E-01 1.643E-02  1.860E+00 -5.000E-01
#
# volume phase function [1/km]:
# -----------------------------
#
# sca.ang. | wavelengths --->
# ---------|------------------
#          | 2.500E-01 3.000E-01 3.500E-01 4.000E-01 4.500E-01 5.000E-01 5.500E-01 6.000E-01 6.500E-01 7.000E-01 7.500E-01 8.000E-01 9.000E-01 1.000E+00 1.250E+00 1.500E+00 1.750E+00 2.000E+00 2.500E+00 3.000E+00 3.200E+00 3.390E+00 3.500E+00 3.750E+00 4.000E+00 4.500E+00 5.000E+00 5.500E+00 6.000E+00 6.200E+00 6.500E+00 7.200E+00 7.900E+00 8.200E+00 8.500E+00 8.700E+00 9.000E+00 9.200E+00 9.500E+00 9.800E+00 1.000E+01 1.060E+01 1.100E+01 1.150E+01 1.250E+01 1.300E+01 1.400E+01 1.480E+01 1.500E+01 1.640E+01 1.720E+01 1.800E+01 1.850E+01 2.000E+01 2.130E+01 2.250E+01 2.500E+01 2.790E+01 3.000E+01 3.500E+01 4.000E+01
#
  0.000E+00  1.196E-05 9.330E-06 7.202E-06 5.644E-06 4.504E-06 3.650E-06 2.984E-06 2.474E-06 2.064E-06 1.742E-06 1.473E-06 1.236E-06 9.109E-07 6.864E-07 3.591E-07 2.076E-07 1.166E-07 6.519E-08 2.966E-08 1.500E-08 1.273E-08 1.029E-08 9.943E-09 7.743E-09 6.116E-09 3.907E-09 2.491E-09 1.626E-09 9.989E-10 9.559E-10 8.945E-10 4.471E-10 8.430E-11 1.583E-11 1.747E-10 1.598E-09 1.571E-09 1.031E-09 6.632E-10 5.182E-10 4.327E-10 3.015E-10 2.375E-10 1.742E-10 1.072E-10 9.107E-11 5.582E-11 2.916E-11 2.874E-11 4.858E-11 7.047E-11 5.025E-11 3.604E-11 3.945E-11 2.812E-11 2.068E-11 1.140E-11 6.858E-12 4.967E-12 3.275E-12 1.932E-12
  1.000E-01  1.196E-05 9.330E-06 7.202E-06 5.643E-06 4.504E-06 3.650E-06 2.984E-06 2.474E-06 2.064E-06 1.742E-06 1.473E-06 1.236E-06 9.109E-07 6.864E-07 3.591E-07 2.076E-07 1.166E-07 6.519E-08 2.966E-08 1.500E-08 1.273E-08 1.029E-08 9.943E-09 7.743E-09 6.116E-09 3.907E-09 2.491E-09 1.626E-09 9.989E-10 9.559E-10 8.945E-10 4.471E-10 8.430E-11 1.583E-11 1.747E-10 1.598E-09 1.571E-09 1.031E-09 6.632E-10 5.182E-10 4.327E-10 3.015E-10 2.375E-10 1.742E-10 1.072E-10 9.107E-11 5.582E-11 2.916E-11 2.874E-11 4.858E-11 7.047E-11 5.025E-11 3.604E-11 3.945E-11 2.812E-11 2.068E-11 1.140E-11 6.858E-12 4.967E-12 3.275E-12 1.932E-12
  2.000E-01  1.195E-05 9.328E-06 7.201E-06 5.643E-06 4.503E-06 3.650E-06 2.983E-06 2.473E-06 2.063E-06 1.741E-06 1.473E-06 1.236E-06 9.109E-07 6.863E-07 3.591E-07 2.076E-07 1.166E-07 6.519E-08 2.966E-08 1.500E-08 1.273E-08 1.029E-08 9.943E-09 7.742E-09 6.116E-09 3.907E-09 2.491E-09 1.625E-09 9.989E-10 9.558E-10 8.944E-10 4.471E-10 8.430E-11 1.583E-11 1.747E-10 1.598E-09 1.571E-09 1.031E-09 6.632E-10 5.182E-10 4.327E-10 3.015E-10 2.375E-10 1.742E-10 1.072E-10 9.107E-11 5.582E-11 2.916E-11 2.874E-11 4.858E-11 7.047E-11 5.025E-11 3.604E-11 3.944E-11 2.812E-11 2.068E-11 1.140E-11 6.858E-12 4.967E-12 3.275E-12 1.932E-12
  3.000E-01  1.195E-05 9.324E-06 7.199E-06 5.642E-06 4.502E-06 3.649E-06 2.983E-06 2.473E-06 2.063E-06 1.741E-06 1.473E-06 1.236E-06 9.108E-07 6.863E-07 3.591E-07 2.076E-07 1.166E-07 6.519E-08 2.966E-08 1.500E-08 1.273E-08 1.029E-08 9.943E-09 7.742E-09 6.115E-09 3.907E-09 2.491E-09 1.625E-09 9.989E-10 9.558E-10 8.944E-10 4.471E-10 8.430E-11 1.583E-11 1.747E-10 1.598E-09 1.571E-09 1.031E-09 6.632E-10 5.182E-10 4.327E-10 3.015E-10 2.375E-10 1.742E-10 1.072E-10 9.107E-11 5.582E-11 2.916E-11 2.874E-11 4.858E-11 7.047E-11 5.025E-11 3.604E-11 3.944E-11 2.812E-11 2.068E-11 1.140E-11 6.858E-12 4.967E-12 3.275E-12 1.932E-12
  4.000E-01  1.194E-05 9.320E-06 7.196E-06 5.640E-06 4.501E-06 3.648E-06 2.983E-06 2.473E-06 2.063E-06 1.741E-06 1.473E-06 1.236E-06 9.107E-07 6.862E-07 3.590E-07 2.076E-07 1.165E-07 6.518E-08 2.966E-08 1.500E-08 1.273E-08 1.029E-08 9.942E-09 7.742E-09 6.115E-09 3.907E-09 2.491E-09 1.625E-09 9.989E-10 9.558E-10 8.944E-10 4.470E-10 8.429E-11 1.583E-11 1.747E-10 1.598E-09 1.571E-09 1.031E-09 6.632E-10 5.182E-10 4.327E-10 3.015E-10 2.375E-10 1.742E-10 1.072E-10 9.107E-11 5.582E-11 2.916E-11 2.874E-11 4.858E-11 7.046E-11 5.025E-11 3.604E-11 3.944E-11 2.812E-11 2.068E-11 1.140E-11 6.858E-12 4.967E-12 3.275E-12 1.932E-12
  5.000E-01  1.193E-05 9.314E-06 7.193E-06 5.638E-06 4.500E-06 3.647E-06 2.982E-06 2.472E-06 2.063E-06 1.741E-06 1.472E-06 1.236E-06 9.106E-07 6.861E-07 3.590E-07 2.076E-07 1.165E-07 6.518E-08 2.966E-08 1.500E-08 1.273E-08 1.029E-08 9.942E-09 7.742E-09 6.115E-09 3.907E-09 2.491E-09 1.625E-09 9.988E-10 9.558E-10 8.944E-10 4.470E-10 8.429E-11 1.583E-11 1.747E-10 1.598E-09 1.571E-09 1.031E-09 6.632E-10 5.181E-10 4.327E-10 3.015E-10 2.375E-10 1.742E-10 1.072E-10 9.107E-11 5.582E-11 2.916E-11 2.874E-11 4.857E-11 7.046E-11 5.025E-11 3.604E-11 3.944E-11 2.812E-11 2.068E-11 1.140E-11 6.858E-12 4.967E-12 3.275E-12 1.932E-12
  6.000E-01  1.191E-05 9.307E-06 7.189E-06 5.635E-06 4.498E-06 3.646E-06 2.981E-06 2.472E-06 2.062E-06 1.740E-06 1.472E-06 1.236E-06 9.104E-07 6.860E-07 3.589E-07 2.076E-07 1.165E-07 6.517E-08 2.966E-08 1.500E-08 1.273E-08 1.029E-08 9.941E-09 7.741E-09 6.115E-09 3.907E-09 2.491E-09 1.625E-09 9.988E-10 9.557E-10 8.944E-10 4.470E-10 8.429E-11 1.583E-11 1.747E-10 1.598E-09 1.571E-09 1.031E-09 6.632E-10 5.181E-10 4.327E-10 3.015E-10 2.375E-10 1.742E-10 1.072E-10 9.106E-11 5.582E-11 2.916E-11 2.874E-11 4.857E-11 7.046E-11 5.025E-11 3.604E-11 3.944E-11 2.811E-11 2.068E-11 1.140E-11 6.858E-12 4.967E-12 3.275E-12 1.932E-12
  7.000E-01  1.190E-05 9.298E-06 7.184E-06 5.632E-06 4.496E-06 3.645E-06 2.980E-06 2.471E-06 2.062E-06 1.740E-06 1.472E-06 1.235E-06 9.103E-07 6.859E-07 3.589E-07 2.075E-07 1.165E-07 6.516E-08 2.965E-08 1.500E-08 1.272E-08 1.029E-08 9.941E-09 7.741E-09 6.114E-09 3.906E-09 2.491E-09 1.625E-09 9.988E-10 9.557E-10 8.943E-10 4.470E-10 8.429E-11 1.583E-11 1.747E-10 1.598E-09 1.571E-09 1.031E-09 6.632E-10 5.181E-10 4.327E-10 3.015E-10 2.375E-10 1.741E-10 1.072E-10 9.106E-11 5.582E-11 2.916E-11 2.874E-11 4.857E-11 7.046E-11 5.025E-11 3.604E-11 3.944E-11 2.811E-11 2.068E-11 1.140E-11 6.858E-12 4.967E-12 3.275E-12 1.932E-12
  8.000E-01  1.188E-05 9.289E-06 7.178E-06 5.629E-06 4.494E-06 3.643E-06 2.979E-06 2.470E-06 2.061E-06 1.739E-06 1.471E-06 1.235E-06 9.101E-07 6.858E-07 3.588E-07 2.075E-07 1.165E-07 6.515E-08 2.965E-08 1.500E-08 1.272E-08 1.028E-08 9.940E-09 7.740E-09 6.114E-09 3.906E-09 2.491E-09 1.625E-09 9.987E-10 9.557E-10 8.943E-10 4.470E-10 8.428E-11 1.583E-11 1.747E-10 1.598E-09 1.571E-09 1.031E-09 6.632E-10 5.181E-10 4.327E-10 3.015E-10 2.375E-10 1.741E-10 1.072E-10 9.106E-11 5.581E-11 2.916E-11 2.874E-11 4.857E-11 7.046E-11 5.024E-11 3.604E-11 3.944E-11 2.811E-11 2.068E-11 1.140E-11 6.858E-12 4.967E-12 3.275E-12 1.932E-12
  9.000E-01  1.186E-05 9.278E-06 7.172E-06 5.625E-06 4.491E-06 3.641E-06 2.977E-06 2.469E-06 2.060E-06 1.739E-06 1.471E-06 1.235E-06 9.098E-07 6.856E-07 3.588E-07 2.075E-07 1.165E-07 6.515E-08 2.965E-08 1.500E-08 1.272E-08 1.028E-08 9.939E-09 7.740E-09 6.113E-09 3.906E-09 2.490E-09 1.625E-09 9.987E-10 9.556E-10 8.942E-10 4.470E-10 8.428E-11 1.583E-11 1.747E-10 1.598E-09 1.571E-09 1.031E-09 6.631E-10 5.181E-10 4.326E-10 3.015E-10 2.374E-10 1.741E-10 1.072E-10 9.106E-11 5.581E-11 2.916E-11 2.874E-11 4.857E-11 7.046E-11 5.024E-11 3.603E-11 3.944E-11 2.811E-11 2.068E-11 1.140E-11 6.858E-12 4.967E-12 3.275E-12 1.932E-12
  1.000E+00  1.184E-05 9.266E-06 7.165E-06 5.620E-06 4.488E-06 3.639E-06 2.976E-06 2.468E-06 2.059E-06 1.738E-06 1.470E-06 1.234E-06 9.096E-07 6.855E-07 3.587E-07 2.074E-07 1.165E-07 6.513E-08 2.964E-08 1.499E-08 1.272E-08 1.028E-08 9.938E-09 7.739E-09 6.113E-09 3.906E-09 2.490E-09 1.625E-09 9.986E-10 9.555E-10 8.942E-10 4.469E-10 8.427E-11 1.583E-11 1.747E-10 1.598E-09 1.571E-09 1.031E-09 6.631E-10 5.181E-10 4.326E-10 3.015E-10 2.374E-10 1.741E-10 1.071E-10 9.105E-11 5.581E-11 2.916E-11 2.874E-11 4.857E-11 7.045E-11 5.024E-11 3.603E-11 3.944E-11 2.811E-11 2.068E-11 1.140E-11 6.857E-12 4.967E-12 3.274E-12 1.932E-12
  1.100E+00  1.181E-05 9.253E-06 7.157E-06 5.616E-06 4.485E-06 3.637E-06 2.974E-06 2.467E-06 2.058E-06 1.738E-06 1.470E-06 1.234E-06 9.093E-07 6.853E-07 3.586E-07 2.074E-07 1.164E-07 6.512E-08 2.964E-08 1.499E-08 1.272E-08 1.028E-08 9.937E-09 7.738E-09 6.112E-09 3.905E-09 2.490E-09 1.625E-09 9.985E-10 9.555E-10 8.941E-10 4.469E-10 8.427E-11 1.583E-11 1.747E-10 1.598E-09 1.571E-09 1.031E-09 6.631E-10 5.180E-10 4.326E-10 3.014E-10 2.374E-10 1.741E-10 1.071E-10 9.105E-11 5.581E-11 2.916E-11 2.873E-11 4.857E-11 7.045E-11 5.024E-11 3.603E-11 3.944E-11 2.811E-11 2.068E-11 1.140E-11 6.857E-12 4.966E-12 3.274E-12 1.932E-12
  1.200E+00  1.179E-05 9.239E-06 7.149E-06 5.610E-06 4.481E-06 3.635E-06 2.973E-06 2.465E-06 2.057E-06 1.737E-06 1.469E-06 1.233E-06 9.090E-07 6.851E-07 3.585E-07 2.074E-07 1.164E-07 6.511E-08 2.963E-08 1.499E-08 1.272E-08 1.028E-08 9.936E-09 7.737E-09 6.112E-09 3.905E-09 2.490E-09 1.625E-09 9.984E-10 9.554E-10 8.941E-10 4.469E-10 8.426E-11 1.583E-11 1.746E-10 1.598E-09 1.571E-09 1.031E-09 6.630E-10 5.180E-10 4.326E-10 3.014E-10 2.374E-10 1.741E-10 1.071E-10 9.104E-11 5.581E-11 2.915E-11 2.873E-11 4.856E-11 7.045E-11 5.024E-11 3.603E-11 3.944E-11 2.811E-11 2.068E-11 1.140E-11 6.857E-12 4.966E-12 3.274E-12 1.932E-12
  1.300E+00  1.176E-05 9.224E-06 7.140E-06 5.605E-06 4.478E-06 3.632E-06 2.971E-06 2.464E-06 2.056E-06 1.736E-06 1.469E-06 1.233E-06 9.087E-07 6.848E-07 3.584E-07 2.073E-07 1.164E-07 6.510E-08 2.963E-08 1.499E-08 1.272E-08 1.028E-08 9.934E-09 7.736E-09 6.111E-09 3.904E-09 2.490E-09 1.625E-09 9.984E-10 9.553E-10 8.940E-10 4.468E-10 8.426E-11 1.583E-11 1.746E-10 1.598E-09 1.571E-09 1.031E-09 6.630E-10 5.180E-10 4.326E-10 3.014E-10 2.374E-10 1.741E-10 1.071E-10 9.104E-11 5.580E-11 2.915E-11 2.873E-11 4.856E-11 7.045E-11 5.024E-11 3.603E-11 3.943E-11 2.811E-11 2.068E-11 1.140E-11 6.857E-12 4.966E-12 3.274E-12 1.931E-12
  1.400E+00  1.173E-05 9.209E-06 7.131E-06 5.599E-06 4.474E-06 3.629E-06 2.969E-06 2.463E-06 2.055E-06 1.735E-06 1.468E-06 1.232E-06 9.083E-07 6.846E-07 3.583E-07 2.073E-07 1.164E-07 6.508E-08 2.962E-08 1.499E-08 1.271E-08 1.028E-08 9.933E-09 7.735E-09 6.110E-09 3.904E-09 2.489E-09 1.624E-09 9.983E-10 9.552E-10 8.939E-10 4.468E-10 8.425E-11 1.583E-11 1.746E-10 1.598E-09 1.571E-09 1.031E-09 6.630E-10 5.180E-10 4.325E-10 3.014E-10 2.374E-10 1.741E-10 1.071E-10 9.103E-11 5.580E-11 2.915E-11 2.873E-11 4.856E-11 7.044E-11 5.023E-11 3.603E-11 3.943E-11 2.811E-11 2.067E-11 1.140E-11 6.856E-12 4.966E-12 3.274E-12 1.931E-12
  1.500E+00  1.170E-05 9.192E-06 7.121E-06 5.592E-06 4.469E-06 3.626E-06 2.967E-06 2.461E-06 2.054E-06 1.734E-06 1.467E-06 1.232E-06 9.079E-07 6.843E-07 3.582E-07 2.072E-07 1.163E-07 6.507E-08 2.962E-08 1.498E-08 1.271E-08 1.028E-08 9.931E-09 7.734E-09 6.109E-09 3.904E-09 2.489E-09 1.624E-09 9.982E-10 9.551E-10 8.938E-10 4.468E-10 8.424E-11 1.582E-11 1.746E-10 1.598E-09 1.571E-09 1.031E-09 6.629E-10 5.179E-10 4.325E-10 3.014E-10 2.374E-10 1.741E-10 1.071E-10 9.103E-11 5.580E-11 2.915E-11 2.873E-11 4.856E-11 7.044E-11 5.023E-11 3.602E-11 3.943E-11 2.811E-11 2.067E-11 1.140E-11 6.856E-12 4.966E-12 3.274E-12 1.931E-12
  1.600E+00  1.167E-05 9.174E-06 7.110E-06 5.585E-06 4.465E-06 3.623E-06 2.964E-06 2.459E-06 2.053E-06 1.733E-06 1.466E-06 1.231E-06 9.075E-07 6.840E-07 3.581E-07 2.071E-07 1.163E-07 6.505E-08 2.961E-08 1.498E-08 1.271E-08 1.027E-08 9.930E-09 7.733E-09 6.108E-09 3.903E-09 2.489E-09 1.624E-09 9.981E-10 9.550E-10 8.937E-10 4.467E-10 8.424E-11 1.582E-11 1.746E-10 1.598E-09 1.571E-09 1.031E-09 6.629E-10 5.179E-10 4.325E-10 3.014E-10 2.374E-10 1.741E-10 1.071E-10 9.102E-11 5.579E-11 2.915E-11 2.873E-11 4.855E-11 7.043E-11 5.023E-11 3.602E-11 3.943E-11 2.810E-11 2.067E-11 1.140E-11 6.856E-12 4.965E-12 3.274E-12 1.931E-12
  1.700E+00  1.163E-05 9.155E-06 7.099E-06 5.578E-06 4.460E-06 3.620E-06 2.962E-06 2.457E-06 2.051E-06 1.732E-06 1.466E-06 1.231E-06 9.071E-07 6.837E-07 3.580E-07 2.071E-07 1.163E-07 6.503E-08 2.960E-08 1.498E-08 1.271E-08 1.027E-08 9.928E-09 7.732E-09 6.108E-09 3.903E-09 2.488E-09 1.624E-09 9.979E-10 9.549E-10 8.936E-10 4.467E-10 8.423E-11 1.582E-11 1.746E-10 1.597E-09 1.570E-09 1.031E-09 6.628E-10 5.179E-10 4.324E-10 3.013E-10 2.373E-10 1.741E-10 1.071E-10 9.102E-11 5.579E-11 2.915E-11 2.872E-11 4.855E-11 7.043E-11 5.022E-11 3.602E-11 3.943E-11 2.810E-11 2.067E-11 1.140E-11 6.855E-12 4.965E-12 3.273E-12 1.931E-12
  1.800E+00  1.160E-05 9.136E-06 7.087E-06 5.571E-06 4.455E-06 3.616E-06 2.959E-06 2.456E-06 2.050E-06 1.731E-06 1.465E-06 1.230E-06 9.066E-07 6.834E-07 3.578E-07 2.070E-07 1.162E-07 6.501E-08 2.960E-08 1.497E-08 1.270E-08 1.027E-08 9.926E-09 7.730E-09 6.107E-09 3.902E-09 2.488E-09 1.624E-09 9.978E-10 9.548E-10 8.935E-10 4.466E-10 8.422E-11 1.582E-11 1.746E-10 1.597E-09 1.570E-09 1.031E-09 6.628E-10 5.178E-10 4.324E-10 3.013E-10 2.373E-10 1.740E-10 1.071E-10 9.101E-11 5.579E-11 2.914E-11 2.872E-11 4.855E-11 7.043E-11 5.022E-11 3.602E-11 3.942E-11 2.810E-11 2.067E-11 1.139E-11 6.855E-12 4.965E-12 3.273E-12 1.931E-12
  1.900E+00  1.156E-05 9.115E-06 7.075E-06 5.563E-06 4.449E-06 3.612E-06 2.957E-06 2.453E-06 2.048E-06 1.730E-06 1.464E-06 1.229E-06 9.061E-07 6.831E-07 3.577E-07 2.069E-07 1.162E-07 6.499E-08 2.959E-08 1.497E-08 1.270E-08 1.027E-08 9.925E-09 7.729E-09 6.105E-09 3.901E-09 2.488E-09 1.623E-09 9.977E-10 9.547E-10 8.934E-10 4.466E-10 8.421E-11 1.582E-11 1.746E-10 1.597E-09 1.570E-09 1.031E-09 6.627E-10 5.178E-10 4.324E-10 3.013E-10 2.373E-10 1.740E-10 1.071E-10 9.100E-11 5.578E-11 2.914E-11 2.872E-11 4.855E-11 7.042E-11 5.022E-11 3.602E-11 3.942E-11 2.810E-11 2.067E-11 1.139E-11 6.854E-12 4.964E-12 3.273E-12 1.931E-12
  2.000E+00  1.152E-05 9.094E-06 7.062E-06 5.555E-06 4.444E-06 3.608E-06 2.954E-06 2.451E-06 2.047E-06 1.729E-06 1.463E-06 1.228E-06 9.056E-07 6.827E-07 3.575E-07 2.069E-07 1.162E-07 6.497E-08 2.958E-08 1.497E-08 1.270E-08 1.027E-08 9.923E-09 7.727E-09 6.104E-09 3.901E-09 2.487E-09 1.623E-09 9.976E-10 9.546E-10 8.933E-10 4.465E-10 8.420E-11 1.582E-11 1.745E-10 1.597E-09 1.570E-09 1.031E-09 6.627E-10 5.177E-10 4.323E-10 3.013E-10 2.373E-10 1.740E-10 1.071E-10 9.100E-11 5.578E-11 2.914E-11 2.872E-11 4.854E-11 7.042E-11 5.021E-11 3.601E-11 3.942E-11 2.810E-11 2.067E-11 1.139E-11 6.854E-12 4.964E-12 3.273E-12 1.931E-12
  3.000E+00  1.109E-05 8.847E-06 6.909E-06 5.455E-06 4.376E-06 3.560E-06 2.919E-06 2.425E-06 2.027E-06 1.713E-06 1.450E-06 1.218E-06 8.991E-07 6.783E-07 3.556E-07 2.059E-07 1.157E-07 6.470E-08 2.948E-08 1.492E-08 1.266E-08 1.024E-08 9.897E-09 7.709E-09 6.090E-09 3.893E-09 2.483E-09 1.620E-09 9.959E-10 9.530E-10 8.919E-10 4.459E-10 8.408E-11 1.580E-11 1.743E-10 1.595E-09 1.569E-09 1.030E-09 6.620E-10 5.172E-10 4.319E-10 3.009E-10 2.370E-10 1.738E-10 1.070E-10 9.090E-11 5.572E-11 2.911E-11 2.869E-11 4.850E-11 7.035E-11 5.017E-11 3.598E-11 3.938E-11 2.807E-11 2.065E-11 1.138E-11 6.848E-12 4.960E-12 3.270E-12 1.929E-12
  4.000E+00  1.060E-05 8.552E-06 6.722E-06 5.331E-06 4.290E-06 3.498E-06 2.873E-06 2.391E-06 2.000E-06 1.692E-06 1.434E-06 1.205E-06 8.904E-07 6.723E-07 3.530E-07 2.046E-07 1.150E-07 6.432E-08 2.934E-08 1.486E-08 1.261E-08 1.020E-08 9.862E-09 7.683E-09 6.071E-09 3.881E-09 2.476E-09 1.616E-09 9.935E-10 9.508E-10 8.900E-10 4.450E-10 8.391E-11 1.577E-11 1.740E-10 1.593E-09 1.566E-09 1.028E-09 6.610E-10 5.164E-10 4.312E-10 3.005E-10 2.367E-10 1.736E-10 1.068E-10 9.078E-11 5.565E-11 2.907E-11 2.865E-11 4.843E-11 7.027E-11 5.011E-11 3.594E-11 3.934E-11 2.804E-11 2.063E-11 1.137E-11 6.841E-12 4.954E-12 3.267E-12 1.927E-12
  5.000E+00  1.007E-05 8.230E-06 6.512E-06 5.189E-06 4.189E-06 3.425E-06 2.818E-06 2.349E-06 1.968E-06 1.667E-06 1.414E-06 1.189E-06 8.796E-07 6.649E-07 3.497E-07 2.029E-07 1.141E-07 6.384E-08 2.915E-08 1.478E-08 1.255E-08 1.015E-08 9.817E-09 7.649E-09 6.046E-09 3.867E-09 2.467E-09 1.611E-09 9.904E-10 9.480E-10 8.875E-10 4.438E-10 8.370E-11 1.573E-11 1.736E-10 1.590E-09 1.564E-09 1.026E-09 6.597E-10 5.154E-10 4.304E-10 2.999E-10 2.362E-10 1.732E-10 1.066E-10 9.061E-11 5.555E-11 2.902E-11 2.860E-11 4.835E-11 7.015E-11 5.003E-11 3.588E-11 3.928E-11 2.800E-11 2.059E-11 1.135E-11 6.830E-12 4.947E-12 3.262E-12 1.924E-12
  6.000E+00  9.545E-06 7.893E-06 6.288E-06 5.034E-06 4.078E-06 3.343E-06 2.757E-06 2.302E-06 1.931E-06 1.638E-06 1.391E-06 1.170E-06 8.670E-07 6.561E-07 3.458E-07 2.010E-07 1.131E-07 6.328E-08 2.894E-08 1.469E-08 1.247E-08 1.009E-08 9.762E-09 7.609E-09 6.016E-09 3.849E-09 2.457E-09 1.605E-09 9.867E-10 9.446E-10 8.845E-10 4.424E-10 8.344E-11 1.568E-11 1.732E-10 1.587E-09 1.560E-09 1.024E-09 6.582E-10 5.141E-10 4.293E-10 2.992E-10 2.357E-10 1.728E-10 1.064E-10 9.041E-11 5.543E-11 2.896E-11 2.855E-11 4.826E-11 7.002E-11 4.993E-11 3.581E-11 3.920E-11 2.794E-11 2.056E-11 1.133E-11 6.818E-12 4.938E-12 3.256E-12 1.921E-12
  8.000E+00  8.522E-06 7.212E-06 5.820E-06 4.702E-06 3.837E-06 3.163E-06 2.620E-06 2.196E-06 1.847E-06 1.571E-06 1.337E-06 1.127E-06 8.373E-07 6.354E-07 3.364E-07 1.962E-07 1.105E-07 6.188E-08 2.840E-08 1.445E-08 1.229E-08 9.946E-09 9.627E-09 7.509E-09 5.941E-09 3.806E-09 2.431E-09 1.589E-09 9.775E-10 9.361E-10 8.769E-10 4.389E-10 8.278E-11 1.557E-11 1.720E-10 1.578E-09 1.552E-09 1.018E-09 6.542E-10 5.110E-10 4.267E-10 2.974E-10 2.342E-10 1.718E-10 1.058E-10 8.990E-11 5.512E-11 2.880E-11 2.840E-11 4.801E-11 6.967E-11 4.968E-11 3.563E-11 3.901E-11 2.781E-11 2.046E-11 1.128E-11 6.787E-12 4.916E-12 3.242E-12 1.912E-12
  1.000E+01  7.579E-06 6.552E-06 5.352E-06 4.360E-06 3.582E-06 2.968E-06 2.470E-06 2.078E-06 1.754E-06 1.495E-06 1.275E-06 1.077E-06 8.030E-07 6.111E-07 3.252E-07 1.904E-07 1.074E-07 6.020E-08 2.775E-08 1.416E-08 1.205E-08 9.765E-09 9.459E-09 7.385E-09 5.847E-09 3.751E-09 2.398E-09 1.569E-09 9.658E-10 9.253E-10 8.673E-10 4.344E-10 8.196E-11 1.542E-11 1.705E-10 1.566E-09 1.541E-09 1.011E-09 6.493E-10 5.071E-10 4.234E-10 2.951E-10 2.325E-10 1.705E-10 1.050E-10 8.925E-11 5.473E-11 2.861E-11 2.820E-11 4.770E-11 6.923E-11 4.937E-11 3.541E-11 3.877E-11 2.764E-11 2.033E-11 1.121E-11 6.747E-12 4.887E-12 3.223E-12 1.902E-12
  1.200E+01  6.731E-06 5.933E-06 4.899E-06 4.022E-06 3.326E-06 2.770E-06 2.314E-06 1.954E-06 1.655E-06 1.415E-06 1.210E-06 1.022E-06 7.654E-07 5.844E-07 3.127E-07 1.839E-07 1.039E-07 5.827E-08 2.699E-08 1.383E-08 1.178E-08 9.553E-09 9.262E-09 7.238E-09 5.737E-09 3.687E-09 2.360E-09 1.545E-09 9.519E-10 9.125E-10 8.558E-10 4.291E-10 8.097E-11 1.525E-11 1.687E-10 1.553E-09 1.528E-09 1.002E-09 6.432E-10 5.023E-10 4.195E-10 2.924E-10 2.303E-10 1.689E-10 1.041E-10 8.846E-11 5.426E-11 2.837E-11 2.797E-11 4.732E-11 6.869E-11 4.899E-11 3.513E-11 3.848E-11 2.743E-11 2.018E-11 1.113E-11 6.699E-12 4.853E-12 3.201E-12 1.888E-12
  1.400E+01  5.977E-06 5.361E-06 4.471E-06 3.696E-06 3.074E-06 2.572E-06 2.158E-06 1.829E-06 1.553E-06 1.331E-06 1.141E-06 9.660E-07 7.259E-07 5.560E-07 2.992E-07 1.768E-07 1.001E-07 5.616E-08 2.615E-08 1.345E-08 1.147E-08 9.315E-09 9.040E-09 7.073E-09 5.612E-09 3.614E-09 2.316E-09 1.518E-09 9.361E-10 8.978E-10 8.427E-10 4.229E-10 7.984E-11 1.505E-11 1.667E-10 1.537E-09 1.512E-09 9.914E-10 6.362E-10 4.968E-10 4.148E-10 2.892E-10 2.278E-10 1.671E-10 1.030E-10 8.755E-11 5.372E-11 2.809E-11 2.770E-11 4.687E-11 6.807E-11 4.854E-11 3.482E-11 3.814E-11 2.719E-11 2.001E-11 1.104E-11 6.643E-12 4.812E-12 3.174E-12 1.873E-12
  1.600E+01  5.309E-06 4.837E-06 4.069E-06 3.386E-06 2.831E-06 2.380E-06 2.004E-06 1.704E-06 1.452E-06 1.248E-06 1.072E-06 9.086E-07 6.854E-07 5.267E-07 2.851E-07 1.693E-07 9.604E-08 5.392E-08 2.525E-08 1.305E-08 1.114E-08 9.055E-09 8.797E-09 6.892E-09 5.474E-09 3.532E-09 2.267E-09 1.488E-09 9.184E-10 8.814E-10 8.280E-10 4.160E-10 7.857E-11 1.483E-11 1.643E-10 1.518E-09 1.495E-09 9.796E-10 6.283E-10 4.905E-10 4.096E-10 2.855E-10 2.249E-10 1.650E-10 1.017E-10 8.651E-11 5.310E-11 2.777E-11 2.740E-11 4.637E-11 6.736E-11 4.803E-11 3.445E-11 3.775E-11 2.692E-11 1.981E-11 1.093E-11 6.579E-12 4.766E-12 3.144E-12 1.856E-12
  1.800E+01  4.719E-06 4.361E-06 3.697E-06 3.094E-06 2.600E-06 2.195E-06 1.855E-06 1.583E-06 1.352E-06 1.165E-06 1.003E-06 8.514E-07 6.446E-07 4.970E-07 2.706E-07 1.616E-07 9.181E-08 5.158E-08 2.430E-08 1.261E-08 1.079E-08 8.777E-09 8.537E-09 6.697E-09 5.326E-09 3.445E-09 2.214E-09 1.455E-09 8.991E-10 8.634E-10 8.118E-10 4.084E-10 7.718E-11 1.458E-11 1.617E-10 1.498E-09 1.476E-09 9.665E-10 6.195E-10 4.836E-10 4.037E-10 2.815E-10 2.218E-10 1.627E-10 1.003E-10 8.535E-11 5.241E-11 2.741E-11 2.705E-11 4.580E-11 6.656E-11 4.747E-11 3.405E-11 3.732E-11 2.661E-11 1.959E-11 1.081E-11 6.507E-12 4.715E-12 3.111E-12 1.836E-12
  2.000E+01  4.198E-06 3.928E-06 3.354E-06 2.822E-06 2.382E-06 2.019E-06 1.712E-06 1.465E-06 1.255E-06 1.084E-06 9.357E-07 7.951E-07 6.043E-07 4.674E-07 2.561E-07 1.537E-07 8.748E-08 4.919E-08 2.332E-08 1.216E-08 1.042E-08 8.486E-09 8.263E-09 6.491E-09 5.170E-09 3.351E-09 2.157E-09 1.420E-09 8.784E-10 8.442E-10 7.945E-10 4.002E-10 7.569E-11 1.431E-11 1.589E-10 1.476E-09 1.454E-09 9.521E-10 6.098E-10 4.759E-10 3.974E-10 2.771E-10 2.183E-10 1.602E-10 9.883E-11 8.409E-11 5.165E-11 2.703E-11 2.668E-11 4.518E-11 6.569E-11 4.684E-11 3.360E-11 3.684E-11 2.628E-11 1.934E-11 1.067E-11 6.428E-12 4.658E-12 3.074E-12 1.814E-12
  2.200E+01  3.737E-06 3.537E-06 3.039E-06 2.570E-06 2.178E-06 1.853E-06 1.577E-06 1.353E-06 1.162E-06 1.006E-06 8.704E-07 7.405E-07 5.649E-07 4.384E-07 2.416E-07 1.457E-07 8.313E-08 4.678E-08 2.232E-08 1.170E-08 1.003E-08 8.185E-09 7.979E-09 6.278E-09 5.007E-09 3.254E-09 2.098E-09 1.383E-09 8.566E-10 8.238E-10 7.761E-10 3.915E-10 7.409E-11 1.403E-11 1.559E-10 1.452E-09 1.431E-09 9.365E-10 5.994E-10 4.677E-10 3.905E-10 2.723E-10 2.146E-10 1.575E-10 9.720E-11 8.272E-11 5.083E-11 2.661E-11 2.627E-11 4.451E-11 6.474E-11 4.617E-11 3.312E-11 3.632E-11 2.591E-11 1.907E-11 1.053E-11 6.342E-12 4.596E-12 3.034E-12 1.791E-12
  2.400E+01  3.330E-06 3.184E-06 2.751E-06 2.337E-06 1.989E-06 1.698E-06 1.449E-06 1.247E-06 1.074E-06 9.320E-07 8.078E-07 6.880E-07 5.267E-07 4.101E-07 2.273E-07 1.379E-07 7.879E-08 4.438E-08 2.131E-08 1.123E-08 9.643E-09 7.877E-09 7.688E-09 6.058E-09 4.838E-09 3.152E-09 2.036E-09 1.345E-09 8.338E-10 8.024E-10 7.567E-10 3.824E-10 7.241E-11 1.373E-11 1.528E-10 1.426E-09 1.407E-09 9.199E-10 5.883E-10 4.589E-10 3.831E-10 2.672E-10 2.106E-10 1.546E-10 9.546E-11 8.126E-11 4.996E-11 2.616E-11 2.584E-11 4.380E-11 6.372E-11 4.545E-11 3.260E-11 3.577E-11 2.552E-11 1.879E-11 1.037E-11 6.250E-12 4.530E-12 2.991E-12 1.766E-12
  2.600E+01  2.969E-06 2.866E-06 2.489E-06 2.123E-06 1.813E-06 1.553E-06 1.329E-06 1.147E-06 9.900E-07 8.615E-07 7.482E-07 6.379E-07 4.901E-07 3.828E-07 2.135E-07 1.301E-07 7.452E-08 4.201E-08 2.031E-08 1.075E-08 9.249E-09 7.565E-09 7.393E-09 5.834E-09 4.666E-09 3.048E-09 1.973E-09 1.305E-09 8.101E-10 7.803E-10 7.366E-10 3.728E-10 7.067E-11 1.342E-11 1.494E-10 1.399E-09 1.380E-09 9.023E-10 5.765E-10 4.497E-10 3.754E-10 2.619E-10 2.064E-10 1.516E-10 9.362E-11 7.972E-11 4.903E-11 2.569E-11 2.538E-11 4.303E-11 6.264E-11 4.468E-11 3.205E-11 3.518E-11 2.510E-11 1.848E-11 1.021E-11 6.152E-12 4.459E-12 2.945E-12 1.739E-12
  2.800E+01  2.650E-06 2.579E-06 2.251E-06 1.927E-06 1.652E-06 1.419E-06 1.218E-06 1.054E-06 9.116E-07 7.949E-07 6.918E-07 5.904E-07 4.552E-07 3.566E-07 2.000E-07 1.226E-07 7.034E-08 3.969E-08 1.931E-08 1.028E-08 8.855E-09 7.253E-09 7.096E-09 5.609E-09 4.493E-09 2.943E-09 1.908E-09 1.264E-09 7.859E-10 7.575E-10 7.158E-10 3.629E-10 6.886E-11 1.309E-11 1.459E-10 1.371E-09 1.353E-09 8.839E-10 5.642E-10 4.400E-10 3.673E-10 2.563E-10 2.020E-10 1.484E-10 9.169E-11 7.810E-11 4.806E-11 2.519E-11 2.490E-11 4.223E-11 6.150E-11 4.387E-11 3.147E-11 3.456E-11 2.466E-11 1.816E-11 1.003E-11 6.048E-12 4.385E-12 2.897E-12 1.711E-12
  3.000E+01  2.367E-06 2.322E-06 2.035E-06 1.749E-06 1.503E-06 1.295E-06 1.115E-06 9.668E-07 8.382E-07 7.325E-07 6.387E-07 5.456E-07 4.222E-07 3.317E-07 1.871E-07 1.153E-07 6.628E-08 3.744E-08 1.834E-08 9.811E-09 8.463E-09 6.941E-09 6.799E-09 5.383E-09 4.318E-09 2.836E-09 1.842E-09 1.223E-09 7.612E-10 7.343E-10 6.946E-10 3.528E-10 6.701E-11 1.276E-11 1.423E-10 1.341E-09 1.324E-09 8.646E-10 5.514E-10 4.299E-10 3.589E-10 2.504E-10 1.974E-10 1.450E-10 8.969E-11 7.641E-11 4.705E-11 2.467E-11 2.439E-11 4.139E-11 6.031E-11 4.302E-11 3.086E-11 3.390E-11 2.420E-11 1.783E-11 9.851E-12 5.940E-12 4.307E-12 2.847E-12 1.682E-12
  3.200E+01  2.117E-06 2.091E-06 1.839E-06 1.586E-06 1.368E-06 1.182E-06 1.019E-06 8.862E-07 7.700E-07 6.743E-07 5.891E-07 5.037E-07 3.910E-07 3.082E-07 1.748E-07 1.082E-07 6.235E-08 3.526E-08 1.738E-08 9.350E-09 8.076E-09 6.633E-09 6.505E-09 5.158E-09 4.144E-09 2.729E-09 1.776E-09 1.181E-09 7.363E-10 7.108E-10 6.731E-10 3.425E-10 6.512E-11 1.241E-11 1.387E-10 1.310E-09 1.294E-09 8.447E-10 5.382E-10 4.195E-10 3.501E-10 2.444E-10 1.927E-10 1.416E-10 8.762E-11 7.467E-11 4.600E-11 2.413E-11 2.387E-11 4.052E-11 5.907E-11 4.214E-11 3.023E-11 3.323E-11 2.372E-11 1.748E-11 9.662E-12 5.827E-12 4.226E-12 2.794E-12 1.651E-12
  3.400E+01  1.895E-06 1.883E-06 1.663E-06 1.438E-06 1.244E-06 1.077E-06 9.315E-07 8.117E-07 7.068E-07 6.201E-07 5.427E-07 4.645E-07 3.617E-07 2.859E-07 1.631E-07 1.015E-07 5.859E-08 3.317E-08 1.646E-08 8.897E-09 7.696E-09 6.330E-09 6.215E-09 4.935E-09 3.971E-09 2.622E-09 1.710E-09 1.139E-09 7.112E-10 6.871E-10 6.513E-10 3.320E-10 6.320E-11 1.207E-11 1.349E-10 1.278E-09 1.264E-09 8.242E-10 5.246E-10 4.088E-10 3.412E-10 2.382E-10 1.878E-10 1.381E-10 8.549E-11 7.288E-11 4.493E-11 2.358E-11 2.334E-11 3.963E-11 5.780E-11 4.123E-11 2.958E-11 3.253E-11 2.323E-11 1.711E-11 9.465E-12 5.711E-12 4.143E-12 2.739E-12 1.619E-12
  3.600E+01  1.698E-06 1.697E-06 1.503E-06 1.304E-06 1.130E-06 9.818E-07 8.509E-07 7.431E-07 6.483E-07 5.699E-07 4.997E-07 4.280E-07 3.344E-07 2.651E-07 1.520E-07 9.506E-08 5.499E-08 3.116E-08 1.556E-08 8.456E-09 7.325E-09 6.033E-09 5.930E-09 4.716E-09 3.801E-09 2.517E-09 1.644E-09 1.097E-09 6.861E-10 6.633E-10 6.295E-10 3.215E-10 6.128E-11 1.172E-11 1.311E-10 1.246E-09 1.232E-09 8.033E-10 5.107E-10 3.979E-10 3.321E-10 2.319E-10 1.829E-10 1.345E-10 8.332E-11 7.105E-11 4.383E-11 2.301E-11 2.279E-11 3.871E-11 5.648E-11 4.030E-11 2.892E-11 3.181E-11 2.272E-11 1.674E-11 9.264E-12 5.591E-12 4.056E-12 2.683E-12 1.586E-12
  3.800E+01  1.523E-06 1.531E-06 1.360E-06 1.182E-06 1.028E-06 8.947E-07 7.771E-07 6.800E-07 5.944E-07 5.235E-07 4.598E-07 3.941E-07 3.089E-07 2.455E-07 1.416E-07 8.895E-08 5.155E-08 2.925E-08 1.470E-08 8.028E-09 6.964E-09 5.743E-09 5.651E-09 4.502E-09 3.633E-09 2.412E-09 1.579E-09 1.056E-09 6.611E-10 6.397E-10 6.076E-10 3.109E-10 5.934E-11 1.136E-11 1.273E-10 1.212E-09 1.200E-09 7.820E-10 4.966E-10 3.868E-10 3.229E-10 2.255E-10 1.779E-10 1.308E-10 8.111E-11 6.920E-11 4.271E-11 2.244E-11 2.223E-11 3.777E-11 5.514E-11 3.934E-11 2.824E-11 3.107E-11 2.220E-11 1.636E-11 9.058E-12 5.469E-12 3.968E-12 2.626E-12 1.553E-12
  4.000E+01  1.368E-06 1.381E-06 1.230E-06 1.072E-06 9.344E-07 8.153E-07 7.096E-07 6.222E-07 5.449E-07 4.807E-07 4.229E-07 3.628E-07 2.852E-07 2.273E-07 1.317E-07 8.315E-08 4.829E-08 2.744E-08 1.387E-08 7.614E-09 6.613E-09 5.461E-09 5.380E-09 4.292E-09 3.469E-09 2.310E-09 1.515E-09 1.015E-09 6.363E-10 6.161E-10 5.859E-10 3.004E-10 5.741E-11 1.101E-11 1.234E-10 1.179E-09 1.168E-09 7.604E-10 4.824E-10 3.756E-10 3.135E-10 2.191E-10 1.728E-10 1.271E-10 7.888E-11 6.732E-11 4.158E-11 2.186E-11 2.166E-11 3.682E-11 5.378E-11 3.838E-11 2.754E-11 3.032E-11 2.167E-11 1.598E-11 8.849E-12 5.344E-12 3.879E-12 2.568E-12 1.519E-12
  4.200E+01  1.230E-06 1.247E-06 1.114E-06 9.732E-07 8.498E-07 7.430E-07 6.480E-07 5.693E-07 4.994E-07 4.413E-07 3.889E-07 3.339E-07 2.632E-07 2.103E-07 1.225E-07 7.769E-08 4.521E-08 2.572E-08 1.308E-08 7.215E-09 6.275E-09 5.189E-09 5.116E-09 4.089E-09 3.309E-09 2.209E-09 1.452E-09 9.744E-10 6.119E-10 5.929E-10 5.644E-10 2.899E-10 5.549E-11 1.066E-11 1.196E-10 1.145E-09 1.135E-09 7.386E-10 4.680E-10 3.644E-10 3.042E-10 2.126E-10 1.677E-10 1.234E-10 7.664E-11 6.543E-11 4.044E-11 2.127E-11 2.109E-11 3.586E-11 5.240E-11 3.740E-11 2.685E-11 2.957E-11 2.114E-11 1.559E-11 8.637E-12 5.218E-12 3.788E-12 2.509E-12 1.484E-12
  4.400E+01  1.107E-06 1.127E-06 1.009E-06 8.836E-07 7.732E-07 6.774E-07 5.918E-07 5.209E-07 4.577E-07 4.052E-07 3.575E-07 3.072E-07 2.428E-07 1.945E-07 1.139E-07 7.253E-08 4.229E-08 2.409E-08 1.233E-08 6.832E-09 5.949E-09 4.926E-09 4.862E-09 3.891E-09 3.154E-09 2.111E-09 1.390E-09 9.347E-10 5.878E-10 5.700E-10 5.432E-10 2.796E-10 5.360E-11 1.031E-11 1.157E-10 1.111E-09 1.102E-09 7.168E-10 4.537E-10 3.531E-10 2.948E-10 2.061E-10 1.626E-10 1.197E-10 7.440E-11 6.354E-11 3.930E-11 2.069E-11 2.052E-11 3.490E-11 5.102E-11 3.641E-11 2.614E-11 2.880E-11 2.060E-11 1.520E-11 8.423E-12 5.091E-12 3.697E-12 2.449E-12 1.450E-12
  4.600E+01  9.977E-07 1.020E-06 9.149E-07 8.027E-07 7.038E-07 6.178E-07 5.407E-07 4.767E-07 4.196E-07 3.720E-07 3.287E-07 2.826E-07 2.240E-07 1.799E-07 1.058E-07 6.769E-08 3.955E-08 2.256E-08 1.161E-08 6.464E-09 5.637E-09 4.673E-09 4.617E-09 3.701E-09 3.004E-09 2.016E-09 1.330E-09 8.959E-10 5.643E-10 5.476E-10 5.223E-10 2.694E-10 5.173E-11 9.971E-12 1.120E-10 1.077E-09 1.069E-09 6.950E-10 4.394E-10 3.419E-10 2.855E-10 1.996E-10 1.575E-10 1.160E-10 7.217E-11 6.165E-11 3.817E-11 2.010E-11 1.995E-11 3.394E-11 4.963E-11 3.543E-11 2.544E-11 2.804E-11 2.006E-11 1.480E-11 8.210E-12 4.964E-12 3.606E-12 2.390E-12 1.415E-12
  4.800E+01  9.005E-07 9.236E-07 8.304E-07 7.298E-07 6.411E-07 5.637E-07 4.942E-07 4.364E-07 3.847E-07 3.416E-07 3.023E-07 2.601E-07 2.067E-07 1.664E-07 9.828E-08 6.315E-08 3.697E-08 2.111E-08 1.093E-08 6.114E-09 5.337E-09 4.431E-09 4.382E-09 3.517E-09 2.859E-09 1.924E-09 1.271E-09 8.581E-10 5.413E-10 5.257E-10 5.019E-10 2.594E-10 4.990E-11 9.633E-12 1.082E-10 1.043E-09 1.036E-09 6.733E-10 4.252E-10 3.308E-10 2.762E-10 1.932E-10 1.525E-10 1.124E-10 6.995E-11 5.978E-11 3.704E-11 1.952E-11 1.938E-11 3.298E-11 4.824E-11 3.444E-11 2.474E-11 2.728E-11 1.952E-11 1.441E-11 7.996E-12 4.837E-12 3.515E-12 2.330E-12 1.380E-12
  5.000E+01  8.139E-07 8.374E-07 7.543E-07 6.641E-07 5.844E-07 5.146E-07 4.519E-07 3.997E-07 3.529E-07 3.138E-07 2.781E-07 2.394E-07 1.907E-07 1.538E-07 9.129E-08 5.890E-08 3.454E-08 1.976E-08 1.028E-08 5.779E-09 5.052E-09 4.199E-09 4.156E-09 3.341E-09 2.720E-09 1.835E-09 1.215E-09 8.214E-10 5.190E-10 5.044E-10 4.820E-10 2.496E-10 4.810E-11 9.303E-12 1.046E-10 1.009E-09 1.003E-09 6.518E-10 4.111E-10 3.198E-10 2.670E-10 1.869E-10 1.475E-10 1.087E-10 6.776E-11 5.793E-11 3.592E-11 1.895E-11 1.882E-11 3.203E-11 4.687E-11 3.347E-11 2.404E-11 2.652E-11 1.899E-11 1.402E-11 7.785E-12 4.712E-12 3.424E-12 2.271E-12 1.346E-12
  5.200E+01  7.368E-07 7.602E-07 6.859E-07 6.048E-07 5.331E-07 4.702E-07 4.136E-07 3.663E-07 3.239E-07 2.883E-07 2.558E-07 2.204E-07 1.760E-07 1.423E-07 8.479E-08 5.493E-08 3.228E-08 1.849E-08 9.675E-09 5.462E-09 4.779E-09 3.977E-09 3.940E-09 3.172E-09 2.586E-09 1.749E-09 1.160E-09 7.859E-10 4.974E-10 4.837E-10 4.626E-10 2.401E-10 4.636E-11 8.982E-12 1.010E-10 9.756E-10 9.703E-10 6.306E-10 3.973E-10 3.090E-10 2.580E-10 1.807E-10 1.426E-10 1.052E-10 6.560E-11 5.611E-11 3.482E-11 1.838E-11 1.827E-11 3.109E-11 4.550E-11 3.250E-11 2.335E-11 2.577E-11 1.846E-11 1.363E-11 7.575E-12 4.587E-12 3.334E-12 2.213E-12 1.312E-12
  5.400E+01  6.679E-07 6.911E-07 6.245E-07 5.515E-07 4.868E-07 4.300E-07 3.787E-07 3.359E-07 2.974E-07 2.651E-07 2.355E-07 2.030E-07 1.624E-07 1.316E-07 7.877E-08 5.123E-08 3.016E-08 1.730E-08 9.101E-09 5.160E-09 4.521E-09 3.767E-09 3.735E-09 3.011E-09 2.458E-09 1.666E-09 1.108E-09 7.517E-10 4.765E-10 4.636E-10 4.439E-10 2.309E-10 4.466E-11 8.670E-12 9.750E-11 9.427E-10 9.381E-10 6.097E-10 3.837E-10 2.983E-10 2.492E-10 1.745E-10 1.379E-10 1.017E-10 6.349E-11 5.432E-11 3.374E-11 1.783E-11 1.773E-11 3.017E-11 4.416E-11 3.155E-11 2.268E-11 2.503E-11 1.794E-11 1.325E-11 7.369E-12 4.465E-12 3.246E-12 2.156E-12 1.278E-12
  5.600E+01  6.065E-07 6.291E-07 5.692E-07 5.034E-07 4.449E-07 3.936E-07 3.471E-07 3.083E-07 2.732E-07 2.439E-07 2.169E-07 1.870E-07 1.500E-07 1.218E-07 7.319E-08 4.778E-08 2.818E-08 1.618E-08 8.561E-09 4.875E-09 4.276E-09 3.567E-09 3.540E-09 2.858E-09 2.336E-09 1.588E-09 1.057E-09 7.188E-10 4.564E-10 4.444E-10 4.258E-10 2.220E-10 4.303E-11 8.368E-12 9.412E-11 9.103E-10 9.065E-10 5.892E-10 3.704E-10 2.880E-10 2.405E-10 1.686E-10 1.332E-10 9.831E-11 6.143E-11 5.258E-11 3.269E-11 1.729E-11 1.720E-11 2.927E-11 4.285E-11 3.062E-11 2.202E-11 2.431E-11 1.743E-11 1.288E-11 7.168E-12 4.345E-12 3.160E-12 2.100E-12 1.245E-12
  5.800E+01  5.516E-07 5.735E-07 5.195E-07 4.600E-07 4.071E-07 3.606E-07 3.184E-07 2.831E-07 2.513E-07 2.245E-07 1.999E-07 1.725E-07 1.386E-07 1.128E-07 6.802E-08 4.457E-08 2.633E-08 1.515E-08 8.054E-09 4.606E-09 4.044E-09 3.378E-09 3.354E-09 2.712E-09 2.219E-09 1.512E-09 1.009E-09 6.873E-10 4.371E-10 4.258E-10 4.084E-10 2.134E-10 4.145E-11 8.077E-12 9.085E-11 8.787E-10 8.756E-10 5.693E-10 3.574E-10 2.779E-10 2.321E-10 1.628E-10 1.286E-10 9.501E-11 5.942E-11 5.089E-11 3.167E-11 1.676E-11 1.669E-11 2.839E-11 4.156E-11 2.971E-11 2.137E-11 2.360E-11 1.693E-11 1.252E-11 6.971E-12 4.228E-12 3.076E-12 2.045E-12 1.214E-12
  6.000E+01  5.025E-07 5.236E-07 4.749E-07 4.209E-07 3.729E-07 3.308E-07 2.924E-07 2.603E-07 2.313E-07 2.069E-07 1.844E-07 1.592E-07 1.282E-07 1.045E-07 6.325E-08 4.159E-08 2.462E-08 1.418E-08 7.579E-09 4.352E-09 3.826E-09 3.199E-09 3.179E-09 2.574E-09 2.109E-09 1.441E-09 9.632E-10 6.573E-10 4.187E-10 4.081E-10 3.917E-10 2.051E-10 3.994E-11 7.799E-12 8.771E-11 8.478E-10 8.454E-10 5.499E-10 3.448E-10 2.681E-10 2.240E-10 1.572E-10 1.242E-10 9.181E-11 5.749E-11 4.925E-11 3.068E-11 1.626E-11 1.619E-11 2.754E-11 4.032E-11 2.883E-11 2.075E-11 2.291E-11 1.644E-11 1.217E-11 6.781E-12 4.115E-12 2.995E-12 1.992E-12 1.183E-12
  6.200E+01  4.586E-07 4.788E-07 4.347E-07 3.857E-07 3.421E-07 3.037E-07 2.688E-07 2.396E-07 2.131E-07 1.908E-07 1.702E-07 1.470E-07 1.186E-07 9.684E-08 5.884E-08 3.883E-08 2.303E-08 1.328E-08 7.134E-09 4.114E-09 3.620E-09 3.031E-09 3.014E-09 2.443E-09 2.005E-09 1.373E-09 9.196E-10 6.286E-10 4.011E-10 3.912E-10 3.758E-10 1.973E-10 3.850E-11 7.533E-12 8.470E-11 8.178E-10 8.160E-10 5.311E-10 3.327E-10 2.586E-10 2.162E-10 1.518E-10 1.200E-10 8.874E-11 5.562E-11 4.767E-11 2.973E-11 1.577E-11 1.572E-11 2.672E-11 3.911E-11 2.797E-11 2.014E-11 2.225E-11 1.597E-11 1.183E-11 6.598E-12 4.006E-12 2.917E-12 1.941E-12 1.153E-12
  6.400E+01  4.192E-07 4.385E-07 3.986E-07 3.539E-07 3.142E-07 2.793E-07 2.474E-07 2.207E-07 1.965E-07 1.761E-07 1.573E-07 1.359E-07 1.098E-07 8.984E-08 5.477E-08 3.627E-08 2.155E-08 1.245E-08 6.720E-09 3.891E-09 3.427E-09 2.872E-09 2.858E-09 2.320E-09 1.906E-09 1.308E-09 8.782E-10 6.015E-10 3.844E-10 3.752E-10 3.606E-10 1.898E-10 3.714E-11 7.281E-12 8.184E-11 7.888E-10 7.875E-10 5.130E-10 3.210E-10 2.495E-10 2.086E-10 1.466E-10 1.159E-10 8.579E-11 5.384E-11 4.616E-11 2.882E-11 1.530E-11 1.526E-11 2.593E-11 3.795E-11 2.716E-11 1.956E-11 2.161E-11 1.553E-11 1.150E-11 6.422E-12 3.902E-12 2.842E-12 1.892E-12 1.125E-12
  6.600E+01  3.839E-07 4.023E-07 3.660E-07 3.252E-07 2.890E-07 2.571E-07 2.280E-07 2.036E-07 1.814E-07 1.628E-07 1.455E-07 1.257E-07 1.018E-07 8.341E-08 5.103E-08 3.390E-08 2.018E-08 1.168E-08 6.333E-09 3.682E-09 3.246E-09 2.724E-09 2.712E-09 2.205E-09 1.814E-09 1.248E-09 8.392E-10 5.758E-10 3.687E-10 3.600E-10 3.463E-10 1.827E-10 3.584E-11 7.042E-12 7.912E-11 7.608E-10 7.600E-10 4.956E-10 3.098E-10 2.408E-10 2.014E-10 1.416E-10 1.121E-10 8.297E-11 5.213E-11 4.472E-11 2.795E-11 1.486E-11 1.483E-11 2.518E-11 3.684E-11 2.637E-11 1.901E-11 2.100E-11 1.510E-11 1.119E-11 6.254E-12 3.803E-12 2.771E-12 1.846E-12 1.098E-12
  6.800E+01  3.523E-07 3.698E-07 3.366E-07 2.994E-07 2.663E-07 2.371E-07 2.104E-07 1.881E-07 1.677E-07 1.506E-07 1.347E-07 1.165E-07 9.447E-08 7.752E-08 4.758E-08 3.171E-08 1.891E-08 1.097E-08 5.974E-09 3.487E-09 3.078E-09 2.585E-09 2.576E-09 2.097E-09 1.727E-09 1.191E-09 8.024E-10 5.516E-10 3.538E-10 3.456E-10 3.327E-10 1.760E-10 3.462E-11 6.818E-12 7.656E-11 7.339E-10 7.336E-10 4.790E-10 2.991E-10 2.325E-10 1.945E-10 1.369E-10 1.084E-10 8.030E-11 5.052E-11 4.336E-11 2.713E-11 1.444E-11 1.442E-11 2.447E-11 3.578E-11 2.563E-11 1.848E-11 2.041E-11 1.469E-11 1.089E-11 6.095E-12 3.709E-12 2.703E-12 1.802E-12 1.072E-12
  7.000E+01  3.239E-07 3.405E-07 3.102E-07 2.761E-07 2.457E-07 2.189E-07 1.944E-07 1.740E-07 1.553E-07 1.395E-07 1.249E-07 1.080E-07 8.776E-08 7.213E-08 4.441E-08 2.969E-08 1.774E-08 1.031E-08 5.642E-09 3.306E-09 2.920E-09 2.456E-09 2.448E-09 1.995E-09 1.646E-09 1.138E-09 7.680E-10 5.289E-10 3.399E-10 3.322E-10 3.200E-10 1.697E-10 3.348E-11 6.609E-12 7.415E-11 7.081E-10 7.083E-10 4.631E-10 2.889E-10 2.247E-10 1.880E-10 1.324E-10 1.049E-10 7.778E-11 4.900E-11 4.207E-11 2.636E-11 1.405E-11 1.403E-11 2.380E-11 3.478E-11 2.492E-11 1.799E-11 1.986E-11 1.430E-11 1.061E-11 5.946E-12 3.621E-12 2.640E-12 1.761E-12 1.048E-12
  7.200E+01  2.984E-07 3.141E-07 2.864E-07 2.550E-07 2.271E-07 2.025E-07 1.800E-07 1.611E-07 1.439E-07 1.295E-07 1.160E-07 1.003E-07 8.164E-08 6.720E-08 4.151E-08 2.783E-08 1.667E-08 9.699E-09 5.334E-09 3.138E-09 2.774E-09 2.336E-09 2.330E-09 1.901E-09 1.570E-09 1.088E-09 7.359E-10 5.078E-10 3.269E-10 3.196E-10 3.081E-10 1.638E-10 3.242E-11 6.415E-12 7.191E-11 6.836E-10 6.842E-10 4.481E-10 2.793E-10 2.172E-10 1.819E-10 1.282E-10 1.016E-10 7.541E-11 4.757E-11 4.086E-11 2.563E-11 1.368E-11 1.368E-11 2.317E-11 3.384E-11 2.426E-11 1.753E-11 1.935E-11 1.394E-11 1.035E-11 5.808E-12 3.539E-12 2.582E-12 1.723E-12 1.027E-12
  7.400E+01  2.754E-07 2.904E-07 2.649E-07 2.360E-07 2.103E-07 1.876E-07 1.669E-07 1.495E-07 1.337E-07 1.203E-07 1.079E-07 9.333E-08 7.605E-08 6.268E-08 3.884E-08 2.612E-08 1.567E-08 9.140E-09 5.050E-09 2.983E-09 2.639E-09 2.225E-09 2.220E-09 1.814E-09 1.500E-09 1.042E-09 7.060E-10 4.881E-10 3.148E-10 3.080E-10 2.970E-10 1.583E-10 3.144E-11 6.236E-12 6.984E-11 6.603E-10 6.613E-10 4.340E-10 2.703E-10 2.102E-10 1.761E-10 1.243E-10 9.855E-11 7.320E-11 4.624E-11 3.974E-11 2.496E-11 1.334E-11 1.335E-11 2.258E-11 3.296E-11 2.365E-11 1.710E-11 1.887E-11 1.361E-11 1.011E-11 5.679E-12 3.464E-12 2.528E-12 1.688E-12 1.006E-12
  7.600E+01  2.548E-07 2.690E-07 2.455E-07 2.188E-07 1.951E-07 1.742E-07 1.550E-07 1.390E-07 1.243E-07 1.120E-07 1.005E-07 8.696E-08 7.096E-08 5.856E-08 3.640E-08 2.455E-08 1.476E-08 8.627E-09 4.788E-09 2.839E-09 2.515E-09 2.122E-09 2.118E-09 1.733E-09 1.435E-09 9.988E-10 6.783E-10 4.699E-10 3.036E-10 2.972E-10 2.868E-10 1.533E-10 3.054E-11 6.073E-12 6.794E-11 6.383E-10 6.396E-10 4.208E-10 2.618E-10 2.037E-10 1.708E-10 1.206E-10 9.571E-11 7.116E-11 4.502E-11 3.871E-11 2.435E-11 1.303E-11 1.304E-11 2.205E-11 3.215E-11 2.308E-11 1.670E-11 1.842E-11 1.330E-11 9.890E-12 5.562E-12 3.395E-12 2.479E-12 1.656E-12 9.882E-13
  7.800E+01  2.362E-07 2.497E-07 2.280E-07 2.033E-07 1.813E-07 1.620E-07 1.443E-07 1.294E-07 1.158E-07 1.044E-07 9.374E-08 8.116E-08 6.631E-08 5.481E-08 3.416E-08 2.312E-08 1.393E-08 8.158E-09 4.548E-09 2.708E-09 2.400E-09 2.027E-09 2.025E-09 1.659E-09 1.375E-09 9.593E-10 6.529E-10 4.531E-10 2.934E-10 2.872E-10 2.774E-10 1.487E-10 2.973E-11 5.925E-12 6.620E-11 6.176E-10 6.193E-10 4.085E-10 2.540E-10 1.977E-10 1.658E-10 1.172E-10 9.309E-11 6.928E-11 4.390E-11 3.776E-11 2.378E-11 1.275E-11 1.277E-11 2.156E-11 3.140E-11 2.256E-11 1.634E-11 1.802E-11 1.302E-11 9.689E-12 5.457E-12 3.333E-12 2.435E-12 1.628E-12 9.720E-13
  8.000E+01  2.194E-07 2.323E-07 2.121E-07 1.893E-07 1.689E-07 1.510E-07 1.345E-07 1.208E-07 1.081E-07 9.753E-08 8.763E-08 7.589E-08 6.209E-08 5.138E-08 3.212E-08 2.180E-08 1.317E-08 7.729E-09 4.329E-09 2.587E-09 2.295E-09 1.941E-09 1.939E-09 1.591E-09 1.320E-09 9.232E-10 6.296E-10 4.378E-10 2.840E-10 2.782E-10 2.687E-10 1.445E-10 2.899E-11 5.793E-12 6.464E-11 5.983E-10 6.002E-10 3.971E-10 2.468E-10 1.921E-10 1.613E-10 1.141E-10 9.070E-11 6.757E-11 4.288E-11 3.691E-11 2.328E-11 1.250E-11 1.253E-11 2.112E-11 3.072E-11 2.209E-11 1.602E-11 1.765E-11 1.277E-11 9.509E-12 5.363E-12 3.279E-12 2.397E-12 1.603E-12 9.579E-13
  8.200E+01  2.043E-07 2.167E-07 1.979E-07 1.766E-07 1.577E-07 1.410E-07 1.257E-07 1.129E-07 1.012E-07 9.129E-08 8.207E-08 7.110E-08 5.824E-08 4.826E-08 3.026E-08 2.060E-08 1.247E-08 7.339E-09 4.129E-09 2.477E-09 2.199E-09 1.862E-09 1.861E-09 1.528E-09 1.270E-09 8.902E-10 6.084E-10 4.239E-10 2.756E-10 2.700E-10 2.609E-10 1.407E-10 2.833E-11 5.676E-12 6.324E-11 5.804E-10 5.826E-10 3.867E-10 2.401E-10 1.871E-10 1.571E-10 1.113E-10 8.854E-11 6.603E-11 4.197E-11 3.614E-11 2.283E-11 1.227E-11 1.231E-11 2.073E-11 3.012E-11 2.167E-11 1.573E-11 1.732E-11 1.254E-11 9.351E-12 5.282E-12 3.232E-12 2.364E-12 1.582E-12 9.460E-13
  8.400E+01  1.907E-07 2.025E-07 1.850E-07 1.652E-07 1.475E-07 1.320E-07 1.177E-07 1.058E-07 9.483E-08 8.564E-08 7.703E-08 6.675E-08 5.475E-08 4.543E-08 2.857E-08 1.950E-08 1.184E-08 6.985E-09 3.947E-09 2.377E-09 2.112E-09 1.790E-09 1.790E-09 1.472E-09 1.224E-09 8.604E-10 5.892E-10 4.113E-10 2.679E-10 2.626E-10 2.539E-10 1.373E-10 2.775E-11 5.574E-12 6.202E-11 5.639E-10 5.663E-10 3.772E-10 2.341E-10 1.825E-10 1.534E-10 1.088E-10 8.661E-11 6.467E-11 4.117E-11 3.547E-11 2.244E-11 1.208E-11 1.213E-11 2.039E-11 2.958E-11 2.131E-11 1.548E-11 1.704E-11 1.235E-11 9.214E-12 5.213E-12 3.193E-12 2.336E-12 1.565E-12 9.362E-13
  8.600E+01  1.785E-07 1.897E-07 1.734E-07 1.548E-07 1.383E-07 1.238E-07 1.105E-07 9.934E-08 8.911E-08 8.052E-08 7.246E-08 6.281E-08 5.159E-08 4.286E-08 2.703E-08 1.851E-08 1.126E-08 6.665E-09 3.783E-09 2.287E-09 2.034E-09 1.726E-09 1.726E-09 1.421E-09 1.184E-09 8.336E-10 5.720E-10 4.001E-10 2.612E-10 2.560E-10 2.477E-10 1.343E-10 2.725E-11 5.488E-12 6.097E-11 5.487E-10 5.513E-10 3.687E-10 2.287E-10 1.784E-10 1.501E-10 1.066E-10 8.492E-11 6.347E-11 4.048E-11 3.489E-11 2.211E-11 1.192E-11 1.198E-11 2.010E-11 2.912E-11 2.099E-11 1.527E-11 1.679E-11 1.219E-11 9.100E-12 5.157E-12 3.161E-12 2.314E-12 1.551E-12 9.287E-13
  8.800E+01  1.674E-07 1.782E-07 1.630E-07 1.455E-07 1.301E-07 1.165E-07 1.039E-07 9.352E-08 8.393E-08 7.588E-08 6.833E-08 5.925E-08 4.872E-08 4.052E-08 2.564E-08 1.760E-08 1.075E-08 6.376E-09 3.636E-09 2.207E-09 1.964E-09 1.668E-09 1.668E-09 1.375E-09 1.147E-09 8.096E-10 5.567E-10 3.902E-10 2.552E-10 2.503E-10 2.422E-10 1.318E-10 2.683E-11 5.416E-12 6.008E-11 5.350E-10 5.378E-10 3.611E-10 2.239E-10 1.747E-10 1.471E-10 1.047E-10 8.344E-11 6.245E-11 3.989E-11 3.440E-11 2.183E-11 1.179E-11 1.185E-11 1.986E-11 2.873E-11 2.073E-11 1.510E-11 1.659E-11 1.205E-11 9.009E-12 5.113E-12 3.137E-12 2.297E-12 1.541E-12 9.234E-13
  9.000E+01  1.574E-07 1.678E-07 1.536E-07 1.371E-07 1.226E-07 1.098E-07 9.806E-08 8.826E-08 7.925E-08 7.169E-08 6.459E-08 5.603E-08 4.613E-08 3.842E-08 2.438E-08 1.679E-08 1.028E-08 6.118E-09 3.504E-09 2.135E-09 1.901E-09 1.617E-09 1.617E-09 1.335E-09 1.115E-09 7.885E-10 5.433E-10 3.816E-10 2.501E-10 2.453E-10 2.375E-10 1.296E-10 2.648E-11 5.360E-12 5.936E-11 5.226E-10 5.256E-10 3.545E-10 2.197E-10 1.716E-10 1.446E-10 1.030E-10 8.220E-11 6.159E-11 3.941E-11 3.400E-11 2.161E-11 1.169E-11 1.176E-11 1.967E-11 2.841E-11 2.052E-11 1.496E-11 1.643E-11 1.195E-11 8.939E-12 5.082E-12 3.121E-12 2.287E-12 1.534E-12 9.203E-13
  9.200E+01  1.485E-07 1.585E-07 1.451E-07 1.296E-07 1.159E-07 1.038E-07 9.274E-08 8.352E-08 7.503E-08 6.791E-08 6.122E-08 5.312E-08 4.379E-08 3.651E-08 2.325E-08 1.606E-08 9.859E-09 5.887E-09 3.387E-09 2.071E-09 1.846E-09 1.571E-09 1.572E-09 1.299E-09 1.086E-09 7.701E-10 5.317E-10 3.741E-10 2.457E-10 2.411E-10 2.335E-10 1.278E-10 2.621E-11 5.317E-12 5.879E-11 5.116E-10 5.148E-10 3.488E-10 2.162E-10 1.689E-10 1.425E-10 1.017E-10 8.118E-11 6.090E-11 3.903E-11 3.370E-11 2.145E-11 1.162E-11 1.170E-11 1.953E-11 2.817E-11 2.036E-11 1.487E-11 1.631E-11 1.187E-11 8.893E-12 5.063E-12 3.112E-12 2.282E-12 1.532E-12 9.196E-13
  9.400E+01  1.404E-07 1.501E-07 1.374E-07 1.228E-07 1.098E-07 9.845E-08 8.796E-08 7.925E-08 7.123E-08 6.450E-08 5.817E-08 5.051E-08 4.168E-08 3.480E-08 2.223E-08 1.540E-08 9.485E-09 5.682E-09 3.283E-09 2.015E-09 1.797E-09 1.532E-09 1.533E-09 1.268E-09 1.061E-09 7.543E-10 5.219E-10 3.679E-10 2.421E-10 2.376E-10 2.302E-10 1.263E-10 2.600E-11 5.288E-12 5.839E-11 5.020E-10 5.053E-10 3.440E-10 2.132E-10 1.667E-10 1.408E-10 1.006E-10 8.038E-11 6.037E-11 3.876E-11 3.348E-11 2.134E-11 1.159E-11 1.167E-11 1.945E-11 2.800E-11 2.026E-11 1.481E-11 1.623E-11 1.183E-11 8.868E-12 5.057E-12 3.111E-12 2.282E-12 1.533E-12 9.210E-13
  9.600E+01  1.331E-07 1.425E-07 1.305E-07 1.167E-07 1.044E-07 9.361E-08 8.366E-08 7.540E-08 6.780E-08 6.144E-08 5.544E-08 4.816E-08 3.979E-08 3.327E-08 2.131E-08 1.481E-08 9.153E-09 5.502E-09 3.193E-09 1.967E-09 1.756E-09 1.498E-09 1.499E-09 1.242E-09 1.040E-09 7.409E-10 5.137E-10 3.628E-10 2.392E-10 2.348E-10 2.276E-10 1.252E-10 2.587E-11 5.273E-12 5.813E-11 4.937E-10 4.972E-10 3.402E-10 2.108E-10 1.649E-10 1.394E-10 9.977E-11 7.980E-11 6.001E-11 3.859E-11 3.335E-11 2.129E-11 1.157E-11 1.166E-11 1.941E-11 2.789E-11 2.020E-11 1.479E-11 1.619E-11 1.182E-11 8.865E-12 5.063E-12 3.118E-12 2.288E-12 1.538E-12 9.247E-13
  9.800E+01  1.265E-07 1.358E-07 1.243E-07 1.112E-07 9.949E-08 8.927E-08 7.981E-08 7.196E-08 6.474E-08 5.869E-08 5.299E-08 4.605E-08 3.810E-08 3.189E-08 2.050E-08 1.429E-08 8.860E-09 5.344E-09 3.115E-09 1.926E-09 1.720E-09 1.469E-09 1.470E-09 1.219E-09 1.023E-09 7.299E-10 5.070E-10 3.588E-10 2.370E-10 2.327E-10 2.256E-10 1.245E-10 2.580E-11 5.271E-12 5.803E-11 4.867E-10 4.903E-10 3.372E-10 2.089E-10 1.636E-10 1.384E-10 9.922E-11 7.942E-11 5.980E-11 3.852E-11 3.330E-11 2.129E-11 1.159E-11 1.169E-11 1.942E-11 2.786E-11 2.020E-11 1.480E-11 1.619E-11 1.183E-11 8.884E-12 5.082E-12 3.132E-12 2.300E-12 1.547E-12 9.306E-13
  1.000E+02  1.207E-07 1.297E-07 1.188E-07 1.063E-07 9.512E-08 8.538E-08 7.635E-08 6.889E-08 6.200E-08 5.624E-08 5.080E-08 4.418E-08 3.659E-08 3.067E-08 1.978E-08 1.383E-08 8.604E-09 5.208E-09 3.048E-09 1.891E-09 1.690E-09 1.445E-09 1.446E-09 1.201E-09 1.008E-09 7.211E-10 5.019E-10 3.558E-10 2.355E-10 2.312E-10 2.242E-10 1.241E-10 2.580E-11 5.281E-12 5.806E-11 4.810E-10 4.848E-10 3.351E-10 2.076E-10 1.627E-10 1.378E-10 9.892E-11 7.925E-11 5.974E-11 3.854E-11 3.334E-11 2.134E-11 1.164E-11 1.174E-11 1.947E-11 2.790E-11 2.024E-11 1.485E-11 1.623E-11 1.187E-11 8.924E-12 5.113E-12 3.154E-12 2.316E-12 1.559E-12 9.386E-13
  1.020E+02  1.154E-07 1.244E-07 1.140E-07 1.019E-07 9.123E-08 8.191E-08 7.328E-08 6.614E-08 5.956E-08 5.405E-08 4.885E-08 4.250E-08 3.525E-08 2.958E-08 1.914E-08 1.342E-08 8.382E-09 5.091E-09 2.992E-09 1.863E-09 1.666E-09 1.425E-09 1.427E-09 1.186E-09 9.971E-10 7.145E-10 4.982E-10 3.538E-10 2.346E-10 2.304E-10 2.235E-10 1.240E-10 2.586E-11 5.304E-12 5.823E-11 4.766E-10 4.805E-10 3.338E-10 2.068E-10 1.622E-10 1.375E-10 9.887E-11 7.928E-11 5.983E-11 3.866E-11 3.345E-11 2.144E-11 1.171E-11 1.182E-11 1.958E-11 2.800E-11 2.033E-11 1.494E-11 1.631E-11 1.194E-11 8.985E-12 5.155E-12 3.182E-12 2.338E-12 1.575E-12 9.487E-13
  1.040E+02  1.107E-07 1.196E-07 1.096E-07 9.802E-08 8.778E-08 7.883E-08 7.055E-08 6.371E-08 5.739E-08 5.212E-08 4.713E-08 4.103E-08 3.406E-08 2.862E-08 1.858E-08 1.307E-08 8.191E-09 4.993E-09 2.946E-09 1.841E-09 1.647E-09 1.410E-09 1.412E-09 1.175E-09 9.888E-10 7.098E-10 4.959E-10 3.527E-10 2.343E-10 2.302E-10 2.233E-10 1.242E-10 2.598E-11 5.337E-12 5.854E-11 4.733E-10 4.774E-10 3.333E-10 2.066E-10 1.622E-10 1.376E-10 9.906E-11 7.950E-11 6.006E-11 3.887E-11 3.365E-11 2.160E-11 1.181E-11 1.193E-11 1.972E-11 2.816E-11 2.047E-11 1.506E-11 1.643E-11 1.204E-11 9.066E-12 5.208E-12 3.218E-12 2.366E-12 1.594E-12 9.609E-13
  1.060E+02  1.065E-07 1.153E-07 1.058E-07 9.460E-08 8.474E-08 7.611E-08 6.814E-08 6.156E-08 5.548E-08 5.041E-08 4.560E-08 3.972E-08 3.302E-08 2.778E-08 1.810E-08 1.277E-08 8.030E-09 4.912E-09 2.910E-09 1.823E-09 1.633E-09 1.400E-09 1.401E-09 1.167E-09 9.832E-10 7.071E-10 4.948E-10 3.525E-10 2.346E-10 2.305E-10 2.236E-10 1.246E-10 2.615E-11 5.382E-12 5.897E-11 4.713E-10 4.755E-10 3.336E-10 2.068E-10 1.625E-10 1.380E-10 9.947E-11 7.989E-11 6.042E-11 3.916E-11 3.391E-11 2.179E-11 1.193E-11 1.206E-11 1.991E-11 2.839E-11 2.066E-11 1.521E-11 1.658E-11 1.216E-11 9.165E-12 5.273E-12 3.260E-12 2.398E-12 1.616E-12 9.750E-13
  1.080E+02  1.028E-07 1.116E-07 1.024E-07 9.161E-08 8.207E-08 7.373E-08 6.603E-08 5.967E-08 5.380E-08 4.891E-08 4.427E-08 3.858E-08 3.211E-08 2.705E-08 1.768E-08 1.251E-08 7.895E-09 4.847E-09 2.882E-09 1.811E-09 1.623E-09 1.392E-09 1.394E-09 1.163E-09 9.801E-10 7.061E-10 4.950E-10 3.531E-10 2.354E-10 2.313E-10 2.245E-10 1.254E-10 2.638E-11 5.436E-12 5.951E-11 4.703E-10 4.747E-10 3.347E-10 2.075E-10 1.631E-10 1.387E-10 1.001E-10 8.046E-11 6.092E-11 3.953E-11 3.425E-11 2.204E-11 1.208E-11 1.221E-11 2.014E-11 2.868E-11 2.088E-11 1.539E-11 1.676E-11 1.231E-11 9.284E-12 5.347E-12 3.309E-12 2.434E-12 1.642E-12 9.910E-13
  1.100E+02  9.960E-08 1.084E-07 9.950E-08 8.901E-08 7.975E-08 7.166E-08 6.419E-08 5.803E-08 5.234E-08 4.761E-08 4.311E-08 3.760E-08 3.133E-08 2.642E-08 1.733E-08 1.229E-08 7.786E-09 4.796E-09 2.862E-09 1.804E-09 1.617E-09 1.389E-09 1.391E-09 1.161E-09 9.795E-10 7.068E-10 4.963E-10 3.546E-10 2.367E-10 2.326E-10 2.258E-10 1.264E-10 2.665E-11 5.501E-12 6.016E-11 4.704E-10 4.750E-10 3.364E-10 2.086E-10 1.641E-10 1.397E-10 1.009E-10 8.120E-11 6.153E-11 3.998E-11 3.465E-11 2.232E-11 1.225E-11 1.239E-11 2.041E-11 2.902E-11 2.115E-11 1.560E-11 1.698E-11 1.248E-11 9.419E-12 5.432E-12 3.363E-12 2.475E-12 1.670E-12 1.009E-12
  1.120E+02  9.678E-08 1.056E-07 9.700E-08 8.677E-08 7.775E-08 6.988E-08 6.260E-08 5.661E-08 5.109E-08 4.649E-08 4.211E-08 3.675E-08 3.065E-08 2.588E-08 1.703E-08 1.211E-08 7.701E-09 4.759E-09 2.850E-09 1.801E-09 1.616E-09 1.389E-09 1.390E-09 1.162E-09 9.811E-10 7.091E-10 4.986E-10 3.567E-10 2.384E-10 2.344E-10 2.276E-10 1.276E-10 2.697E-11 5.574E-12 6.092E-11 4.715E-10 4.763E-10 3.388E-10 2.101E-10 1.655E-10 1.409E-10 1.020E-10 8.208E-11 6.226E-11 4.051E-11 3.512E-11 2.264E-11 1.244E-11 1.258E-11 2.071E-11 2.941E-11 2.145E-11 1.584E-11 1.723E-11 1.268E-11 9.572E-12 5.526E-12 3.424E-12 2.521E-12 1.702E-12 1.028E-12
  1.140E+02  9.434E-08 1.033E-07 9.490E-08 8.487E-08 7.605E-08 6.836E-08 6.125E-08 5.541E-08 5.002E-08 4.554E-08 4.126E-08 3.603E-08 3.009E-08 2.543E-08 1.678E-08 1.197E-08 7.636E-09 4.735E-09 2.844E-09 1.802E-09 1.618E-09 1.391E-09 1.393E-09 1.165E-09 9.847E-10 7.128E-10 5.019E-10 3.595E-10 2.406E-10 2.366E-10 2.298E-10 1.291E-10 2.733E-11 5.655E-12 6.177E-11 4.736E-10 4.786E-10 3.419E-10 2.121E-10 1.671E-10 1.424E-10 1.032E-10 8.311E-11 6.310E-11 4.110E-11 3.564E-11 2.300E-11 1.265E-11 1.280E-11 2.105E-11 2.986E-11 2.179E-11 1.610E-11 1.751E-11 1.289E-11 9.740E-12 5.629E-12 3.489E-12 2.570E-12 1.736E-12 1.049E-12
  1.160E+02  9.228E-08 1.014E-07 9.317E-08 8.329E-08 7.464E-08 6.709E-08 6.012E-08 5.441E-08 4.912E-08 4.474E-08 4.056E-08 3.544E-08 2.962E-08 2.506E-08 1.659E-08 1.186E-08 7.592E-09 4.722E-09 2.845E-09 1.807E-09 1.623E-09 1.397E-09 1.399E-09 1.171E-09 9.902E-10 7.177E-10 5.061E-10 3.630E-10 2.432E-10 2.392E-10 2.323E-10 1.307E-10 2.773E-11 5.743E-12 6.271E-11 4.766E-10 4.818E-10 3.455E-10 2.144E-10 1.691E-10 1.442E-10 1.046E-10 8.428E-11 6.403E-11 4.175E-11 3.622E-11 2.340E-11 1.288E-11 1.303E-11 2.142E-11 3.035E-11 2.216E-11 1.639E-11 1.781E-11 1.312E-11 9.922E-12 5.739E-12 3.560E-12 2.623E-12 1.772E-12 1.072E-12
  1.180E+02  9.056E-08 9.991E-08 9.178E-08 8.204E-08 7.350E-08 6.607E-08 5.920E-08 5.358E-08 4.839E-08 4.409E-08 3.998E-08 3.495E-08 2.924E-08 2.476E-08 1.644E-08 1.178E-08 7.566E-09 4.719E-09 2.851E-09 1.816E-09 1.631E-09 1.405E-09 1.407E-09 1.179E-09 9.975E-10 7.239E-10 5.111E-10 3.670E-10 2.462E-10 2.421E-10 2.352E-10 1.326E-10 2.817E-11 5.839E-12 6.373E-11 4.805E-10 4.858E-10 3.497E-10 2.170E-10 1.713E-10 1.462E-10 1.061E-10 8.556E-11 6.506E-11 4.246E-11 3.685E-11 2.382E-11 1.312E-11 1.328E-11 2.182E-11 3.088E-11 2.257E-11 1.670E-11 1.814E-11 1.337E-11 1.012E-11 5.858E-12 3.635E-12 2.679E-12 1.811E-12 1.096E-12
  1.200E+02  8.918E-08 9.878E-08 9.074E-08 8.107E-08 7.261E-08 6.527E-08 5.847E-08 5.294E-08 4.781E-08 4.357E-08 3.952E-08 3.457E-08 2.894E-08 2.453E-08 1.633E-08 1.173E-08 7.556E-09 4.726E-09 2.863E-09 1.827E-09 1.642E-09 1.416E-09 1.418E-09 1.188E-09 1.006E-09 7.312E-10 5.168E-10 3.715E-10 2.495E-10 2.454E-10 2.384E-10 1.346E-10 2.863E-11 5.940E-12 6.483E-11 4.851E-10 4.906E-10 3.543E-10 2.200E-10 1.737E-10 1.483E-10 1.078E-10 8.696E-11 6.617E-11 4.323E-11 3.752E-11 2.428E-11 1.338E-11 1.355E-11 2.224E-11 3.146E-11 2.300E-11 1.703E-11 1.849E-11 1.364E-11 1.032E-11 5.983E-12 3.715E-12 2.738E-12 1.852E-12 1.121E-12
  1.220E+02  8.812E-08 9.802E-08 9.004E-08 8.039E-08 7.197E-08 6.467E-08 5.793E-08 5.245E-08 4.737E-08 4.319E-08 3.918E-08 3.428E-08 2.872E-08 2.437E-08 1.626E-08 1.171E-08 7.562E-09 4.742E-09 2.880E-09 1.841E-09 1.656E-09 1.428E-09 1.430E-09 1.200E-09 1.017E-09 7.395E-10 5.232E-10 3.764E-10 2.530E-10 2.489E-10 2.419E-10 1.367E-10 2.913E-11 6.047E-12 6.598E-11 4.904E-10 4.962E-10 3.595E-10 2.232E-10 1.763E-10 1.507E-10 1.096E-10 8.846E-11 6.735E-11 4.404E-11 3.823E-11 2.475E-11 1.365E-11 1.383E-11 2.269E-11 3.207E-11 2.346E-11 1.738E-11 1.886E-11 1.392E-11 1.054E-11 6.114E-12 3.798E-12 2.801E-12 1.894E-12 1.147E-12
  1.240E+02  8.737E-08 9.763E-08 8.967E-08 7.997E-08 7.156E-08 6.428E-08 5.756E-08 5.212E-08 4.707E-08 4.292E-08 3.894E-08 3.409E-08 2.857E-08 2.426E-08 1.623E-08 1.170E-08 7.581E-09 4.766E-09 2.900E-09 1.858E-09 1.672E-09 1.442E-09 1.445E-09 1.213E-09 1.028E-09 7.487E-10 5.303E-10 3.818E-10 2.569E-10 2.527E-10 2.457E-10 1.390E-10 2.965E-11 6.159E-12 6.719E-11 4.964E-10 5.024E-10 3.650E-10 2.267E-10 1.792E-10 1.532E-10 1.115E-10 9.005E-11 6.860E-11 4.489E-11 3.898E-11 2.525E-11 1.394E-11 1.412E-11 2.316E-11 3.271E-11 2.393E-11 1.774E-11 1.925E-11 1.422E-11 1.077E-11 6.251E-12 3.884E-12 2.865E-12 1.939E-12 1.174E-12
  1.260E+02  8.691E-08 9.759E-08 8.962E-08 7.981E-08 7.138E-08 6.408E-08 5.735E-08 5.193E-08 4.689E-08 4.276E-08 3.879E-08 3.398E-08 2.849E-08 2.420E-08 1.622E-08 1.172E-08 7.613E-09 4.797E-09 2.925E-09 1.876E-09 1.689E-09 1.458E-09 1.461E-09 1.227E-09 1.041E-09 7.586E-10 5.378E-10 3.875E-10 2.609E-10 2.567E-10 2.497E-10 1.414E-10 3.018E-11 6.274E-12 6.845E-11 5.030E-10 5.092E-10 3.709E-10 2.304E-10 1.822E-10 1.558E-10 1.135E-10 9.171E-11 6.990E-11 4.577E-11 3.976E-11 2.577E-11 1.423E-11 1.442E-11 2.364E-11 3.337E-11 2.443E-11 1.812E-11 1.966E-11 1.453E-11 1.101E-11 6.392E-12 3.974E-12 2.931E-12 1.984E-12 1.202E-12
  1.280E+02  8.674E-08 9.790E-08 8.985E-08 7.991E-08 7.141E-08 6.407E-08 5.731E-08 5.188E-08 4.683E-08 4.271E-08 3.874E-08 3.394E-08 2.846E-08 2.419E-08 1.625E-08 1.176E-08 7.656E-09 4.834E-09 2.953E-09 1.897E-09 1.709E-09 1.476E-09 1.479E-09 1.243E-09 1.054E-09 7.692E-10 5.457E-10 3.935E-10 2.652E-10 2.610E-10 2.538E-10 1.438E-10 3.074E-11 6.392E-12 6.975E-11 5.102E-10 5.166E-10 3.771E-10 2.343E-10 1.854E-10 1.586E-10 1.156E-10 9.345E-11 7.126E-11 4.669E-11 4.057E-11 2.631E-11 1.453E-11 1.473E-11 2.414E-11 3.406E-11 2.495E-11 1.851E-11 2.008E-11 1.484E-11 1.125E-11 6.537E-12 4.065E-12 3.000E-12 2.031E-12 1.231E-12
  1.300E+02  8.685E-08 9.856E-08 9.037E-08 8.027E-08 7.164E-08 6.423E-08 5.741E-08 5.195E-08 4.688E-08 4.275E-08 3.877E-08 3.398E-08 2.850E-08 2.423E-08 1.630E-08 1.182E-08 7.710E-09 4.877E-09 2.984E-09 1.919E-09 1.730E-09 1.495E-09 1.497E-09 1.259E-09 1.069E-09 7.803E-10 5.541E-10 3.998E-10 2.696E-10 2.653E-10 2.581E-10 1.464E-10 3.131E-11 6.513E-12 7.108E-11 5.178E-10 5.244E-10 3.836E-10 2.384E-10 1.886E-10 1.615E-10 1.178E-10 9.523E-11 7.265E-11 4.763E-11 4.139E-11 2.686E-11 1.484E-11 1.504E-11 2.465E-11 3.477E-11 2.548E-11 1.891E-11 2.051E-11 1.516E-11 1.150E-11 6.685E-12 4.159E-12 3.069E-12 2.079E-12 1.260E-12
  1.320E+02  8.722E-08 9.958E-08 9.119E-08 8.087E-08 7.208E-08 6.456E-08 5.765E-08 5.215E-08 4.703E-08 4.288E-08 3.888E-08 3.408E-08 2.858E-08 2.431E-08 1.638E-08 1.189E-08 7.772E-09 4.925E-09 3.018E-09 1.943E-09 1.752E-09 1.514E-09 1.517E-09 1.276E-09 1.084E-09 7.920E-10 5.627E-10 4.063E-10 2.741E-10 2.698E-10 2.625E-10 1.490E-10 3.189E-11 6.636E-12 7.243E-11 5.257E-10 5.326E-10 3.902E-10 2.425E-10 1.920E-10 1.645E-10 1.200E-10 9.706E-11 7.408E-11 4.859E-11 4.223E-11 2.741E-11 1.516E-11 1.536E-11 2.518E-11 3.550E-11 2.601E-11 1.932E-11 2.095E-11 1.549E-11 1.175E-11 6.835E-12 4.254E-12 3.140E-12 2.127E-12 1.290E-12
  1.340E+02  8.786E-08 1.009E-07 9.230E-08 8.170E-08 7.270E-08 6.505E-08 5.802E-08 5.245E-08 4.728E-08 4.310E-08 3.906E-08 3.424E-08 2.871E-08 2.442E-08 1.648E-08 1.197E-08 7.841E-09 4.977E-09 3.053E-09 1.968E-09 1.775E-09 1.535E-09 1.538E-09 1.294E-09 1.100E-09 8.040E-10 5.716E-10 4.129E-10 2.787E-10 2.744E-10 2.671E-10 1.517E-10 3.248E-11 6.760E-12 7.380E-11 5.340E-10 5.412E-10 3.971E-10 2.468E-10 1.955E-10 1.675E-10 1.223E-10 9.892E-11 7.552E-11 4.956E-11 4.308E-11 2.798E-11 1.547E-11 1.569E-11 2.570E-11 3.623E-11 2.656E-11 1.973E-11 2.139E-11 1.583E-11 1.201E-11 6.987E-12 4.349E-12 3.211E-12 2.176E-12 1.320E-12
  1.360E+02  8.875E-08 1.026E-07 9.372E-08 8.275E-08 7.352E-08 6.569E-08 5.851E-08 5.286E-08 4.762E-08 4.339E-08 3.931E-08 3.445E-08 2.888E-08 2.457E-08 1.659E-08 1.207E-08 7.918E-09 5.033E-09 3.091E-09 1.994E-09 1.800E-09 1.556E-09 1.560E-09 1.313E-09 1.116E-09 8.162E-10 5.807E-10 4.197E-10 2.834E-10 2.791E-10 2.716E-10 1.543E-10 3.306E-11 6.884E-12 7.517E-11 5.426E-10 5.500E-10 4.041E-10 2.512E-10 1.990E-10 1.705E-10 1.246E-10 1.008E-10 7.698E-11 5.054E-11 4.394E-11 2.855E-11 1.579E-11 1.601E-11 2.623E-11 3.697E-11 2.711E-11 2.014E-11 2.184E-11 1.616E-11 1.227E-11 7.139E-12 4.445E-12 3.282E-12 2.225E-12 1.350E-12
  1.380E+02  8.987E-08 1.047E-07 9.541E-08 8.402E-08 7.450E-08 6.647E-08 5.912E-08 5.337E-08 4.803E-08 4.375E-08 3.961E-08 3.472E-08 2.909E-08 2.474E-08 1.672E-08 1.217E-08 8.000E-09 5.091E-09 3.129E-09 2.020E-09 1.824E-09 1.578E-09 1.582E-09 1.332E-09 1.132E-09 8.287E-10 5.898E-10 4.265E-10 2.881E-10 2.837E-10 2.762E-10 1.570E-10 3.365E-11 7.008E-12 7.654E-11 5.513E-10 5.589E-10 4.111E-10 2.556E-10 2.026E-10 1.736E-10 1.269E-10 1.027E-10 7.845E-11 5.152E-11 4.480E-11 2.911E-11 1.611E-11 1.634E-11 2.677E-11 3.771E-11 2.766E-11 2.055E-11 2.228E-11 1.650E-11 1.252E-11 7.292E-12 4.541E-12 3.354E-12 2.274E-12 1.380E-12
  1.400E+02  9.120E-08 1.070E-07 9.736E-08 8.550E-08 7.565E-08 6.738E-08 5.984E-08 5.396E-08 4.852E-08 4.417E-08 3.997E-08 3.502E-08 2.932E-08 2.494E-08 1.687E-08 1.229E-08 8.086E-09 5.152E-09 3.169E-09 2.047E-09 1.849E-09 1.600E-09 1.604E-09 1.351E-09 1.149E-09 8.412E-10 5.990E-10 4.333E-10 2.928E-10 2.884E-10 2.808E-10 1.597E-10 3.424E-11 7.131E-12 7.791E-11 5.602E-10 5.681E-10 4.182E-10 2.601E-10 2.061E-10 1.767E-10 1.292E-10 1.046E-10 7.991E-11 5.250E-11 4.566E-11 2.968E-11 1.643E-11 1.666E-11 2.730E-11 3.845E-11 2.821E-11 2.096E-11 2.273E-11 1.683E-11 1.278E-11 7.443E-12 4.637E-12 3.424E-12 2.322E-12 1.410E-12
  1.420E+02  9.270E-08 1.096E-07 9.955E-08 8.718E-08 7.694E-08 6.841E-08 6.064E-08 5.462E-08 4.906E-08 4.464E-08 4.036E-08 3.536E-08 2.959E-08 2.516E-08 1.703E-08 1.241E-08 8.177E-09 5.215E-09 3.210E-09 2.075E-09 1.875E-09 1.623E-09 1.627E-09 1.371E-09 1.166E-09 8.538E-10 6.082E-10 4.401E-10 2.975E-10 2.931E-10 2.854E-10 1.624E-10 3.482E-11 7.252E-12 7.926E-11 5.691E-10 5.772E-10 4.253E-10 2.645E-10 2.097E-10 1.798E-10 1.315E-10 1.064E-10 8.136E-11 5.347E-11 4.651E-11 3.024E-11 1.674E-11 1.698E-11 2.782E-11 3.919E-11 2.875E-11 2.137E-11 2.317E-11 1.716E-11 1.303E-11 7.593E-12 4.731E-12 3.495E-12 2.370E-12 1.439E-12
  1.440E+02  9.433E-08 1.125E-07 1.019E-07 8.901E-08 7.834E-08 6.953E-08 6.151E-08 5.535E-08 4.965E-08 4.516E-08 4.080E-08 3.574E-08 2.988E-08 2.539E-08 1.719E-08 1.253E-08 8.270E-09 5.279E-09 3.251E-09 2.102E-09 1.900E-09 1.645E-09 1.649E-09 1.390E-09 1.182E-09 8.663E-10 6.173E-10 4.468E-10 3.022E-10 2.977E-10 2.899E-10 1.650E-10 3.539E-11 7.372E-12 8.059E-11 5.781E-10 5.864E-10 4.323E-10 2.689E-10 2.132E-10 1.828E-10 1.337E-10 1.083E-10 8.278E-11 5.442E-11 4.734E-11 3.079E-11 1.705E-11 1.729E-11 2.833E-11 3.991E-11 2.929E-11 2.177E-11 2.361E-11 1.749E-11 1.328E-11 7.740E-12 4.824E-12 3.563E-12 2.417E-12 1.468E-12
  1.460E+02  9.602E-08 1.157E-07 1.045E-07 9.097E-08 7.984E-08 7.072E-08 6.244E-08 5.611E-08 5.029E-08 4.570E-08 4.125E-08 3.613E-08 3.018E-08 2.564E-08 1.736E-08 1.266E-08 8.364E-09 5.344E-09 3.292E-09 2.129E-09 1.925E-09 1.667E-09 1.672E-09 1.409E-09 1.199E-09 8.786E-10 6.263E-10 4.535E-10 3.067E-10 3.022E-10 2.944E-10 1.676E-10 3.594E-11 7.488E-12 8.189E-11 5.869E-10 5.954E-10 4.392E-10 2.732E-10 2.166E-10 1.858E-10 1.359E-10 1.101E-10 8.419E-11 5.536E-11 4.816E-11 3.133E-11 1.735E-11 1.760E-11 2.884E-11 4.062E-11 2.981E-11 2.217E-11 2.404E-11 1.781E-11 1.353E-11 7.884E-12 4.914E-12 3.631E-12 2.464E-12 1.496E-12
  1.480E+02  9.770E-08 1.189E-07 1.072E-07 9.299E-08 8.139E-08 7.195E-08 6.340E-08 5.691E-08 5.094E-08 4.627E-08 4.173E-08 3.654E-08 3.050E-08 2.590E-08 1.754E-08 1.279E-08 8.460E-09 5.409E-09 3.332E-09 2.156E-09 1.950E-09 1.689E-09 1.694E-09 1.428E-09 1.215E-09 8.907E-10 6.351E-10 4.599E-10 3.111E-10 3.066E-10 2.987E-10 1.701E-10 3.648E-11 7.601E-12 8.315E-11 5.956E-10 6.044E-10 4.460E-10 2.774E-10 2.200E-10 1.887E-10 1.381E-10 1.119E-10 8.555E-11 5.627E-11 4.896E-11 3.185E-11 1.764E-11 1.789E-11 2.933E-11 4.131E-11 3.032E-11 2.255E-11 2.445E-11 1.812E-11 1.376E-11 8.024E-12 5.002E-12 3.696E-12 2.508E-12 1.523E-12
  1.500E+02  9.925E-08 1.222E-07 1.099E-07 9.501E-08 8.295E-08 7.319E-08 6.437E-08 5.772E-08 5.160E-08 4.684E-08 4.222E-08 3.696E-08 3.082E-08 2.616E-08 1.772E-08 1.293E-08 8.556E-09 5.474E-09 3.372E-09 2.182E-09 1.975E-09 1.710E-09 1.715E-09 1.446E-09 1.231E-09 9.025E-10 6.437E-10 4.662E-10 3.154E-10 3.108E-10 3.029E-10 1.725E-10 3.700E-11 7.710E-12 8.437E-11 6.042E-10 6.131E-10 4.526E-10 2.815E-10 2.233E-10 1.916E-10 1.402E-10 1.136E-10 8.687E-11 5.715E-11 4.973E-11 3.236E-11 1.792E-11 1.818E-11 2.981E-11 4.198E-11 3.082E-11 2.292E-11 2.486E-11 1.842E-11 1.399E-11 8.160E-12 5.088E-12 3.759E-12 2.552E-12 1.550E-12
  1.520E+02  1.006E-07 1.255E-07 1.126E-07 9.699E-08 8.448E-08 7.440E-08 6.532E-08 5.852E-08 5.226E-08 4.742E-08 4.270E-08 3.738E-08 3.114E-08 2.643E-08 1.790E-08 1.306E-08 8.651E-09 5.537E-09 3.412E-09 2.208E-09 1.999E-09 1.731E-09 1.737E-09 1.464E-09 1.246E-09 9.139E-10 6.520E-10 4.723E-10 3.196E-10 3.150E-10 3.069E-10 1.748E-10 3.750E-11 7.814E-12 8.554E-11 6.124E-10 6.216E-10 4.589E-10 2.855E-10 2.265E-10 1.943E-10 1.422E-10 1.153E-10 8.815E-11 5.800E-11 5.047E-11 3.284E-11 1.819E-11 1.846E-11 3.026E-11 4.262E-11 3.129E-11 2.327E-11 2.524E-11 1.871E-11 1.422E-11 8.290E-12 5.170E-12 3.820E-12 2.593E-12 1.575E-12
  1.540E+02  1.015E-07 1.284E-07 1.151E-07 9.885E-08 8.592E-08 7.556E-08 6.623E-08 5.930E-08 5.291E-08 4.799E-08 4.319E-08 3.779E-08 3.147E-08 2.669E-08 1.808E-08 1.319E-08 8.744E-09 5.600E-09 3.450E-09 2.233E-09 2.022E-09 1.751E-09 1.757E-09 1.482E-09 1.261E-09 9.248E-10 6.599E-10 4.781E-10 3.236E-10 3.189E-10 3.108E-10 1.771E-10 3.798E-11 7.914E-12 8.666E-11 6.204E-10 6.297E-10 4.650E-10 2.893E-10 2.295E-10 1.969E-10 1.442E-10 1.168E-10 8.936E-11 5.881E-11 5.118E-11 3.331E-11 1.845E-11 1.872E-11 3.070E-11 4.324E-11 3.175E-11 2.361E-11 2.561E-11 1.899E-11 1.443E-11 8.414E-12 5.248E-12 3.878E-12 2.633E-12 1.600E-12
  1.560E+02  1.020E-07 1.310E-07 1.174E-07 1.006E-07 8.727E-08 7.666E-08 6.711E-08 6.006E-08 5.354E-08 4.855E-08 4.367E-08 3.820E-08 3.179E-08 2.696E-08 1.826E-08 1.332E-08 8.835E-09 5.660E-09 3.487E-09 2.256E-09 2.044E-09 1.770E-09 1.776E-09 1.498E-09 1.275E-09 9.353E-10 6.674E-10 4.836E-10 3.273E-10 3.226E-10 3.145E-10 1.792E-10 3.843E-11 8.008E-12 8.772E-11 6.280E-10 6.375E-10 4.708E-10 2.929E-10 2.324E-10 1.994E-10 1.460E-10 1.183E-10 9.052E-11 5.958E-11 5.185E-11 3.375E-11 1.870E-11 1.897E-11 3.111E-11 4.383E-11 3.218E-11 2.394E-11 2.596E-11 1.925E-11 1.463E-11 8.532E-12 5.322E-12 3.933E-12 2.671E-12 1.623E-12
  1.580E+02  1.021E-07 1.332E-07 1.194E-07 1.021E-07 8.851E-08 7.772E-08 6.796E-08 6.080E-08 5.417E-08 4.912E-08 4.415E-08 3.861E-08 3.211E-08 2.722E-08 1.844E-08 1.345E-08 8.923E-09 5.718E-09 3.522E-09 2.279E-09 2.065E-09 1.789E-09 1.795E-09 1.514E-09 1.289E-09 9.451E-10 6.746E-10 4.888E-10 3.309E-10 3.262E-10 3.179E-10 1.811E-10 3.886E-11 8.096E-12 8.871E-11 6.352E-10 6.449E-10 4.762E-10 2.963E-10 2.351E-10 2.018E-10 1.477E-10 1.197E-10 9.160E-11 6.030E-11 5.248E-11 3.416E-11 1.893E-11 1.920E-11 3.150E-11 4.437E-11 3.258E-11 2.424E-11 2.629E-11 1.949E-11 1.481E-11 8.643E-12 5.391E-12 3.985E-12 2.706E-12 1.644E-12
  1.600E+02  1.018E-07 1.349E-07 1.212E-07 1.036E-07 8.973E-08 7.877E-08 6.884E-08 6.157E-08 5.484E-08 4.971E-08 4.467E-08 3.904E-08 3.245E-08 2.750E-08 1.862E-08 1.358E-08 9.008E-09 5.773E-09 3.555E-09 2.300E-09 2.084E-09 1.806E-09 1.812E-09 1.528E-09 1.301E-09 9.544E-10 6.812E-10 4.937E-10 3.342E-10 3.294E-10 3.212E-10 1.830E-10 3.925E-11 8.178E-12 8.963E-11 6.420E-10 6.517E-10 4.813E-10 2.995E-10 2.377E-10 2.040E-10 1.494E-10 1.211E-10 9.262E-11 6.097E-11 5.306E-11 3.455E-11 1.914E-11 1.942E-11 3.186E-11 4.489E-11 3.296E-11 2.452E-11 2.660E-11 1.972E-11 1.499E-11 8.745E-12 5.456E-12 4.033E-12 2.739E-12 1.664E-12
  1.620E+02  1.015E-07 1.367E-07 1.231E-07 1.052E-07 9.110E-08 7.995E-08 6.983E-08 6.245E-08 5.559E-08 5.039E-08 4.524E-08 3.949E-08 3.280E-08 2.778E-08 1.879E-08 1.370E-08 9.089E-09 5.825E-09 3.586E-09 2.319E-09 2.103E-09 1.822E-09 1.828E-09 1.542E-09 1.313E-09 9.630E-10 6.874E-10 4.982E-10 3.372E-10 3.324E-10 3.241E-10 1.847E-10 3.961E-11 8.254E-12 9.048E-11 6.482E-10 6.581E-10 4.860E-10 3.024E-10 2.400E-10 2.060E-10 1.509E-10 1.223E-10 9.355E-11 6.158E-11 5.360E-11 3.490E-11 1.934E-11 1.962E-11 3.219E-11 4.536E-11 3.331E-11 2.478E-11 2.688E-11 1.993E-11 1.515E-11 8.840E-12 5.515E-12 4.077E-12 2.769E-12 1.683E-12
  1.640E+02  1.017E-07 1.391E-07 1.256E-07 1.072E-07 9.288E-08 8.145E-08 7.108E-08 6.354E-08 5.651E-08 5.120E-08 4.593E-08 4.001E-08 3.320E-08 2.809E-08 1.897E-08 1.382E-08 9.166E-09 5.874E-09 3.615E-09 2.338E-09 2.119E-09 1.836E-09 1.843E-09 1.555E-09 1.324E-09 9.708E-10 6.930E-10 5.022E-10 3.400E-10 3.352E-10 3.268E-10 1.862E-10 3.994E-11 8.322E-12 9.125E-11 6.539E-10 6.639E-10 4.903E-10 3.051E-10 2.422E-10 2.078E-10 1.522E-10 1.234E-10 9.439E-11 6.215E-11 5.409E-11 3.522E-11 1.952E-11 1.980E-11 3.250E-11 4.579E-11 3.363E-11 2.501E-11 2.714E-11 2.013E-11 1.530E-11 8.926E-12 5.569E-12 4.117E-12 2.797E-12 1.700E-12
  1.660E+02  1.031E-07 1.431E-07 1.294E-07 1.103E-07 9.541E-08 8.353E-08 7.277E-08 6.497E-08 5.769E-08 5.221E-08 4.676E-08 4.063E-08 3.364E-08 2.843E-08 1.916E-08 1.394E-08 9.239E-09 5.919E-09 3.641E-09 2.354E-09 2.135E-09 1.850E-09 1.857E-09 1.566E-09 1.333E-09 9.778E-10 6.980E-10 5.059E-10 3.425E-10 3.377E-10 3.293E-10 1.876E-10 4.024E-11 8.383E-12 9.194E-11 6.591E-10 6.692E-10 4.941E-10 3.075E-10 2.441E-10 2.095E-10 1.534E-10 1.244E-10 9.515E-11 6.265E-11 5.453E-11 3.551E-11 1.967E-11 1.996E-11 3.277E-11 4.617E-11 3.391E-11 2.522E-11 2.737E-11 2.030E-11 1.543E-11 9.003E-12 5.618E-12 4.153E-12 2.821E-12 1.715E-12
  1.680E+02  1.065E-07 1.498E-07 1.353E-07 1.148E-07 9.902E-08 8.644E-08 7.504E-08 6.685E-08 5.920E-08 5.347E-08 4.778E-08 4.136E-08 3.415E-08 2.880E-08 1.935E-08 1.406E-08 9.307E-09 5.960E-09 3.664E-09 2.368E-09 2.148E-09 1.861E-09 1.869E-09 1.576E-09 1.342E-09 9.841E-10 7.025E-10 5.091E-10 3.446E-10 3.398E-10 3.314E-10 1.888E-10 4.049E-11 8.437E-12 9.254E-11 6.636E-10 6.738E-10 4.975E-10 3.096E-10 2.458E-10 2.109E-10 1.545E-10 1.252E-10 9.582E-11 6.309E-11 5.492E-11 3.576E-11 1.981E-11 2.011E-11 3.300E-11 4.650E-11 3.416E-11 2.541E-11 2.757E-11 2.045E-11 1.554E-11 9.070E-12 5.660E-12 4.184E-12 2.843E-12 1.728E-12
  1.700E+02  1.121E-07 1.596E-07 1.434E-07 1.212E-07 1.039E-07 9.028E-08 7.797E-08 6.920E-08 6.103E-08 5.498E-08 4.898E-08 4.221E-08 3.472E-08 2.921E-08 1.953E-08 1.417E-08 9.370E-09 5.997E-09 3.685E-09 2.381E-09 2.160E-09 1.872E-09 1.879E-09 1.585E-09 1.349E-09 9.894E-10 7.063E-10 5.119E-10 3.465E-10 3.417E-10 3.332E-10 1.899E-10 4.071E-11 8.482E-12 9.306E-11 6.674E-10 6.777E-10 5.004E-10 3.114E-10 2.472E-10 2.121E-10 1.554E-10 1.260E-10 9.639E-11 6.347E-11 5.525E-11 3.597E-11 1.993E-11 2.023E-11 3.321E-11 4.679E-11 3.437E-11 2.557E-11 2.775E-11 2.058E-11 1.564E-11 9.128E-12 5.696E-12 4.211E-12 2.861E-12 1.739E-12
  1.720E+02  1.199E-07 1.725E-07 1.538E-07 1.292E-07 1.098E-07 9.492E-08 8.142E-08 7.190E-08 6.312E-08 5.667E-08 5.029E-08 4.314E-08 3.533E-08 2.962E-08 1.972E-08 1.427E-08 9.425E-09 6.029E-09 3.703E-09 2.392E-09 2.170E-09 1.880E-09 1.888E-09 1.592E-09 1.356E-09 9.939E-10 7.095E-10 5.142E-10 3.480E-10 3.432E-10 3.347E-10 1.907E-10 4.090E-11 8.520E-12 9.348E-11 6.706E-10 6.810E-10 5.028E-10 3.129E-10 2.484E-10 2.132E-10 1.561E-10 1.266E-10 9.686E-11 6.378E-11 5.552E-11 3.615E-11 2.003E-11 2.033E-11 3.337E-11 4.703E-11 3.454E-11 2.570E-11 2.789E-11 2.068E-11 1.572E-11 9.175E-12 5.726E-12 4.233E-12 2.876E-12 1.748E-12
  1.740E+02  1.289E-07 1.872E-07 1.655E-07 1.381E-07 1.163E-07 9.992E-08 8.509E-08 7.471E-08 6.526E-08 5.839E-08 5.162E-08 4.407E-08 3.591E-08 3.001E-08 1.988E-08 1.436E-08 9.473E-09 6.055E-09 3.717E-09 2.400E-09 2.178E-09 1.887E-09 1.895E-09 1.598E-09 1.361E-09 9.974E-10 7.120E-10 5.160E-10 3.493E-10 3.444E-10 3.359E-10 1.914E-10 4.104E-11 8.549E-12 9.381E-11 6.732E-10 6.835E-10 5.046E-10 3.141E-10 2.493E-10 2.140E-10 1.567E-10 1.271E-10 9.722E-11 6.402E-11 5.573E-11 3.629E-11 2.011E-11 2.041E-11 3.350E-11 4.722E-11 3.468E-11 2.580E-11 2.800E-11 2.077E-11 1.578E-11 9.213E-12 5.749E-12 4.251E-12 2.888E-12 1.756E-12
  1.760E+02  1.375E-07 2.015E-07 1.768E-07 1.465E-07 1.223E-07 1.046E-07 8.844E-08 7.724E-08 6.718E-08 5.991E-08 5.277E-08 4.488E-08 3.642E-08 3.034E-08 2.001E-08 1.443E-08 9.509E-09 6.076E-09 3.727E-09 2.406E-09 2.184E-09 1.892E-09 1.900E-09 1.603E-09 1.364E-09 9.999E-10 7.138E-10 5.173E-10 3.501E-10 3.453E-10 3.367E-10 1.919E-10 4.114E-11 8.570E-12 9.405E-11 6.750E-10 6.854E-10 5.060E-10 3.149E-10 2.500E-10 2.145E-10 1.572E-10 1.274E-10 9.749E-11 6.419E-11 5.588E-11 3.639E-11 2.017E-11 2.046E-11 3.360E-11 4.735E-11 3.478E-11 2.587E-11 2.808E-11 2.083E-11 1.583E-11 9.239E-12 5.766E-12 4.263E-12 2.897E-12 1.761E-12
  1.780E+02  1.438E-07 2.123E-07 1.853E-07 1.528E-07 1.268E-07 1.079E-07 9.084E-08 7.904E-08 6.853E-08 6.097E-08 5.357E-08 4.544E-08 3.676E-08 3.056E-08 2.010E-08 1.447E-08 9.532E-09 6.088E-09 3.734E-09 2.410E-09 2.188E-09 1.895E-09 1.903E-09 1.605E-09 1.366E-09 1.001E-09 7.149E-10 5.180E-10 3.506E-10 3.458E-10 3.373E-10 1.921E-10 4.120E-11 8.583E-12 9.420E-11 6.760E-10 6.865E-10 5.068E-10 3.154E-10 2.504E-10 2.149E-10 1.574E-10 1.276E-10 9.765E-11 6.430E-11 5.598E-11 3.645E-11 2.020E-11 2.050E-11 3.365E-11 4.743E-11 3.484E-11 2.592E-11 2.813E-11 2.086E-11 1.586E-11 9.255E-12 5.776E-12 4.271E-12 2.902E-12 1.764E-12
  1.800E+02  1.461E-07 2.164E-07 1.886E-07 1.552E-07 1.285E-07 1.092E-07 9.172E-08 7.970E-08 6.902E-08 6.136E-08 5.386E-08 4.564E-08 3.688E-08 3.064E-08 2.013E-08 1.449E-08 9.540E-09 6.092E-09 3.736E-09 2.411E-09 2.189E-09 1.896E-09 1.904E-09 1.606E-09 1.367E-09 1.002E-09 7.152E-10 5.183E-10 3.508E-10 3.460E-10 3.374E-10 1.922E-10 4.122E-11 8.587E-12 9.424E-11 6.764E-10 6.868E-10 5.070E-10 3.156E-10 2.506E-10 2.150E-10 1.575E-10 1.277E-10 9.770E-11 6.433E-11 5.601E-11 3.647E-11 2.021E-11 2.051E-11 3.367E-11 4.746E-11 3.486E-11 2.593E-11 2.815E-11 2.087E-11 1.587E-11 9.261E-12 5.780E-12 4.273E-12 2.904E-12 1.765E-12
