# water soluble (95%) 
#
# size distribution: lognormal
# ------------------
#
#   minimum radius, [um]:      7.400E-03
#   maximum radius, [um]:      4.280E+01
#                  sigma:      2.240E+00
#       Rmod (wet), [um]:      3.990E-02
#       Rmod (dry), [um]:      2.120E-02
#
# optical parameters:
# -------------------
#
# wavelength ext.coef  sca.coef  abs.coef  si.sc.alb  asym.par  ext.nor    ref.real  ref.imag
#     [um]     [1/km]    [1/km]    [1/km]
#
#  2.500E-01 4.076E-05 3.900E-05 1.761E-06 9.568E-01 0.767E+00 2.000E+00  1.387E+00 -4.500E-03
#  3.000E-01 3.637E-05 3.596E-05 4.082E-07 9.888E-01 0.764E+00 1.785E+00  1.376E+00 -1.200E-03
#  3.500E-01 3.236E-05 3.214E-05 2.172E-07 9.933E-01 0.761E+00 1.588E+00  1.371E+00 -7.500E-04
#  4.000E-01 2.874E-05 2.856E-05 1.860E-07 9.935E-01 0.758E+00 1.410E+00  1.368E+00 -7.500E-04
#  4.500E-01 2.561E-05 2.545E-05 1.625E-07 9.937E-01 0.753E+00 1.257E+00  1.366E+00 -7.500E-04
#  5.000E-01 2.283E-05 2.269E-05 1.435E-07 9.937E-01 0.748E+00 1.120E+00  1.364E+00 -7.500E-04
#  5.500E-01 2.038E-05 2.023E-05 1.537E-07 9.925E-01 0.743E+00 1.000E+00  1.363E+00 -9.000E-04
#  6.000E-01 1.828E-05 1.814E-05 1.387E-07 9.924E-01 0.737E+00 8.968E-01  1.362E+00 -9.000E-04
#  6.500E-01 1.643E-05 1.629E-05 1.468E-07 9.911E-01 0.731E+00 8.062E-01  1.361E+00 -1.050E-03
#  7.000E-01 1.485E-05 1.472E-05 1.343E-07 9.910E-01 0.724E+00 7.286E-01  1.361E+00 -1.050E-03
#  7.500E-01 1.342E-05 1.327E-05 1.497E-07 9.888E-01 0.718E+00 6.585E-01  1.360E+00 -1.275E-03
#  8.000E-01 1.209E-05 1.193E-05 1.623E-07 9.866E-01 0.713E+00 5.932E-01  1.358E+00 -1.500E-03
#  9.000E-01 1.003E-05 9.849E-06 1.821E-07 9.818E-01 0.700E+00 4.922E-01  1.357E+00 -1.950E-03
#  1.000E+00 8.401E-06 8.210E-06 1.905E-07 9.773E-01 0.688E+00 4.122E-01  1.356E+00 -2.327E-03
#  1.250E+00 5.516E-06 5.340E-06 1.764E-07 9.680E-01 0.659E+00 2.707E-01  1.351E+00 -2.857E-03
#  1.500E+00 3.846E-06 3.672E-06 1.740E-07 9.548E-01 0.631E+00 1.887E-01  1.349E+00 -3.545E-03
#  1.750E+00 2.593E-06 2.483E-06 1.094E-07 9.578E-01 0.608E+00 1.272E-01  1.337E+00 -2.710E-03
#  2.000E+00 1.781E-06 1.708E-06 7.293E-08 9.591E-01 0.586E+00 8.739E-02  1.323E+00 -2.135E-03
#  2.500E+00 8.666E-07 7.816E-07 8.499E-08 9.019E-01 0.544E+00 4.252E-02  1.285E+00 -3.279E-03
#  3.000E+00 4.975E-06 7.211E-07 4.254E-06 1.449E-01 0.429E+00 2.441E-01  1.378E+00 -2.345E-01
#  3.200E+00 2.353E-06 9.117E-07 1.441E-06 3.875E-01 0.455E+00 1.154E-01  1.471E+00 -7.974E-02
#  3.390E+00 1.089E-06 7.227E-07 3.667E-07 6.634E-01 0.459E+00 5.345E-02  1.424E+00 -2.073E-02
#  3.500E+00 7.844E-07 6.340E-07 1.503E-07 8.083E-01 0.456E+00 3.848E-02  1.407E+00 -8.740E-03
#  3.750E+00 5.261E-07 4.691E-07 5.700E-08 8.917E-01 0.444E+00 2.582E-02  1.381E+00 -3.575E-03
#  4.000E+00 4.310E-07 3.620E-07 6.898E-08 8.400E-01 0.430E+00 2.115E-02  1.367E+00 -4.660E-03
#  4.500E+00 4.059E-07 2.337E-07 1.723E-07 5.757E-01 0.402E+00 1.992E-02  1.351E+00 -1.334E-02
#  5.000E+00 3.067E-07 1.649E-07 1.417E-07 5.378E-01 0.378E+00 1.505E-02  1.344E+00 -1.234E-02
#  5.500E+00 2.380E-07 1.072E-07 1.308E-07 4.503E-01 0.355E+00 1.168E-02  1.319E+00 -1.256E-02
#  6.000E+00 9.576E-07 6.519E-08 8.925E-07 6.807E-02 0.311E+00 4.699E-02  1.287E+00 -9.440E-02
#  6.200E+00 7.904E-07 9.537E-08 6.950E-07 1.207E-01 0.314E+00 3.878E-02  1.373E+00 -7.885E-02
#  6.500E+00 4.024E-07 7.757E-08 3.249E-07 1.928E-01 0.313E+00 1.974E-02  1.357E+00 -3.827E-02
#  7.200E+00 3.384E-07 4.693E-08 2.914E-07 1.387E-01 0.288E+00 1.660E-02  1.325E+00 -3.778E-02
#  7.900E+00 3.014E-07 2.603E-08 2.753E-07 8.639E-02 0.265E+00 1.479E-02  1.280E+00 -3.856E-02
#  8.200E+00 3.305E-07 1.778E-08 3.127E-07 5.380E-02 0.252E+00 1.622E-02  1.245E+00 -4.483E-02
#  8.500E+00 4.391E-07 2.083E-08 4.183E-07 4.745E-02 0.244E+00 2.155E-02  1.281E+00 -6.344E-02
#  8.700E+00 4.913E-07 4.502E-08 4.463E-07 9.163E-02 0.250E+00 2.411E-02  1.441E+00 -7.571E-02
#  9.000E+00 5.459E-07 4.286E-08 5.030E-07 7.852E-02 0.243E+00 2.678E-02  1.457E+00 -8.941E-02
#  9.200E+00 5.899E-07 3.088E-08 5.590E-07 5.235E-02 0.232E+00 2.894E-02  1.397E+00 -9.827E-02
#  9.500E+00 3.713E-07 2.174E-08 3.496E-07 5.855E-02 0.229E+00 1.822E-02  1.349E+00 -6.174E-02
#  9.800E+00 3.224E-07 1.712E-08 3.053E-07 5.310E-02 0.222E+00 1.582E-02  1.325E+00 -5.496E-02
#  1.000E+01 3.255E-07 1.447E-08 3.111E-07 4.444E-02 0.216E+00 1.597E-02  1.308E+00 -5.668E-02
#  1.060E+01 3.671E-07 9.089E-09 3.580E-07 2.476E-02 0.200E+00 1.801E-02  1.266E+00 -6.779E-02
#  1.100E+01 4.696E-07 6.793E-09 4.628E-07 1.447E-02 0.187E+00 2.304E-02  1.238E+00 -8.978E-02
#  1.150E+01 6.439E-07 5.259E-09 6.386E-07 8.167E-03 0.172E+00 3.159E-02  1.208E+00 -1.278E-01
#  1.250E+01 1.060E-06 5.828E-09 1.054E-06 5.499E-03 0.147E+00 5.200E-02  1.198E+00 -2.281E-01
#  1.300E+01 1.183E-06 6.558E-09 1.177E-06 5.543E-03 0.139E+00 5.805E-02  1.217E+00 -2.675E-01
#  1.400E+01 1.303E-06 7.351E-09 1.296E-06 5.642E-03 0.127E+00 6.393E-02  1.262E+00 -3.255E-01
#  1.480E+01 1.312E-06 7.064E-09 1.305E-06 5.383E-03 0.120E+00 6.439E-02  1.285E+00 -3.516E-01
#  1.500E+01 1.363E-06 7.324E-09 1.355E-06 5.374E-03 0.117E+00 6.686E-02  1.292E+00 -3.717E-01
#  1.640E+01 1.200E-06 7.305E-09 1.193E-06 6.088E-03 0.113E+00 5.887E-02  1.407E+00 -3.870E-01
#  1.720E+01 1.115E-06 7.618E-09 1.107E-06 6.833E-03 0.112E+00 5.470E-02  1.490E+00 -4.010E-01
#  1.800E+01 1.020E-06 6.575E-09 1.013E-06 6.446E-03 0.108E+00 5.005E-02  1.507E+00 -3.891E-01
#  1.850E+01 9.788E-07 5.876E-09 9.729E-07 6.003E-03 0.106E+00 4.802E-02  1.504E+00 -3.834E-01
#  2.000E+01 8.197E-07 5.031E-09 8.147E-07 6.138E-03 0.103E+00 4.022E-02  1.576E+00 -3.671E-01
#  2.130E+01 7.462E-07 3.947E-09 7.423E-07 5.290E-03 0.965E-01 3.661E-02  1.576E+00 -3.567E-01
#  2.250E+01 6.911E-07 3.227E-09 6.879E-07 4.669E-03 0.915E-01 3.391E-02  1.580E+00 -3.505E-01
#  2.500E+01 6.082E-07 2.182E-09 6.060E-07 3.587E-03 0.817E-01 2.984E-02  1.583E+00 -3.446E-01
#  2.790E+01 5.196E-07 1.448E-09 5.181E-07 2.787E-03 0.728E-01 2.549E-02  1.593E+00 -3.317E-01
#  3.000E+01 4.717E-07 1.086E-09 4.706E-07 2.302E-03 0.668E-01 2.314E-02  1.591E+00 -3.238E-01
#  3.500E+01 4.303E-07 6.192E-10 4.297E-07 1.439E-03 0.542E-01 2.111E-02  1.590E+00 -3.456E-01
#  4.000E+01 4.433E-07 3.887E-10 4.429E-07 8.768E-04 0.435E-01 2.175E-02  1.570E+00 -4.022E-01
#
# volume phase function [1/km]:
# -----------------------------
#
# sca.ang. | wavelengths --->
# ---------|------------------
#          | 2.500E-01 3.000E-01 3.500E-01 4.000E-01 4.500E-01 5.000E-01 5.500E-01 6.000E-01 6.500E-01 7.000E-01 7.500E-01 8.000E-01 9.000E-01 1.000E+00 1.250E+00 1.500E+00 1.750E+00 2.000E+00 2.500E+00 3.000E+00 3.200E+00 3.390E+00 3.500E+00 3.750E+00 4.000E+00 4.500E+00 5.000E+00 5.500E+00 6.000E+00 6.200E+00 6.500E+00 7.200E+00 7.900E+00 8.200E+00 8.500E+00 8.700E+00 9.000E+00 9.200E+00 9.500E+00 9.800E+00 1.000E+01 1.060E+01 1.100E+01 1.150E+01 1.250E+01 1.300E+01 1.400E+01 1.480E+01 1.500E+01 1.640E+01 1.720E+01 1.800E+01 1.850E+01 2.000E+01 2.130E+01 2.250E+01 2.500E+01 2.790E+01 3.000E+01 3.500E+01 4.000E+01
#
  0.000E+00  1.293E-04 9.790E-05 7.656E-05 6.100E-05 4.967E-05 4.093E-05 3.417E-05 2.887E-05 2.453E-05 2.104E-05 1.813E-05 1.567E-05 1.196E-05 9.295E-06 5.238E-06 3.178E-06 1.972E-06 1.258E-06 5.122E-07 3.064E-07 3.901E-07 3.200E-07 2.812E-07 2.038E-07 1.520E-07 9.048E-08 5.955E-08 3.654E-08 1.951E-08 2.787E-08 2.276E-08 1.296E-08 6.792E-09 4.508E-09 5.088E-09 1.070E-08 9.918E-09 7.040E-09 4.973E-09 3.863E-09 3.222E-09 1.941E-09 1.401E-09 1.036E-09 1.061E-09 1.163E-09 1.254E-09 1.177E-09 1.210E-09 1.182E-09 1.221E-09 1.043E-09 9.254E-10 7.819E-10 6.038E-10 4.870E-10 3.209E-10 2.080E-10 1.535E-10 8.474E-11 5.177E-11
  1.000E-01  1.293E-04 9.787E-05 7.655E-05 6.099E-05 4.967E-05 4.093E-05 3.417E-05 2.887E-05 2.453E-05 2.104E-05 1.813E-05 1.567E-05 1.196E-05 9.295E-06 5.238E-06 3.178E-06 1.972E-06 1.258E-06 5.122E-07 3.064E-07 3.901E-07 3.200E-07 2.812E-07 2.038E-07 1.520E-07 9.048E-08 5.955E-08 3.654E-08 1.951E-08 2.787E-08 2.276E-08 1.296E-08 6.792E-09 4.508E-09 5.088E-09 1.070E-08 9.918E-09 7.040E-09 4.973E-09 3.863E-09 3.222E-09 1.941E-09 1.401E-09 1.036E-09 1.061E-09 1.163E-09 1.254E-09 1.177E-09 1.210E-09 1.182E-09 1.221E-09 1.043E-09 9.254E-10 7.819E-10 6.038E-10 4.870E-10 3.209E-10 2.080E-10 1.535E-10 8.474E-11 5.177E-11
  2.000E-01  1.291E-04 9.780E-05 7.651E-05 6.096E-05 4.965E-05 4.092E-05 3.416E-05 2.886E-05 2.453E-05 2.104E-05 1.813E-05 1.567E-05 1.196E-05 9.294E-06 5.237E-06 3.178E-06 1.972E-06 1.258E-06 5.122E-07 3.064E-07 3.901E-07 3.200E-07 2.811E-07 2.038E-07 1.520E-07 9.048E-08 5.955E-08 3.654E-08 1.951E-08 2.787E-08 2.276E-08 1.296E-08 6.792E-09 4.507E-09 5.088E-09 1.070E-08 9.918E-09 7.040E-09 4.973E-09 3.863E-09 3.222E-09 1.941E-09 1.401E-09 1.036E-09 1.061E-09 1.163E-09 1.254E-09 1.177E-09 1.210E-09 1.182E-09 1.221E-09 1.043E-09 9.254E-10 7.819E-10 6.038E-10 4.870E-10 3.209E-10 2.080E-10 1.535E-10 8.474E-11 5.177E-11
  3.000E-01  1.289E-04 9.768E-05 7.644E-05 6.092E-05 4.962E-05 4.090E-05 3.415E-05 2.885E-05 2.452E-05 2.103E-05 1.813E-05 1.567E-05 1.195E-05 9.292E-06 5.236E-06 3.178E-06 1.971E-06 1.258E-06 5.121E-07 3.064E-07 3.901E-07 3.200E-07 2.811E-07 2.038E-07 1.520E-07 9.047E-08 5.955E-08 3.653E-08 1.951E-08 2.787E-08 2.276E-08 1.296E-08 6.792E-09 4.507E-09 5.088E-09 1.070E-08 9.918E-09 7.040E-09 4.973E-09 3.863E-09 3.222E-09 1.941E-09 1.401E-09 1.036E-09 1.061E-09 1.163E-09 1.254E-09 1.177E-09 1.210E-09 1.182E-09 1.221E-09 1.043E-09 9.254E-10 7.819E-10 6.038E-10 4.870E-10 3.209E-10 2.080E-10 1.535E-10 8.474E-11 5.177E-11
  4.000E-01  1.286E-04 9.751E-05 7.634E-05 6.086E-05 4.958E-05 4.087E-05 3.413E-05 2.884E-05 2.451E-05 2.102E-05 1.812E-05 1.566E-05 1.195E-05 9.290E-06 5.235E-06 3.177E-06 1.971E-06 1.258E-06 5.121E-07 3.063E-07 3.901E-07 3.200E-07 2.811E-07 2.038E-07 1.520E-07 9.047E-08 5.955E-08 3.653E-08 1.951E-08 2.787E-08 2.276E-08 1.296E-08 6.792E-09 4.507E-09 5.087E-09 1.070E-08 9.918E-09 7.040E-09 4.973E-09 3.863E-09 3.222E-09 1.941E-09 1.401E-09 1.036E-09 1.061E-09 1.163E-09 1.254E-09 1.177E-09 1.210E-09 1.182E-09 1.221E-09 1.043E-09 9.254E-10 7.819E-10 6.038E-10 4.870E-10 3.209E-10 2.080E-10 1.535E-10 8.474E-11 5.177E-11
  5.000E-01  1.282E-04 9.730E-05 7.622E-05 6.079E-05 4.954E-05 4.084E-05 3.411E-05 2.882E-05 2.449E-05 2.101E-05 1.811E-05 1.566E-05 1.195E-05 9.287E-06 5.234E-06 3.177E-06 1.971E-06 1.258E-06 5.120E-07 3.063E-07 3.901E-07 3.200E-07 2.811E-07 2.038E-07 1.520E-07 9.046E-08 5.954E-08 3.653E-08 1.951E-08 2.787E-08 2.276E-08 1.296E-08 6.791E-09 4.507E-09 5.087E-09 1.069E-08 9.917E-09 7.040E-09 4.973E-09 3.863E-09 3.222E-09 1.941E-09 1.400E-09 1.036E-09 1.061E-09 1.163E-09 1.254E-09 1.177E-09 1.210E-09 1.182E-09 1.221E-09 1.043E-09 9.253E-10 7.819E-10 6.038E-10 4.870E-10 3.209E-10 2.080E-10 1.535E-10 8.474E-11 5.177E-11
  6.000E-01  1.277E-04 9.705E-05 7.608E-05 6.070E-05 4.948E-05 4.080E-05 3.408E-05 2.880E-05 2.448E-05 2.100E-05 1.810E-05 1.565E-05 1.194E-05 9.284E-06 5.233E-06 3.176E-06 1.970E-06 1.257E-06 5.119E-07 3.063E-07 3.900E-07 3.199E-07 2.811E-07 2.038E-07 1.520E-07 9.045E-08 5.954E-08 3.653E-08 1.951E-08 2.786E-08 2.276E-08 1.296E-08 6.791E-09 4.507E-09 5.087E-09 1.069E-08 9.917E-09 7.039E-09 4.973E-09 3.863E-09 3.221E-09 1.941E-09 1.400E-09 1.036E-09 1.061E-09 1.163E-09 1.254E-09 1.177E-09 1.210E-09 1.182E-09 1.221E-09 1.043E-09 9.253E-10 7.819E-10 6.038E-10 4.870E-10 3.208E-10 2.080E-10 1.535E-10 8.473E-11 5.177E-11
  7.000E-01  1.271E-04 9.675E-05 7.591E-05 6.059E-05 4.941E-05 4.075E-05 3.404E-05 2.878E-05 2.446E-05 2.099E-05 1.809E-05 1.564E-05 1.194E-05 9.280E-06 5.231E-06 3.175E-06 1.970E-06 1.257E-06 5.118E-07 3.062E-07 3.900E-07 3.199E-07 2.810E-07 2.037E-07 1.520E-07 9.045E-08 5.953E-08 3.652E-08 1.951E-08 2.786E-08 2.276E-08 1.296E-08 6.791E-09 4.506E-09 5.087E-09 1.069E-08 9.917E-09 7.039E-09 4.972E-09 3.862E-09 3.221E-09 1.941E-09 1.400E-09 1.036E-09 1.061E-09 1.163E-09 1.254E-09 1.177E-09 1.210E-09 1.182E-09 1.221E-09 1.043E-09 9.253E-10 7.819E-10 6.038E-10 4.870E-10 3.208E-10 2.080E-10 1.535E-10 8.473E-11 5.176E-11
  8.000E-01  1.265E-04 9.643E-05 7.572E-05 6.047E-05 4.933E-05 4.070E-05 3.400E-05 2.875E-05 2.444E-05 2.097E-05 1.808E-05 1.563E-05 1.193E-05 9.275E-06 5.229E-06 3.174E-06 1.969E-06 1.257E-06 5.117E-07 3.062E-07 3.899E-07 3.199E-07 2.810E-07 2.037E-07 1.519E-07 9.043E-08 5.952E-08 3.652E-08 1.950E-08 2.786E-08 2.276E-08 1.296E-08 6.790E-09 4.506E-09 5.086E-09 1.069E-08 9.916E-09 7.038E-09 4.972E-09 3.862E-09 3.221E-09 1.941E-09 1.400E-09 1.036E-09 1.061E-09 1.163E-09 1.254E-09 1.177E-09 1.210E-09 1.182E-09 1.221E-09 1.043E-09 9.253E-10 7.818E-10 6.038E-10 4.870E-10 3.208E-10 2.080E-10 1.535E-10 8.473E-11 5.176E-11
  9.000E-01  1.258E-04 9.607E-05 7.551E-05 6.034E-05 4.924E-05 4.064E-05 3.396E-05 2.872E-05 2.441E-05 2.095E-05 1.806E-05 1.562E-05 1.192E-05 9.270E-06 5.226E-06 3.173E-06 1.969E-06 1.256E-06 5.115E-07 3.061E-07 3.899E-07 3.198E-07 2.809E-07 2.037E-07 1.519E-07 9.042E-08 5.952E-08 3.652E-08 1.950E-08 2.786E-08 2.275E-08 1.296E-08 6.790E-09 4.506E-09 5.086E-09 1.069E-08 9.915E-09 7.038E-09 4.972E-09 3.862E-09 3.221E-09 1.940E-09 1.400E-09 1.036E-09 1.061E-09 1.163E-09 1.254E-09 1.177E-09 1.210E-09 1.182E-09 1.221E-09 1.043E-09 9.252E-10 7.818E-10 6.037E-10 4.869E-10 3.208E-10 2.079E-10 1.535E-10 8.473E-11 5.176E-11
  1.000E+00  1.251E-04 9.568E-05 7.528E-05 6.019E-05 4.914E-05 4.057E-05 3.391E-05 2.868E-05 2.439E-05 2.093E-05 1.805E-05 1.560E-05 1.191E-05 9.264E-06 5.224E-06 3.171E-06 1.968E-06 1.256E-06 5.114E-07 3.061E-07 3.898E-07 3.198E-07 2.809E-07 2.036E-07 1.519E-07 9.041E-08 5.951E-08 3.651E-08 1.950E-08 2.785E-08 2.275E-08 1.295E-08 6.789E-09 4.505E-09 5.085E-09 1.069E-08 9.915E-09 7.038E-09 4.971E-09 3.862E-09 3.221E-09 1.940E-09 1.400E-09 1.036E-09 1.061E-09 1.163E-09 1.254E-09 1.177E-09 1.210E-09 1.182E-09 1.221E-09 1.043E-09 9.252E-10 7.818E-10 6.037E-10 4.869E-10 3.208E-10 2.079E-10 1.535E-10 8.473E-11 5.176E-11
  1.100E+00  1.243E-04 9.526E-05 7.503E-05 6.004E-05 4.904E-05 4.050E-05 3.386E-05 2.864E-05 2.436E-05 2.091E-05 1.803E-05 1.559E-05 1.190E-05 9.257E-06 5.221E-06 3.170E-06 1.967E-06 1.255E-06 5.112E-07 3.060E-07 3.897E-07 3.197E-07 2.808E-07 2.036E-07 1.519E-07 9.039E-08 5.950E-08 3.651E-08 1.950E-08 2.785E-08 2.275E-08 1.295E-08 6.788E-09 4.505E-09 5.085E-09 1.069E-08 9.914E-09 7.037E-09 4.971E-09 3.861E-09 3.220E-09 1.940E-09 1.400E-09 1.036E-09 1.061E-09 1.163E-09 1.254E-09 1.177E-09 1.210E-09 1.182E-09 1.220E-09 1.043E-09 9.251E-10 7.817E-10 6.037E-10 4.869E-10 3.208E-10 2.079E-10 1.535E-10 8.472E-11 5.176E-11
  1.200E+00  1.235E-04 9.482E-05 7.477E-05 5.987E-05 4.893E-05 4.042E-05 3.380E-05 2.860E-05 2.432E-05 2.088E-05 1.801E-05 1.557E-05 1.189E-05 9.250E-06 5.217E-06 3.168E-06 1.966E-06 1.255E-06 5.110E-07 3.059E-07 3.896E-07 3.196E-07 2.808E-07 2.036E-07 1.518E-07 9.038E-08 5.949E-08 3.650E-08 1.949E-08 2.785E-08 2.275E-08 1.295E-08 6.787E-09 4.504E-09 5.084E-09 1.069E-08 9.913E-09 7.036E-09 4.970E-09 3.861E-09 3.220E-09 1.940E-09 1.400E-09 1.035E-09 1.061E-09 1.163E-09 1.254E-09 1.177E-09 1.210E-09 1.182E-09 1.220E-09 1.043E-09 9.251E-10 7.817E-10 6.037E-10 4.869E-10 3.208E-10 2.079E-10 1.535E-10 8.472E-11 5.176E-11
  1.300E+00  1.227E-04 9.436E-05 7.449E-05 5.969E-05 4.881E-05 4.033E-05 3.374E-05 2.855E-05 2.429E-05 2.085E-05 1.799E-05 1.556E-05 1.188E-05 9.242E-06 5.214E-06 3.166E-06 1.965E-06 1.254E-06 5.108E-07 3.059E-07 3.896E-07 3.196E-07 2.807E-07 2.035E-07 1.518E-07 9.036E-08 5.948E-08 3.649E-08 1.949E-08 2.784E-08 2.274E-08 1.295E-08 6.786E-09 4.504E-09 5.084E-09 1.069E-08 9.912E-09 7.036E-09 4.970E-09 3.861E-09 3.220E-09 1.940E-09 1.400E-09 1.035E-09 1.061E-09 1.163E-09 1.254E-09 1.177E-09 1.210E-09 1.182E-09 1.220E-09 1.043E-09 9.251E-10 7.817E-10 6.036E-10 4.869E-10 3.208E-10 2.079E-10 1.535E-10 8.471E-11 5.175E-11
  1.400E+00  1.218E-04 9.387E-05 7.419E-05 5.950E-05 4.868E-05 4.024E-05 3.368E-05 2.850E-05 2.425E-05 2.083E-05 1.796E-05 1.554E-05 1.187E-05 9.234E-06 5.210E-06 3.164E-06 1.964E-06 1.254E-06 5.106E-07 3.058E-07 3.895E-07 3.195E-07 2.806E-07 2.035E-07 1.518E-07 9.034E-08 5.947E-08 3.649E-08 1.949E-08 2.784E-08 2.274E-08 1.295E-08 6.786E-09 4.503E-09 5.083E-09 1.069E-08 9.911E-09 7.035E-09 4.969E-09 3.860E-09 3.219E-09 1.940E-09 1.400E-09 1.035E-09 1.060E-09 1.163E-09 1.253E-09 1.176E-09 1.210E-09 1.181E-09 1.220E-09 1.043E-09 9.250E-10 7.816E-10 6.036E-10 4.868E-10 3.207E-10 2.079E-10 1.535E-10 8.471E-11 5.175E-11
  1.500E+00  1.209E-04 9.336E-05 7.388E-05 5.930E-05 4.854E-05 4.015E-05 3.361E-05 2.845E-05 2.421E-05 2.080E-05 1.794E-05 1.552E-05 1.186E-05 9.225E-06 5.206E-06 3.162E-06 1.963E-06 1.253E-06 5.103E-07 3.057E-07 3.894E-07 3.194E-07 2.806E-07 2.034E-07 1.517E-07 9.032E-08 5.945E-08 3.648E-08 1.948E-08 2.783E-08 2.274E-08 1.295E-08 6.785E-09 4.502E-09 5.083E-09 1.069E-08 9.910E-09 7.034E-09 4.969E-09 3.860E-09 3.219E-09 1.939E-09 1.399E-09 1.035E-09 1.060E-09 1.162E-09 1.253E-09 1.176E-09 1.210E-09 1.181E-09 1.220E-09 1.043E-09 9.249E-10 7.816E-10 6.036E-10 4.868E-10 3.207E-10 2.079E-10 1.535E-10 8.471E-11 5.175E-11
  1.600E+00  1.200E-04 9.284E-05 7.356E-05 5.909E-05 4.840E-05 4.005E-05 3.354E-05 2.840E-05 2.417E-05 2.076E-05 1.791E-05 1.550E-05 1.184E-05 9.216E-06 5.202E-06 3.160E-06 1.962E-06 1.252E-06 5.101E-07 3.056E-07 3.893E-07 3.193E-07 2.805E-07 2.034E-07 1.517E-07 9.029E-08 5.944E-08 3.647E-08 1.948E-08 2.783E-08 2.273E-08 1.294E-08 6.783E-09 4.502E-09 5.082E-09 1.069E-08 9.909E-09 7.033E-09 4.968E-09 3.859E-09 3.219E-09 1.939E-09 1.399E-09 1.035E-09 1.060E-09 1.162E-09 1.253E-09 1.176E-09 1.210E-09 1.181E-09 1.220E-09 1.043E-09 9.249E-10 7.815E-10 6.035E-10 4.868E-10 3.207E-10 2.079E-10 1.535E-10 8.470E-11 5.175E-11
  1.700E+00  1.190E-04 9.230E-05 7.323E-05 5.887E-05 4.825E-05 3.995E-05 3.346E-05 2.834E-05 2.413E-05 2.073E-05 1.789E-05 1.548E-05 1.183E-05 9.206E-06 5.198E-06 3.158E-06 1.961E-06 1.252E-06 5.098E-07 3.055E-07 3.891E-07 3.192E-07 2.804E-07 2.033E-07 1.516E-07 9.027E-08 5.942E-08 3.646E-08 1.948E-08 2.782E-08 2.273E-08 1.294E-08 6.782E-09 4.501E-09 5.081E-09 1.068E-08 9.908E-09 7.032E-09 4.968E-09 3.859E-09 3.218E-09 1.939E-09 1.399E-09 1.035E-09 1.060E-09 1.162E-09 1.253E-09 1.176E-09 1.209E-09 1.181E-09 1.220E-09 1.043E-09 9.248E-10 7.815E-10 6.035E-10 4.867E-10 3.207E-10 2.079E-10 1.534E-10 8.470E-11 5.174E-11
  1.800E+00  1.181E-04 9.174E-05 7.289E-05 5.865E-05 4.810E-05 3.984E-05 3.338E-05 2.828E-05 2.408E-05 2.069E-05 1.786E-05 1.545E-05 1.181E-05 9.195E-06 5.193E-06 3.156E-06 1.959E-06 1.251E-06 5.095E-07 3.054E-07 3.890E-07 3.191E-07 2.803E-07 2.032E-07 1.516E-07 9.024E-08 5.941E-08 3.645E-08 1.947E-08 2.782E-08 2.272E-08 1.294E-08 6.781E-09 4.500E-09 5.080E-09 1.068E-08 9.906E-09 7.031E-09 4.967E-09 3.858E-09 3.218E-09 1.939E-09 1.399E-09 1.035E-09 1.060E-09 1.162E-09 1.253E-09 1.176E-09 1.209E-09 1.181E-09 1.220E-09 1.042E-09 9.247E-10 7.814E-10 6.034E-10 4.867E-10 3.207E-10 2.079E-10 1.534E-10 8.469E-11 5.174E-11
  1.900E+00  1.171E-04 9.117E-05 7.253E-05 5.842E-05 4.794E-05 3.973E-05 3.330E-05 2.822E-05 2.403E-05 2.066E-05 1.783E-05 1.543E-05 1.180E-05 9.184E-06 5.188E-06 3.153E-06 1.958E-06 1.250E-06 5.092E-07 3.053E-07 3.889E-07 3.190E-07 2.802E-07 2.032E-07 1.515E-07 9.022E-08 5.939E-08 3.644E-08 1.947E-08 2.781E-08 2.272E-08 1.294E-08 6.780E-09 4.499E-09 5.079E-09 1.068E-08 9.905E-09 7.030E-09 4.966E-09 3.858E-09 3.217E-09 1.938E-09 1.399E-09 1.035E-09 1.060E-09 1.162E-09 1.253E-09 1.176E-09 1.209E-09 1.181E-09 1.220E-09 1.042E-09 9.247E-10 7.813E-10 6.034E-10 4.867E-10 3.206E-10 2.078E-10 1.534E-10 8.469E-11 5.174E-11
  2.000E+00  1.161E-04 9.060E-05 7.217E-05 5.818E-05 4.778E-05 3.961E-05 3.321E-05 2.815E-05 2.398E-05 2.062E-05 1.780E-05 1.540E-05 1.178E-05 9.172E-06 5.182E-06 3.150E-06 1.956E-06 1.249E-06 5.089E-07 3.051E-07 3.888E-07 3.189E-07 2.801E-07 2.031E-07 1.515E-07 9.019E-08 5.937E-08 3.643E-08 1.946E-08 2.781E-08 2.271E-08 1.293E-08 6.778E-09 4.498E-09 5.078E-09 1.068E-08 9.903E-09 7.029E-09 4.965E-09 3.857E-09 3.217E-09 1.938E-09 1.399E-09 1.035E-09 1.060E-09 1.162E-09 1.253E-09 1.176E-09 1.209E-09 1.181E-09 1.220E-09 1.042E-09 9.246E-10 7.813E-10 6.034E-10 4.866E-10 3.206E-10 2.078E-10 1.534E-10 8.468E-11 5.173E-11
  3.000E+00  1.058E-04 8.443E-05 6.820E-05 5.551E-05 4.590E-05 3.826E-05 3.220E-05 2.738E-05 2.339E-05 2.015E-05 1.742E-05 1.510E-05 1.158E-05 9.030E-06 5.117E-06 3.117E-06 1.937E-06 1.238E-06 5.048E-07 3.036E-07 3.870E-07 3.174E-07 2.788E-07 2.022E-07 1.508E-07 8.982E-08 5.915E-08 3.630E-08 1.940E-08 2.773E-08 2.265E-08 1.290E-08 6.761E-09 4.487E-09 5.067E-09 1.066E-08 9.885E-09 7.016E-09 4.956E-09 3.849E-09 3.211E-09 1.934E-09 1.396E-09 1.033E-09 1.058E-09 1.160E-09 1.251E-09 1.174E-09 1.208E-09 1.180E-09 1.218E-09 1.041E-09 9.236E-10 7.805E-10 6.027E-10 4.861E-10 3.203E-10 2.076E-10 1.533E-10 8.461E-11 5.169E-11
  4.000E+00  9.576E-05 7.808E-05 6.391E-05 5.254E-05 4.375E-05 3.668E-05 3.100E-05 2.645E-05 2.266E-05 1.956E-05 1.695E-05 1.472E-05 1.132E-05 8.844E-06 5.030E-06 3.071E-06 1.912E-06 1.223E-06 4.993E-07 3.016E-07 3.847E-07 3.154E-07 2.771E-07 2.009E-07 1.499E-07 8.932E-08 5.885E-08 3.613E-08 1.932E-08 2.762E-08 2.256E-08 1.285E-08 6.737E-09 4.472E-09 5.051E-09 1.063E-08 9.859E-09 6.997E-09 4.942E-09 3.839E-09 3.202E-09 1.929E-09 1.393E-09 1.030E-09 1.056E-09 1.158E-09 1.249E-09 1.172E-09 1.206E-09 1.178E-09 1.217E-09 1.040E-09 9.222E-10 7.793E-10 6.019E-10 4.855E-10 3.199E-10 2.074E-10 1.531E-10 8.450E-11 5.163E-11
  5.000E+00  8.649E-05 7.195E-05 5.960E-05 4.948E-05 4.148E-05 3.498E-05 2.969E-05 2.541E-05 2.183E-05 1.890E-05 1.641E-05 1.428E-05 1.101E-05 8.625E-06 4.926E-06 3.017E-06 1.881E-06 1.205E-06 4.925E-07 2.990E-07 3.817E-07 3.129E-07 2.749E-07 1.993E-07 1.488E-07 8.869E-08 5.846E-08 3.590E-08 1.922E-08 2.749E-08 2.245E-08 1.279E-08 6.707E-09 4.452E-09 5.030E-09 1.059E-08 9.825E-09 6.973E-09 4.925E-09 3.825E-09 3.191E-09 1.923E-09 1.388E-09 1.027E-09 1.053E-09 1.155E-09 1.246E-09 1.170E-09 1.203E-09 1.175E-09 1.214E-09 1.038E-09 9.205E-10 7.779E-10 6.008E-10 4.846E-10 3.193E-10 2.070E-10 1.528E-10 8.437E-11 5.155E-11
  6.000E+00  7.814E-05 6.622E-05 5.544E-05 4.644E-05 3.917E-05 3.322E-05 2.832E-05 2.431E-05 2.095E-05 1.818E-05 1.582E-05 1.379E-05 1.067E-05 8.379E-06 4.807E-06 2.953E-06 1.845E-06 1.183E-06 4.844E-07 2.959E-07 3.782E-07 3.099E-07 2.722E-07 1.974E-07 1.474E-07 8.793E-08 5.800E-08 3.563E-08 1.909E-08 2.732E-08 2.231E-08 1.272E-08 6.671E-09 4.428E-09 5.005E-09 1.055E-08 9.785E-09 6.945E-09 4.903E-09 3.809E-09 3.177E-09 1.915E-09 1.383E-09 1.024E-09 1.050E-09 1.152E-09 1.243E-09 1.167E-09 1.200E-09 1.172E-09 1.211E-09 1.035E-09 9.183E-10 7.761E-10 5.995E-10 4.835E-10 3.187E-10 2.066E-10 1.525E-10 8.421E-11 5.145E-11
  8.000E+00  6.413E-05 5.604E-05 4.779E-05 4.067E-05 3.470E-05 2.972E-05 2.552E-05 2.204E-05 1.911E-05 1.667E-05 1.457E-05 1.274E-05 9.922E-06 7.832E-06 4.536E-06 2.807E-06 1.761E-06 1.133E-06 4.654E-07 2.885E-07 3.696E-07 3.026E-07 2.658E-07 1.928E-07 1.440E-07 8.607E-08 5.686E-08 3.496E-08 1.878E-08 2.692E-08 2.198E-08 1.254E-08 6.580E-09 4.369E-09 4.944E-09 1.043E-08 9.684E-09 6.872E-09 4.851E-09 3.768E-09 3.144E-09 1.896E-09 1.369E-09 1.014E-09 1.042E-09 1.143E-09 1.234E-09 1.159E-09 1.192E-09 1.165E-09 1.204E-09 1.029E-09 9.128E-10 7.717E-10 5.961E-10 4.809E-10 3.170E-10 2.055E-10 1.517E-10 8.380E-11 5.121E-11
  1.000E+01  5.311E-05 4.750E-05 4.115E-05 3.546E-05 3.055E-05 2.637E-05 2.281E-05 1.982E-05 1.727E-05 1.513E-05 1.328E-05 1.165E-05 9.131E-06 7.246E-06 4.238E-06 2.642E-06 1.665E-06 1.075E-06 4.434E-07 2.797E-07 3.592E-07 2.938E-07 2.580E-07 1.872E-07 1.399E-07 8.381E-08 5.548E-08 3.415E-08 1.840E-08 2.642E-08 2.156E-08 1.231E-08 6.468E-09 4.296E-09 4.867E-09 1.029E-08 9.558E-09 6.782E-09 4.785E-09 3.717E-09 3.101E-09 1.871E-09 1.353E-09 1.003E-09 1.031E-09 1.132E-09 1.223E-09 1.149E-09 1.182E-09 1.156E-09 1.194E-09 1.021E-09 9.059E-10 7.660E-10 5.918E-10 4.775E-10 3.148E-10 2.042E-10 1.508E-10 8.327E-11 5.090E-11
  1.200E+01  4.436E-05 4.038E-05 3.544E-05 3.083E-05 2.679E-05 2.329E-05 2.026E-05 1.770E-05 1.550E-05 1.364E-05 1.201E-05 1.057E-05 8.335E-06 6.650E-06 3.928E-06 2.468E-06 1.563E-06 1.013E-06 4.195E-07 2.698E-07 3.475E-07 2.839E-07 2.492E-07 1.808E-07 1.353E-07 8.123E-08 5.389E-08 3.321E-08 1.796E-08 2.584E-08 2.108E-08 1.205E-08 6.337E-09 4.210E-09 4.778E-09 1.012E-08 9.408E-09 6.674E-09 4.707E-09 3.657E-09 3.052E-09 1.843E-09 1.333E-09 9.889E-10 1.019E-09 1.119E-09 1.210E-09 1.137E-09 1.170E-09 1.144E-09 1.183E-09 1.011E-09 8.975E-10 7.591E-10 5.866E-10 4.734E-10 3.122E-10 2.025E-10 1.496E-10 8.264E-11 5.052E-11
  1.400E+01  3.732E-05 3.443E-05 3.053E-05 2.677E-05 2.343E-05 2.048E-05 1.791E-05 1.573E-05 1.383E-05 1.222E-05 1.080E-05 9.536E-06 7.561E-06 6.062E-06 3.616E-06 2.290E-06 1.457E-06 9.478E-07 3.946E-07 2.592E-07 3.347E-07 2.730E-07 2.395E-07 1.739E-07 1.302E-07 7.840E-08 5.213E-08 3.218E-08 1.747E-08 2.519E-08 2.054E-08 1.176E-08 6.190E-09 4.114E-09 4.676E-09 9.930E-09 9.237E-09 6.552E-09 4.618E-09 3.589E-09 2.995E-09 1.810E-09 1.310E-09 9.730E-10 1.004E-09 1.104E-09 1.194E-09 1.123E-09 1.156E-09 1.131E-09 1.170E-09 1.000E-09 8.878E-10 7.511E-10 5.806E-10 4.686E-10 3.091E-10 2.006E-10 1.482E-10 8.190E-11 5.008E-11
  1.600E+01  3.158E-05 2.944E-05 2.631E-05 2.322E-05 2.044E-05 1.797E-05 1.579E-05 1.392E-05 1.229E-05 1.090E-05 9.666E-06 8.558E-06 6.824E-06 5.498E-06 3.311E-06 2.114E-06 1.351E-06 8.826E-07 3.693E-07 2.481E-07 3.211E-07 2.614E-07 2.293E-07 1.665E-07 1.248E-07 7.539E-08 5.026E-08 3.107E-08 1.695E-08 2.448E-08 1.996E-08 1.144E-08 6.030E-09 4.010E-09 4.565E-09 9.718E-09 9.047E-09 6.416E-09 4.520E-09 3.513E-09 2.933E-09 1.774E-09 1.285E-09 9.554E-10 9.881E-10 1.087E-09 1.177E-09 1.107E-09 1.140E-09 1.116E-09 1.155E-09 9.878E-10 8.768E-10 7.421E-10 5.737E-10 4.631E-10 3.056E-10 1.984E-10 1.466E-10 8.105E-11 4.958E-11
  1.800E+01  2.684E-05 2.525E-05 2.268E-05 2.014E-05 1.782E-05 1.574E-05 1.388E-05 1.229E-05 1.089E-05 9.693E-06 8.620E-06 7.652E-06 6.134E-06 4.966E-06 3.019E-06 1.943E-06 1.248E-06 8.184E-07 3.443E-07 2.367E-07 3.070E-07 2.495E-07 2.188E-07 1.589E-07 1.193E-07 7.225E-08 4.829E-08 2.991E-08 1.639E-08 2.372E-08 1.933E-08 1.110E-08 5.859E-09 3.899E-09 4.446E-09 9.488E-09 8.841E-09 6.269E-09 4.414E-09 3.431E-09 2.865E-09 1.734E-09 1.257E-09 9.362E-10 9.704E-10 1.068E-09 1.158E-09 1.090E-09 1.122E-09 1.100E-09 1.138E-09 9.739E-10 8.645E-10 7.320E-10 5.661E-10 4.571E-10 3.018E-10 1.960E-10 1.448E-10 8.011E-11 4.902E-11
  2.000E+01  2.291E-05 2.169E-05 1.957E-05 1.746E-05 1.551E-05 1.376E-05 1.219E-05 1.083E-05 9.623E-06 8.596E-06 7.666E-06 6.822E-06 5.497E-06 4.471E-06 2.743E-06 1.779E-06 1.149E-06 7.563E-07 3.200E-07 2.251E-07 2.927E-07 2.373E-07 2.080E-07 1.512E-07 1.136E-07 6.903E-08 4.628E-08 2.872E-08 1.581E-08 2.293E-08 1.868E-08 1.075E-08 5.680E-09 3.782E-09 4.321E-09 9.243E-09 8.621E-09 6.113E-09 4.301E-09 3.344E-09 2.793E-09 1.692E-09 1.228E-09 9.156E-10 9.512E-10 1.048E-09 1.137E-09 1.071E-09 1.103E-09 1.082E-09 1.120E-09 9.587E-10 8.512E-10 7.210E-10 5.577E-10 4.504E-10 2.975E-10 1.933E-10 1.429E-10 7.907E-11 4.840E-11
  2.200E+01  1.962E-05 1.865E-05 1.690E-05 1.514E-05 1.350E-05 1.202E-05 1.068E-05 9.521E-06 8.490E-06 7.608E-06 6.804E-06 6.069E-06 4.915E-06 4.015E-06 2.486E-06 1.625E-06 1.054E-06 6.970E-07 2.966E-07 2.136E-07 2.782E-07 2.251E-07 1.973E-07 1.434E-07 1.079E-07 6.579E-08 4.423E-08 2.750E-08 1.522E-08 2.212E-08 1.801E-08 1.038E-08 5.494E-09 3.661E-09 4.190E-09 8.986E-09 8.389E-09 5.948E-09 4.183E-09 3.253E-09 2.718E-09 1.648E-09 1.197E-09 8.939E-10 9.308E-10 1.026E-09 1.115E-09 1.051E-09 1.082E-09 1.063E-09 1.101E-09 9.423E-10 8.367E-10 7.091E-10 5.487E-10 4.433E-10 2.929E-10 1.904E-10 1.408E-10 7.795E-11 4.774E-11
  2.400E+01  1.686E-05 1.606E-05 1.461E-05 1.312E-05 1.175E-05 1.050E-05 9.355E-06 8.366E-06 7.482E-06 6.725E-06 6.030E-06 5.390E-06 4.386E-06 3.599E-06 2.248E-06 1.480E-06 9.654E-07 6.409E-07 2.743E-07 2.023E-07 2.639E-07 2.130E-07 1.866E-07 1.357E-07 1.022E-07 6.256E-08 4.218E-08 2.628E-08 1.462E-08 2.129E-08 1.733E-08 1.001E-08 5.304E-09 3.537E-09 4.055E-09 8.719E-09 8.148E-09 5.776E-09 4.060E-09 3.158E-09 2.639E-09 1.603E-09 1.165E-09 8.711E-10 9.094E-10 1.003E-09 1.092E-09 1.030E-09 1.061E-09 1.042E-09 1.080E-09 9.249E-10 8.214E-10 6.964E-10 5.391E-10 4.356E-10 2.880E-10 1.873E-10 1.385E-10 7.675E-11 4.702E-11
  2.600E+01  1.453E-05 1.386E-05 1.264E-05 1.138E-05 1.023E-05 9.162E-06 8.190E-06 7.347E-06 6.589E-06 5.939E-06 5.339E-06 4.783E-06 3.910E-06 3.222E-06 2.030E-06 1.347E-06 8.825E-07 5.883E-07 2.534E-07 1.912E-07 2.497E-07 2.012E-07 1.761E-07 1.282E-07 9.669E-08 5.937E-08 4.015E-08 2.507E-08 1.402E-08 2.045E-08 1.664E-08 9.626E-09 5.111E-09 3.411E-09 3.918E-09 8.444E-09 7.899E-09 5.600E-09 3.934E-09 3.061E-09 2.559E-09 1.555E-09 1.132E-09 8.476E-10 8.871E-10 9.795E-10 1.067E-09 1.007E-09 1.038E-09 1.021E-09 1.058E-09 9.065E-10 8.052E-10 6.830E-10 5.289E-10 4.275E-10 2.828E-10 1.840E-10 1.361E-10 7.547E-11 4.626E-11
  2.800E+01  1.255E-05 1.198E-05 1.095E-05 9.880E-06 8.903E-06 8.000E-06 7.171E-06 6.451E-06 5.801E-06 5.242E-06 4.724E-06 4.241E-06 3.482E-06 2.881E-06 1.831E-06 1.224E-06 8.057E-07 5.393E-07 2.337E-07 1.804E-07 2.359E-07 1.896E-07 1.660E-07 1.208E-07 9.127E-08 5.624E-08 3.814E-08 2.387E-08 1.342E-08 1.961E-08 1.595E-08 9.245E-09 4.918E-09 3.284E-09 3.779E-09 8.164E-09 7.645E-09 5.420E-09 3.805E-09 2.961E-09 2.476E-09 1.507E-09 1.098E-09 8.234E-10 8.640E-10 9.548E-10 1.042E-09 9.841E-10 1.014E-09 9.984E-10 1.036E-09 8.872E-10 7.882E-10 6.690E-10 5.182E-10 4.190E-10 2.774E-10 1.805E-10 1.336E-10 7.412E-11 4.545E-11
  3.000E+01  1.086E-05 1.038E-05 9.493E-06 8.587E-06 7.757E-06 6.991E-06 6.281E-06 5.665E-06 5.107E-06 4.628E-06 4.180E-06 3.760E-06 3.101E-06 2.576E-06 1.650E-06 1.111E-06 7.348E-07 4.939E-07 2.154E-07 1.700E-07 2.225E-07 1.784E-07 1.561E-07 1.137E-07 8.602E-08 5.319E-08 3.618E-08 2.269E-08 1.282E-08 1.877E-08 1.526E-08 8.865E-09 4.724E-09 3.158E-09 3.639E-09 7.881E-09 7.387E-09 5.237E-09 3.675E-09 2.861E-09 2.393E-09 1.458E-09 1.064E-09 7.987E-10 8.403E-10 9.295E-10 1.015E-09 9.600E-10 9.895E-10 9.751E-10 1.012E-09 8.672E-10 7.706E-10 6.543E-10 5.071E-10 4.102E-10 2.717E-10 1.769E-10 1.310E-10 7.271E-11 4.461E-11
  3.200E+01  9.415E-06 9.000E-06 8.242E-06 7.473E-06 6.766E-06 6.113E-06 5.506E-06 4.978E-06 4.498E-06 4.086E-06 3.699E-06 3.334E-06 2.761E-06 2.302E-06 1.486E-06 1.008E-06 6.698E-07 4.520E-07 1.983E-07 1.600E-07 2.095E-07 1.676E-07 1.466E-07 1.069E-07 8.097E-08 5.024E-08 3.428E-08 2.154E-08 1.224E-08 1.794E-08 1.458E-08 8.489E-09 4.532E-09 3.032E-09 3.500E-09 7.595E-09 7.127E-09 5.053E-09 3.544E-09 2.760E-09 2.310E-09 1.409E-09 1.029E-09 7.737E-10 8.161E-10 9.036E-10 9.885E-10 9.353E-10 9.643E-10 9.511E-10 9.875E-10 8.466E-10 7.524E-10 6.393E-10 4.956E-10 4.010E-10 2.658E-10 1.732E-10 1.282E-10 7.125E-11 4.374E-11
  3.400E+01  8.186E-06 7.816E-06 7.169E-06 6.511E-06 5.910E-06 5.350E-06 4.830E-06 4.377E-06 3.965E-06 3.610E-06 3.275E-06 2.957E-06 2.459E-06 2.058E-06 1.339E-06 9.138E-07 6.102E-07 4.134E-07 1.826E-07 1.504E-07 1.970E-07 1.573E-07 1.375E-07 1.003E-07 7.612E-08 4.740E-08 3.243E-08 2.043E-08 1.167E-08 1.713E-08 1.391E-08 8.118E-09 4.342E-09 2.907E-09 3.362E-09 7.311E-09 6.867E-09 4.869E-09 3.414E-09 2.659E-09 2.226E-09 1.360E-09 9.943E-10 7.486E-10 7.917E-10 8.774E-10 9.610E-10 9.101E-10 9.385E-10 9.266E-10 9.625E-10 8.254E-10 7.337E-10 6.238E-10 4.838E-10 3.916E-10 2.597E-10 1.693E-10 1.254E-10 6.974E-11 4.284E-11
  3.600E+01  7.136E-06 6.803E-06 6.250E-06 5.681E-06 5.169E-06 4.688E-06 4.242E-06 3.854E-06 3.498E-06 3.192E-06 2.902E-06 2.624E-06 2.191E-06 1.840E-06 1.206E-06 8.286E-07 5.559E-07 3.781E-07 1.680E-07 1.412E-07 1.851E-07 1.474E-07 1.289E-07 9.407E-08 7.148E-08 4.467E-08 3.065E-08 1.935E-08 1.111E-08 1.633E-08 1.326E-08 7.754E-09 4.155E-09 2.785E-09 3.225E-09 7.027E-09 6.608E-09 4.686E-09 3.284E-09 2.559E-09 2.143E-09 1.311E-09 9.594E-10 7.234E-10 7.671E-10 8.509E-10 9.333E-10 8.845E-10 9.124E-10 9.016E-10 9.371E-10 8.039E-10 7.147E-10 6.080E-10 4.717E-10 3.820E-10 2.535E-10 1.654E-10 1.226E-10 6.819E-11 4.191E-11
  3.800E+01  6.234E-06 5.935E-06 5.458E-06 4.966E-06 4.527E-06 4.114E-06 3.730E-06 3.397E-06 3.089E-06 2.825E-06 2.574E-06 2.331E-06 1.953E-06 1.646E-06 1.087E-06 7.514E-07 5.063E-07 3.457E-07 1.545E-07 1.325E-07 1.737E-07 1.381E-07 1.207E-07 8.814E-08 6.707E-08 4.206E-08 2.894E-08 1.831E-08 1.056E-08 1.555E-08 1.263E-08 7.398E-09 3.972E-09 2.665E-09 3.090E-09 6.747E-09 6.351E-09 4.504E-09 3.155E-09 2.460E-09 2.060E-09 1.262E-09 9.248E-10 6.983E-10 7.424E-10 8.242E-10 9.053E-10 8.587E-10 8.860E-10 8.764E-10 9.113E-10 7.821E-10 6.955E-10 5.919E-10 4.595E-10 3.722E-10 2.472E-10 1.614E-10 1.196E-10 6.661E-11 4.096E-11
  4.000E+01  5.456E-06 5.191E-06 4.774E-06 4.350E-06 3.972E-06 3.617E-06 3.285E-06 2.997E-06 2.732E-06 2.504E-06 2.285E-06 2.073E-06 1.743E-06 1.474E-06 9.798E-07 6.816E-07 4.612E-07 3.161E-07 1.422E-07 1.243E-07 1.629E-07 1.292E-07 1.129E-07 8.253E-08 6.289E-08 3.957E-08 2.730E-08 1.731E-08 1.004E-08 1.480E-08 1.201E-08 7.052E-09 3.794E-09 2.547E-09 2.959E-09 6.471E-09 6.097E-09 4.325E-09 3.029E-09 2.362E-09 1.979E-09 1.214E-09 8.905E-10 6.734E-10 7.178E-10 7.977E-10 8.774E-10 8.328E-10 8.596E-10 8.510E-10 8.854E-10 7.600E-10 6.760E-10 5.757E-10 4.471E-10 3.623E-10 2.408E-10 1.573E-10 1.166E-10 6.501E-11 4.000E-11
  4.200E+01  4.785E-06 4.550E-06 4.183E-06 3.819E-06 3.492E-06 3.186E-06 2.899E-06 2.649E-06 2.419E-06 2.221E-06 2.031E-06 1.845E-06 1.557E-06 1.321E-06 8.838E-07 6.185E-07 4.203E-07 2.891E-07 1.308E-07 1.165E-07 1.526E-07 1.208E-07 1.056E-07 7.722E-08 5.893E-08 3.720E-08 2.574E-08 1.636E-08 9.531E-09 1.407E-08 1.142E-08 6.717E-09 3.620E-09 2.433E-09 2.830E-09 6.199E-09 5.847E-09 4.149E-09 2.904E-09 2.266E-09 1.899E-09 1.166E-09 8.567E-10 6.488E-10 6.934E-10 7.712E-10 8.494E-10 8.070E-10 8.331E-10 8.256E-10 8.593E-10 7.380E-10 6.565E-10 5.594E-10 4.346E-10 3.523E-10 2.343E-10 1.532E-10 1.136E-10 6.339E-11 3.903E-11
  4.400E+01  4.209E-06 3.996E-06 3.676E-06 3.358E-06 3.076E-06 2.810E-06 2.561E-06 2.345E-06 2.146E-06 1.974E-06 1.807E-06 1.645E-06 1.392E-06 1.184E-06 7.978E-07 5.615E-07 3.831E-07 2.645E-07 1.204E-07 1.091E-07 1.429E-07 1.129E-07 9.865E-08 7.223E-08 5.520E-08 3.496E-08 2.425E-08 1.545E-08 9.044E-09 1.336E-08 1.084E-08 6.392E-09 3.452E-09 2.322E-09 2.705E-09 5.934E-09 5.603E-09 3.976E-09 2.783E-09 2.172E-09 1.821E-09 1.120E-09 8.235E-10 6.246E-10 6.692E-10 7.450E-10 8.217E-10 7.813E-10 8.068E-10 8.003E-10 8.334E-10 7.159E-10 6.371E-10 5.431E-10 4.221E-10 3.424E-10 2.278E-10 1.490E-10 1.106E-10 6.176E-11 3.806E-11
  4.600E+01  3.713E-06 3.517E-06 3.238E-06 2.959E-06 2.715E-06 2.484E-06 2.267E-06 2.080E-06 1.906E-06 1.756E-06 1.611E-06 1.468E-06 1.246E-06 1.063E-06 7.207E-07 5.100E-07 3.494E-07 2.420E-07 1.108E-07 1.022E-07 1.338E-07 1.055E-07 9.215E-08 6.753E-08 5.168E-08 3.283E-08 2.284E-08 1.458E-08 8.577E-09 1.268E-08 1.029E-08 6.079E-09 3.290E-09 2.215E-09 2.583E-09 5.676E-09 5.364E-09 3.808E-09 2.664E-09 2.080E-09 1.745E-09 1.075E-09 7.911E-10 6.008E-10 6.455E-10 7.192E-10 7.943E-10 7.558E-10 7.808E-10 7.751E-10 8.076E-10 6.940E-10 6.177E-10 5.269E-10 4.097E-10 3.324E-10 2.214E-10 1.449E-10 1.076E-10 6.013E-11 3.708E-11
  4.800E+01  3.281E-06 3.104E-06 2.859E-06 2.614E-06 2.401E-06 2.200E-06 2.011E-06 1.848E-06 1.696E-06 1.565E-06 1.438E-06 1.312E-06 1.117E-06 9.559E-07 6.517E-07 4.636E-07 3.188E-07 2.216E-07 1.020E-07 9.568E-08 1.252E-07 9.855E-08 8.606E-08 6.312E-08 4.837E-08 3.083E-08 2.150E-08 1.376E-08 8.130E-09 1.203E-08 9.759E-09 5.779E-09 3.133E-09 2.112E-09 2.466E-09 5.425E-09 5.132E-09 3.644E-09 2.549E-09 1.991E-09 1.671E-09 1.031E-09 7.594E-10 5.777E-10 6.222E-10 6.939E-10 7.674E-10 7.308E-10 7.551E-10 7.503E-10 7.820E-10 6.723E-10 5.985E-10 5.108E-10 3.974E-10 3.225E-10 2.150E-10 1.408E-10 1.046E-10 5.851E-11 3.611E-11
  5.000E+01  2.906E-06 2.747E-06 2.528E-06 2.315E-06 2.129E-06 1.953E-06 1.788E-06 1.645E-06 1.512E-06 1.398E-06 1.286E-06 1.175E-06 1.003E-06 8.604E-07 5.899E-07 4.217E-07 2.911E-07 2.030E-07 9.393E-08 8.958E-08 1.171E-07 9.203E-08 8.036E-08 5.898E-08 4.526E-08 2.894E-08 2.024E-08 1.297E-08 7.704E-09 1.141E-08 9.253E-09 5.491E-09 2.983E-09 2.013E-09 2.353E-09 5.183E-09 4.907E-09 3.486E-09 2.438E-09 1.905E-09 1.600E-09 9.877E-10 7.287E-10 5.551E-10 5.994E-10 6.691E-10 7.409E-10 7.061E-10 7.298E-10 7.258E-10 7.569E-10 6.508E-10 5.795E-10 4.949E-10 3.852E-10 3.128E-10 2.086E-10 1.368E-10 1.016E-10 5.690E-11 3.514E-11
  5.200E+01  2.580E-06 2.436E-06 2.242E-06 2.055E-06 1.892E-06 1.737E-06 1.592E-06 1.467E-06 1.350E-06 1.250E-06 1.151E-06 1.053E-06 9.016E-07 7.754E-07 5.345E-07 3.840E-07 2.660E-07 1.861E-07 8.657E-08 8.387E-08 1.095E-07 8.594E-08 7.503E-08 5.512E-08 4.236E-08 2.717E-08 1.905E-08 1.224E-08 7.298E-09 1.082E-08 8.771E-09 5.216E-09 2.839E-09 1.918E-09 2.245E-09 4.948E-09 4.690E-09 3.333E-09 2.330E-09 1.822E-09 1.531E-09 9.464E-10 6.990E-10 5.332E-10 5.773E-10 6.449E-10 7.151E-10 6.821E-10 7.052E-10 7.018E-10 7.322E-10 6.298E-10 5.609E-10 4.792E-10 3.732E-10 3.032E-10 2.024E-10 1.328E-10 9.872E-11 5.532E-11 3.419E-11
  5.400E+01  2.299E-06 2.165E-06 1.994E-06 1.828E-06 1.685E-06 1.548E-06 1.421E-06 1.311E-06 1.208E-06 1.120E-06 1.033E-06 9.457E-07 8.117E-07 6.997E-07 4.848E-07 3.499E-07 2.432E-07 1.707E-07 7.982E-08 7.854E-08 1.024E-07 8.025E-08 7.006E-08 5.151E-08 3.964E-08 2.550E-08 1.792E-08 1.154E-08 6.914E-09 1.026E-08 8.312E-09 4.954E-09 2.702E-09 1.827E-09 2.141E-09 4.723E-09 4.481E-09 3.186E-09 2.227E-09 1.742E-09 1.464E-09 9.065E-10 6.704E-10 5.121E-10 5.558E-10 6.215E-10 6.900E-10 6.586E-10 6.811E-10 6.784E-10 7.080E-10 6.093E-10 5.428E-10 4.639E-10 3.615E-10 2.938E-10 1.963E-10 1.288E-10 9.585E-11 5.376E-11 3.325E-11
  5.600E+01  2.054E-06 1.931E-06 1.779E-06 1.630E-06 1.503E-06 1.383E-06 1.271E-06 1.174E-06 1.083E-06 1.005E-06 9.283E-07 8.509E-07 7.320E-07 6.324E-07 4.403E-07 3.192E-07 2.226E-07 1.567E-07 7.366E-08 7.356E-08 9.581E-08 7.494E-08 6.542E-08 4.815E-08 3.710E-08 2.394E-08 1.687E-08 1.088E-08 6.550E-09 9.720E-09 7.877E-09 4.705E-09 2.571E-09 1.740E-09 2.042E-09 4.507E-09 4.280E-09 3.044E-09 2.128E-09 1.665E-09 1.400E-09 8.683E-10 6.428E-10 4.918E-10 5.351E-10 5.988E-10 6.657E-10 6.359E-10 6.578E-10 6.557E-10 6.846E-10 5.893E-10 5.251E-10 4.490E-10 3.500E-10 2.846E-10 1.903E-10 1.250E-10 9.304E-11 5.224E-11 3.234E-11
  5.800E+01  1.839E-06 1.727E-06 1.590E-06 1.457E-06 1.345E-06 1.239E-06 1.139E-06 1.053E-06 9.729E-07 9.041E-07 8.358E-07 7.669E-07 6.612E-07 5.725E-07 4.004E-07 2.915E-07 2.040E-07 1.440E-07 6.803E-08 6.893E-08 8.963E-08 7.001E-08 6.112E-08 4.502E-08 3.474E-08 2.248E-08 1.588E-08 1.027E-08 6.206E-09 9.213E-09 7.466E-09 4.468E-09 2.447E-09 1.658E-09 1.947E-09 4.301E-09 4.087E-09 2.909E-09 2.034E-09 1.592E-09 1.339E-09 8.317E-10 6.164E-10 4.723E-10 5.152E-10 5.770E-10 6.423E-10 6.140E-10 6.353E-10 6.337E-10 6.618E-10 5.699E-10 5.079E-10 4.345E-10 3.389E-10 2.757E-10 1.845E-10 1.213E-10 9.031E-11 5.076E-11 3.145E-11
  6.000E+01  1.649E-06 1.549E-06 1.424E-06 1.307E-06 1.206E-06 1.112E-06 1.024E-06 9.472E-07 8.759E-07 8.149E-07 7.540E-07 6.925E-07 5.983E-07 5.190E-07 3.646E-07 2.666E-07 1.871E-07 1.325E-07 6.288E-08 6.462E-08 8.387E-08 6.542E-08 5.712E-08 4.212E-08 3.254E-08 2.112E-08 1.495E-08 9.687E-09 5.882E-09 8.735E-09 7.077E-09 4.245E-09 2.330E-09 1.580E-09 1.858E-09 4.105E-09 3.904E-09 2.780E-09 1.944E-09 1.522E-09 1.281E-09 7.968E-10 5.913E-10 4.537E-10 4.961E-10 5.561E-10 6.198E-10 5.929E-10 6.137E-10 6.125E-10 6.399E-10 5.512E-10 4.913E-10 4.205E-10 3.282E-10 2.670E-10 1.788E-10 1.177E-10 8.766E-11 4.932E-11 3.059E-11
  6.200E+01  1.484E-06 1.391E-06 1.279E-06 1.175E-06 1.085E-06 1.001E-06 9.218E-07 8.538E-07 7.903E-07 7.360E-07 6.817E-07 6.265E-07 5.423E-07 4.713E-07 3.325E-07 2.441E-07 1.718E-07 1.220E-07 5.819E-08 6.063E-08 7.852E-08 6.117E-08 5.341E-08 3.942E-08 3.049E-08 1.985E-08 1.408E-08 9.145E-09 5.578E-09 8.284E-09 6.711E-09 4.034E-09 2.219E-09 1.507E-09 1.773E-09 3.918E-09 3.729E-09 2.658E-09 1.858E-09 1.456E-09 1.226E-09 7.637E-10 5.674E-10 4.360E-10 4.779E-10 5.362E-10 5.982E-10 5.728E-10 5.929E-10 5.922E-10 6.188E-10 5.332E-10 4.754E-10 4.071E-10 3.178E-10 2.587E-10 1.734E-10 1.142E-10 8.512E-11 4.794E-11 2.976E-11
  6.400E+01  1.339E-06 1.253E-06 1.153E-06 1.058E-06 9.788E-07 9.026E-07 8.320E-07 7.714E-07 7.147E-07 6.662E-07 6.175E-07 5.679E-07 4.925E-07 4.288E-07 3.038E-07 2.238E-07 1.580E-07 1.124E-07 5.390E-08 5.693E-08 7.356E-08 5.723E-08 4.997E-08 3.692E-08 2.860E-08 1.867E-08 1.328E-08 8.640E-09 5.293E-09 7.861E-09 6.368E-09 3.836E-09 2.115E-09 1.438E-09 1.693E-09 3.741E-09 3.564E-09 2.542E-09 1.777E-09 1.394E-09 1.174E-09 7.323E-10 5.447E-10 4.192E-10 4.607E-10 5.172E-10 5.778E-10 5.536E-10 5.732E-10 5.728E-10 5.987E-10 5.160E-10 4.602E-10 3.942E-10 3.079E-10 2.508E-10 1.683E-10 1.109E-10 8.268E-11 4.662E-11 2.897E-11
  6.600E+01  1.212E-06 1.133E-06 1.042E-06 9.562E-07 8.844E-07 8.163E-07 7.529E-07 6.986E-07 6.476E-07 6.042E-07 5.605E-07 5.159E-07 4.482E-07 3.909E-07 2.779E-07 2.055E-07 1.455E-07 1.038E-07 5.000E-08 5.350E-08 6.895E-08 5.359E-08 4.679E-08 3.461E-08 2.684E-08 1.757E-08 1.253E-08 8.170E-09 5.027E-09 7.465E-09 6.047E-09 3.651E-09 2.017E-09 1.373E-09 1.618E-09 3.574E-09 3.408E-09 2.432E-09 1.701E-09 1.335E-09 1.125E-09 7.028E-10 5.233E-10 4.034E-10 4.443E-10 4.993E-10 5.584E-10 5.353E-10 5.545E-10 5.544E-10 5.796E-10 4.997E-10 4.457E-10 3.820E-10 2.985E-10 2.432E-10 1.633E-10 1.077E-10 8.036E-11 4.537E-11 2.821E-11
  6.800E+01  1.100E-06 1.027E-06 9.441E-07 8.666E-07 8.015E-07 7.402E-07 6.830E-07 6.341E-07 5.883E-07 5.493E-07 5.099E-07 4.697E-07 4.086E-07 3.569E-07 2.547E-07 1.889E-07 1.341E-07 9.599E-08 4.645E-08 5.034E-08 6.469E-08 5.022E-08 4.386E-08 3.247E-08 2.522E-08 1.656E-08 1.183E-08 7.732E-09 4.779E-09 7.094E-09 5.746E-09 3.478E-09 1.925E-09 1.312E-09 1.547E-09 3.417E-09 3.261E-09 2.330E-09 1.629E-09 1.279E-09 1.079E-09 6.750E-10 5.033E-10 3.885E-10 4.290E-10 4.824E-10 5.401E-10 5.182E-10 5.369E-10 5.370E-10 5.615E-10 4.842E-10 4.321E-10 3.703E-10 2.896E-10 2.361E-10 1.586E-10 1.047E-10 7.817E-11 4.418E-11 2.750E-11
  7.000E+01  1.001E-06 9.339E-07 8.580E-07 7.874E-07 7.286E-07 6.730E-07 6.212E-07 5.771E-07 5.357E-07 5.005E-07 4.650E-07 4.286E-07 3.734E-07 3.266E-07 2.339E-07 1.741E-07 1.239E-07 8.889E-08 4.322E-08 4.743E-08 6.076E-08 4.712E-08 4.116E-08 3.051E-08 2.373E-08 1.562E-08 1.119E-08 7.327E-09 4.548E-09 6.750E-09 5.467E-09 3.316E-09 1.840E-09 1.256E-09 1.482E-09 3.270E-09 3.123E-09 2.233E-09 1.562E-09 1.227E-09 1.036E-09 6.490E-10 4.845E-10 3.746E-10 4.146E-10 4.666E-10 5.229E-10 5.021E-10 5.203E-10 5.206E-10 5.445E-10 4.697E-10 4.192E-10 3.594E-10 2.812E-10 2.293E-10 1.542E-10 1.019E-10 7.611E-11 4.306E-11 2.683E-11
  7.200E+01  9.139E-07 8.513E-07 7.823E-07 7.173E-07 6.639E-07 6.134E-07 5.665E-07 5.266E-07 4.890E-07 4.572E-07 4.251E-07 3.919E-07 3.420E-07 2.995E-07 2.152E-07 1.607E-07 1.147E-07 8.246E-08 4.028E-08 4.475E-08 5.713E-08 4.427E-08 3.867E-08 2.870E-08 2.235E-08 1.476E-08 1.059E-08 6.953E-09 4.335E-09 6.430E-09 5.208E-09 3.166E-09 1.761E-09 1.203E-09 1.421E-09 3.133E-09 2.994E-09 2.143E-09 1.500E-09 1.179E-09 9.956E-10 6.249E-10 4.671E-10 3.616E-10 4.013E-10 4.519E-10 5.070E-10 4.871E-10 5.049E-10 5.054E-10 5.286E-10 4.561E-10 4.072E-10 3.492E-10 2.733E-10 2.230E-10 1.501E-10 9.926E-11 7.418E-11 4.202E-11 2.621E-11
  7.400E+01  8.366E-07 7.788E-07 7.151E-07 6.555E-07 6.068E-07 5.608E-07 5.180E-07 4.817E-07 4.476E-07 4.187E-07 3.895E-07 3.593E-07 3.139E-07 2.753E-07 1.984E-07 1.486E-07 1.063E-07 7.665E-08 3.762E-08 4.229E-08 5.379E-08 4.164E-08 3.639E-08 2.704E-08 2.109E-08 1.396E-08 1.004E-08 6.608E-09 4.139E-09 6.134E-09 4.968E-09 3.028E-09 1.688E-09 1.155E-09 1.364E-09 3.006E-09 2.875E-09 2.060E-09 1.442E-09 1.134E-09 9.584E-10 6.025E-10 4.509E-10 3.497E-10 3.889E-10 4.383E-10 4.922E-10 4.732E-10 4.907E-10 4.913E-10 5.138E-10 4.435E-10 3.960E-10 3.397E-10 2.660E-10 2.172E-10 1.463E-10 9.682E-11 7.240E-11 4.106E-11 2.564E-11
  7.600E+01  7.674E-07 7.146E-07 6.553E-07 6.011E-07 5.564E-07 5.142E-07 4.751E-07 4.419E-07 4.108E-07 3.845E-07 3.578E-07 3.302E-07 2.888E-07 2.536E-07 1.833E-07 1.377E-07 9.878E-08 7.139E-08 3.520E-08 4.004E-08 5.072E-08 3.924E-08 3.430E-08 2.551E-08 1.993E-08 1.323E-08 9.541E-09 6.292E-09 3.958E-09 5.861E-09 4.748E-09 2.900E-09 1.621E-09 1.110E-09 1.312E-09 2.888E-09 2.764E-09 1.983E-09 1.389E-09 1.093E-09 9.241E-10 5.820E-10 4.361E-10 3.387E-10 3.776E-10 4.258E-10 4.787E-10 4.605E-10 4.776E-10 4.783E-10 5.002E-10 4.319E-10 3.857E-10 3.309E-10 2.593E-10 2.118E-10 1.428E-10 9.459E-11 7.077E-11 4.019E-11 2.512E-11
  7.800E+01  7.064E-07 6.572E-07 6.027E-07 5.530E-07 5.118E-07 4.727E-07 4.369E-07 4.065E-07 3.781E-07 3.540E-07 3.296E-07 3.043E-07 2.664E-07 2.342E-07 1.698E-07 1.279E-07 9.198E-08 6.664E-08 3.302E-08 3.799E-08 4.790E-08 3.704E-08 3.239E-08 2.412E-08 1.887E-08 1.256E-08 9.081E-09 6.002E-09 3.792E-09 5.610E-09 4.545E-09 2.783E-09 1.559E-09 1.069E-09 1.265E-09 2.779E-09 2.662E-09 1.912E-09 1.340E-09 1.055E-09 8.927E-10 5.632E-10 4.225E-10 3.287E-10 3.673E-10 4.144E-10 4.664E-10 4.489E-10 4.657E-10 4.664E-10 4.879E-10 4.213E-10 3.764E-10 3.230E-10 2.532E-10 2.069E-10 1.397E-10 9.256E-11 6.930E-11 3.940E-11 2.465E-11
  8.000E+01  6.529E-07 6.066E-07 5.564E-07 5.099E-07 4.719E-07 4.360E-07 4.030E-07 3.750E-07 3.489E-07 3.268E-07 3.044E-07 2.812E-07 2.464E-07 2.169E-07 1.576E-07 1.191E-07 8.586E-08 6.236E-08 3.104E-08 3.611E-08 4.533E-08 3.504E-08 3.064E-08 2.286E-08 1.791E-08 1.196E-08 8.661E-09 5.738E-09 3.642E-09 5.382E-09 4.360E-09 2.677E-09 1.503E-09 1.032E-09 1.222E-09 2.680E-09 2.568E-09 1.847E-09 1.295E-09 1.021E-09 8.642E-10 5.461E-10 4.102E-10 3.196E-10 3.579E-10 4.042E-10 4.553E-10 4.385E-10 4.550E-10 4.558E-10 4.767E-10 4.117E-10 3.679E-10 3.158E-10 2.477E-10 2.025E-10 1.368E-10 9.075E-11 6.798E-11 3.870E-11 2.424E-11
  8.200E+01  6.055E-07 5.623E-07 5.153E-07 4.715E-07 4.362E-07 4.034E-07 3.728E-07 3.471E-07 3.228E-07 3.026E-07 2.819E-07 2.606E-07 2.286E-07 2.014E-07 1.468E-07 1.112E-07 8.035E-08 5.850E-08 2.927E-08 3.441E-08 4.298E-08 3.321E-08 2.906E-08 2.171E-08 1.703E-08 1.140E-08 8.280E-09 5.498E-09 3.505E-09 5.174E-09 4.192E-09 2.580E-09 1.453E-09 9.990E-10 1.183E-09 2.590E-09 2.483E-09 1.789E-09 1.255E-09 9.900E-10 8.384E-10 5.307E-10 3.992E-10 3.115E-10 3.496E-10 3.950E-10 4.454E-10 4.292E-10 4.455E-10 4.463E-10 4.667E-10 4.032E-10 3.604E-10 3.093E-10 2.428E-10 1.986E-10 1.343E-10 8.915E-11 6.682E-11 3.809E-11 2.388E-11
  8.400E+01  5.628E-07 5.230E-07 4.785E-07 4.377E-07 4.048E-07 3.744E-07 3.459E-07 3.221E-07 2.997E-07 2.810E-07 2.619E-07 2.422E-07 2.126E-07 1.875E-07 1.370E-07 1.040E-07 7.540E-08 5.504E-08 2.767E-08 3.288E-08 4.085E-08 3.155E-08 2.762E-08 2.066E-08 1.624E-08 1.091E-08 7.935E-09 5.282E-09 3.382E-09 4.986E-09 4.041E-09 2.493E-09 1.407E-09 9.691E-10 1.147E-09 2.508E-09 2.407E-09 1.736E-09 1.218E-09 9.621E-10 8.153E-10 5.170E-10 3.894E-10 3.042E-10 3.423E-10 3.870E-10 4.367E-10 4.211E-10 4.371E-10 4.379E-10 4.579E-10 3.957E-10 3.538E-10 3.037E-10 2.385E-10 1.951E-10 1.321E-10 8.777E-11 6.582E-11 3.756E-11 2.358E-11
  8.600E+01  5.246E-07 4.874E-07 4.458E-07 4.079E-07 3.772E-07 3.486E-07 3.221E-07 3.000E-07 2.792E-07 2.618E-07 2.441E-07 2.257E-07 1.984E-07 1.751E-07 1.283E-07 9.766E-08 7.096E-08 5.192E-08 2.623E-08 3.149E-08 3.891E-08 3.005E-08 2.632E-08 1.972E-08 1.552E-08 1.046E-08 7.625E-09 5.088E-09 3.272E-09 4.816E-09 3.904E-09 2.415E-09 1.366E-09 9.425E-10 1.116E-09 2.435E-09 2.338E-09 1.689E-09 1.186E-09 9.373E-10 7.948E-10 5.049E-10 3.807E-10 2.979E-10 3.359E-10 3.800E-10 4.292E-10 4.141E-10 4.300E-10 4.307E-10 4.503E-10 3.892E-10 3.481E-10 2.988E-10 2.348E-10 1.922E-10 1.302E-10 8.661E-11 6.499E-11 3.714E-11 2.334E-11
  8.800E+01  4.908E-07 4.557E-07 4.169E-07 3.813E-07 3.525E-07 3.256E-07 3.009E-07 2.802E-07 2.609E-07 2.447E-07 2.282E-07 2.111E-07 1.856E-07 1.640E-07 1.204E-07 9.195E-08 6.698E-08 4.913E-08 2.495E-08 3.024E-08 3.716E-08 2.870E-08 2.515E-08 1.888E-08 1.488E-08 1.005E-08 7.348E-09 4.915E-09 3.175E-09 4.666E-09 3.783E-09 2.346E-09 1.331E-09 9.191E-10 1.089E-09 2.370E-09 2.277E-09 1.647E-09 1.158E-09 9.156E-10 7.769E-10 4.944E-10 3.733E-10 2.925E-10 3.305E-10 3.741E-10 4.229E-10 4.082E-10 4.240E-10 4.247E-10 4.440E-10 3.838E-10 3.433E-10 2.947E-10 2.317E-10 1.898E-10 1.287E-10 8.567E-11 6.432E-11 3.680E-11 2.315E-11
  9.000E+01  4.607E-07 4.278E-07 3.912E-07 3.576E-07 3.304E-07 3.052E-07 2.820E-07 2.626E-07 2.445E-07 2.294E-07 2.140E-07 1.980E-07 1.743E-07 1.541E-07 1.135E-07 8.684E-08 6.342E-08 4.664E-08 2.380E-08 2.913E-08 3.559E-08 2.749E-08 2.410E-08 1.812E-08 1.431E-08 9.693E-09 7.101E-09 4.761E-09 3.089E-09 4.532E-09 3.676E-09 2.285E-09 1.300E-09 8.989E-10 1.065E-09 2.313E-09 2.223E-09 1.611E-09 1.133E-09 8.969E-10 7.614E-10 4.854E-10 3.669E-10 2.880E-10 3.261E-10 3.693E-10 4.177E-10 4.035E-10 4.191E-10 4.198E-10 4.388E-10 3.794E-10 3.395E-10 2.914E-10 2.293E-10 1.878E-10 1.275E-10 8.494E-11 6.381E-11 3.656E-11 2.302E-11
  9.200E+01  4.338E-07 4.032E-07 3.683E-07 3.366E-07 3.109E-07 2.871E-07 2.653E-07 2.470E-07 2.300E-07 2.158E-07 2.014E-07 1.864E-07 1.642E-07 1.453E-07 1.072E-07 8.229E-08 6.025E-08 4.442E-08 2.279E-08 2.813E-08 3.417E-08 2.640E-08 2.317E-08 1.745E-08 1.380E-08 9.376E-09 6.883E-09 4.627E-09 3.014E-09 4.415E-09 3.582E-09 2.232E-09 1.273E-09 8.816E-10 1.045E-09 2.263E-09 2.177E-09 1.580E-09 1.112E-09 8.809E-10 7.484E-10 4.779E-10 3.617E-10 2.842E-10 3.225E-10 3.654E-10 4.137E-10 3.998E-10 4.154E-10 4.160E-10 4.347E-10 3.760E-10 3.365E-10 2.889E-10 2.274E-10 1.864E-10 1.267E-10 8.444E-11 6.347E-11 3.640E-11 2.295E-11
  9.400E+01  4.099E-07 3.815E-07 3.480E-07 3.180E-07 2.936E-07 2.711E-07 2.504E-07 2.331E-07 2.171E-07 2.038E-07 1.902E-07 1.760E-07 1.552E-07 1.375E-07 1.017E-07 7.823E-08 5.743E-08 4.246E-08 2.189E-08 2.726E-08 3.291E-08 2.544E-08 2.233E-08 1.685E-08 1.335E-08 9.097E-09 6.693E-09 4.510E-09 2.949E-09 4.314E-09 3.501E-09 2.187E-09 1.250E-09 8.671E-10 1.028E-09 2.221E-09 2.137E-09 1.554E-09 1.094E-09 8.677E-10 7.376E-10 4.718E-10 3.575E-10 2.813E-10 3.198E-10 3.626E-10 4.107E-10 3.972E-10 4.127E-10 4.133E-10 4.318E-10 3.736E-10 3.344E-10 2.871E-10 2.261E-10 1.854E-10 1.261E-10 8.414E-11 6.328E-11 3.634E-11 2.294E-11
  9.600E+01  3.889E-07 3.625E-07 3.300E-07 3.015E-07 2.780E-07 2.569E-07 2.372E-07 2.208E-07 2.056E-07 1.930E-07 1.802E-07 1.669E-07 1.472E-07 1.305E-07 9.677E-08 7.463E-08 5.494E-08 4.072E-08 2.110E-08 2.649E-08 3.179E-08 2.459E-08 2.160E-08 1.633E-08 1.296E-08 8.854E-09 6.529E-09 4.409E-09 2.895E-09 4.227E-09 3.432E-09 2.149E-09 1.232E-09 8.553E-10 1.014E-09 2.186E-09 2.104E-09 1.532E-09 1.080E-09 8.571E-10 7.290E-10 4.670E-10 3.543E-10 2.792E-10 3.180E-10 3.607E-10 4.089E-10 3.955E-10 4.111E-10 4.117E-10 4.301E-10 3.721E-10 3.332E-10 2.861E-10 2.254E-10 1.849E-10 1.259E-10 8.406E-11 6.326E-11 3.637E-11 2.298E-11
  9.800E+01  3.702E-07 3.455E-07 3.143E-07 2.869E-07 2.643E-07 2.443E-07 2.255E-07 2.099E-07 1.954E-07 1.835E-07 1.714E-07 1.588E-07 1.401E-07 1.243E-07 9.241E-08 7.145E-08 5.273E-08 3.918E-08 2.041E-08 2.582E-08 3.080E-08 2.384E-08 2.096E-08 1.588E-08 1.262E-08 8.645E-09 6.389E-09 4.325E-09 2.850E-09 4.155E-09 3.374E-09 2.118E-09 1.217E-09 8.461E-10 1.003E-09 2.157E-09 2.078E-09 1.515E-09 1.069E-09 8.490E-10 7.226E-10 4.636E-10 3.521E-10 2.778E-10 3.170E-10 3.597E-10 4.080E-10 3.949E-10 4.105E-10 4.111E-10 4.294E-10 3.716E-10 3.328E-10 2.857E-10 2.253E-10 1.849E-10 1.260E-10 8.418E-11 6.338E-11 3.648E-11 2.308E-11
  1.000E+02  3.537E-07 3.300E-07 3.004E-07 2.740E-07 2.525E-07 2.331E-07 2.152E-07 2.003E-07 1.865E-07 1.752E-07 1.636E-07 1.516E-07 1.339E-07 1.189E-07 8.857E-08 6.865E-08 5.080E-08 3.784E-08 1.981E-08 2.524E-08 2.994E-08 2.319E-08 2.041E-08 1.548E-08 1.232E-08 8.469E-09 6.271E-09 4.254E-09 2.814E-09 4.096E-09 3.328E-09 2.094E-09 1.205E-09 8.393E-10 9.952E-10 2.135E-09 2.058E-09 1.503E-09 1.061E-09 8.433E-10 7.181E-10 4.614E-10 3.508E-10 2.771E-10 3.167E-10 3.596E-10 4.082E-10 3.953E-10 4.110E-10 4.115E-10 4.297E-10 3.719E-10 3.332E-10 2.861E-10 2.257E-10 1.853E-10 1.264E-10 8.450E-11 6.366E-11 3.669E-11 2.323E-11
  1.020E+02  3.391E-07 3.164E-07 2.882E-07 2.628E-07 2.422E-07 2.233E-07 2.061E-07 1.919E-07 1.787E-07 1.678E-07 1.567E-07 1.452E-07 1.284E-07 1.141E-07 8.520E-08 6.619E-08 4.911E-08 3.668E-08 1.930E-08 2.475E-08 2.919E-08 2.263E-08 1.993E-08 1.515E-08 1.208E-08 8.321E-09 6.174E-09 4.198E-09 2.786E-09 4.050E-09 3.291E-09 2.075E-09 1.198E-09 8.347E-10 9.900E-10 2.119E-09 2.043E-09 1.494E-09 1.056E-09 8.398E-10 7.155E-10 4.604E-10 3.504E-10 2.771E-10 3.172E-10 3.603E-10 4.093E-10 3.965E-10 4.123E-10 4.129E-10 4.310E-10 3.732E-10 3.344E-10 2.871E-10 2.266E-10 1.861E-10 1.270E-10 8.502E-11 6.408E-11 3.697E-11 2.343E-11
  1.040E+02  3.264E-07 3.049E-07 2.775E-07 2.530E-07 2.330E-07 2.147E-07 1.982E-07 1.845E-07 1.718E-07 1.614E-07 1.507E-07 1.397E-07 1.235E-07 1.099E-07 8.225E-08 6.405E-08 4.765E-08 3.567E-08 1.886E-08 2.433E-08 2.855E-08 2.215E-08 1.953E-08 1.487E-08 1.187E-08 8.202E-09 6.097E-09 4.155E-09 2.766E-09 4.015E-09 3.264E-09 2.063E-09 1.193E-09 8.324E-10 9.873E-10 2.109E-09 2.034E-09 1.490E-09 1.054E-09 8.385E-10 7.147E-10 4.606E-10 3.508E-10 2.777E-10 3.184E-10 3.619E-10 4.113E-10 3.986E-10 4.146E-10 4.151E-10 4.333E-10 3.753E-10 3.363E-10 2.888E-10 2.280E-10 1.874E-10 1.280E-10 8.573E-11 6.465E-11 3.733E-11 2.368E-11
  1.060E+02  3.154E-07 2.952E-07 2.682E-07 2.445E-07 2.250E-07 2.074E-07 1.913E-07 1.780E-07 1.658E-07 1.557E-07 1.455E-07 1.349E-07 1.193E-07 1.062E-07 7.969E-08 6.220E-08 4.639E-08 3.482E-08 1.850E-08 2.399E-08 2.800E-08 2.175E-08 1.919E-08 1.464E-08 1.171E-08 8.108E-09 6.039E-09 4.123E-09 2.753E-09 3.991E-09 3.246E-09 2.056E-09 1.191E-09 8.320E-10 9.870E-10 2.104E-09 2.030E-09 1.489E-09 1.054E-09 8.392E-10 7.157E-10 4.617E-10 3.520E-10 2.789E-10 3.203E-10 3.642E-10 4.142E-10 4.016E-10 4.178E-10 4.183E-10 4.366E-10 3.781E-10 3.390E-10 2.911E-10 2.300E-10 1.891E-10 1.292E-10 8.661E-11 6.534E-11 3.778E-11 2.399E-11
  1.080E+02  3.060E-07 2.867E-07 2.604E-07 2.372E-07 2.182E-07 2.010E-07 1.854E-07 1.724E-07 1.606E-07 1.509E-07 1.410E-07 1.307E-07 1.157E-07 1.031E-07 7.748E-08 6.062E-08 4.532E-08 3.410E-08 1.819E-08 2.372E-08 2.755E-08 2.143E-08 1.892E-08 1.446E-08 1.158E-08 8.038E-09 5.997E-09 4.103E-09 2.747E-09 3.977E-09 3.237E-09 2.054E-09 1.192E-09 8.335E-10 9.889E-10 2.104E-09 2.031E-09 1.491E-09 1.056E-09 8.417E-10 7.182E-10 4.639E-10 3.539E-10 2.807E-10 3.229E-10 3.672E-10 4.179E-10 4.053E-10 4.217E-10 4.223E-10 4.407E-10 3.818E-10 3.423E-10 2.940E-10 2.323E-10 1.911E-10 1.307E-10 8.766E-11 6.617E-11 3.829E-11 2.433E-11
  1.100E+02  2.983E-07 2.796E-07 2.539E-07 2.312E-07 2.125E-07 1.956E-07 1.804E-07 1.677E-07 1.562E-07 1.468E-07 1.371E-07 1.271E-07 1.126E-07 1.003E-07 7.560E-08 5.927E-08 4.442E-08 3.350E-08 1.795E-08 2.351E-08 2.718E-08 2.117E-08 1.871E-08 1.432E-08 1.149E-08 7.989E-09 5.971E-09 4.092E-09 2.747E-09 3.973E-09 3.235E-09 2.056E-09 1.196E-09 8.368E-10 9.929E-10 2.109E-09 2.036E-09 1.497E-09 1.061E-09 8.460E-10 7.222E-10 4.670E-10 3.566E-10 2.831E-10 3.260E-10 3.709E-10 4.223E-10 4.098E-10 4.264E-10 4.270E-10 4.456E-10 3.861E-10 3.463E-10 2.974E-10 2.351E-10 1.935E-10 1.324E-10 8.888E-11 6.712E-11 3.888E-11 2.473E-11
  1.120E+02  2.920E-07 2.740E-07 2.486E-07 2.262E-07 2.077E-07 1.912E-07 1.762E-07 1.638E-07 1.525E-07 1.433E-07 1.338E-07 1.241E-07 1.100E-07 9.807E-08 7.403E-08 5.815E-08 4.369E-08 3.301E-08 1.776E-08 2.335E-08 2.689E-08 2.097E-08 1.855E-08 1.423E-08 1.142E-08 7.961E-09 5.960E-09 4.092E-09 2.753E-09 3.977E-09 3.240E-09 2.063E-09 1.202E-09 8.416E-10 9.988E-10 2.118E-09 2.046E-09 1.506E-09 1.068E-09 8.520E-10 7.275E-10 4.710E-10 3.598E-10 2.859E-10 3.296E-10 3.752E-10 4.275E-10 4.150E-10 4.319E-10 4.325E-10 4.513E-10 3.911E-10 3.508E-10 3.014E-10 2.384E-10 1.962E-10 1.344E-10 9.025E-11 6.818E-11 3.953E-11 2.516E-11
  1.140E+02  2.871E-07 2.695E-07 2.446E-07 2.221E-07 2.038E-07 1.875E-07 1.727E-07 1.606E-07 1.494E-07 1.404E-07 1.312E-07 1.216E-07 1.078E-07 9.618E-08 7.273E-08 5.724E-08 4.309E-08 3.263E-08 1.763E-08 2.325E-08 2.667E-08 2.083E-08 1.844E-08 1.416E-08 1.139E-08 7.952E-09 5.962E-09 4.099E-09 2.764E-09 3.990E-09 3.252E-09 2.074E-09 1.210E-09 8.480E-10 1.007E-09 2.131E-09 2.059E-09 1.517E-09 1.077E-09 8.594E-10 7.341E-10 4.757E-10 3.637E-10 2.892E-10 3.338E-10 3.801E-10 4.333E-10 4.208E-10 4.379E-10 4.387E-10 4.577E-10 3.968E-10 3.559E-10 3.058E-10 2.420E-10 1.992E-10 1.366E-10 9.176E-11 6.935E-11 4.024E-11 2.563E-11
  1.160E+02  2.838E-07 2.661E-07 2.418E-07 2.189E-07 2.010E-07 1.846E-07 1.699E-07 1.580E-07 1.470E-07 1.381E-07 1.290E-07 1.196E-07 1.060E-07 9.465E-08 7.168E-08 5.651E-08 4.263E-08 3.234E-08 1.753E-08 2.320E-08 2.652E-08 2.074E-08 1.838E-08 1.414E-08 1.138E-08 7.959E-09 5.976E-09 4.115E-09 2.780E-09 4.009E-09 3.269E-09 2.088E-09 1.220E-09 8.557E-10 1.016E-09 2.148E-09 2.076E-09 1.531E-09 1.087E-09 8.682E-10 7.419E-10 4.812E-10 3.681E-10 2.929E-10 3.384E-10 3.855E-10 4.397E-10 4.271E-10 4.447E-10 4.455E-10 4.648E-10 4.030E-10 3.616E-10 3.107E-10 2.459E-10 2.026E-10 1.389E-10 9.341E-11 7.063E-11 4.101E-11 2.614E-11
  1.180E+02  2.818E-07 2.641E-07 2.399E-07 2.168E-07 1.989E-07 1.825E-07 1.679E-07 1.561E-07 1.452E-07 1.363E-07 1.273E-07 1.181E-07 1.047E-07 9.346E-08 7.087E-08 5.596E-08 4.230E-08 3.214E-08 1.748E-08 2.319E-08 2.642E-08 2.070E-08 1.835E-08 1.414E-08 1.139E-08 7.982E-09 6.001E-09 4.138E-09 2.800E-09 4.036E-09 3.292E-09 2.106E-09 1.232E-09 8.646E-10 1.027E-09 2.169E-09 2.096E-09 1.548E-09 1.099E-09 8.783E-10 7.507E-10 4.873E-10 3.729E-10 2.970E-10 3.435E-10 3.914E-10 4.466E-10 4.341E-10 4.519E-10 4.528E-10 4.725E-10 4.097E-10 3.677E-10 3.160E-10 2.502E-10 2.061E-10 1.415E-10 9.517E-11 7.199E-11 4.184E-11 2.668E-11
  1.200E+02  2.810E-07 2.637E-07 2.390E-07 2.159E-07 1.977E-07 1.813E-07 1.666E-07 1.548E-07 1.439E-07 1.350E-07 1.261E-07 1.170E-07 1.037E-07 9.257E-08 7.028E-08 5.557E-08 4.207E-08 3.202E-08 1.746E-08 2.321E-08 2.638E-08 2.070E-08 1.837E-08 1.417E-08 1.143E-08 8.019E-09 6.036E-09 4.168E-09 2.824E-09 4.069E-09 3.321E-09 2.127E-09 1.245E-09 8.746E-10 1.039E-09 2.192E-09 2.120E-09 1.566E-09 1.113E-09 8.895E-10 7.605E-10 4.940E-10 3.783E-10 3.014E-10 3.489E-10 3.977E-10 4.541E-10 4.415E-10 4.597E-10 4.607E-10 4.807E-10 4.169E-10 3.742E-10 3.216E-10 2.548E-10 2.100E-10 1.442E-10 9.705E-11 7.343E-11 4.271E-11 2.725E-11
  1.220E+02  2.815E-07 2.643E-07 2.393E-07 2.158E-07 1.973E-07 1.808E-07 1.660E-07 1.541E-07 1.431E-07 1.343E-07 1.254E-07 1.162E-07 1.030E-07 9.198E-08 6.989E-08 5.533E-08 4.195E-08 3.197E-08 1.748E-08 2.328E-08 2.639E-08 2.074E-08 1.842E-08 1.423E-08 1.148E-08 8.069E-09 6.081E-09 4.203E-09 2.852E-09 4.107E-09 3.353E-09 2.150E-09 1.260E-09 8.856E-10 1.052E-09 2.219E-09 2.146E-09 1.586E-09 1.128E-09 9.017E-10 7.711E-10 5.012E-10 3.840E-10 3.061E-10 3.547E-10 4.044E-10 4.620E-10 4.493E-10 4.678E-10 4.690E-10 4.894E-10 4.245E-10 3.811E-10 3.276E-10 2.596E-10 2.140E-10 1.470E-10 9.902E-11 7.495E-11 4.362E-11 2.785E-11
  1.240E+02  2.835E-07 2.663E-07 2.408E-07 2.167E-07 1.978E-07 1.810E-07 1.660E-07 1.539E-07 1.429E-07 1.340E-07 1.250E-07 1.159E-07 1.027E-07 9.166E-08 6.969E-08 5.522E-08 4.192E-08 3.199E-08 1.753E-08 2.337E-08 2.645E-08 2.082E-08 1.850E-08 1.431E-08 1.155E-08 8.130E-09 6.133E-09 4.244E-09 2.882E-09 4.150E-09 3.390E-09 2.176E-09 1.277E-09 8.974E-10 1.066E-09 2.247E-09 2.174E-09 1.608E-09 1.144E-09 9.148E-10 7.825E-10 5.089E-10 3.900E-10 3.110E-10 3.608E-10 4.114E-10 4.702E-10 4.575E-10 4.764E-10 4.777E-10 4.985E-10 4.325E-10 3.884E-10 3.339E-10 2.647E-10 2.183E-10 1.500E-10 1.011E-10 7.653E-11 4.457E-11 2.847E-11
  1.260E+02  2.869E-07 2.700E-07 2.432E-07 2.185E-07 1.990E-07 1.819E-07 1.666E-07 1.544E-07 1.431E-07 1.341E-07 1.251E-07 1.159E-07 1.026E-07 9.161E-08 6.966E-08 5.523E-08 4.198E-08 3.207E-08 1.761E-08 2.349E-08 2.654E-08 2.093E-08 1.861E-08 1.441E-08 1.164E-08 8.201E-09 6.192E-09 4.289E-09 2.915E-09 4.197E-09 3.430E-09 2.204E-09 1.294E-09 9.100E-10 1.081E-09 2.278E-09 2.204E-09 1.631E-09 1.161E-09 9.286E-10 7.945E-10 5.170E-10 3.963E-10 3.162E-10 3.671E-10 4.188E-10 4.788E-10 4.660E-10 4.853E-10 4.868E-10 5.080E-10 4.408E-10 3.959E-10 3.404E-10 2.700E-10 2.226E-10 1.531E-10 1.032E-10 7.817E-11 4.555E-11 2.912E-11
  1.280E+02  2.920E-07 2.751E-07 2.468E-07 2.213E-07 2.011E-07 1.836E-07 1.679E-07 1.553E-07 1.439E-07 1.347E-07 1.256E-07 1.163E-07 1.029E-07 9.180E-08 6.980E-08 5.537E-08 4.212E-08 3.220E-08 1.771E-08 2.363E-08 2.667E-08 2.107E-08 1.875E-08 1.452E-08 1.175E-08 8.281E-09 6.258E-09 4.338E-09 2.951E-09 4.247E-09 3.472E-09 2.233E-09 1.313E-09 9.231E-10 1.097E-09 2.311E-09 2.236E-09 1.656E-09 1.179E-09 9.431E-10 8.070E-10 5.254E-10 4.029E-10 3.216E-10 3.736E-10 4.263E-10 4.877E-10 4.747E-10 4.945E-10 4.961E-10 5.178E-10 4.494E-10 4.036E-10 3.472E-10 2.754E-10 2.272E-10 1.563E-10 1.054E-10 7.985E-11 4.656E-11 2.977E-11
  1.300E+02  2.989E-07 2.814E-07 2.518E-07 2.251E-07 2.041E-07 1.860E-07 1.697E-07 1.568E-07 1.451E-07 1.358E-07 1.264E-07 1.170E-07 1.034E-07 9.222E-08 7.009E-08 5.561E-08 4.233E-08 3.239E-08 1.783E-08 2.380E-08 2.684E-08 2.123E-08 1.891E-08 1.466E-08 1.186E-08 8.369E-09 6.329E-09 4.390E-09 2.988E-09 4.301E-09 3.518E-09 2.264E-09 1.332E-09 9.368E-10 1.114E-09 2.345E-09 2.270E-09 1.681E-09 1.197E-09 9.581E-10 8.200E-10 5.340E-10 4.097E-10 3.271E-10 3.803E-10 4.340E-10 4.967E-10 4.837E-10 5.039E-10 5.057E-10 5.279E-10 4.582E-10 4.116E-10 3.541E-10 2.809E-10 2.318E-10 1.596E-10 1.076E-10 8.157E-11 4.759E-11 3.045E-11
  1.320E+02  3.076E-07 2.891E-07 2.581E-07 2.300E-07 2.081E-07 1.890E-07 1.722E-07 1.589E-07 1.468E-07 1.372E-07 1.277E-07 1.181E-07 1.042E-07 9.286E-08 7.052E-08 5.595E-08 4.260E-08 3.262E-08 1.797E-08 2.398E-08 2.703E-08 2.142E-08 1.909E-08 1.481E-08 1.199E-08 8.463E-09 6.405E-09 4.445E-09 3.027E-09 4.357E-09 3.565E-09 2.296E-09 1.351E-09 9.509E-10 1.131E-09 2.381E-09 2.305E-09 1.708E-09 1.216E-09 9.735E-10 8.333E-10 5.429E-10 4.166E-10 3.327E-10 3.871E-10 4.419E-10 5.060E-10 4.928E-10 5.134E-10 5.154E-10 5.381E-10 4.672E-10 4.197E-10 3.611E-10 2.866E-10 2.365E-10 1.629E-10 1.099E-10 8.332E-11 4.863E-11 3.113E-11
  1.340E+02  3.182E-07 2.986E-07 2.656E-07 2.360E-07 2.129E-07 1.928E-07 1.753E-07 1.615E-07 1.490E-07 1.391E-07 1.293E-07 1.194E-07 1.053E-07 9.371E-08 7.108E-08 5.638E-08 4.294E-08 3.288E-08 1.813E-08 2.418E-08 2.724E-08 2.162E-08 1.928E-08 1.497E-08 1.212E-08 8.562E-09 6.484E-09 4.503E-09 3.067E-09 4.416E-09 3.614E-09 2.329E-09 1.372E-09 9.653E-10 1.148E-09 2.417E-09 2.340E-09 1.735E-09 1.236E-09 9.893E-10 8.469E-10 5.519E-10 4.236E-10 3.384E-10 3.939E-10 4.499E-10 5.153E-10 5.020E-10 5.231E-10 5.253E-10 5.484E-10 4.762E-10 4.279E-10 3.683E-10 2.923E-10 2.413E-10 1.662E-10 1.122E-10 8.508E-11 4.968E-11 3.181E-11
  1.360E+02  3.312E-07 3.100E-07 2.747E-07 2.429E-07 2.185E-07 1.974E-07 1.790E-07 1.646E-07 1.517E-07 1.414E-07 1.312E-07 1.211E-07 1.066E-07 9.477E-08 7.178E-08 5.690E-08 4.333E-08 3.319E-08 1.830E-08 2.439E-08 2.748E-08 2.185E-08 1.949E-08 1.514E-08 1.226E-08 8.666E-09 6.566E-09 4.562E-09 3.108E-09 4.476E-09 3.665E-09 2.363E-09 1.392E-09 9.798E-10 1.166E-09 2.454E-09 2.377E-09 1.762E-09 1.255E-09 1.005E-09 8.606E-10 5.610E-10 4.307E-10 3.442E-10 4.008E-10 4.579E-10 5.246E-10 5.113E-10 5.328E-10 5.352E-10 5.589E-10 4.854E-10 4.361E-10 3.754E-10 2.981E-10 2.461E-10 1.696E-10 1.145E-10 8.685E-11 5.074E-11 3.250E-11
  1.380E+02  3.465E-07 3.234E-07 2.856E-07 2.509E-07 2.249E-07 2.027E-07 1.833E-07 1.683E-07 1.547E-07 1.440E-07 1.335E-07 1.230E-07 1.081E-07 9.601E-08 7.258E-08 5.749E-08 4.378E-08 3.352E-08 1.848E-08 2.461E-08 2.773E-08 2.208E-08 1.971E-08 1.532E-08 1.241E-08 8.774E-09 6.651E-09 4.623E-09 3.150E-09 4.536E-09 3.716E-09 2.397E-09 1.413E-09 9.945E-10 1.183E-09 2.492E-09 2.413E-09 1.789E-09 1.275E-09 1.021E-09 8.744E-10 5.701E-10 4.377E-10 3.499E-10 4.077E-10 4.659E-10 5.340E-10 5.206E-10 5.425E-10 5.451E-10 5.693E-10 4.945E-10 4.444E-10 3.826E-10 3.039E-10 2.509E-10 1.730E-10 1.169E-10 8.863E-11 5.180E-11 3.319E-11
  1.400E+02  3.637E-07 3.386E-07 2.974E-07 2.600E-07 2.323E-07 2.087E-07 1.882E-07 1.724E-07 1.582E-07 1.471E-07 1.361E-07 1.253E-07 1.098E-07 9.742E-08 7.349E-08 5.815E-08 4.426E-08 3.389E-08 1.868E-08 2.484E-08 2.799E-08 2.233E-08 1.994E-08 1.551E-08 1.256E-08 8.884E-09 6.737E-09 4.684E-09 3.191E-09 4.598E-09 3.767E-09 2.432E-09 1.433E-09 1.009E-09 1.201E-09 2.529E-09 2.450E-09 1.817E-09 1.295E-09 1.037E-09 8.881E-10 5.792E-10 4.448E-10 3.556E-10 4.146E-10 4.738E-10 5.433E-10 5.298E-10 5.521E-10 5.549E-10 5.796E-10 5.036E-10 4.526E-10 3.898E-10 3.096E-10 2.557E-10 1.763E-10 1.192E-10 9.039E-11 5.285E-11 3.387E-11
  1.420E+02  3.830E-07 3.555E-07 3.102E-07 2.704E-07 2.407E-07 2.154E-07 1.937E-07 1.770E-07 1.621E-07 1.505E-07 1.390E-07 1.278E-07 1.118E-07 9.899E-08 7.449E-08 5.887E-08 4.478E-08 3.428E-08 1.888E-08 2.507E-08 2.827E-08 2.259E-08 2.018E-08 1.570E-08 1.272E-08 8.995E-09 6.824E-09 4.745E-09 3.233E-09 4.659E-09 3.819E-09 2.466E-09 1.454E-09 1.024E-09 1.219E-09 2.567E-09 2.487E-09 1.844E-09 1.315E-09 1.053E-09 9.018E-10 5.883E-10 4.518E-10 3.613E-10 4.214E-10 4.817E-10 5.525E-10 5.389E-10 5.616E-10 5.647E-10 5.899E-10 5.125E-10 4.607E-10 3.968E-10 3.153E-10 2.604E-10 1.796E-10 1.214E-10 9.213E-11 5.388E-11 3.455E-11
  1.440E+02  4.049E-07 3.742E-07 3.246E-07 2.817E-07 2.498E-07 2.226E-07 1.997E-07 1.820E-07 1.664E-07 1.542E-07 1.422E-07 1.305E-07 1.139E-07 1.007E-07 7.558E-08 5.965E-08 4.534E-08 3.468E-08 1.909E-08 2.531E-08 2.855E-08 2.285E-08 2.043E-08 1.589E-08 1.288E-08 9.107E-09 6.911E-09 4.807E-09 3.274E-09 4.720E-09 3.871E-09 2.500E-09 1.474E-09 1.038E-09 1.236E-09 2.604E-09 2.523E-09 1.871E-09 1.334E-09 1.069E-09 9.153E-10 5.972E-10 4.587E-10 3.669E-10 4.281E-10 4.894E-10 5.616E-10 5.478E-10 5.710E-10 5.742E-10 6.000E-10 5.214E-10 4.687E-10 4.038E-10 3.208E-10 2.651E-10 1.829E-10 1.237E-10 9.384E-11 5.490E-11 3.521E-11
  1.460E+02  4.291E-07 3.942E-07 3.407E-07 2.936E-07 2.593E-07 2.304E-07 2.060E-07 1.874E-07 1.709E-07 1.581E-07 1.456E-07 1.334E-07 1.162E-07 1.025E-07 7.674E-08 6.047E-08 4.592E-08 3.511E-08 1.930E-08 2.555E-08 2.883E-08 2.311E-08 2.068E-08 1.609E-08 1.304E-08 9.219E-09 6.998E-09 4.868E-09 3.315E-09 4.781E-09 3.921E-09 2.533E-09 1.494E-09 1.052E-09 1.253E-09 2.641E-09 2.559E-09 1.898E-09 1.353E-09 1.084E-09 9.285E-10 6.059E-10 4.654E-10 3.723E-10 4.346E-10 4.969E-10 5.704E-10 5.565E-10 5.801E-10 5.836E-10 6.099E-10 5.300E-10 4.765E-10 4.106E-10 3.263E-10 2.696E-10 1.861E-10 1.258E-10 9.551E-11 5.590E-11 3.586E-11
  1.480E+02  4.554E-07 4.151E-07 3.576E-07 3.059E-07 2.691E-07 2.384E-07 2.126E-07 1.931E-07 1.756E-07 1.622E-07 1.492E-07 1.364E-07 1.186E-07 1.045E-07 7.795E-08 6.132E-08 4.652E-08 3.554E-08 1.952E-08 2.578E-08 2.912E-08 2.338E-08 2.093E-08 1.629E-08 1.320E-08 9.330E-09 7.083E-09 4.928E-09 3.354E-09 4.840E-09 3.971E-09 2.566E-09 1.514E-09 1.066E-09 1.270E-09 2.677E-09 2.594E-09 1.924E-09 1.372E-09 1.099E-09 9.414E-10 6.143E-10 4.719E-10 3.776E-10 4.409E-10 5.043E-10 5.790E-10 5.650E-10 5.890E-10 5.927E-10 6.195E-10 5.385E-10 4.841E-10 4.172E-10 3.316E-10 2.740E-10 1.892E-10 1.280E-10 9.714E-11 5.687E-11 3.649E-11
  1.500E+02  4.825E-07 4.376E-07 3.741E-07 3.187E-07 2.792E-07 2.468E-07 2.195E-07 1.989E-07 1.805E-07 1.664E-07 1.529E-07 1.396E-07 1.211E-07 1.065E-07 7.921E-08 6.220E-08 4.714E-08 3.598E-08 1.974E-08 2.601E-08 2.941E-08 2.365E-08 2.118E-08 1.648E-08 1.335E-08 9.439E-09 7.167E-09 4.986E-09 3.393E-09 4.898E-09 4.019E-09 2.598E-09 1.533E-09 1.079E-09 1.286E-09 2.712E-09 2.628E-09 1.949E-09 1.390E-09 1.114E-09 9.539E-10 6.225E-10 4.783E-10 3.827E-10 4.470E-10 5.113E-10 5.873E-10 5.732E-10 5.976E-10 6.015E-10 6.288E-10 5.466E-10 4.914E-10 4.236E-10 3.368E-10 2.783E-10 1.922E-10 1.300E-10 9.872E-11 5.781E-11 3.710E-11
  1.520E+02  5.094E-07 4.609E-07 3.900E-07 3.319E-07 2.894E-07 2.555E-07 2.265E-07 2.047E-07 1.854E-07 1.708E-07 1.566E-07 1.428E-07 1.236E-07 1.085E-07 8.048E-08 6.310E-08 4.776E-08 3.643E-08 1.995E-08 2.623E-08 2.969E-08 2.391E-08 2.142E-08 1.667E-08 1.351E-08 9.546E-09 7.249E-09 5.043E-09 3.430E-09 4.953E-09 4.066E-09 2.628E-09 1.551E-09 1.092E-09 1.301E-09 2.745E-09 2.661E-09 1.974E-09 1.407E-09 1.128E-09 9.659E-10 6.304E-10 4.844E-10 3.876E-10 4.529E-10 5.181E-10 5.953E-10 5.811E-10 6.058E-10 6.100E-10 6.377E-10 5.544E-10 4.985E-10 4.298E-10 3.417E-10 2.824E-10 1.951E-10 1.320E-10 1.002E-10 5.871E-11 3.769E-11
  1.540E+02  5.364E-07 4.824E-07 4.061E-07 3.446E-07 2.998E-07 2.638E-07 2.333E-07 2.104E-07 1.904E-07 1.751E-07 1.603E-07 1.460E-07 1.261E-07 1.105E-07 8.176E-08 6.400E-08 4.838E-08 3.687E-08 2.016E-08 2.645E-08 2.996E-08 2.417E-08 2.166E-08 1.686E-08 1.366E-08 9.649E-09 7.328E-09 5.098E-09 3.466E-09 5.007E-09 4.111E-09 2.658E-09 1.568E-09 1.104E-09 1.316E-09 2.777E-09 2.692E-09 1.997E-09 1.424E-09 1.141E-09 9.773E-10 6.379E-10 4.902E-10 3.923E-10 4.585E-10 5.246E-10 6.029E-10 5.886E-10 6.137E-10 6.181E-10 6.462E-10 5.619E-10 5.052E-10 4.357E-10 3.464E-10 2.864E-10 1.978E-10 1.339E-10 1.017E-10 5.957E-11 3.825E-11
  1.560E+02  5.632E-07 5.009E-07 4.220E-07 3.563E-07 3.097E-07 2.713E-07 2.397E-07 2.159E-07 1.952E-07 1.792E-07 1.639E-07 1.490E-07 1.285E-07 1.125E-07 8.302E-08 6.488E-08 4.900E-08 3.731E-08 2.037E-08 2.666E-08 3.023E-08 2.442E-08 2.189E-08 1.704E-08 1.380E-08 9.749E-09 7.403E-09 5.150E-09 3.500E-09 5.058E-09 4.154E-09 2.686E-09 1.585E-09 1.116E-09 1.330E-09 2.808E-09 2.722E-09 2.019E-09 1.440E-09 1.154E-09 9.882E-10 6.450E-10 4.957E-10 3.967E-10 4.638E-10 5.308E-10 6.101E-10 5.958E-10 6.211E-10 6.257E-10 6.543E-10 5.689E-10 5.116E-10 4.412E-10 3.509E-10 2.901E-10 2.004E-10 1.357E-10 1.030E-10 6.038E-11 3.878E-11
  1.580E+02  5.874E-07 5.177E-07 4.359E-07 3.669E-07 3.186E-07 2.780E-07 2.455E-07 2.210E-07 1.995E-07 1.830E-07 1.672E-07 1.518E-07 1.308E-07 1.143E-07 8.423E-08 6.574E-08 4.960E-08 3.774E-08 2.057E-08 2.686E-08 3.049E-08 2.466E-08 2.212E-08 1.722E-08 1.394E-08 9.843E-09 7.475E-09 5.199E-09 3.532E-09 5.106E-09 4.195E-09 2.712E-09 1.600E-09 1.127E-09 1.343E-09 2.837E-09 2.750E-09 2.040E-09 1.455E-09 1.166E-09 9.984E-10 6.517E-10 5.008E-10 4.009E-10 4.688E-10 5.365E-10 6.168E-10 6.024E-10 6.281E-10 6.329E-10 6.619E-10 5.756E-10 5.176E-10 4.464E-10 3.551E-10 2.936E-10 2.029E-10 1.374E-10 1.043E-10 6.115E-11 3.927E-11
  1.600E+02  6.070E-07 5.334E-07 4.470E-07 3.757E-07 3.257E-07 2.838E-07 2.503E-07 2.251E-07 2.031E-07 1.862E-07 1.700E-07 1.543E-07 1.328E-07 1.160E-07 8.537E-08 6.656E-08 5.018E-08 3.815E-08 2.077E-08 2.704E-08 3.073E-08 2.489E-08 2.233E-08 1.739E-08 1.407E-08 9.933E-09 7.543E-09 5.246E-09 3.562E-09 5.151E-09 4.233E-09 2.737E-09 1.615E-09 1.137E-09 1.356E-09 2.864E-09 2.776E-09 2.059E-09 1.468E-09 1.177E-09 1.008E-09 6.580E-10 5.056E-10 4.048E-10 4.734E-10 5.419E-10 6.231E-10 6.086E-10 6.346E-10 6.395E-10 6.689E-10 5.817E-10 5.231E-10 4.513E-10 3.590E-10 2.968E-10 2.051E-10 1.389E-10 1.055E-10 6.186E-11 3.973E-11
  1.620E+02  6.194E-07 5.459E-07 4.543E-07 3.818E-07 3.301E-07 2.882E-07 2.538E-07 2.279E-07 2.057E-07 1.886E-07 1.721E-07 1.564E-07 1.345E-07 1.175E-07 8.639E-08 6.732E-08 5.073E-08 3.854E-08 2.095E-08 2.722E-08 3.096E-08 2.510E-08 2.253E-08 1.754E-08 1.420E-08 1.002E-08 7.606E-09 5.289E-09 3.589E-09 5.193E-09 4.268E-09 2.759E-09 1.628E-09 1.146E-09 1.367E-09 2.889E-09 2.801E-09 2.077E-09 1.481E-09 1.187E-09 1.017E-09 6.637E-10 5.100E-10 4.083E-10 4.777E-10 5.468E-10 6.288E-10 6.143E-10 6.406E-10 6.457E-10 6.754E-10 5.874E-10 5.283E-10 4.558E-10 3.626E-10 2.998E-10 2.072E-10 1.403E-10 1.066E-10 6.251E-11 4.016E-11
  1.640E+02  6.205E-07 5.498E-07 4.559E-07 3.837E-07 3.312E-07 2.899E-07 2.553E-07 2.292E-07 2.070E-07 1.899E-07 1.735E-07 1.577E-07 1.358E-07 1.187E-07 8.729E-08 6.800E-08 5.123E-08 3.891E-08 2.112E-08 2.738E-08 3.117E-08 2.531E-08 2.272E-08 1.769E-08 1.431E-08 1.009E-08 7.664E-09 5.328E-09 3.614E-09 5.230E-09 4.300E-09 2.780E-09 1.640E-09 1.155E-09 1.377E-09 2.911E-09 2.823E-09 2.093E-09 1.493E-09 1.196E-09 1.025E-09 6.689E-10 5.140E-10 4.115E-10 4.815E-10 5.513E-10 6.341E-10 6.195E-10 6.460E-10 6.512E-10 6.813E-10 5.926E-10 5.329E-10 4.598E-10 3.658E-10 3.025E-10 2.091E-10 1.416E-10 1.076E-10 6.310E-11 4.054E-11
  1.660E+02  6.057E-07 5.395E-07 4.498E-07 3.791E-07 3.283E-07 2.876E-07 2.541E-07 2.288E-07 2.069E-07 1.901E-07 1.739E-07 1.583E-07 1.365E-07 1.195E-07 8.805E-08 6.862E-08 5.169E-08 3.925E-08 2.128E-08 2.752E-08 3.137E-08 2.549E-08 2.290E-08 1.782E-08 1.442E-08 1.016E-08 7.716E-09 5.364E-09 3.636E-09 5.265E-09 4.329E-09 2.798E-09 1.651E-09 1.162E-09 1.387E-09 2.932E-09 2.842E-09 2.108E-09 1.503E-09 1.205E-09 1.032E-09 6.735E-10 5.176E-10 4.144E-10 4.850E-10 5.552E-10 6.388E-10 6.241E-10 6.508E-10 6.562E-10 6.865E-10 5.972E-10 5.371E-10 4.635E-10 3.687E-10 3.050E-10 2.108E-10 1.428E-10 1.085E-10 6.363E-11 4.089E-11
  1.680E+02  5.721E-07 5.141E-07 4.343E-07 3.674E-07 3.211E-07 2.815E-07 2.501E-07 2.264E-07 2.054E-07 1.892E-07 1.735E-07 1.581E-07 1.368E-07 1.200E-07 8.870E-08 6.917E-08 5.211E-08 3.955E-08 2.142E-08 2.765E-08 3.155E-08 2.567E-08 2.306E-08 1.794E-08 1.451E-08 1.022E-08 7.762E-09 5.396E-09 3.656E-09 5.294E-09 4.354E-09 2.815E-09 1.661E-09 1.169E-09 1.395E-09 2.949E-09 2.860E-09 2.120E-09 1.512E-09 1.212E-09 1.038E-09 6.776E-10 5.207E-10 4.169E-10 4.880E-10 5.587E-10 6.429E-10 6.282E-10 6.551E-10 6.606E-10 6.911E-10 6.012E-10 5.407E-10 4.667E-10 3.713E-10 3.071E-10 2.123E-10 1.438E-10 1.093E-10 6.410E-11 4.119E-11
  1.700E+02  5.251E-07 4.788E-07 4.107E-07 3.512E-07 3.104E-07 2.734E-07 2.447E-07 2.228E-07 2.032E-07 1.878E-07 1.727E-07 1.577E-07 1.370E-07 1.205E-07 8.930E-08 6.968E-08 5.250E-08 3.983E-08 2.155E-08 2.775E-08 3.170E-08 2.582E-08 2.320E-08 1.805E-08 1.459E-08 1.028E-08 7.803E-09 5.423E-09 3.673E-09 5.320E-09 4.376E-09 2.829E-09 1.669E-09 1.175E-09 1.401E-09 2.965E-09 2.874E-09 2.131E-09 1.520E-09 1.218E-09 1.043E-09 6.811E-10 5.234E-10 4.191E-10 4.906E-10 5.617E-10 6.464E-10 6.316E-10 6.587E-10 6.643E-10 6.951E-10 6.047E-10 5.438E-10 4.694E-10 3.735E-10 3.089E-10 2.136E-10 1.447E-10 1.099E-10 6.450E-11 4.145E-11
  1.720E+02  4.836E-07 4.480E-07 3.889E-07 3.375E-07 3.008E-07 2.673E-07 2.409E-07 2.203E-07 2.018E-07 1.871E-07 1.726E-07 1.579E-07 1.376E-07 1.212E-07 8.995E-08 7.020E-08 5.286E-08 4.008E-08 2.166E-08 2.784E-08 3.183E-08 2.595E-08 2.332E-08 1.814E-08 1.466E-08 1.032E-08 7.836E-09 5.445E-09 3.687E-09 5.341E-09 4.394E-09 2.840E-09 1.676E-09 1.179E-09 1.407E-09 2.977E-09 2.887E-09 2.140E-09 1.526E-09 1.223E-09 1.048E-09 6.840E-10 5.256E-10 4.209E-10 4.927E-10 5.642E-10 6.492E-10 6.345E-10 6.617E-10 6.674E-10 6.983E-10 6.075E-10 5.464E-10 4.716E-10 3.753E-10 3.104E-10 2.146E-10 1.454E-10 1.105E-10 6.482E-11 4.166E-11
  1.740E+02  4.720E-07 4.416E-07 3.855E-07 3.361E-07 3.001E-07 2.686E-07 2.424E-07 2.220E-07 2.034E-07 1.889E-07 1.743E-07 1.597E-07 1.391E-07 1.224E-07 9.077E-08 7.075E-08 5.321E-08 4.031E-08 2.175E-08 2.791E-08 3.194E-08 2.606E-08 2.343E-08 1.822E-08 1.472E-08 1.036E-08 7.863E-09 5.463E-09 3.698E-09 5.358E-09 4.408E-09 2.849E-09 1.681E-09 1.183E-09 1.412E-09 2.987E-09 2.896E-09 2.147E-09 1.531E-09 1.227E-09 1.051E-09 6.862E-10 5.273E-10 4.223E-10 4.943E-10 5.661E-10 6.515E-10 6.367E-10 6.640E-10 6.698E-10 7.009E-10 6.097E-10 5.484E-10 4.734E-10 3.767E-10 3.116E-10 2.155E-10 1.460E-10 1.109E-10 6.508E-11 4.183E-11
  1.760E+02  5.013E-07 4.699E-07 4.094E-07 3.528E-07 3.129E-07 2.794E-07 2.508E-07 2.290E-07 2.090E-07 1.936E-07 1.782E-07 1.630E-07 1.415E-07 1.243E-07 9.171E-08 7.131E-08 5.354E-08 4.051E-08 2.182E-08 2.797E-08 3.202E-08 2.615E-08 2.351E-08 1.827E-08 1.477E-08 1.039E-08 7.883E-09 5.476E-09 3.705E-09 5.370E-09 4.418E-09 2.856E-09 1.685E-09 1.186E-09 1.415E-09 2.994E-09 2.903E-09 2.152E-09 1.535E-09 1.230E-09 1.054E-09 6.878E-10 5.286E-10 4.233E-10 4.955E-10 5.675E-10 6.531E-10 6.383E-10 6.657E-10 6.715E-10 7.027E-10 6.113E-10 5.499E-10 4.746E-10 3.777E-10 3.124E-10 2.160E-10 1.464E-10 1.112E-10 6.526E-11 4.195E-11
  1.780E+02  5.563E-07 5.213E-07 4.492E-07 3.805E-07 3.331E-07 2.948E-07 2.624E-07 2.384E-07 2.161E-07 1.994E-07 1.828E-07 1.667E-07 1.440E-07 1.260E-07 9.252E-08 7.174E-08 5.379E-08 4.066E-08 2.187E-08 2.800E-08 3.207E-08 2.620E-08 2.356E-08 1.831E-08 1.479E-08 1.040E-08 7.895E-09 5.484E-09 3.710E-09 5.377E-09 4.424E-09 2.860E-09 1.687E-09 1.187E-09 1.417E-09 2.999E-09 2.907E-09 2.155E-09 1.537E-09 1.232E-09 1.055E-09 6.888E-10 5.293E-10 4.239E-10 4.963E-10 5.683E-10 6.541E-10 6.393E-10 6.667E-10 6.725E-10 7.038E-10 6.123E-10 5.507E-10 4.754E-10 3.783E-10 3.129E-10 2.164E-10 1.466E-10 1.114E-10 6.538E-11 4.202E-11
  1.800E+02  5.885E-07 5.520E-07 4.714E-07 3.959E-07 3.439E-07 3.028E-07 2.683E-07 2.429E-07 2.196E-07 2.021E-07 1.850E-07 1.684E-07 1.451E-07 1.268E-07 9.285E-08 7.192E-08 5.388E-08 4.071E-08 2.189E-08 2.801E-08 3.208E-08 2.622E-08 2.357E-08 1.832E-08 1.480E-08 1.041E-08 7.899E-09 5.487E-09 3.712E-09 5.380E-09 4.426E-09 2.861E-09 1.688E-09 1.188E-09 1.417E-09 3.000E-09 2.909E-09 2.156E-09 1.538E-09 1.233E-09 1.056E-09 6.891E-10 5.296E-10 4.241E-10 4.965E-10 5.686E-10 6.544E-10 6.396E-10 6.670E-10 6.729E-10 7.042E-10 6.126E-10 5.510E-10 4.757E-10 3.785E-10 3.131E-10 2.165E-10 1.467E-10 1.115E-10 6.541E-11 4.205E-11
